CpG context (R1)
================
position	count methylated	count unmethylated	% methylation	coverage
1	218	2154	9.19	2372
2	0	17	0.00	17
3	1	18	5.26	19
4	9	188	4.57	197
5	11	188	5.53	199
6	11	241	4.37	252
7	12	220	5.17	232
8	13	283	4.39	296
9	14	228	5.79	242
10	11	251	4.20	262
11	9	261	3.33	270
12	12	265	4.33	277
13	12	279	4.12	291
14	22	249	8.12	271
15	13	214	5.73	227
16	12	290	3.97	302
17	8	221	3.49	229
18	9	249	3.49	258
19	16	253	5.95	269
20	9	241	3.60	250
21	12	227	5.02	239
22	17	284	5.65	301
23	10	263	3.66	273
24	17	236	6.72	253
25	15	288	4.95	303
26	12	266	4.32	278
27	11	257	4.10	268
28	24	210	10.26	234
29	12	277	4.15	289
30	16	261	5.78	277
31	20	282	6.62	302
32	18	287	5.90	305
33	13	255	4.85	268
34	18	254	6.62	272
35	9	293	2.98	302
36	15	211	6.64	226
37	19	273	6.51	292
38	13	225	5.46	238
39	14	241	5.49	255
40	8	260	2.99	268
41	10	242	3.97	252
42	20	273	6.83	293
43	11	258	4.09	269
44	10	225	4.26	235
45	14	277	4.81	291
46	23	234	8.95	257
47	17	262	6.09	279
48	9	259	3.36	268
49	12	208	5.45	220
50	11	219	4.78	230
51	14	228	5.79	242
52	16	268	5.63	284
53	8	220	3.51	228
54	10	257	3.75	267
55	14	251	5.28	265
56	11	229	4.58	240
57	18	213	7.79	231
58	18	276	6.12	294
59	10	268	3.60	278
60	8	232	3.33	240
61	11	233	4.51	244
62	10	240	4.00	250
63	15	215	6.52	230
64	12	248	4.62	260
65	19	248	7.12	267
66	18	261	6.45	279
67	12	227	5.02	239
68	7	189	3.57	196
69	9	219	3.95	228
70	15	202	6.91	217
71	8	238	3.25	246
72	10	234	4.10	244
73	10	215	4.44	225
74	13	198	6.16	211
75	10	174	5.43	184
76	16	209	7.11	225
77	12	227	5.02	239
78	8	200	3.85	208
79	8	192	4.00	200
80	11	185	5.61	196
81	6	155	3.73	161
82	3	218	1.36	221
83	7	131	5.07	138
84	8	187	4.10	195
85	6	166	3.49	172
86	11	159	6.47	170
87	13	164	7.34	177
88	6	136	4.23	142
89	10	156	6.02	166
90	8	147	5.16	155
91	8	138	5.48	146
92	8	162	4.71	170
93	5	131	3.68	136
94	5	138	3.50	143
95	6	105	5.41	111
96	12	108	10.00	120
97	9	114	7.32	123
98	5	110	4.35	115
99	1	54	1.82	55
100	1	12	7.69	13
101	0	9	0.00	9
102	0	5	0.00	5
103	0	7	0.00	7
104	3	3	50.00	6
105	1	2	33.33	3
106	0	2	0.00	2
107	2	8	20.00	10
108	1	2	33.33	3
109	1	10	9.09	11
110	2	4	33.33	6
111	0	3	0.00	3
112	1	5	16.67	6
113	0	4	0.00	4
114	0	4	0.00	4
115	1	2	33.33	3
116	0	2	0.00	2
117	1	5	16.67	6
118	0	1	0.00	1
119	0	2	0.00	2
120	0	3	0.00	3
121	2	1	66.67	3
122	0	2	0.00	2
123	2	2	50.00	4
124	0	6	0.00	6
125	0	4	0.00	4
126	0	1	0.00	1
127	0	0		0
128	1	1	50.00	2
129	1	3	25.00	4
130	0	1	0.00	1
131	0	2	0.00	2
132	1	4	20.00	5
133	0	4	0.00	4
134	2	0	100.00	2
135	0	4	0.00	4
136	0	1	0.00	1
137	0	2	0.00	2
138	0	2	0.00	2
139	0	1	0.00	1
140	0	0		0
141	0	1	0.00	1
142	0	0		0
143	0	2	0.00	2
144	1	0	100.00	1
145	0	1	0.00	1
146	1	0	100.00	1
147	0	0		0
148	0	2	0.00	2
149	0	2	0.00	2

CHG context (R1)
================
position	count methylated	count unmethylated	% methylation	coverage
1	2	13	13.33	15
2	0	24	0.00	24
3	0	16	0.00	16
4	1	124	0.80	125
5	0	204	0.00	204
6	0	247	0.00	247
7	1	266	0.37	267
8	0	222	0.00	222
9	1	231	0.43	232
10	0	206	0.00	206
11	0	249	0.00	249
12	1	187	0.53	188
13	0	205	0.00	205
14	0	184	0.00	184
15	3	242	1.22	245
16	1	202	0.49	203
17	2	246	0.81	248
18	0	267	0.00	267
19	0	226	0.00	226
20	3	173	1.70	176
21	0	229	0.00	229
22	1	225	0.44	226
23	1	189	0.53	190
24	0	211	0.00	211
25	0	226	0.00	226
26	2	215	0.92	217
27	1	207	0.48	208
28	1	260	0.38	261
29	0	190	0.00	190
30	2	196	1.01	198
31	1	220	0.45	221
32	2	194	1.02	196
33	0	233	0.00	233
34	0	236	0.00	236
35	0	237	0.00	237
36	1	219	0.45	220
37	0	218	0.00	218
38	2	186	1.06	188
39	0	227	0.00	227
40	0	214	0.00	214
41	2	245	0.81	247
42	0	219	0.00	219
43	0	215	0.00	215
44	0	266	0.00	266
45	2	210	0.94	212
46	1	221	0.45	222
47	1	192	0.52	193
48	0	210	0.00	210
49	1	223	0.45	224
50	1	223	0.45	224
51	1	226	0.44	227
52	0	215	0.00	215
53	0	181	0.00	181
54	2	197	1.01	199
55	0	176	0.00	176
56	0	220	0.00	220
57	2	218	0.91	220
58	0	214	0.00	214
59	0	191	0.00	191
60	0	158	0.00	158
61	0	191	0.00	191
62	1	170	0.58	171
63	1	187	0.53	188
64	1	191	0.52	192
65	0	205	0.00	205
66	0	181	0.00	181
67	0	183	0.00	183
68	3	196	1.51	199
69	1	177	0.56	178
70	0	178	0.00	178
71	1	157	0.63	158
72	0	159	0.00	159
73	0	161	0.00	161
74	1	164	0.61	165
75	0	163	0.00	163
76	1	167	0.60	168
77	0	174	0.00	174
78	0	159	0.00	159
79	0	149	0.00	149
80	1	144	0.69	145
81	0	170	0.00	170
82	0	108	0.00	108
83	0	165	0.00	165
84	0	118	0.00	118
85	1	127	0.78	128
86	0	173	0.00	173
87	0	110	0.00	110
88	1	133	0.75	134
89	0	133	0.00	133
90	0	118	0.00	118
91	0	141	0.00	141
92	0	93	0.00	93
93	0	81	0.00	81
94	1	93	1.06	94
95	2	103	1.90	105
96	0	115	0.00	115
97	0	133	0.00	133
98	0	96	0.00	96
99	0	48	0.00	48
100	0	12	0.00	12
101	0	7	0.00	7
102	0	4	0.00	4
103	0	5	0.00	5
104	0	7	0.00	7
105	0	7	0.00	7
106	0	7	0.00	7
107	0	4	0.00	4
108	0	8	0.00	8
109	0	4	0.00	4
110	0	4	0.00	4
111	0	5	0.00	5
112	0	6	0.00	6
113	0	2	0.00	2
114	0	3	0.00	3
115	0	5	0.00	5
116	0	4	0.00	4
117	0	0		0
118	0	2	0.00	2
119	0	4	0.00	4
120	0	4	0.00	4
121	0	1	0.00	1
122	0	1	0.00	1
123	0	5	0.00	5
124	0	4	0.00	4
125	0	0		0
126	0	2	0.00	2
127	0	4	0.00	4
128	0	2	0.00	2
129	0	3	0.00	3
130	0	3	0.00	3
131	0	1	0.00	1
132	0	4	0.00	4
133	0	1	0.00	1
134	0	1	0.00	1
135	0	2	0.00	2
136	0	1	0.00	1
137	0	0		0
138	0	0		0
139	0	2	0.00	2
140	0	1	0.00	1
141	0	1	0.00	1
142	0	1	0.00	1
143	0	1	0.00	1
144	0	0		0
145	0	2	0.00	2
146	0	0		0
147	0	1	0.00	1
148	0	2	0.00	2
149	0	2	0.00	2

CHH context (R1)
================
position	count methylated	count unmethylated	% methylation	coverage
1	0	37	0.00	37
2	0	35	0.00	35
3	0	22	0.00	22
4	1	334	0.30	335
5	0	407	0.00	407
6	1	399	0.25	400
7	1	386	0.26	387
8	0	347	0.00	347
9	2	331	0.60	333
10	0	353	0.00	353
11	1	347	0.29	348
12	1	336	0.30	337
13	1	395	0.25	396
14	1	394	0.25	395
15	0	394	0.00	394
16	2	375	0.53	377
17	1	339	0.29	340
18	0	319	0.00	319
19	0	315	0.00	315
20	0	353	0.00	353
21	1	323	0.31	324
22	1	316	0.32	317
23	0	350	0.00	350
24	1	386	0.26	387
25	2	398	0.50	400
26	1	370	0.27	371
27	1	442	0.23	443
28	2	380	0.52	382
29	2	348	0.57	350
30	1	366	0.27	367
31	1	335	0.30	336
32	1	375	0.27	376
33	2	330	0.60	332
34	1	313	0.32	314
35	1	322	0.31	323
36	4	351	1.13	355
37	0	353	0.00	353
38	3	367	0.81	370
39	0	341	0.00	341
40	1	341	0.29	342
41	1	312	0.32	313
42	0	359	0.00	359
43	0	345	0.00	345
44	1	355	0.28	356
45	0	299	0.00	299
46	1	343	0.29	344
47	0	325	0.00	325
48	1	341	0.29	342
49	1	406	0.25	407
50	2	418	0.48	420
51	0	401	0.00	401
52	4	346	1.14	350
53	0	348	0.00	348
54	0	315	0.00	315
55	0	336	0.00	336
56	2	290	0.68	292
57	2	292	0.68	294
58	0	287	0.00	287
59	0	322	0.00	322
60	0	315	0.00	315
61	2	347	0.57	349
62	1	338	0.29	339
63	0	321	0.00	321
64	2	334	0.60	336
65	0	299	0.00	299
66	1	293	0.34	294
67	1	326	0.31	327
68	1	325	0.31	326
69	0	319	0.00	319
70	2	292	0.68	294
71	0	294	0.00	294
72	1	270	0.37	271
73	0	312	0.00	312
74	0	286	0.00	286
75	1	321	0.31	322
76	2	301	0.66	303
77	2	271	0.73	273
78	1	267	0.37	268
79	2	304	0.65	306
80	1	307	0.32	308
81	1	236	0.42	237
82	1	278	0.36	279
83	1	211	0.47	212
84	1	274	0.36	275
85	1	241	0.41	242
86	2	253	0.78	255
87	0	204	0.00	204
88	3	249	1.19	252
89	0	203	0.00	203
90	2	204	0.97	206
91	0	178	0.00	178
92	2	184	1.08	186
93	1	172	0.58	173
94	1	167	0.60	168
95	0	204	0.00	204
96	0	162	0.00	162
97	1	182	0.55	183
98	1	171	0.58	172
99	0	69	0.00	69
100	0	10	0.00	10
101	0	8	0.00	8
102	0	6	0.00	6
103	0	13	0.00	13
104	0	6	0.00	6
105	0	8	0.00	8
106	0	11	0.00	11
107	0	10	0.00	10
108	0	5	0.00	5
109	1	3	25.00	4
110	0	4	0.00	4
111	0	5	0.00	5
112	0	4	0.00	4
113	0	6	0.00	6
114	0	7	0.00	7
115	0	6	0.00	6
116	0	3	0.00	3
117	0	4	0.00	4
118	0	6	0.00	6
119	0	3	0.00	3
120	0	1	0.00	1
121	0	3	0.00	3
122	0	4	0.00	4
123	0	3	0.00	3
124	0	1	0.00	1
125	0	1	0.00	1
126	0	3	0.00	3
127	0	4	0.00	4
128	0	3	0.00	3
129	0	2	0.00	2
130	0	1	0.00	1
131	0	4	0.00	4
132	0	3	0.00	3
133	0	1	0.00	1
134	0	2	0.00	2
135	0	1	0.00	1
136	0	0		0
137	0	0		0
138	0	2	0.00	2
139	0	1	0.00	1
140	0	2	0.00	2
141	0	1	0.00	1
142	0	0		0
143	0	0		0
144	0	0		0
145	0	0		0
146	0	0		0
147	0	2	0.00	2
148	0	3	0.00	3
149	0	0		0

CpG context (R2)
================
position	count methylated	count unmethylated	% methylation	coverage
1	0	20	0.00	20
2	0	20	0.00	20
3	1	78	1.27	79
4	6	70	7.89	76
5	11	96	10.28	107
6	5	90	5.26	95
7	6	136	4.23	142
8	2	75	2.60	77
9	5	84	5.62	89
10	3	93	3.12	96
11	5	66	7.04	71
12	5	61	7.58	66
13	3	93	3.12	96
14	4	51	7.27	55
15	3	49	5.77	52
16	2	69	2.82	71
17	0	38	0.00	38
18	8	68	10.53	76
19	1	37	2.63	38
20	3	50	5.66	53
21	4	37	9.76	41
22	1	39	2.50	40
23	4	47	7.84	51
24	2	61	3.17	63
25	1	41	2.38	42
26	0	34	0.00	34
27	3	37	7.50	40
28	0	17	0.00	17
29	1	51	1.92	52
30	4	19	17.39	23
31	0	34	0.00	34
32	1	25	3.85	26
33	1	14	6.67	15
34	4	29	12.12	33
35	0	12	0.00	12
36	0	14	0.00	14
37	0	15	0.00	15
38	0	24	0.00	24
39	0	8	0.00	8
40	0	12	0.00	12
41	0	10	0.00	10
42	0	13	0.00	13
43	1	14	6.67	15
44	0	21	0.00	21
45	0	2	0.00	2
46	4	13	23.53	17
47	1	4	20.00	5
48	0	13	0.00	13
49	0	4	0.00	4
50	1	7	12.50	8
51	1	4	20.00	5
52	1	8	11.11	9
53	0	2	0.00	2
54	1	10	9.09	11
55	0	2	0.00	2
56	0	2	0.00	2
57	0	6	0.00	6
58	2	4	33.33	6
59	0	4	0.00	4
60	0	4	0.00	4
61	0	3	0.00	3
62	0	2	0.00	2
63	0	2	0.00	2
64	0	2	0.00	2
65	0	0		0
66	0	3	0.00	3
67	0	2	0.00	2
68	0	1	0.00	1
69	0	2	0.00	2
70	0	0		0
71	0	2	0.00	2
72	0	1	0.00	1
73	0	0		0
74	0	1	0.00	1
75	0	0		0
76	0	1	0.00	1
77	0	1	0.00	1
78	0	0		0
79	0	0		0
80	0	1	0.00	1
81	0	2	0.00	2
82	0	1	0.00	1
83	0	1	0.00	1
84	0	0		0
85	0	0		0
86	0	0		0
87	0	0		0
88	0	0		0
89	0	0		0
90	0	0		0
91	1	0	100.00	1
92	0	0		0
93	0	0		0
94	0	0		0
95	0	0		0

CHG context (R2)
================
position	count methylated	count unmethylated	% methylation	coverage
1	16	2120	0.75	2136
2	0	18	0.00	18
3	0	4	0.00	4
4	1	28	3.45	29
5	0	58	0.00	58
6	1	84	1.18	85
7	0	74	0.00	74
8	2	90	2.17	92
9	0	77	0.00	77
10	0	77	0.00	77
11	1	80	1.23	81
12	0	48	0.00	48
13	0	36	0.00	36
14	0	64	0.00	64
15	0	46	0.00	46
16	0	46	0.00	46
17	1	58	1.69	59
18	0	57	0.00	57
19	0	63	0.00	63
20	0	55	0.00	55
21	0	39	0.00	39
22	0	53	0.00	53
23	0	27	0.00	27
24	0	19	0.00	19
25	0	46	0.00	46
26	0	23	0.00	23
27	0	15	0.00	15
28	0	19	0.00	19
29	0	33	0.00	33
30	0	30	0.00	30
31	0	16	0.00	16
32	0	25	0.00	25
33	1	18	5.26	19
34	0	24	0.00	24
35	0	21	0.00	21
36	0	23	0.00	23
37	0	18	0.00	18
38	0	5	0.00	5
39	0	15	0.00	15
40	0	10	0.00	10
41	0	17	0.00	17
42	0	9	0.00	9
43	0	12	0.00	12
44	0	5	0.00	5
45	0	10	0.00	10
46	0	3	0.00	3
47	0	12	0.00	12
48	1	4	20.00	5
49	0	12	0.00	12
50	0	10	0.00	10
51	0	5	0.00	5
52	0	8	0.00	8
53	0	6	0.00	6
54	0	1	0.00	1
55	0	9	0.00	9
56	0	4	0.00	4
57	0	0		0
58	1	3	25.00	4
59	0	1	0.00	1
60	0	7	0.00	7
61	0	3	0.00	3
62	0	0		0
63	0	1	0.00	1
64	0	2	0.00	2
65	0	1	0.00	1
66	0	1	0.00	1
67	0	1	0.00	1
68	0	1	0.00	1
69	0	0		0
70	0	0		0
71	0	1	0.00	1
72	0	0		0
73	0	1	0.00	1
74	0	2	0.00	2
75	0	0		0
76	0	0		0
77	0	1	0.00	1
78	0	0		0
79	0	0		0
80	0	1	0.00	1
81	0	0		0
82	0	1	0.00	1
83	0	0		0
84	0	0		0
85	0	1	0.00	1
86	0	2	0.00	2
87	0	0		0
88	0	0		0
89	0	0		0
90	0	0		0
91	0	0		0
92	0	1	0.00	1
93	0	0		0
94	0	0		0
95	0	1	0.00	1

CHH context (R2)
================
position	count methylated	count unmethylated	% methylation	coverage
1	0	14	0.00	14
2	3	965	0.31	968
3	0	260	0.00	260
4	0	174	0.00	174
5	0	129	0.00	129
6	0	91	0.00	91
7	0	116	0.00	116
8	1	113	0.88	114
9	0	115	0.00	115
10	0	133	0.00	133
11	0	98	0.00	98
12	0	101	0.00	101
13	0	71	0.00	71
14	0	93	0.00	93
15	0	95	0.00	95
16	0	76	0.00	76
17	0	55	0.00	55
18	0	62	0.00	62
19	1	83	1.19	84
20	0	58	0.00	58
21	1	59	1.67	60
22	0	45	0.00	45
23	0	47	0.00	47
24	0	37	0.00	37
25	0	44	0.00	44
26	0	45	0.00	45
27	0	36	0.00	36
28	0	28	0.00	28
29	1	34	2.86	35
30	0	38	0.00	38
31	0	35	0.00	35
32	0	31	0.00	31
33	0	23	0.00	23
34	0	26	0.00	26
35	0	33	0.00	33
36	0	30	0.00	30
37	1	25	3.85	26
38	0	25	0.00	25
39	0	12	0.00	12
40	0	17	0.00	17
41	0	15	0.00	15
42	0	14	0.00	14
43	0	19	0.00	19
44	0	18	0.00	18
45	0	16	0.00	16
46	0	19	0.00	19
47	1	14	6.67	15
48	0	9	0.00	9
49	0	11	0.00	11
50	0	14	0.00	14
51	0	15	0.00	15
52	0	17	0.00	17
53	0	11	0.00	11
54	1	14	6.67	15
55	0	12	0.00	12
56	0	14	0.00	14
57	0	2	0.00	2
58	1	1	50.00	2
59	0	0		0
60	0	2	0.00	2
61	0	3	0.00	3
62	1	5	16.67	6
63	0	1	0.00	1
64	0	1	0.00	1
65	0	0		0
66	0	1	0.00	1
67	0	0		0
68	0	1	0.00	1
69	0	2	0.00	2
70	0	1	0.00	1
71	0	0		0
72	0	0		0
73	0	0		0
74	0	0		0
75	0	1	0.00	1
76	0	0		0
77	0	1	0.00	1
78	0	1	0.00	1
79	0	0		0
80	0	0		0
81	0	0		0
82	0	0		0
83	0	1	0.00	1
84	0	0		0
85	0	0		0
86	0	0		0
87	0	1	0.00	1
88	0	0		0
89	0	0		0
90	0	0		0
91	0	0		0
92	0	0		0
93	0	1	0.00	1
94	0	1	0.00	1
95	0	0		0

