CpG context (R1)
================
position	count methylated	count unmethylated	% methylation	coverage
1	207	2158	8.75	2365
2	0	11	0.00	11
3	0	15	0.00	15
4	10	210	4.55	220
5	14	203	6.45	217
6	4	252	1.56	256
7	16	232	6.45	248
8	13	270	4.59	283
9	15	214	6.55	229
10	15	272	5.23	287
11	7	196	3.45	203
12	18	282	6.00	300
13	13	301	4.14	314
14	12	259	4.43	271
15	12	231	4.94	243
16	16	287	5.28	303
17	11	219	4.78	230
18	11	270	3.91	281
19	15	282	5.05	297
20	12	239	4.78	251
21	12	223	5.11	235
22	12	260	4.41	272
23	21	261	7.45	282
24	20	236	7.81	256
25	14	289	4.62	303
26	13	300	4.15	313
27	12	284	4.05	296
28	24	244	8.96	268
29	5	266	1.85	271
30	14	256	5.19	270
31	10	304	3.18	314
32	15	281	5.07	296
33	10	234	4.10	244
34	19	267	6.64	286
35	17	246	6.46	263
36	12	222	5.13	234
37	18	234	7.14	252
38	18	240	6.98	258
39	24	281	7.87	305
40	7	258	2.64	265
41	16	266	5.67	282
42	10	295	3.28	305
43	8	242	3.20	250
44	18	227	7.35	245
45	21	285	6.86	306
46	16	251	5.99	267
47	13	262	4.73	275
48	11	239	4.40	250
49	19	241	7.31	260
50	15	242	5.84	257
51	10	249	3.86	259
52	21	252	7.69	273
53	11	214	4.89	225
54	18	274	6.16	292
55	10	270	3.57	280
56	10	203	4.69	213
57	10	254	3.79	264
58	13	262	4.73	275
59	7	258	2.64	265
60	9	241	3.60	250
61	6	244	2.40	250
62	10	228	4.20	238
63	20	227	8.10	247
64	11	228	4.60	239
65	9	243	3.57	252
66	16	249	6.04	265
67	14	239	5.53	253
68	8	222	3.48	230
69	9	181	4.74	190
70	14	227	5.81	241
71	21	272	7.17	293
72	7	220	3.08	227
73	15	202	6.91	217
74	9	178	4.81	187
75	10	179	5.29	189
76	15	222	6.33	237
77	8	237	3.27	245
78	15	198	7.04	213
79	10	228	4.20	238
80	3	158	1.86	161
81	4	160	2.44	164
82	7	180	3.74	187
83	5	121	3.97	126
84	4	155	2.52	159
85	5	164	2.96	169
86	10	146	6.41	156
87	4	160	2.44	164
88	4	122	3.17	126
89	11	146	7.01	157
90	4	96	4.00	100
91	9	163	5.23	172
92	2	144	1.37	146
93	13	136	8.72	149
94	3	135	2.17	138
95	8	110	6.78	118
96	5	100	4.76	105
97	8	148	5.13	156
98	6	105	5.41	111
99	2	70	2.78	72
100	1	9	10.00	10
101	0	3	0.00	3
102	1	5	16.67	6
103	0	11	0.00	11
104	1	5	16.67	6
105	0	4	0.00	4
106	0	3	0.00	3
107	1	2	33.33	3
108	0	1	0.00	1
109	1	9	10.00	10
110	1	2	33.33	3
111	0	5	0.00	5
112	0	2	0.00	2
113	0	3	0.00	3
114	0	2	0.00	2
115	0	1	0.00	1
116	0	3	0.00	3
117	0	5	0.00	5
118	0	0		0
119	0	2	0.00	2
120	0	2	0.00	2
121	0	1	0.00	1
122	0	5	0.00	5
123	0	2	0.00	2
124	0	4	0.00	4
125	0	2	0.00	2
126	0	4	0.00	4
127	0	5	0.00	5
128	0	3	0.00	3
129	0	4	0.00	4
130	0	1	0.00	1
131	0	4	0.00	4
132	0	1	0.00	1
133	0	2	0.00	2
134	0	2	0.00	2
135	0	1	0.00	1
136	0	2	0.00	2
137	0	3	0.00	3
138	0	2	0.00	2
139	0	1	0.00	1
140	0	0		0
141	0	1	0.00	1
142	0	1	0.00	1
143	0	1	0.00	1
144	0	2	0.00	2
145	0	0		0
146	0	1	0.00	1
147	0	1	0.00	1
148	0	0		0
149	0	0		0

CHG context (R1)
================
position	count methylated	count unmethylated	% methylation	coverage
1	0	10	0.00	10
2	0	22	0.00	22
3	1	14	6.67	15
4	3	127	2.31	130
5	1	182	0.55	183
6	0	247	0.00	247
7	2	265	0.75	267
8	1	206	0.48	207
9	0	265	0.00	265
10	0	200	0.00	200
11	1	254	0.39	255
12	1	235	0.42	236
13	1	209	0.48	210
14	0	183	0.00	183
15	1	248	0.40	249
16	1	224	0.44	225
17	1	217	0.46	218
18	2	260	0.76	262
19	2	216	0.92	218
20	1	180	0.55	181
21	1	204	0.49	205
22	1	244	0.41	245
23	0	193	0.00	193
24	0	207	0.00	207
25	1	212	0.47	213
26	1	211	0.47	212
27	0	207	0.00	207
28	0	260	0.00	260
29	1	200	0.50	201
30	0	189	0.00	189
31	0	262	0.00	262
32	3	215	1.38	218
33	0	223	0.00	223
34	2	199	1.00	201
35	1	233	0.43	234
36	0	208	0.00	208
37	0	225	0.00	225
38	1	215	0.46	216
39	0	211	0.00	211
40	2	210	0.94	212
41	2	277	0.72	279
42	0	200	0.00	200
43	1	195	0.51	196
44	4	246	1.60	250
45	0	225	0.00	225
46	2	229	0.87	231
47	0	177	0.00	177
48	1	201	0.50	202
49	0	222	0.00	222
50	1	205	0.49	206
51	2	218	0.91	220
52	2	219	0.90	221
53	0	222	0.00	222
54	1	192	0.52	193
55	0	152	0.00	152
56	1	224	0.44	225
57	1	218	0.46	219
58	1	208	0.48	209
59	0	163	0.00	163
60	2	141	1.40	143
61	1	182	0.55	183
62	1	157	0.63	158
63	1	183	0.54	184
64	2	207	0.96	209
65	1	187	0.53	188
66	1	187	0.53	188
67	1	178	0.56	179
68	0	206	0.00	206
69	0	192	0.00	192
70	1	211	0.47	212
71	1	152	0.65	153
72	0	155	0.00	155
73	0	177	0.00	177
74	1	155	0.64	156
75	1	154	0.65	155
76	0	173	0.00	173
77	0	163	0.00	163
78	0	149	0.00	149
79	0	139	0.00	139
80	0	128	0.00	128
81	0	185	0.00	185
82	0	119	0.00	119
83	0	141	0.00	141
84	0	118	0.00	118
85	0	111	0.00	111
86	1	172	0.58	173
87	0	121	0.00	121
88	1	144	0.69	145
89	0	103	0.00	103
90	0	114	0.00	114
91	0	140	0.00	140
92	0	101	0.00	101
93	0	92	0.00	92
94	1	95	1.04	96
95	0	96	0.00	96
96	0	114	0.00	114
97	0	111	0.00	111
98	0	93	0.00	93
99	0	38	0.00	38
100	0	8	0.00	8
101	0	6	0.00	6
102	0	4	0.00	4
103	0	8	0.00	8
104	0	3	0.00	3
105	0	4	0.00	4
106	0	7	0.00	7
107	0	5	0.00	5
108	0	4	0.00	4
109	0	5	0.00	5
110	0	4	0.00	4
111	0	3	0.00	3
112	0	6	0.00	6
113	0	2	0.00	2
114	0	2	0.00	2
115	0	3	0.00	3
116	0	6	0.00	6
117	0	3	0.00	3
118	0	4	0.00	4
119	0	5	0.00	5
120	0	3	0.00	3
121	0	2	0.00	2
122	0	0		0
123	0	2	0.00	2
124	0	2	0.00	2
125	0	1	0.00	1
126	0	3	0.00	3
127	0	2	0.00	2
128	0	2	0.00	2
129	0	0		0
130	0	2	0.00	2
131	0	0		0
132	0	2	0.00	2
133	0	3	0.00	3
134	0	0		0
135	0	0		0
136	0	2	0.00	2
137	0	0		0
138	0	0		0
139	0	1	0.00	1
140	0	1	0.00	1
141	0	2	0.00	2
142	0	0		0
143	0	0		0
144	0	0		0
145	0	1	0.00	1
146	0	0		0
147	0	1	0.00	1
148	0	0		0
149	0	0		0

CHH context (R1)
================
position	count methylated	count unmethylated	% methylation	coverage
1	0	29	0.00	29
2	0	24	0.00	24
3	0	23	0.00	23
4	3	343	0.87	346
5	3	389	0.77	392
6	5	433	1.14	438
7	1	406	0.25	407
8	1	354	0.28	355
9	0	296	0.00	296
10	1	335	0.30	336
11	3	322	0.92	325
12	0	339	0.00	339
13	0	365	0.00	365
14	1	381	0.26	382
15	2	394	0.51	396
16	2	348	0.57	350
17	1	336	0.30	337
18	1	323	0.31	324
19	1	320	0.31	321
20	0	341	0.00	341
21	1	335	0.30	336
22	0	346	0.00	346
23	1	335	0.30	336
24	4	365	1.08	369
25	1	417	0.24	418
26	2	384	0.52	386
27	0	432	0.00	432
28	2	367	0.54	369
29	1	344	0.29	345
30	1	355	0.28	356
31	0	334	0.00	334
32	0	344	0.00	344
33	1	278	0.36	279
34	0	316	0.00	316
35	0	298	0.00	298
36	2	406	0.49	408
37	1	365	0.27	366
38	2	353	0.56	355
39	2	314	0.63	316
40	4	321	1.23	325
41	0	317	0.00	317
42	3	319	0.93	322
43	0	340	0.00	340
44	2	354	0.56	356
45	1	285	0.35	286
46	1	340	0.29	341
47	1	311	0.32	312
48	0	328	0.00	328
49	3	401	0.74	404
50	2	391	0.51	393
51	1	392	0.25	393
52	2	362	0.55	364
53	2	326	0.61	328
54	0	333	0.00	333
55	1	330	0.30	331
56	0	297	0.00	297
57	2	286	0.69	288
58	0	289	0.00	289
59	0	311	0.00	311
60	2	312	0.64	314
61	1	339	0.29	340
62	3	358	0.83	361
63	0	321	0.00	321
64	3	342	0.87	345
65	1	341	0.29	342
66	1	255	0.39	256
67	1	326	0.31	327
68	3	335	0.89	338
69	1	297	0.34	298
70	2	253	0.78	255
71	0	272	0.00	272
72	1	250	0.40	251
73	1	314	0.32	315
74	1	258	0.39	259
75	0	313	0.00	313
76	1	291	0.34	292
77	0	263	0.00	263
78	1	273	0.36	274
79	0	261	0.00	261
80	2	311	0.64	313
81	1	263	0.38	264
82	2	282	0.70	284
83	1	251	0.40	252
84	0	244	0.00	244
85	2	296	0.67	298
86	0	261	0.00	261
87	2	211	0.94	213
88	0	249	0.00	249
89	0	196	0.00	196
90	1	186	0.53	187
91	0	191	0.00	191
92	1	192	0.52	193
93	0	187	0.00	187
94	1	164	0.61	165
95	0	192	0.00	192
96	1	168	0.59	169
97	0	147	0.00	147
98	0	151	0.00	151
99	0	60	0.00	60
100	0	7	0.00	7
101	0	7	0.00	7
102	0	9	0.00	9
103	0	5	0.00	5
104	0	8	0.00	8
105	0	6	0.00	6
106	0	5	0.00	5
107	0	3	0.00	3
108	0	2	0.00	2
109	0	2	0.00	2
110	0	4	0.00	4
111	0	6	0.00	6
112	0	5	0.00	5
113	0	4	0.00	4
114	0	4	0.00	4
115	0	9	0.00	9
116	0	4	0.00	4
117	0	3	0.00	3
118	0	3	0.00	3
119	0	4	0.00	4
120	0	2	0.00	2
121	0	4	0.00	4
122	0	4	0.00	4
123	0	3	0.00	3
124	0	6	0.00	6
125	0	3	0.00	3
126	0	7	0.00	7
127	0	1	0.00	1
128	0	0		0
129	0	2	0.00	2
130	0	3	0.00	3
131	0	6	0.00	6
132	0	5	0.00	5
133	0	5	0.00	5
134	0	2	0.00	2
135	0	3	0.00	3
136	0	2	0.00	2
137	0	2	0.00	2
138	0	1	0.00	1
139	0	1	0.00	1
140	0	0		0
141	0	0		0
142	0	0		0
143	0	1	0.00	1
144	0	2	0.00	2
145	0	1	0.00	1
146	0	2	0.00	2
147	0	1	0.00	1
148	0	1	0.00	1
149	0	2	0.00	2

CpG context (R2)
================
position	count methylated	count unmethylated	% methylation	coverage
1	0	21	0.00	21
2	0	15	0.00	15
3	5	74	6.33	79
4	5	86	5.49	91
5	6	98	5.77	104
6	5	86	5.49	91
7	6	143	4.03	149
8	3	80	3.61	83
9	4	88	4.35	92
10	7	93	7.00	100
11	3	62	4.62	65
12	5	61	7.58	66
13	8	78	9.30	86
14	5	44	10.20	49
15	10	57	14.93	67
16	1	61	1.61	62
17	3	44	6.38	47
18	4	44	8.33	48
19	2	49	3.92	51
20	3	42	6.67	45
21	3	31	8.82	34
22	4	40	9.09	44
23	2	49	3.92	51
24	3	46	6.12	49
25	1	38	2.56	39
26	1	28	3.45	29
27	2	27	6.90	29
28	0	24	0.00	24
29	2	47	4.08	49
30	2	12	14.29	14
31	3	26	10.34	29
32	2	23	8.00	25
33	3	19	13.64	22
34	2	21	8.70	23
35	1	15	6.25	16
36	1	14	6.67	15
37	0	21	0.00	21
38	1	20	4.76	21
39	1	14	6.67	15
40	0	10	0.00	10
41	0	10	0.00	10
42	0	7	0.00	7
43	1	12	7.69	13
44	0	17	0.00	17
45	0	2	0.00	2
46	5	10	33.33	15
47	0	13	0.00	13
48	1	5	16.67	6
49	0	4	0.00	4
50	3	5	37.50	8
51	1	6	14.29	7
52	2	9	18.18	11
53	0	2	0.00	2
54	1	5	16.67	6
55	0	3	0.00	3
56	2	5	28.57	7
57	1	1	50.00	2
58	0	4	0.00	4
59	0	4	0.00	4
60	0	1	0.00	1
61	0	1	0.00	1
62	0	1	0.00	1
63	0	3	0.00	3
64	0	1	0.00	1
65	0	2	0.00	2
66	0	0		0
67	0	1	0.00	1
68	0	2	0.00	2
69	0	1	0.00	1
70	0	0		0
71	0	1	0.00	1
72	0	0		0
73	0	0		0
74	0	0		0
75	0	0		0
76	0	0		0
77	0	0		0
78	0	0		0
79	0	0		0
80	0	1	0.00	1
81	0	0		0
82	0	0		0
83	0	0		0
84	0	0		0
85	0	0		0
86	0	1	0.00	1
87	0	0		0
88	0	0		0
89	0	0		0
90	0	0		0
91	0	1	0.00	1
92	0	0		0
93	0	0		0
94	0	0		0

CHG context (R2)
================
position	count methylated	count unmethylated	% methylation	coverage
1	19	2102	0.90	2121
2	0	27	0.00	27
3	0	5	0.00	5
4	0	56	0.00	56
5	0	60	0.00	60
6	0	64	0.00	64
7	0	74	0.00	74
8	0	104	0.00	104
9	0	61	0.00	61
10	2	64	3.03	66
11	0	72	0.00	72
12	0	36	0.00	36
13	0	43	0.00	43
14	0	53	0.00	53
15	0	41	0.00	41
16	0	47	0.00	47
17	0	53	0.00	53
18	1	52	1.89	53
19	0	42	0.00	42
20	0	62	0.00	62
21	0	43	0.00	43
22	0	37	0.00	37
23	1	30	3.23	31
24	0	23	0.00	23
25	0	44	0.00	44
26	0	26	0.00	26
27	0	21	0.00	21
28	0	25	0.00	25
29	0	28	0.00	28
30	0	26	0.00	26
31	0	27	0.00	27
32	0	19	0.00	19
33	0	26	0.00	26
34	0	22	0.00	22
35	1	24	4.00	25
36	0	19	0.00	19
37	0	14	0.00	14
38	0	11	0.00	11
39	0	9	0.00	9
40	0	13	0.00	13
41	0	13	0.00	13
42	0	4	0.00	4
43	0	10	0.00	10
44	0	5	0.00	5
45	0	9	0.00	9
46	0	1	0.00	1
47	0	10	0.00	10
48	1	9	10.00	10
49	0	9	0.00	9
50	0	12	0.00	12
51	0	3	0.00	3
52	1	5	16.67	6
53	0	7	0.00	7
54	0	0		0
55	0	5	0.00	5
56	0	4	0.00	4
57	0	0		0
58	0	0		0
59	0	0		0
60	0	6	0.00	6
61	0	0		0
62	0	1	0.00	1
63	0	5	0.00	5
64	0	1	0.00	1
65	0	1	0.00	1
66	0	1	0.00	1
67	0	0		0
68	0	0		0
69	0	1	0.00	1
70	0	1	0.00	1
71	0	0		0
72	0	1	0.00	1
73	0	0		0
74	0	0		0
75	0	0		0
76	0	0		0
77	0	0		0
78	0	0		0
79	0	0		0
80	0	0		0
81	0	1	0.00	1
82	0	0		0
83	0	0		0
84	0	0		0
85	0	0		0
86	0	0		0
87	0	0		0
88	0	0		0
89	0	1	0.00	1
90	0	0		0
91	0	0		0
92	0	0		0
93	0	0		0
94	0	0		0

CHH context (R2)
================
position	count methylated	count unmethylated	% methylation	coverage
1	0	12	0.00	12
2	2	987	0.20	989
3	0	249	0.00	249
4	0	195	0.00	195
5	0	144	0.00	144
6	1	106	0.93	107
7	0	90	0.00	90
8	2	135	1.46	137
9	0	120	0.00	120
10	2	132	1.49	134
11	0	97	0.00	97
12	1	91	1.09	92
13	0	79	0.00	79
14	0	85	0.00	85
15	1	88	1.12	89
16	0	84	0.00	84
17	0	75	0.00	75
18	1	75	1.32	76
19	0	74	0.00	74
20	0	58	0.00	58
21	0	52	0.00	52
22	1	49	2.00	50
23	0	40	0.00	40
24	0	47	0.00	47
25	1	41	2.38	42
26	1	39	2.50	40
27	0	42	0.00	42
28	2	28	6.67	30
29	0	42	0.00	42
30	0	31	0.00	31
31	0	34	0.00	34
32	0	26	0.00	26
33	1	18	5.26	19
34	0	23	0.00	23
35	0	31	0.00	31
36	1	19	5.00	20
37	0	12	0.00	12
38	0	17	0.00	17
39	0	12	0.00	12
40	0	17	0.00	17
41	0	14	0.00	14
42	0	16	0.00	16
43	0	15	0.00	15
44	0	19	0.00	19
45	0	14	0.00	14
46	1	11	8.33	12
47	1	13	7.14	14
48	0	5	0.00	5
49	0	13	0.00	13
50	0	7	0.00	7
51	0	18	0.00	18
52	1	16	5.88	17
53	0	10	0.00	10
54	1	9	10.00	10
55	1	7	12.50	8
56	0	10	0.00	10
57	0	3	0.00	3
58	1	4	20.00	5
59	0	1	0.00	1
60	0	0		0
61	0	3	0.00	3
62	0	2	0.00	2
63	0	0		0
64	0	0		0
65	0	0		0
66	0	0		0
67	0	0		0
68	0	4	0.00	4
69	0	1	0.00	1
70	0	0		0
71	0	0		0
72	0	0		0
73	0	0		0
74	0	1	0.00	1
75	0	2	0.00	2
76	0	1	0.00	1
77	0	1	0.00	1
78	0	0		0
79	0	0		0
80	0	0		0
81	0	0		0
82	0	0		0
83	0	0		0
84	0	0		0
85	0	0		0
86	0	0		0
87	0	0		0
88	0	0		0
89	0	0		0
90	0	0		0
91	0	0		0
92	0	0		0
93	0	0		0
94	0	1	0.00	1

