CpG context (R1)
================
position	count methylated	count unmethylated	% methylation	coverage
1	240	2130	10.13	2370
2	0	17	0.00	17
3	1	22	4.35	23
4	10	168	5.62	178
5	12	204	5.56	216
6	20	260	7.14	280
7	9	213	4.05	222
8	13	295	4.22	308
9	15	251	5.64	266
10	4	240	1.64	244
11	10	242	3.97	252
12	16	230	6.50	246
13	12	286	4.03	298
14	10	254	3.79	264
15	19	240	7.34	259
16	7	286	2.39	293
17	10	223	4.29	233
18	14	240	5.51	254
19	21	310	6.34	331
20	14	212	6.19	226
21	12	225	5.06	237
22	13	270	4.59	283
23	21	244	7.92	265
24	12	246	4.65	258
25	15	278	5.12	293
26	11	272	3.89	283
27	11	246	4.28	257
28	12	283	4.07	295
29	13	284	4.38	297
30	11	249	4.23	260
31	18	273	6.19	291
32	13	290	4.29	303
33	7	228	2.98	235
34	23	245	8.58	268
35	12	273	4.21	285
36	11	212	4.93	223
37	12	275	4.18	287
38	13	243	5.08	256
39	9	227	3.81	236
40	8	278	2.80	286
41	14	247	5.36	261
42	13	271	4.58	284
43	10	269	3.58	279
44	18	222	7.50	240
45	17	255	6.25	272
46	21	239	8.08	260
47	16	256	5.88	272
48	19	285	6.25	304
49	17	248	6.42	265
50	15	232	6.07	247
51	16	215	6.93	231
52	12	255	4.49	267
53	8	231	3.35	239
54	9	262	3.32	271
55	13	276	4.50	289
56	11	226	4.64	237
57	18	230	7.26	248
58	13	212	5.78	225
59	18	281	6.02	299
60	11	230	4.56	241
61	12	227	5.02	239
62	12	241	4.74	253
63	15	220	6.38	235
64	15	214	6.55	229
65	14	263	5.05	277
66	12	249	4.60	261
67	25	234	9.65	259
68	8	201	3.83	209
69	9	198	4.35	207
70	9	215	4.02	224
71	10	223	4.29	233
72	14	233	5.67	247
73	16	202	7.34	218
74	12	186	6.06	198
75	8	179	4.28	187
76	10	182	5.21	192
77	9	218	3.96	227
78	13	197	6.19	210
79	10	209	4.57	219
80	8	180	4.26	188
81	9	165	5.17	174
82	5	197	2.48	202
83	9	141	6.00	150
84	3	158	1.86	161
85	9	183	4.69	192
86	9	151	5.62	160
87	4	182	2.15	186
88	3	101	2.88	104
89	10	151	6.21	161
90	3	115	2.54	118
91	3	158	1.86	161
92	8	143	5.30	151
93	4	120	3.23	124
94	5	113	4.24	118
95	10	122	7.58	132
96	3	92	3.16	95
97	6	155	3.73	161
98	7	94	6.93	101
99	4	58	6.45	62
100	1	11	8.33	12
101	0	4	0.00	4
102	0	4	0.00	4
103	1	10	9.09	11
104	0	5	0.00	5
105	0	3	0.00	3
106	1	9	10.00	10
107	1	1	50.00	2
108	0	8	0.00	8
109	0	6	0.00	6
110	0	3	0.00	3
111	1	7	12.50	8
112	0	6	0.00	6
113	0	2	0.00	2
114	0	6	0.00	6
115	0	4	0.00	4
116	0	3	0.00	3
117	0	4	0.00	4
118	0	1	0.00	1
119	0	1	0.00	1
120	0	5	0.00	5
121	0	3	0.00	3
122	0	3	0.00	3
123	0	4	0.00	4
124	0	1	0.00	1
125	0	1	0.00	1
126	0	3	0.00	3
127	0	3	0.00	3
128	0	4	0.00	4
129	0	4	0.00	4
130	0	2	0.00	2
131	0	3	0.00	3
132	0	1	0.00	1
133	0	0		0
134	0	0		0
135	0	0		0
136	0	0		0
137	0	1	0.00	1
138	0	0		0
139	0	1	0.00	1
140	0	1	0.00	1
141	0	1	0.00	1
142	0	1	0.00	1
143	0	1	0.00	1
144	0	1	0.00	1
145	0	0		0
146	0	1	0.00	1
147	0	0		0
148	0	0		0

CHG context (R1)
================
position	count methylated	count unmethylated	% methylation	coverage
1	0	17	0.00	17
2	0	26	0.00	26
3	0	11	0.00	11
4	0	137	0.00	137
5	1	211	0.47	212
6	0	240	0.00	240
7	0	250	0.00	250
8	2	232	0.85	234
9	1	213	0.47	214
10	0	213	0.00	213
11	1	227	0.44	228
12	0	202	0.00	202
13	0	183	0.00	183
14	2	211	0.94	213
15	2	246	0.81	248
16	1	236	0.42	237
17	1	230	0.43	231
18	1	257	0.39	258
19	1	223	0.45	224
20	0	165	0.00	165
21	1	178	0.56	179
22	1	218	0.46	219
23	1	210	0.47	211
24	0	189	0.00	189
25	0	246	0.00	246
26	0	196	0.00	196
27	1	250	0.40	251
28	0	257	0.00	257
29	0	175	0.00	175
30	1	202	0.49	203
31	0	227	0.00	227
32	0	198	0.00	198
33	0	219	0.00	219
34	0	215	0.00	215
35	2	214	0.93	216
36	0	246	0.00	246
37	0	195	0.00	195
38	0	180	0.00	180
39	0	228	0.00	228
40	1	213	0.47	214
41	1	246	0.40	247
42	1	214	0.47	215
43	0	190	0.00	190
44	2	256	0.78	258
45	1	175	0.57	176
46	0	242	0.00	242
47	0	207	0.00	207
48	0	218	0.00	218
49	1	188	0.53	189
50	0	203	0.00	203
51	4	235	1.67	239
52	2	224	0.88	226
53	0	201	0.00	201
54	0	211	0.00	211
55	1	181	0.55	182
56	0	206	0.00	206
57	0	179	0.00	179
58	0	225	0.00	225
59	2	174	1.14	176
60	0	129	0.00	129
61	1	186	0.53	187
62	0	188	0.00	188
63	0	165	0.00	165
64	0	226	0.00	226
65	0	191	0.00	191
66	1	196	0.51	197
67	0	172	0.00	172
68	0	199	0.00	199
69	1	182	0.55	183
70	1	203	0.49	204
71	1	153	0.65	154
72	0	170	0.00	170
73	1	180	0.55	181
74	1	143	0.69	144
75	0	147	0.00	147
76	0	165	0.00	165
77	0	167	0.00	167
78	1	171	0.58	172
79	0	150	0.00	150
80	1	133	0.75	134
81	0	189	0.00	189
82	0	136	0.00	136
83	1	111	0.89	112
84	1	121	0.82	122
85	0	108	0.00	108
86	0	152	0.00	152
87	1	126	0.79	127
88	0	122	0.00	122
89	1	122	0.81	123
90	0	103	0.00	103
91	0	143	0.00	143
92	0	85	0.00	85
93	0	79	0.00	79
94	0	110	0.00	110
95	0	86	0.00	86
96	0	113	0.00	113
97	0	109	0.00	109
98	0	78	0.00	78
99	1	42	2.33	43
100	0	2	0.00	2
101	0	7	0.00	7
102	0	8	0.00	8
103	0	1	0.00	1
104	0	4	0.00	4
105	0	10	0.00	10
106	0	3	0.00	3
107	0	4	0.00	4
108	0	3	0.00	3
109	0	4	0.00	4
110	0	4	0.00	4
111	0	2	0.00	2
112	0	4	0.00	4
113	0	5	0.00	5
114	0	1	0.00	1
115	0	3	0.00	3
116	0	1	0.00	1
117	0	1	0.00	1
118	0	4	0.00	4
119	0	2	0.00	2
120	0	2	0.00	2
121	0	3	0.00	3
122	0	3	0.00	3
123	0	2	0.00	2
124	0	4	0.00	4
125	0	1	0.00	1
126	0	2	0.00	2
127	0	4	0.00	4
128	0	1	0.00	1
129	0	0		0
130	0	1	0.00	1
131	0	1	0.00	1
132	0	1	0.00	1
133	0	0		0
134	0	1	0.00	1
135	0	1	0.00	1
136	0	2	0.00	2
137	0	0		0
138	0	0		0
139	0	2	0.00	2
140	1	0	100.00	1
141	0	0		0
142	0	1	0.00	1
143	0	0		0
144	0	0		0
145	0	0		0
146	0	0		0
147	0	0		0
148	0	1	0.00	1

CHH context (R1)
================
position	count methylated	count unmethylated	% methylation	coverage
1	0	36	0.00	36
2	1	34	2.86	35
3	0	21	0.00	21
4	4	303	1.30	307
5	0	392	0.00	392
6	0	383	0.00	383
7	3	388	0.77	391
8	2	342	0.58	344
9	0	324	0.00	324
10	3	330	0.90	333
11	1	354	0.28	355
12	0	356	0.00	356
13	2	377	0.53	379
14	2	392	0.51	394
15	3	382	0.78	385
16	0	354	0.00	354
17	1	300	0.33	301
18	0	323	0.00	323
19	1	318	0.31	319
20	2	362	0.55	364
21	2	341	0.58	343
22	1	338	0.29	339
23	3	346	0.86	349
24	1	365	0.27	366
25	2	403	0.49	405
26	2	367	0.54	369
27	2	423	0.47	425
28	0	342	0.00	342
29	2	344	0.58	346
30	1	368	0.27	369
31	1	344	0.29	345
32	1	353	0.28	354
33	1	318	0.31	319
34	0	324	0.00	324
35	1	321	0.31	322
36	2	371	0.54	373
37	1	326	0.31	327
38	0	354	0.00	354
39	4	307	1.29	311
40	2	317	0.63	319
41	2	334	0.60	336
42	0	347	0.00	347
43	0	345	0.00	345
44	2	344	0.58	346
45	3	314	0.95	317
46	0	355	0.00	355
47	1	315	0.32	316
48	1	281	0.35	282
49	1	364	0.27	365
50	2	382	0.52	384
51	1	407	0.25	408
52	2	333	0.60	335
53	0	315	0.00	315
54	1	281	0.35	282
55	2	282	0.70	284
56	1	290	0.34	291
57	2	290	0.68	292
58	1	293	0.34	294
59	0	286	0.00	286
60	2	303	0.66	305
61	1	344	0.29	345
62	1	357	0.28	358
63	1	323	0.31	324
64	1	340	0.29	341
65	0	320	0.00	320
66	0	248	0.00	248
67	1	310	0.32	311
68	1	321	0.31	322
69	0	286	0.00	286
70	2	270	0.74	272
71	1	283	0.35	284
72	0	269	0.00	269
73	0	272	0.00	272
74	0	264	0.00	264
75	0	291	0.00	291
76	1	280	0.36	281
77	1	270	0.37	271
78	1	233	0.43	234
79	3	274	1.08	277
80	0	272	0.00	272
81	0	244	0.00	244
82	1	262	0.38	263
83	1	248	0.40	249
84	1	255	0.39	256
85	2	279	0.71	281
86	1	258	0.39	259
87	2	221	0.90	223
88	2	235	0.84	237
89	0	194	0.00	194
90	0	192	0.00	192
91	0	180	0.00	180
92	0	184	0.00	184
93	1	158	0.63	159
94	0	165	0.00	165
95	1	212	0.47	213
96	1	133	0.75	134
97	0	146	0.00	146
98	0	164	0.00	164
99	0	64	0.00	64
100	0	9	0.00	9
101	0	9	0.00	9
102	0	5	0.00	5
103	0	4	0.00	4
104	0	8	0.00	8
105	0	9	0.00	9
106	0	4	0.00	4
107	0	4	0.00	4
108	0	4	0.00	4
109	0	3	0.00	3
110	0	11	0.00	11
111	0	3	0.00	3
112	0	4	0.00	4
113	0	4	0.00	4
114	0	5	0.00	5
115	0	3	0.00	3
116	0	7	0.00	7
117	0	6	0.00	6
118	0	9	0.00	9
119	0	5	0.00	5
120	0	5	0.00	5
121	0	2	0.00	2
122	0	5	0.00	5
123	0	5	0.00	5
124	0	1	0.00	1
125	0	4	0.00	4
126	0	4	0.00	4
127	0	2	0.00	2
128	0	0		0
129	0	1	0.00	1
130	0	0		0
131	0	3	0.00	3
132	0	2	0.00	2
133	0	2	0.00	2
134	0	2	0.00	2
135	0	1	0.00	1
136	0	0		0
137	0	1	0.00	1
138	0	0		0
139	0	1	0.00	1
140	0	0		0
141	0	0		0
142	0	0		0
143	0	1	0.00	1
144	0	0		0
145	0	1	0.00	1
146	0	0		0
147	0	1	0.00	1
148	0	0		0

CpG context (R2)
================
position	count methylated	count unmethylated	% methylation	coverage
1	0	22	0.00	22
2	1	22	4.35	23
3	3	74	3.90	77
4	10	87	10.31	97
5	6	101	5.61	107
6	9	93	8.82	102
7	10	123	7.52	133
8	3	97	3.00	100
9	5	76	6.17	81
10	11	79	12.22	90
11	7	71	8.97	78
12	7	62	10.14	69
13	3	75	3.85	78
14	3	35	7.89	38
15	2	65	2.99	67
16	1	43	2.27	44
17	0	34	0.00	34
18	3	48	5.88	51
19	3	27	10.00	30
20	4	50	7.41	54
21	2	28	6.67	30
22	0	41	0.00	41
23	2	38	5.00	40
24	3	61	4.69	64
25	1	33	2.94	34
26	0	27	0.00	27
27	1	27	3.57	28
28	3	28	9.68	31
29	1	24	4.00	25
30	2	22	8.33	24
31	1	21	4.55	22
32	2	21	8.70	23
33	0	18	0.00	18
34	3	10	23.08	13
35	1	14	6.67	15
36	0	11	0.00	11
37	0	21	0.00	21
38	2	20	9.09	22
39	0	8	0.00	8
40	0	4	0.00	4
41	1	8	11.11	9
42	0	7	0.00	7
43	1	12	7.69	13
44	0	13	0.00	13
45	0	3	0.00	3
46	2	7	22.22	9
47	0	4	0.00	4
48	0	7	0.00	7
49	0	1	0.00	1
50	1	6	14.29	7
51	0	4	0.00	4
52	0	4	0.00	4
53	0	4	0.00	4
54	1	5	16.67	6
55	0	3	0.00	3
56	0	4	0.00	4
57	0	1	0.00	1
58	0	3	0.00	3
59	0	3	0.00	3
60	0	2	0.00	2
61	0	4	0.00	4
62	0	0		0
63	0	2	0.00	2
64	0	0		0
65	0	1	0.00	1
66	0	1	0.00	1
67	0	1	0.00	1
68	0	2	0.00	2
69	0	0		0
70	0	1	0.00	1
71	0	0		0
72	0	0		0
73	0	0		0
74	0	0		0
75	0	0		0
76	0	0		0
77	0	0		0
78	0	0		0
79	0	1	0.00	1
80	0	0		0
81	0	0		0
82	0	1	0.00	1
83	0	0		0
84	0	0		0
85	0	0		0
86	0	1	0.00	1
87	0	0		0
88	0	1	0.00	1
89	0	0		0
90	0	0		0
91	1	0	100.00	1
92	0	1	0.00	1
93	0	0		0
94	0	1	0.00	1
95	0	0		0
96	0	1	0.00	1
97	0	1	0.00	1

CHG context (R2)
================
position	count methylated	count unmethylated	% methylation	coverage
1	15	2121	0.70	2136
2	0	26	0.00	26
3	0	4	0.00	4
4	1	43	2.27	44
5	1	61	1.61	62
6	1	71	1.39	72
7	2	76	2.56	78
8	1	87	1.14	88
9	0	81	0.00	81
10	0	48	0.00	48
11	1	68	1.45	69
12	0	41	0.00	41
13	0	49	0.00	49
14	0	46	0.00	46
15	0	49	0.00	49
16	0	46	0.00	46
17	0	51	0.00	51
18	0	45	0.00	45
19	0	51	0.00	51
20	0	40	0.00	40
21	0	32	0.00	32
22	0	48	0.00	48
23	0	14	0.00	14
24	0	22	0.00	22
25	0	47	0.00	47
26	0	11	0.00	11
27	0	14	0.00	14
28	0	22	0.00	22
29	0	28	0.00	28
30	0	23	0.00	23
31	0	29	0.00	29
32	0	12	0.00	12
33	1	20	4.76	21
34	1	32	3.03	33
35	0	23	0.00	23
36	0	14	0.00	14
37	0	6	0.00	6
38	0	7	0.00	7
39	1	11	8.33	12
40	0	9	0.00	9
41	0	13	0.00	13
42	0	5	0.00	5
43	0	5	0.00	5
44	0	6	0.00	6
45	0	8	0.00	8
46	0	2	0.00	2
47	0	3	0.00	3
48	0	7	0.00	7
49	0	4	0.00	4
50	0	7	0.00	7
51	0	3	0.00	3
52	0	7	0.00	7
53	0	2	0.00	2
54	0	2	0.00	2
55	0	6	0.00	6
56	0	5	0.00	5
57	0	0		0
58	0	2	0.00	2
59	0	1	0.00	1
60	0	3	0.00	3
61	0	3	0.00	3
62	0	1	0.00	1
63	0	1	0.00	1
64	0	3	0.00	3
65	0	0		0
66	0	0		0
67	0	0		0
68	0	1	0.00	1
69	0	0		0
70	0	1	0.00	1
71	0	1	0.00	1
72	0	0		0
73	0	1	0.00	1
74	0	0		0
75	0	0		0
76	0	0		0
77	0	0		0
78	0	1	0.00	1
79	0	0		0
80	0	1	0.00	1
81	0	0		0
82	0	0		0
83	0	0		0
84	0	0		0
85	0	0		0
86	0	1	0.00	1
87	0	0		0
88	0	0		0
89	0	1	0.00	1
90	0	0		0
91	0	0		0
92	0	0		0
93	0	0		0
94	0	0		0
95	0	1	0.00	1
96	0	0		0
97	0	1	0.00	1

CHH context (R2)
================
position	count methylated	count unmethylated	% methylation	coverage
1	0	11	0.00	11
2	1	979	0.10	980
3	1	242	0.41	243
4	0	167	0.00	167
5	0	128	0.00	128
6	0	97	0.00	97
7	0	105	0.00	105
8	0	129	0.00	129
9	0	120	0.00	120
10	0	116	0.00	116
11	1	75	1.32	76
12	0	83	0.00	83
13	0	66	0.00	66
14	1	80	1.23	81
15	0	79	0.00	79
16	0	60	0.00	60
17	0	75	0.00	75
18	0	80	0.00	80
19	0	79	0.00	79
20	0	50	0.00	50
21	0	45	0.00	45
22	0	38	0.00	38
23	0	41	0.00	41
24	0	32	0.00	32
25	0	36	0.00	36
26	0	45	0.00	45
27	0	24	0.00	24
28	0	21	0.00	21
29	0	29	0.00	29
30	0	27	0.00	27
31	0	27	0.00	27
32	0	22	0.00	22
33	0	17	0.00	17
34	0	20	0.00	20
35	1	36	2.70	37
36	0	25	0.00	25
37	0	18	0.00	18
38	0	21	0.00	21
39	0	8	0.00	8
40	1	14	6.67	15
41	0	16	0.00	16
42	0	14	0.00	14
43	0	12	0.00	12
44	0	13	0.00	13
45	0	11	0.00	11
46	1	10	9.09	11
47	0	11	0.00	11
48	0	2	0.00	2
49	0	7	0.00	7
50	0	4	0.00	4
51	0	11	0.00	11
52	0	9	0.00	9
53	0	9	0.00	9
54	0	7	0.00	7
55	0	8	0.00	8
56	0	4	0.00	4
57	0	5	0.00	5
58	0	2	0.00	2
59	0	0		0
60	0	1	0.00	1
61	0	2	0.00	2
62	0	4	0.00	4
63	0	0		0
64	0	1	0.00	1
65	0	1	0.00	1
66	0	1	0.00	1
67	0	0		0
68	0	1	0.00	1
69	0	0		0
70	0	0		0
71	0	0		0
72	0	1	0.00	1
73	0	0		0
74	0	1	0.00	1
75	0	0		0
76	0	0		0
77	0	0		0
78	0	0		0
79	0	0		0
80	0	0		0
81	0	1	0.00	1
82	0	1	0.00	1
83	0	1	0.00	1
84	0	0		0
85	0	0		0
86	0	0		0
87	0	1	0.00	1
88	0	0		0
89	0	0		0
90	0	0		0
91	0	0		0
92	0	0		0
93	0	0		0
94	0	0		0
95	0	0		0
96	0	0		0
97	0	0		0

