CpG context (R1)
================
position	count methylated	count unmethylated	% methylation	coverage
1	209	2162	8.81	2371
2	0	21	0.00	21
3	2	11	15.38	13
4	8	143	5.30	151
5	8	205	3.76	213
6	10	263	3.66	273
7	8	225	3.43	233
8	10	302	3.21	312
9	12	239	4.78	251
10	14	243	5.45	257
11	10	266	3.62	276
12	10	285	3.39	295
13	15	286	4.98	301
14	7	248	2.75	255
15	10	240	4.00	250
16	16	281	5.39	297
17	12	244	4.69	256
18	11	234	4.49	245
19	17	305	5.28	322
20	7	215	3.15	222
21	12	221	5.15	233
22	8	280	2.78	288
23	9	246	3.53	255
24	13	231	5.33	244
25	6	320	1.84	326
26	16	294	5.16	310
27	13	263	4.71	276
28	26	264	8.97	290
29	9	252	3.45	261
30	14	252	5.26	266
31	13	289	4.30	302
32	11	297	3.57	308
33	11	241	4.37	252
34	17	250	6.37	267
35	19	237	7.42	256
36	14	199	6.57	213
37	13	266	4.66	279
38	9	244	3.56	253
39	17	236	6.72	253
40	13	264	4.69	277
41	11	251	4.20	262
42	12	273	4.21	285
43	6	224	2.61	230
44	9	258	3.37	267
45	15	303	4.72	318
46	13	224	5.49	237
47	19	263	6.74	282
48	19	253	6.99	272
49	11	238	4.42	249
50	8	258	3.01	266
51	10	232	4.13	242
52	10	244	3.94	254
53	14	235	5.62	249
54	13	221	5.56	234
55	14	291	4.59	305
56	16	224	6.67	240
57	4	256	1.54	260
58	14	269	4.95	283
59	12	270	4.26	282
60	9	283	3.08	292
61	12	259	4.43	271
62	16	226	6.61	242
63	10	225	4.26	235
64	8	254	3.05	262
65	10	254	3.79	264
66	7	267	2.55	274
67	13	201	6.07	214
68	9	182	4.71	191
69	5	197	2.48	202
70	13	219	5.60	232
71	14	271	4.91	285
72	6	208	2.80	214
73	7	224	3.03	231
74	9	182	4.71	191
75	7	206	3.29	213
76	12	194	5.83	206
77	15	196	7.11	211
78	12	196	5.77	208
79	13	210	5.83	223
80	5	181	2.69	186
81	3	174	1.69	177
82	6	211	2.76	217
83	6	127	4.51	133
84	5	181	2.69	186
85	6	205	2.84	211
86	9	171	5.00	180
87	9	153	5.56	162
88	6	124	4.62	130
89	7	139	4.79	146
90	5	120	4.00	125
91	9	133	6.34	142
92	4	132	2.94	136
93	3	140	2.10	143
94	2	133	1.48	135
95	8	124	6.06	132
96	5	106	4.50	111
97	10	134	6.94	144
98	5	105	4.55	110
99	4	33	10.81	37
100	0	10	0.00	10
101	0	1	0.00	1
102	0	2	0.00	2
103	0	8	0.00	8
104	1	4	20.00	5
105	0	6	0.00	6
106	1	4	20.00	5
107	1	3	25.00	4
108	0	6	0.00	6
109	1	4	20.00	5
110	0	3	0.00	3
111	0	7	0.00	7
112	1	6	14.29	7
113	0	2	0.00	2
114	0	3	0.00	3
115	0	2	0.00	2
116	1	3	25.00	4
117	1	4	20.00	5
118	1	3	25.00	4
119	1	3	25.00	4
120	0	1	0.00	1
121	0	3	0.00	3
122	1	1	50.00	2
123	0	3	0.00	3
124	1	1	50.00	2
125	0	5	0.00	5
126	0	4	0.00	4
127	0	0		0
128	0	1	0.00	1
129	0	1	0.00	1
130	0	0		0
131	0	2	0.00	2
132	0	2	0.00	2
133	0	1	0.00	1
134	0	0		0
135	1	1	50.00	2
136	0	2	0.00	2
137	0	3	0.00	3
138	0	0		0
139	0	1	0.00	1
140	0	2	0.00	2
141	0	0		0
142	0	0		0
143	0	0		0
144	0	2	0.00	2
145	0	0		0
146	0	1	0.00	1
147	0	0		0
148	0	0		0
149	0	0		0

CHG context (R1)
================
position	count methylated	count unmethylated	% methylation	coverage
1	0	19	0.00	19
2	0	18	0.00	18
3	0	13	0.00	13
4	0	129	0.00	129
5	0	206	0.00	206
6	0	221	0.00	221
7	1	291	0.34	292
8	1	216	0.46	217
9	2	211	0.94	213
10	0	221	0.00	221
11	1	223	0.45	224
12	0	207	0.00	207
13	2	209	0.95	211
14	1	212	0.47	213
15	2	212	0.93	214
16	1	210	0.47	211
17	0	254	0.00	254
18	0	255	0.00	255
19	2	203	0.98	205
20	0	177	0.00	177
21	0	202	0.00	202
22	0	253	0.00	253
23	0	198	0.00	198
24	1	185	0.54	186
25	0	223	0.00	223
26	0	214	0.00	214
27	0	224	0.00	224
28	0	233	0.00	233
29	0	184	0.00	184
30	0	192	0.00	192
31	1	243	0.41	244
32	1	169	0.59	170
33	2	251	0.79	253
34	1	212	0.47	213
35	2	207	0.96	209
36	0	242	0.00	242
37	1	209	0.48	210
38	0	175	0.00	175
39	0	249	0.00	249
40	1	212	0.47	213
41	0	273	0.00	273
42	1	201	0.50	202
43	1	213	0.47	214
44	1	231	0.43	232
45	1	209	0.48	210
46	0	224	0.00	224
47	0	165	0.00	165
48	1	204	0.49	205
49	1	194	0.51	195
50	1	188	0.53	189
51	1	239	0.42	240
52	4	252	1.56	256
53	0	190	0.00	190
54	0	191	0.00	191
55	1	172	0.58	173
56	1	232	0.43	233
57	2	237	0.84	239
58	0	210	0.00	210
59	0	162	0.00	162
60	3	164	1.80	167
61	2	171	1.16	173
62	0	148	0.00	148
63	1	175	0.57	176
64	0	217	0.00	217
65	1	196	0.51	197
66	0	179	0.00	179
67	0	176	0.00	176
68	1	188	0.53	189
69	1	187	0.53	188
70	1	184	0.54	185
71	0	159	0.00	159
72	0	159	0.00	159
73	0	169	0.00	169
74	0	142	0.00	142
75	0	147	0.00	147
76	0	167	0.00	167
77	0	176	0.00	176
78	0	158	0.00	158
79	0	168	0.00	168
80	2	133	1.48	135
81	1	174	0.57	175
82	0	127	0.00	127
83	2	127	1.55	129
84	1	139	0.71	140
85	2	128	1.54	130
86	4	147	2.65	151
87	1	111	0.89	112
88	2	129	1.53	131
89	0	118	0.00	118
90	0	138	0.00	138
91	0	133	0.00	133
92	0	100	0.00	100
93	0	105	0.00	105
94	2	93	2.11	95
95	0	92	0.00	92
96	0	108	0.00	108
97	0	106	0.00	106
98	0	93	0.00	93
99	0	43	0.00	43
100	0	5	0.00	5
101	0	3	0.00	3
102	0	4	0.00	4
103	0	3	0.00	3
104	0	4	0.00	4
105	0	7	0.00	7
106	0	6	0.00	6
107	0	4	0.00	4
108	0	7	0.00	7
109	0	1	0.00	1
110	0	3	0.00	3
111	0	2	0.00	2
112	0	2	0.00	2
113	0	0		0
114	0	2	0.00	2
115	0	1	0.00	1
116	0	2	0.00	2
117	0	0		0
118	0	3	0.00	3
119	0	0		0
120	0	5	0.00	5
121	0	6	0.00	6
122	0	0		0
123	0	3	0.00	3
124	0	2	0.00	2
125	0	1	0.00	1
126	0	1	0.00	1
127	0	2	0.00	2
128	0	0		0
129	0	0		0
130	0	2	0.00	2
131	0	3	0.00	3
132	0	1	0.00	1
133	0	0		0
134	0	2	0.00	2
135	0	0		0
136	0	2	0.00	2
137	0	0		0
138	0	0		0
139	0	3	0.00	3
140	0	0		0
141	0	1	0.00	1
142	0	0		0
143	0	2	0.00	2
144	0	0		0
145	0	0		0
146	0	0		0
147	0	2	0.00	2
148	0	1	0.00	1
149	0	0		0

CHH context (R1)
================
position	count methylated	count unmethylated	% methylation	coverage
1	0	30	0.00	30
2	0	36	0.00	36
3	0	27	0.00	27
4	0	328	0.00	328
5	2	380	0.52	382
6	3	400	0.74	403
7	0	349	0.00	349
8	0	325	0.00	325
9	2	312	0.64	314
10	1	323	0.31	324
11	3	297	1.00	300
12	0	337	0.00	337
13	0	383	0.00	383
14	0	353	0.00	353
15	1	349	0.29	350
16	0	346	0.00	346
17	0	310	0.00	310
18	2	275	0.72	277
19	1	315	0.32	316
20	1	344	0.29	345
21	1	348	0.29	349
22	1	350	0.28	351
23	0	338	0.00	338
24	1	357	0.28	358
25	1	396	0.25	397
26	1	357	0.28	358
27	0	414	0.00	414
28	4	389	1.02	393
29	2	357	0.56	359
30	0	361	0.00	361
31	1	332	0.30	333
32	0	370	0.00	370
33	0	307	0.00	307
34	0	298	0.00	298
35	0	325	0.00	325
36	1	374	0.27	375
37	1	357	0.28	358
38	1	359	0.28	360
39	2	336	0.59	338
40	2	300	0.66	302
41	0	299	0.00	299
42	0	327	0.00	327
43	0	317	0.00	317
44	1	338	0.29	339
45	0	278	0.00	278
46	1	325	0.31	326
47	2	322	0.62	324
48	2	304	0.65	306
49	2	365	0.54	367
50	2	392	0.51	394
51	0	389	0.00	389
52	1	362	0.28	363
53	0	330	0.00	330
54	0	284	0.00	284
55	0	341	0.00	341
56	0	302	0.00	302
57	0	281	0.00	281
58	0	252	0.00	252
59	0	308	0.00	308
60	0	276	0.00	276
61	0	322	0.00	322
62	3	330	0.90	333
63	1	325	0.31	326
64	0	355	0.00	355
65	0	315	0.00	315
66	0	302	0.00	302
67	1	317	0.31	318
68	2	328	0.61	330
69	0	317	0.00	317
70	0	271	0.00	271
71	0	298	0.00	298
72	1	290	0.34	291
73	2	302	0.66	304
74	3	250	1.19	253
75	0	288	0.00	288
76	1	288	0.35	289
77	0	291	0.00	291
78	2	270	0.74	272
79	0	278	0.00	278
80	0	286	0.00	286
81	2	228	0.87	230
82	0	262	0.00	262
83	1	243	0.41	244
84	2	251	0.79	253
85	1	276	0.36	277
86	2	258	0.77	260
87	0	221	0.00	221
88	0	263	0.00	263
89	0	225	0.00	225
90	1	199	0.50	200
91	0	180	0.00	180
92	0	176	0.00	176
93	1	169	0.59	170
94	0	166	0.00	166
95	0	193	0.00	193
96	0	152	0.00	152
97	0	152	0.00	152
98	1	160	0.62	161
99	0	67	0.00	67
100	0	7	0.00	7
101	0	10	0.00	10
102	0	6	0.00	6
103	0	5	0.00	5
104	0	7	0.00	7
105	0	7	0.00	7
106	0	4	0.00	4
107	0	5	0.00	5
108	0	5	0.00	5
109	0	3	0.00	3
110	0	5	0.00	5
111	0	4	0.00	4
112	0	4	0.00	4
113	0	7	0.00	7
114	0	6	0.00	6
115	0	1	0.00	1
116	0	2	0.00	2
117	0	5	0.00	5
118	0	4	0.00	4
119	0	1	0.00	1
120	0	3	0.00	3
121	0	2	0.00	2
122	0	1	0.00	1
123	0	0		0
124	0	2	0.00	2
125	0	1	0.00	1
126	0	1	0.00	1
127	0	3	0.00	3
128	0	2	0.00	2
129	0	3	0.00	3
130	0	3	0.00	3
131	0	2	0.00	2
132	0	1	0.00	1
133	0	3	0.00	3
134	0	4	0.00	4
135	0	4	0.00	4
136	0	0		0
137	0	1	0.00	1
138	0	2	0.00	2
139	0	0		0
140	0	0		0
141	0	0		0
142	0	0		0
143	0	0		0
144	0	0		0
145	0	0		0
146	0	4	0.00	4
147	0	2	0.00	2
148	0	0		0
149	0	1	0.00	1

CpG context (R2)
================
position	count methylated	count unmethylated	% methylation	coverage
1	0	23	0.00	23
2	0	12	0.00	12
3	5	95	5.00	100
4	3	63	4.55	66
5	7	91	7.14	98
6	2	101	1.94	103
7	4	125	3.10	129
8	4	82	4.65	86
9	5	85	5.56	90
10	0	90	0.00	90
11	3	60	4.76	63
12	3	65	4.41	68
13	5	74	6.33	79
14	2	40	4.76	42
15	3	64	4.48	67
16	0	47	0.00	47
17	1	42	2.33	43
18	3	59	4.84	62
19	1	42	2.33	43
20	5	49	9.26	54
21	1	41	2.38	42
22	1	41	2.38	42
23	2	36	5.26	38
24	2	56	3.45	58
25	0	32	0.00	32
26	0	22	0.00	22
27	3	30	9.09	33
28	0	26	0.00	26
29	2	39	4.88	41
30	0	22	0.00	22
31	3	31	8.82	34
32	0	20	0.00	20
33	3	18	14.29	21
34	0	14	0.00	14
35	0	12	0.00	12
36	0	15	0.00	15
37	1	24	4.00	25
38	1	25	3.85	26
39	1	9	10.00	10
40	0	13	0.00	13
41	0	4	0.00	4
42	0	14	0.00	14
43	0	14	0.00	14
44	0	17	0.00	17
45	0	4	0.00	4
46	3	16	15.79	19
47	0	9	0.00	9
48	1	11	8.33	12
49	1	8	11.11	9
50	1	7	12.50	8
51	0	3	0.00	3
52	1	7	12.50	8
53	1	4	20.00	5
54	0	6	0.00	6
55	0	5	0.00	5
56	0	3	0.00	3
57	0	3	0.00	3
58	1	9	10.00	10
59	0	3	0.00	3
60	1	0	100.00	1
61	0	3	0.00	3
62	0	0		0
63	0	1	0.00	1
64	0	0		0
65	0	1	0.00	1
66	0	0		0
67	0	0		0
68	0	0		0
69	0	0		0
70	0	0		0
71	0	2	0.00	2
72	0	0		0
73	0	0		0
74	0	0		0
75	0	2	0.00	2
76	0	0		0
77	0	2	0.00	2
78	0	0		0
79	0	0		0
80	0	2	0.00	2
81	0	0		0
82	0	0		0
83	0	0		0
84	0	0		0
85	0	0		0
86	0	2	0.00	2
87	0	0		0
88	0	0		0
89	0	0		0
90	0	0		0
91	0	2	0.00	2
92	0	0		0
93	0	0		0
94	0	0		0

CHG context (R2)
================
position	count methylated	count unmethylated	% methylation	coverage
1	20	2092	0.95	2112
2	0	26	0.00	26
3	0	2	0.00	2
4	0	50	0.00	50
5	0	68	0.00	68
6	0	69	0.00	69
7	0	75	0.00	75
8	0	73	0.00	73
9	0	79	0.00	79
10	0	59	0.00	59
11	2	58	3.33	60
12	0	36	0.00	36
13	0	52	0.00	52
14	0	45	0.00	45
15	0	47	0.00	47
16	0	48	0.00	48
17	0	59	0.00	59
18	1	46	2.13	47
19	0	50	0.00	50
20	0	65	0.00	65
21	0	34	0.00	34
22	0	57	0.00	57
23	0	20	0.00	20
24	0	19	0.00	19
25	0	36	0.00	36
26	0	21	0.00	21
27	0	13	0.00	13
28	0	16	0.00	16
29	0	29	0.00	29
30	0	29	0.00	29
31	0	25	0.00	25
32	0	12	0.00	12
33	0	20	0.00	20
34	0	26	0.00	26
35	0	19	0.00	19
36	0	20	0.00	20
37	0	13	0.00	13
38	0	14	0.00	14
39	0	16	0.00	16
40	0	18	0.00	18
41	0	22	0.00	22
42	0	5	0.00	5
43	0	9	0.00	9
44	0	5	0.00	5
45	0	10	0.00	10
46	0	5	0.00	5
47	0	10	0.00	10
48	0	6	0.00	6
49	0	6	0.00	6
50	0	7	0.00	7
51	0	6	0.00	6
52	0	9	0.00	9
53	0	6	0.00	6
54	0	0		0
55	0	6	0.00	6
56	0	4	0.00	4
57	0	0		0
58	0	2	0.00	2
59	0	2	0.00	2
60	0	5	0.00	5
61	0	0		0
62	0	0		0
63	0	0		0
64	0	0		0
65	0	0		0
66	0	2	0.00	2
67	0	0		0
68	0	2	0.00	2
69	0	0		0
70	0	0		0
71	0	0		0
72	0	2	0.00	2
73	0	0		0
74	0	0		0
75	0	0		0
76	0	0		0
77	0	0		0
78	0	0		0
79	0	0		0
80	0	0		0
81	0	2	0.00	2
82	0	0		0
83	0	0		0
84	0	0		0
85	0	0		0
86	0	0		0
87	0	0		0
88	0	0		0
89	0	2	0.00	2
90	0	0		0
91	0	0		0
92	0	0		0
93	0	0		0
94	0	0		0

CHH context (R2)
================
position	count methylated	count unmethylated	% methylation	coverage
1	0	9	0.00	9
2	2	930	0.21	932
3	3	231	1.28	234
4	0	188	0.00	188
5	3	125	2.34	128
6	0	98	0.00	98
7	0	90	0.00	90
8	2	118	1.67	120
9	0	101	0.00	101
10	0	120	0.00	120
11	0	87	0.00	87
12	0	76	0.00	76
13	0	64	0.00	64
14	0	93	0.00	93
15	0	77	0.00	77
16	0	63	0.00	63
17	1	66	1.49	67
18	0	59	0.00	59
19	0	60	0.00	60
20	0	52	0.00	52
21	0	46	0.00	46
22	0	44	0.00	44
23	0	36	0.00	36
24	0	38	0.00	38
25	0	41	0.00	41
26	0	36	0.00	36
27	0	32	0.00	32
28	0	23	0.00	23
29	0	29	0.00	29
30	0	27	0.00	27
31	0	21	0.00	21
32	0	23	0.00	23
33	0	21	0.00	21
34	0	27	0.00	27
35	0	28	0.00	28
36	0	18	0.00	18
37	0	12	0.00	12
38	0	14	0.00	14
39	0	4	0.00	4
40	0	20	0.00	20
41	0	20	0.00	20
42	0	20	0.00	20
43	0	18	0.00	18
44	0	24	0.00	24
45	0	15	0.00	15
46	0	15	0.00	15
47	0	16	0.00	16
48	0	6	0.00	6
49	0	7	0.00	7
50	0	4	0.00	4
51	0	11	0.00	11
52	0	11	0.00	11
53	0	15	0.00	15
54	0	9	0.00	9
55	0	11	0.00	11
56	0	7	0.00	7
57	0	6	0.00	6
58	0	1	0.00	1
59	0	1	0.00	1
60	0	0		0
61	0	3	0.00	3
62	0	2	0.00	2
63	0	0		0
64	0	1	0.00	1
65	0	1	0.00	1
66	0	0		0
67	0	0		0
68	0	0		0
69	0	4	0.00	4
70	0	0		0
71	0	0		0
72	0	0		0
73	0	0		0
74	0	0		0
75	0	2	0.00	2
76	0	0		0
77	0	0		0
78	0	0		0
79	0	0		0
80	0	0		0
81	0	0		0
82	0	0		0
83	0	0		0
84	0	0		0
85	0	0		0
86	0	0		0
87	0	0		0
88	0	0		0
89	0	0		0
90	0	0		0
91	0	0		0
92	0	0		0
93	0	0		0
94	0	2	0.00	2

