CpG context (R1)
================
position	count methylated	count unmethylated	% methylation	coverage
1	196	2176	8.26	2372
2	0	25	0.00	25
3	0	17	0.00	17
4	8	177	4.32	185
5	8	197	3.90	205
6	8	280	2.78	288
7	13	232	5.31	245
8	17	303	5.31	320
9	9	240	3.61	249
10	9	277	3.15	286
11	10	248	3.88	258
12	17	287	5.59	304
13	17	294	5.47	311
14	12	270	4.26	282
15	8	242	3.20	250
16	12	294	3.92	306
17	4	224	1.75	228
18	11	235	4.47	246
19	16	302	5.03	318
20	9	221	3.91	230
21	11	216	4.85	227
22	7	256	2.66	263
23	14	266	5.00	280
24	15	258	5.49	273
25	9	300	2.91	309
26	10	300	3.23	310
27	9	275	3.17	284
28	14	264	5.04	278
29	12	251	4.56	263
30	6	287	2.05	293
31	14	300	4.46	314
32	16	296	5.13	312
33	7	231	2.94	238
34	11	268	3.94	279
35	12	267	4.30	279
36	10	211	4.52	221
37	11	258	4.09	269
38	16	273	5.54	289
39	7	241	2.82	248
40	12	256	4.48	268
41	13	240	5.14	253
42	10	250	3.85	260
43	19	251	7.04	270
44	10	235	4.08	245
45	20	289	6.47	309
46	16	260	5.80	276
47	9	251	3.46	260
48	7	247	2.76	254
49	14	247	5.36	261
50	10	226	4.24	236
51	4	220	1.79	224
52	14	242	5.47	256
53	10	241	3.98	251
54	7	249	2.73	256
55	10	288	3.36	298
56	5	238	2.06	243
57	5	252	1.95	257
58	14	240	5.51	254
59	8	255	3.04	263
60	11	255	4.14	266
61	10	237	4.05	247
62	15	233	6.05	248
63	20	233	7.91	253
64	12	254	4.51	266
65	12	273	4.21	285
66	6	223	2.62	229
67	10	227	4.22	237
68	13	195	6.25	208
69	7	199	3.40	206
70	5	201	2.43	206
71	13	260	4.76	273
72	7	236	2.88	243
73	9	231	3.75	240
74	9	175	4.89	184
75	8	192	4.00	200
76	5	201	2.43	206
77	16	208	7.14	224
78	8	198	3.88	206
79	11	210	4.98	221
80	10	164	5.75	174
81	5	168	2.89	173
82	4	193	2.03	197
83	9	133	6.34	142
84	5	162	2.99	167
85	11	188	5.53	199
86	11	182	5.70	193
87	11	170	6.08	181
88	4	116	3.33	120
89	4	124	3.12	128
90	5	134	3.60	139
91	12	159	7.02	171
92	13	138	8.61	151
93	7	119	5.56	126
94	3	121	2.42	124
95	7	85	7.61	92
96	5	96	4.95	101
97	13	142	8.39	155
98	6	91	6.19	97
99	5	52	8.77	57
100	0	12	0.00	12
101	1	8	11.11	9
102	1	7	12.50	8
103	1	7	12.50	8
104	0	6	0.00	6
105	0	4	0.00	4
106	0	3	0.00	3
107	0	4	0.00	4
108	0	9	0.00	9
109	0	10	0.00	10
110	0	1	0.00	1
111	0	2	0.00	2
112	1	3	25.00	4
113	0	1	0.00	1
114	0	3	0.00	3
115	1	1	50.00	2
116	0	2	0.00	2
117	0	5	0.00	5
118	0	1	0.00	1
119	0	0		0
120	0	1	0.00	1
121	0	1	0.00	1
122	0	1	0.00	1
123	0	1	0.00	1
124	0	3	0.00	3
125	0	4	0.00	4
126	0	1	0.00	1
127	0	2	0.00	2
128	0	2	0.00	2
129	0	2	0.00	2
130	0	2	0.00	2
131	0	0		0
132	0	1	0.00	1
133	0	2	0.00	2
134	0	1	0.00	1
135	0	2	0.00	2
136	0	2	0.00	2
137	0	2	0.00	2
138	0	2	0.00	2
139	0	3	0.00	3
140	0	1	0.00	1
141	0	2	0.00	2
142	0	0		0
143	0	0		0
144	0	0		0
145	0	0		0
146	0	0		0
147	0	0		0
148	0	0		0
149	0	1	0.00	1

CHG context (R1)
================
position	count methylated	count unmethylated	% methylation	coverage
1	0	20	0.00	20
2	0	18	0.00	18
3	0	13	0.00	13
4	1	132	0.75	133
5	0	222	0.00	222
6	2	230	0.86	232
7	1	239	0.42	240
8	0	233	0.00	233
9	0	232	0.00	232
10	0	226	0.00	226
11	0	234	0.00	234
12	0	189	0.00	189
13	1	187	0.53	188
14	0	198	0.00	198
15	0	233	0.00	233
16	0	220	0.00	220
17	0	221	0.00	221
18	1	256	0.39	257
19	0	198	0.00	198
20	1	172	0.58	173
21	0	243	0.00	243
22	0	240	0.00	240
23	0	232	0.00	232
24	1	196	0.51	197
25	0	241	0.00	241
26	1	216	0.46	217
27	1	220	0.45	221
28	0	230	0.00	230
29	0	213	0.00	213
30	1	181	0.55	182
31	0	245	0.00	245
32	0	200	0.00	200
33	1	232	0.43	233
34	0	236	0.00	236
35	1	244	0.41	245
36	2	211	0.94	213
37	1	247	0.40	248
38	0	197	0.00	197
39	1	204	0.49	205
40	3	219	1.35	222
41	0	248	0.00	248
42	0	223	0.00	223
43	0	246	0.00	246
44	0	255	0.00	255
45	1	186	0.53	187
46	1	214	0.47	215
47	4	193	2.03	197
48	1	219	0.45	220
49	1	208	0.48	209
50	0	195	0.00	195
51	3	226	1.31	229
52	1	245	0.41	246
53	0	193	0.00	193
54	2	209	0.95	211
55	0	200	0.00	200
56	1	204	0.49	205
57	1	190	0.52	191
58	0	219	0.00	219
59	0	179	0.00	179
60	2	164	1.20	166
61	0	190	0.00	190
62	1	168	0.59	169
63	0	191	0.00	191
64	1	202	0.49	203
65	1	175	0.57	176
66	1	194	0.51	195
67	0	181	0.00	181
68	2	208	0.95	210
69	0	181	0.00	181
70	1	202	0.49	203
71	0	160	0.00	160
72	0	158	0.00	158
73	2	139	1.42	141
74	1	171	0.58	172
75	0	147	0.00	147
76	0	189	0.00	189
77	1	167	0.60	168
78	1	149	0.67	150
79	1	157	0.63	158
80	1	138	0.72	139
81	0	177	0.00	177
82	0	119	0.00	119
83	0	124	0.00	124
84	0	124	0.00	124
85	0	121	0.00	121
86	0	162	0.00	162
87	0	106	0.00	106
88	2	129	1.53	131
89	0	108	0.00	108
90	1	107	0.93	108
91	1	131	0.76	132
92	0	92	0.00	92
93	0	98	0.00	98
94	1	107	0.93	108
95	0	98	0.00	98
96	0	130	0.00	130
97	0	119	0.00	119
98	0	102	0.00	102
99	2	45	4.26	47
100	0	5	0.00	5
101	0	6	0.00	6
102	0	7	0.00	7
103	0	1	0.00	1
104	0	3	0.00	3
105	0	11	0.00	11
106	0	4	0.00	4
107	0	1	0.00	1
108	0	7	0.00	7
109	0	2	0.00	2
110	0	3	0.00	3
111	0	5	0.00	5
112	0	6	0.00	6
113	0	3	0.00	3
114	0	3	0.00	3
115	0	3	0.00	3
116	0	1	0.00	1
117	0	0		0
118	0	4	0.00	4
119	0	1	0.00	1
120	0	4	0.00	4
121	0	1	0.00	1
122	0	3	0.00	3
123	0	2	0.00	2
124	0	3	0.00	3
125	0	1	0.00	1
126	0	0		0
127	0	1	0.00	1
128	0	2	0.00	2
129	0	2	0.00	2
130	0	0		0
131	0	0		0
132	0	2	0.00	2
133	0	2	0.00	2
134	0	0		0
135	0	2	0.00	2
136	0	2	0.00	2
137	0	0		0
138	0	0		0
139	0	1	0.00	1
140	0	0		0
141	0	0		0
142	0	1	0.00	1
143	0	1	0.00	1
144	0	0		0
145	0	0		0
146	0	0		0
147	0	0		0
148	0	1	0.00	1
149	0	2	0.00	2

CHH context (R1)
================
position	count methylated	count unmethylated	% methylation	coverage
1	0	30	0.00	30
2	0	28	0.00	28
3	0	21	0.00	21
4	2	317	0.63	319
5	0	393	0.00	393
6	3	412	0.72	415
7	1	394	0.25	395
8	0	347	0.00	347
9	2	319	0.62	321
10	0	319	0.00	319
11	0	301	0.00	301
12	2	327	0.61	329
13	0	380	0.00	380
14	0	369	0.00	369
15	3	372	0.80	375
16	0	332	0.00	332
17	0	333	0.00	333
18	0	300	0.00	300
19	2	334	0.60	336
20	1	344	0.29	345
21	1	335	0.30	336
22	2	338	0.59	340
23	1	350	0.28	351
24	0	359	0.00	359
25	1	380	0.26	381
26	2	359	0.55	361
27	1	401	0.25	402
28	1	377	0.26	378
29	1	339	0.29	340
30	0	350	0.00	350
31	2	361	0.55	363
32	1	365	0.27	366
33	2	300	0.66	302
34	0	309	0.00	309
35	1	287	0.35	288
36	1	381	0.26	382
37	1	336	0.30	337
38	1	342	0.29	343
39	0	338	0.00	338
40	3	330	0.90	333
41	2	333	0.60	335
42	1	359	0.28	360
43	0	321	0.00	321
44	0	345	0.00	345
45	2	277	0.72	279
46	4	354	1.12	358
47	2	321	0.62	323
48	0	340	0.00	340
49	0	386	0.00	386
50	1	393	0.25	394
51	0	417	0.00	417
52	2	378	0.53	380
53	0	333	0.00	333
54	0	349	0.00	349
55	1	336	0.30	337
56	0	308	0.00	308
57	1	282	0.35	283
58	2	288	0.69	290
59	1	346	0.29	347
60	1	333	0.30	334
61	3	329	0.90	332
62	3	369	0.81	372
63	0	318	0.00	318
64	3	340	0.87	343
65	0	304	0.00	304
66	0	263	0.00	263
67	2	341	0.58	343
68	1	332	0.30	333
69	2	306	0.65	308
70	4	288	1.37	292
71	0	301	0.00	301
72	0	265	0.00	265
73	1	310	0.32	311
74	2	268	0.74	270
75	0	301	0.00	301
76	1	293	0.34	294
77	0	260	0.00	260
78	1	243	0.41	244
79	0	273	0.00	273
80	0	305	0.00	305
81	0	238	0.00	238
82	0	284	0.00	284
83	0	232	0.00	232
84	3	208	1.42	211
85	0	254	0.00	254
86	0	230	0.00	230
87	0	221	0.00	221
88	2	252	0.79	254
89	3	215	1.38	218
90	0	183	0.00	183
91	0	179	0.00	179
92	1	191	0.52	192
93	3	161	1.83	164
94	0	167	0.00	167
95	0	205	0.00	205
96	0	146	0.00	146
97	1	160	0.62	161
98	0	150	0.00	150
99	1	67	1.47	68
100	0	9	0.00	9
101	0	6	0.00	6
102	0	5	0.00	5
103	0	3	0.00	3
104	0	8	0.00	8
105	0	6	0.00	6
106	0	8	0.00	8
107	0	9	0.00	9
108	0	6	0.00	6
109	0	5	0.00	5
110	0	7	0.00	7
111	0	8	0.00	8
112	0	3	0.00	3
113	0	5	0.00	5
114	0	5	0.00	5
115	0	3	0.00	3
116	0	4	0.00	4
117	0	6	0.00	6
118	0	6	0.00	6
119	0	3	0.00	3
120	0	4	0.00	4
121	0	4	0.00	4
122	0	4	0.00	4
123	0	5	0.00	5
124	0	1	0.00	1
125	0	1	0.00	1
126	0	3	0.00	3
127	0	3	0.00	3
128	0	3	0.00	3
129	0	0		0
130	0	0		0
131	0	0		0
132	0	3	0.00	3
133	0	2	0.00	2
134	0	2	0.00	2
135	0	0		0
136	0	0		0
137	0	1	0.00	1
138	0	1	0.00	1
139	0	0		0
140	0	1	0.00	1
141	0	2	0.00	2
142	0	1	0.00	1
143	0	0		0
144	0	0		0
145	0	0		0
146	0	1	0.00	1
147	0	1	0.00	1
148	0	2	0.00	2
149	0	1	0.00	1

CpG context (R2)
================
position	count methylated	count unmethylated	% methylation	coverage
1	1	12	7.69	13
2	0	15	0.00	15
3	1	75	1.32	76
4	5	74	6.33	79
5	3	102	2.86	105
6	5	81	5.81	86
7	8	120	6.25	128
8	3	74	3.90	77
9	4	69	5.48	73
10	8	85	8.60	93
11	7	67	9.46	74
12	4	60	6.25	64
13	3	75	3.85	78
14	0	42	0.00	42
15	2	55	3.51	57
16	1	52	1.89	53
17	0	34	0.00	34
18	3	50	5.66	53
19	8	28	22.22	36
20	4	47	7.84	51
21	3	31	8.82	34
22	2	41	4.65	43
23	5	42	10.64	47
24	3	66	4.35	69
25	1	32	3.03	33
26	2	34	5.56	36
27	1	38	2.56	39
28	1	19	5.00	20
29	2	33	5.71	35
30	1	28	3.45	29
31	0	28	0.00	28
32	1	20	4.76	21
33	0	13	0.00	13
34	3	17	15.00	20
35	0	14	0.00	14
36	0	12	0.00	12
37	1	23	4.17	24
38	0	19	0.00	19
39	0	15	0.00	15
40	0	7	0.00	7
41	0	15	0.00	15
42	0	8	0.00	8
43	0	11	0.00	11
44	0	22	0.00	22
45	0	2	0.00	2
46	2	7	22.22	9
47	1	6	14.29	7
48	1	6	14.29	7
49	0	4	0.00	4
50	2	5	28.57	7
51	1	5	16.67	6
52	1	11	8.33	12
53	0	6	0.00	6
54	0	5	0.00	5
55	0	3	0.00	3
56	0	4	0.00	4
57	0	2	0.00	2
58	0	4	0.00	4
59	0	1	0.00	1
60	0	3	0.00	3
61	0	1	0.00	1
62	0	0		0
63	0	2	0.00	2
64	0	3	0.00	3
65	0	1	0.00	1
66	0	3	0.00	3
67	0	2	0.00	2
68	0	0		0
69	0	1	0.00	1
70	0	1	0.00	1
71	0	1	0.00	1
72	0	0		0
73	0	1	0.00	1
74	0	0		0
75	0	2	0.00	2
76	0	0		0
77	0	1	0.00	1
78	0	1	0.00	1
79	0	0		0
80	0	0		0
81	0	0		0
82	0	0		0
83	0	1	0.00	1
84	0	0		0
85	0	0		0
86	0	0		0
87	0	1	0.00	1
88	0	0		0
89	0	0		0
90	0	0		0
91	0	0		0
92	0	0		0
93	0	0		0
94	0	1	0.00	1
95	0	0		0
96	0	0		0
97	0	1	0.00	1

CHG context (R2)
================
position	count methylated	count unmethylated	% methylation	coverage
1	10	2138	0.47	2148
2	0	15	0.00	15
3	0	5	0.00	5
4	0	39	0.00	39
5	0	52	0.00	52
6	2	72	2.70	74
7	1	65	1.52	66
8	1	93	1.06	94
9	0	73	0.00	73
10	0	60	0.00	60
11	3	72	4.00	75
12	0	41	0.00	41
13	0	45	0.00	45
14	0	51	0.00	51
15	0	41	0.00	41
16	0	41	0.00	41
17	0	47	0.00	47
18	0	48	0.00	48
19	0	48	0.00	48
20	0	49	0.00	49
21	1	49	2.00	50
22	0	43	0.00	43
23	1	21	4.55	22
24	0	18	0.00	18
25	0	38	0.00	38
26	0	18	0.00	18
27	0	16	0.00	16
28	0	17	0.00	17
29	0	20	0.00	20
30	0	19	0.00	19
31	0	27	0.00	27
32	0	15	0.00	15
33	0	21	0.00	21
34	1	20	4.76	21
35	1	24	4.00	25
36	0	17	0.00	17
37	0	8	0.00	8
38	0	10	0.00	10
39	0	9	0.00	9
40	0	14	0.00	14
41	0	12	0.00	12
42	0	5	0.00	5
43	0	3	0.00	3
44	0	3	0.00	3
45	0	11	0.00	11
46	0	2	0.00	2
47	0	7	0.00	7
48	0	9	0.00	9
49	0	5	0.00	5
50	0	10	0.00	10
51	0	4	0.00	4
52	0	7	0.00	7
53	0	4	0.00	4
54	0	3	0.00	3
55	0	3	0.00	3
56	0	5	0.00	5
57	0	0		0
58	0	5	0.00	5
59	0	1	0.00	1
60	0	1	0.00	1
61	0	1	0.00	1
62	0	0		0
63	0	6	0.00	6
64	0	1	0.00	1
65	0	0		0
66	0	0		0
67	0	3	0.00	3
68	0	1	0.00	1
69	0	0		0
70	0	2	0.00	2
71	0	0		0
72	0	1	0.00	1
73	0	0		0
74	0	0		0
75	0	1	0.00	1
76	0	0		0
77	0	1	0.00	1
78	0	1	0.00	1
79	0	0		0
80	0	0		0
81	0	0		0
82	0	0		0
83	0	0		0
84	0	1	0.00	1
85	0	0		0
86	0	0		0
87	0	1	0.00	1
88	0	0		0
89	0	0		0
90	0	1	0.00	1
91	0	0		0
92	0	0		0
93	0	0		0
94	0	0		0
95	0	0		0
96	0	0		0
97	0	0		0

CHH context (R2)
================
position	count methylated	count unmethylated	% methylation	coverage
1	0	13	0.00	13
2	1	966	0.10	967
3	2	219	0.90	221
4	0	167	0.00	167
5	2	112	1.75	114
6	0	91	0.00	91
7	0	98	0.00	98
8	1	135	0.74	136
9	1	102	0.97	103
10	0	106	0.00	106
11	0	69	0.00	69
12	0	75	0.00	75
13	0	59	0.00	59
14	0	79	0.00	79
15	0	82	0.00	82
16	0	71	0.00	71
17	0	68	0.00	68
18	0	71	0.00	71
19	1	67	1.47	68
20	0	45	0.00	45
21	0	45	0.00	45
22	0	42	0.00	42
23	0	47	0.00	47
24	0	33	0.00	33
25	0	39	0.00	39
26	0	37	0.00	37
27	0	32	0.00	32
28	0	26	0.00	26
29	0	37	0.00	37
30	0	25	0.00	25
31	0	29	0.00	29
32	0	30	0.00	30
33	0	16	0.00	16
34	0	22	0.00	22
35	0	27	0.00	27
36	1	18	5.26	19
37	0	15	0.00	15
38	0	23	0.00	23
39	0	9	0.00	9
40	0	17	0.00	17
41	0	10	0.00	10
42	0	18	0.00	18
43	0	15	0.00	15
44	0	18	0.00	18
45	0	11	0.00	11
46	1	15	6.25	16
47	0	13	0.00	13
48	0	5	0.00	5
49	0	7	0.00	7
50	0	6	0.00	6
51	0	15	0.00	15
52	0	9	0.00	9
53	0	9	0.00	9
54	0	10	0.00	10
55	0	7	0.00	7
56	0	12	0.00	12
57	0	6	0.00	6
58	0	8	0.00	8
59	0	3	0.00	3
60	0	3	0.00	3
61	0	2	0.00	2
62	0	5	0.00	5
63	0	0		0
64	0	1	0.00	1
65	0	0		0
66	0	0		0
67	0	1	0.00	1
68	0	6	0.00	6
69	0	3	0.00	3
70	0	0		0
71	0	2	0.00	2
72	0	0		0
73	0	1	0.00	1
74	0	0		0
75	0	0		0
76	0	0		0
77	0	0		0
78	0	1	0.00	1
79	0	2	0.00	2
80	0	0		0
81	0	0		0
82	0	0		0
83	0	0		0
84	0	0		0
85	0	1	0.00	1
86	0	0		0
87	0	0		0
88	0	0		0
89	0	0		0
90	0	0		0
91	0	0		0
92	0	0		0
93	0	0		0
94	0	0		0
95	0	0		0
96	0	0		0
97	0	0		0

