CpG context (R1)
================
position	count methylated	count unmethylated	% methylation	coverage
1	180	2201	7.56	2381
2	0	15	0.00	15
3	0	10	0.00	10
4	10	195	4.88	205
5	9	206	4.19	215
6	9	248	3.50	257
7	11	211	4.95	222
8	19	277	6.42	296
9	8	255	3.04	263
10	15	272	5.23	287
11	12	247	4.63	259
12	19	288	6.19	307
13	13	282	4.41	295
14	15	246	5.75	261
15	9	257	3.38	266
16	12	294	3.92	306
17	10	226	4.24	236
18	7	244	2.79	251
19	17	318	5.07	335
20	14	238	5.56	252
21	12	245	4.67	257
22	16	253	5.95	269
23	11	283	3.74	294
24	14	237	5.58	251
25	14	278	4.79	292
26	17	276	5.80	293
27	12	246	4.65	258
28	20	258	7.19	278
29	12	275	4.18	287
30	13	259	4.78	272
31	13	285	4.36	298
32	9	288	3.03	297
33	10	223	4.29	233
34	9	251	3.46	260
35	14	269	4.95	283
36	10	220	4.35	230
37	9	279	3.12	288
38	18	228	7.32	246
39	10	288	3.36	298
40	9	252	3.45	261
41	11	232	4.53	243
42	10	262	3.68	272
43	11	222	4.72	233
44	15	246	5.75	261
45	17	274	5.84	291
46	11	216	4.85	227
47	23	286	7.44	309
48	10	248	3.88	258
49	6	241	2.43	247
50	11	263	4.01	274
51	17	212	7.42	229
52	16	224	6.67	240
53	7	229	2.97	236
54	8	273	2.85	281
55	18	268	6.29	286
56	14	230	5.74	244
57	13	221	5.56	234
58	20	247	7.49	267
59	15	272	5.23	287
60	19	257	6.88	276
61	11	224	4.68	235
62	18	238	7.03	256
63	14	191	6.83	205
64	9	234	3.70	243
65	17	245	6.49	262
66	14	260	5.11	274
67	16	231	6.48	247
68	9	206	4.19	215
69	10	166	5.68	176
70	10	227	4.22	237
71	22	264	7.69	286
72	10	239	4.02	249
73	16	223	6.69	239
74	14	189	6.90	203
75	8	172	4.44	180
76	12	172	6.52	184
77	14	214	6.14	228
78	10	202	4.72	212
79	5	205	2.38	210
80	10	175	5.41	185
81	10	160	5.88	170
82	12	226	5.04	238
83	2	147	1.34	149
84	5	152	3.18	157
85	6	180	3.23	186
86	8	153	4.97	161
87	11	154	6.67	165
88	4	121	3.20	125
89	11	135	7.53	146
90	5	112	4.27	117
91	9	132	6.38	141
92	6	143	4.03	149
93	5	146	3.31	151
94	5	112	4.27	117
95	6	111	5.13	117
96	9	88	9.28	97
97	6	126	4.55	132
98	7	91	7.14	98
99	2	57	3.39	59
100	0	9	0.00	9
101	1	5	16.67	6
102	1	6	14.29	7
103	0	9	0.00	9
104	0	4	0.00	4
105	0	3	0.00	3
106	0	4	0.00	4
107	2	1	66.67	3
108	0	5	0.00	5
109	0	5	0.00	5
110	0	5	0.00	5
111	0	4	0.00	4
112	0	6	0.00	6
113	0	1	0.00	1
114	1	3	25.00	4
115	0	6	0.00	6
116	0	1	0.00	1
117	0	5	0.00	5
118	0	1	0.00	1
119	0	0		0
120	0	7	0.00	7
121	0	1	0.00	1
122	0	0		0
123	0	6	0.00	6
124	0	2	0.00	2
125	0	1	0.00	1
126	0	1	0.00	1
127	0	0		0
128	0	1	0.00	1
129	0	2	0.00	2
130	0	3	0.00	3
131	0	1	0.00	1
132	0	1	0.00	1
133	0	1	0.00	1
134	0	1	0.00	1
135	0	3	0.00	3
136	0	0		0
137	0	1	0.00	1
138	0	1	0.00	1
139	0	0		0
140	0	0		0
141	0	0		0
142	0	2	0.00	2
143	0	1	0.00	1
144	0	1	0.00	1
145	0	0		0
146	0	0		0
147	0	0		0
148	0	1	0.00	1
149	1	0	100.00	1

CHG context (R1)
================
position	count methylated	count unmethylated	% methylation	coverage
1	0	13	0.00	13
2	0	18	0.00	18
3	0	16	0.00	16
4	0	142	0.00	142
5	1	193	0.52	194
6	3	235	1.26	238
7	1	267	0.37	268
8	0	236	0.00	236
9	2	224	0.88	226
10	1	206	0.48	207
11	2	216	0.92	218
12	1	207	0.48	208
13	0	190	0.00	190
14	0	209	0.00	209
15	2	259	0.77	261
16	0	200	0.00	200
17	0	254	0.00	254
18	1	233	0.43	234
19	2	226	0.88	228
20	3	169	1.74	172
21	0	210	0.00	210
22	2	234	0.85	236
23	0	211	0.00	211
24	1	178	0.56	179
25	0	205	0.00	205
26	1	212	0.47	213
27	0	235	0.00	235
28	1	248	0.40	249
29	2	191	1.04	193
30	0	185	0.00	185
31	0	229	0.00	229
32	1	203	0.49	204
33	0	233	0.00	233
34	1	234	0.43	235
35	1	216	0.46	217
36	1	227	0.44	228
37	1	200	0.50	201
38	0	211	0.00	211
39	1	219	0.45	220
40	0	219	0.00	219
41	3	263	1.13	266
42	1	207	0.48	208
43	0	221	0.00	221
44	2	262	0.76	264
45	1	193	0.52	194
46	2	217	0.91	219
47	3	199	1.49	202
48	0	224	0.00	224
49	1	221	0.45	222
50	1	195	0.51	196
51	0	231	0.00	231
52	1	224	0.44	225
53	0	221	0.00	221
54	3	207	1.43	210
55	0	165	0.00	165
56	0	212	0.00	212
57	0	207	0.00	207
58	0	209	0.00	209
59	0	196	0.00	196
60	0	160	0.00	160
61	2	180	1.10	182
62	0	164	0.00	164
63	0	190	0.00	190
64	0	230	0.00	230
65	0	203	0.00	203
66	1	199	0.50	200
67	0	175	0.00	175
68	0	196	0.00	196
69	0	217	0.00	217
70	1	177	0.56	178
71	0	149	0.00	149
72	0	145	0.00	145
73	0	181	0.00	181
74	0	152	0.00	152
75	2	128	1.54	130
76	0	174	0.00	174
77	0	181	0.00	181
78	0	156	0.00	156
79	1	158	0.63	159
80	1	122	0.81	123
81	0	179	0.00	179
82	1	115	0.86	116
83	1	133	0.75	134
84	0	123	0.00	123
85	0	127	0.00	127
86	0	150	0.00	150
87	0	118	0.00	118
88	1	131	0.76	132
89	0	110	0.00	110
90	1	124	0.80	125
91	0	144	0.00	144
92	1	104	0.95	105
93	0	85	0.00	85
94	0	99	0.00	99
95	0	87	0.00	87
96	0	113	0.00	113
97	0	112	0.00	112
98	0	83	0.00	83
99	0	41	0.00	41
100	0	5	0.00	5
101	0	5	0.00	5
102	0	4	0.00	4
103	0	3	0.00	3
104	0	2	0.00	2
105	0	3	0.00	3
106	1	7	12.50	8
107	0	3	0.00	3
108	0	2	0.00	2
109	0	3	0.00	3
110	0	2	0.00	2
111	0	3	0.00	3
112	0	2	0.00	2
113	0	1	0.00	1
114	0	1	0.00	1
115	0	7	0.00	7
116	0	3	0.00	3
117	0	2	0.00	2
118	0	2	0.00	2
119	0	3	0.00	3
120	0	5	0.00	5
121	0	0		0
122	0	1	0.00	1
123	0	0		0
124	0	3	0.00	3
125	0	0		0
126	0	2	0.00	2
127	0	1	0.00	1
128	0	0		0
129	0	4	0.00	4
130	0	0		0
131	0	1	0.00	1
132	0	6	0.00	6
133	0	1	0.00	1
134	0	2	0.00	2
135	0	0		0
136	0	1	0.00	1
137	0	1	0.00	1
138	0	0		0
139	0	1	0.00	1
140	0	0		0
141	0	0		0
142	0	1	0.00	1
143	0	0		0
144	0	0		0
145	0	0		0
146	0	0		0
147	0	1	0.00	1
148	0	2	0.00	2
149	0	1	0.00	1

CHH context (R1)
================
position	count methylated	count unmethylated	% methylation	coverage
1	2	35	5.41	37
2	0	27	0.00	27
3	0	16	0.00	16
4	1	338	0.29	339
5	1	408	0.24	409
6	1	408	0.24	409
7	1	386	0.26	387
8	4	357	1.11	361
9	0	302	0.00	302
10	0	322	0.00	322
11	0	326	0.00	326
12	3	340	0.87	343
13	4	379	1.04	383
14	0	355	0.00	355
15	1	353	0.28	354
16	1	348	0.29	349
17	0	318	0.00	318
18	0	330	0.00	330
19	3	329	0.90	332
20	3	354	0.84	357
21	1	370	0.27	371
22	1	365	0.27	366
23	1	371	0.27	372
24	1	361	0.28	362
25	2	381	0.52	383
26	0	392	0.00	392
27	1	410	0.24	411
28	1	356	0.28	357
29	1	350	0.28	351
30	0	378	0.00	378
31	0	357	0.00	357
32	1	359	0.28	360
33	2	328	0.61	330
34	0	296	0.00	296
35	0	295	0.00	295
36	1	381	0.26	382
37	1	361	0.28	362
38	1	380	0.26	381
39	1	333	0.30	334
40	1	318	0.31	319
41	1	338	0.29	339
42	1	354	0.28	355
43	1	328	0.30	329
44	4	333	1.19	337
45	1	261	0.38	262
46	2	342	0.58	344
47	1	336	0.30	337
48	0	313	0.00	313
49	0	364	0.00	364
50	0	378	0.00	378
51	0	420	0.00	420
52	2	388	0.51	390
53	3	335	0.89	338
54	0	293	0.00	293
55	1	304	0.33	305
56	0	283	0.00	283
57	0	310	0.00	310
58	1	315	0.32	316
59	0	288	0.00	288
60	1	317	0.31	318
61	3	324	0.92	327
62	1	365	0.27	366
63	0	363	0.00	363
64	1	350	0.28	351
65	1	294	0.34	295
66	0	252	0.00	252
67	1	343	0.29	344
68	1	330	0.30	331
69	0	297	0.00	297
70	0	270	0.00	270
71	1	292	0.34	293
72	0	294	0.00	294
73	0	301	0.00	301
74	1	246	0.40	247
75	0	295	0.00	295
76	1	317	0.31	318
77	0	286	0.00	286
78	0	256	0.00	256
79	0	270	0.00	270
80	2	300	0.66	302
81	0	267	0.00	267
82	1	279	0.36	280
83	0	232	0.00	232
84	0	251	0.00	251
85	1	250	0.40	251
86	0	248	0.00	248
87	0	215	0.00	215
88	1	263	0.38	264
89	0	217	0.00	217
90	2	208	0.95	210
91	1	192	0.52	193
92	3	181	1.63	184
93	1	164	0.61	165
94	0	162	0.00	162
95	0	208	0.00	208
96	1	156	0.64	157
97	0	145	0.00	145
98	1	165	0.60	166
99	0	48	0.00	48
100	0	7	0.00	7
101	0	11	0.00	11
102	0	7	0.00	7
103	0	5	0.00	5
104	0	6	0.00	6
105	0	4	0.00	4
106	0	4	0.00	4
107	0	4	0.00	4
108	0	3	0.00	3
109	0	4	0.00	4
110	0	3	0.00	3
111	0	4	0.00	4
112	0	3	0.00	3
113	0	5	0.00	5
114	0	6	0.00	6
115	0	3	0.00	3
116	0	2	0.00	2
117	0	5	0.00	5
118	0	6	0.00	6
119	0	4	0.00	4
120	0	1	0.00	1
121	0	1	0.00	1
122	0	1	0.00	1
123	0	6	0.00	6
124	0	1	0.00	1
125	0	4	0.00	4
126	0	5	0.00	5
127	0	4	0.00	4
128	0	4	0.00	4
129	0	2	0.00	2
130	0	1	0.00	1
131	0	2	0.00	2
132	0	5	0.00	5
133	0	1	0.00	1
134	0	2	0.00	2
135	0	2	0.00	2
136	0	1	0.00	1
137	0	0		0
138	0	2	0.00	2
139	0	0		0
140	0	2	0.00	2
141	0	0		0
142	0	0		0
143	0	0		0
144	0	1	0.00	1
145	0	0		0
146	0	2	0.00	2
147	0	1	0.00	1
148	0	0		0
149	0	0		0

CpG context (R2)
================
position	count methylated	count unmethylated	% methylation	coverage
1	0	23	0.00	23
2	0	21	0.00	21
3	4	88	4.35	92
4	7	71	8.97	78
5	3	106	2.75	109
6	5	85	5.56	90
7	8	121	6.20	129
8	2	91	2.15	93
9	3	52	5.45	55
10	4	89	4.30	93
11	4	72	5.26	76
12	3	64	4.48	67
13	5	73	6.41	78
14	1	34	2.86	35
15	8	61	11.59	69
16	1	49	2.00	50
17	1	44	2.22	45
18	3	48	5.88	51
19	2	29	6.45	31
20	0	42	0.00	42
21	5	36	12.20	41
22	2	41	4.65	43
23	0	33	0.00	33
24	5	62	7.46	67
25	0	27	0.00	27
26	0	28	0.00	28
27	2	29	6.45	31
28	3	30	9.09	33
29	3	45	6.25	48
30	1	21	4.55	22
31	1	40	2.44	41
32	0	28	0.00	28
33	2	14	12.50	16
34	0	22	0.00	22
35	0	16	0.00	16
36	2	9	18.18	11
37	0	29	0.00	29
38	0	19	0.00	19
39	0	9	0.00	9
40	0	7	0.00	7
41	0	8	0.00	8
42	0	13	0.00	13
43	1	10	9.09	11
44	1	17	5.56	18
45	0	6	0.00	6
46	0	14	0.00	14
47	0	11	0.00	11
48	1	5	16.67	6
49	1	7	12.50	8
50	0	3	0.00	3
51	0	5	0.00	5
52	0	10	0.00	10
53	0	2	0.00	2
54	0	7	0.00	7
55	0	3	0.00	3
56	0	1	0.00	1
57	0	2	0.00	2
58	2	6	25.00	8
59	0	2	0.00	2
60	0	2	0.00	2
61	0	1	0.00	1
62	0	1	0.00	1
63	0	1	0.00	1
64	0	2	0.00	2
65	0	0		0
66	0	0		0
67	0	3	0.00	3
68	0	0		0
69	0	3	0.00	3
70	0	0		0
71	0	1	0.00	1
72	0	2	0.00	2
73	0	0		0
74	0	0		0
75	0	1	0.00	1
76	0	0		0
77	0	2	0.00	2
78	0	0		0
79	0	1	0.00	1
80	0	0		0
81	0	0		0
82	0	0		0
83	0	0		0
84	0	0		0
85	0	0		0
86	1	0	100.00	1
87	0	0		0
88	0	0		0
89	0	0		0
90	0	0		0
91	0	0		0
92	0	0		0
93	0	0		0
94	0	1	0.00	1
95	0	0		0
96	0	0		0
97	0	1	0.00	1

CHG context (R2)
================
position	count methylated	count unmethylated	% methylation	coverage
1	13	2108	0.61	2121
2	0	24	0.00	24
3	0	8	0.00	8
4	2	47	4.08	49
5	0	64	0.00	64
6	0	69	0.00	69
7	0	70	0.00	70
8	0	93	0.00	93
9	1	83	1.19	84
10	1	55	1.79	56
11	0	80	0.00	80
12	0	24	0.00	24
13	0	53	0.00	53
14	1	54	1.82	55
15	0	49	0.00	49
16	0	54	0.00	54
17	0	60	0.00	60
18	1	48	2.04	49
19	0	46	0.00	46
20	0	44	0.00	44
21	0	34	0.00	34
22	0	55	0.00	55
23	0	26	0.00	26
24	0	18	0.00	18
25	0	41	0.00	41
26	0	18	0.00	18
27	0	13	0.00	13
28	0	14	0.00	14
29	0	26	0.00	26
30	0	27	0.00	27
31	0	35	0.00	35
32	0	15	0.00	15
33	1	28	3.45	29
34	0	31	0.00	31
35	0	22	0.00	22
36	0	20	0.00	20
37	0	9	0.00	9
38	0	12	0.00	12
39	0	14	0.00	14
40	0	19	0.00	19
41	0	19	0.00	19
42	0	2	0.00	2
43	0	8	0.00	8
44	0	3	0.00	3
45	0	6	0.00	6
46	0	0		0
47	0	9	0.00	9
48	0	10	0.00	10
49	0	8	0.00	8
50	1	6	14.29	7
51	0	4	0.00	4
52	0	6	0.00	6
53	0	3	0.00	3
54	0	0		0
55	0	9	0.00	9
56	0	3	0.00	3
57	0	0		0
58	0	2	0.00	2
59	0	1	0.00	1
60	0	4	0.00	4
61	0	0		0
62	0	1	0.00	1
63	0	2	0.00	2
64	0	1	0.00	1
65	0	0		0
66	0	0		0
67	0	1	0.00	1
68	0	1	0.00	1
69	0	0		0
70	1	2	33.33	3
71	0	0		0
72	0	1	0.00	1
73	0	2	0.00	2
74	0	0		0
75	0	1	0.00	1
76	0	0		0
77	0	0		0
78	0	1	0.00	1
79	0	0		0
80	0	1	0.00	1
81	0	0		0
82	0	0		0
83	0	1	0.00	1
84	0	0		0
85	0	0		0
86	0	0		0
87	1	0	100.00	1
88	0	0		0
89	0	0		0
90	0	0		0
91	0	0		0
92	0	0		0
93	0	0		0
94	0	0		0
95	0	0		0
96	0	0		0
97	0	0		0

CHH context (R2)
================
position	count methylated	count unmethylated	% methylation	coverage
1	0	12	0.00	12
2	2	1009	0.20	1011
3	0	267	0.00	267
4	0	208	0.00	208
5	1	145	0.68	146
6	0	97	0.00	97
7	0	97	0.00	97
8	0	136	0.00	136
9	0	104	0.00	104
10	1	131	0.76	132
11	1	90	1.10	91
12	0	106	0.00	106
13	1	70	1.41	71
14	0	96	0.00	96
15	0	77	0.00	77
16	0	61	0.00	61
17	0	59	0.00	59
18	0	78	0.00	78
19	0	84	0.00	84
20	0	61	0.00	61
21	0	31	0.00	31
22	0	39	0.00	39
23	0	44	0.00	44
24	1	55	1.79	56
25	0	57	0.00	57
26	0	47	0.00	47
27	0	30	0.00	30
28	0	28	0.00	28
29	0	33	0.00	33
30	0	21	0.00	21
31	0	28	0.00	28
32	0	31	0.00	31
33	0	13	0.00	13
34	0	20	0.00	20
35	0	30	0.00	30
36	0	17	0.00	17
37	0	21	0.00	21
38	0	11	0.00	11
39	0	12	0.00	12
40	0	24	0.00	24
41	0	18	0.00	18
42	1	16	5.88	17
43	0	17	0.00	17
44	0	22	0.00	22
45	1	14	6.67	15
46	1	12	7.69	13
47	0	5	0.00	5
48	0	5	0.00	5
49	0	12	0.00	12
50	0	5	0.00	5
51	0	9	0.00	9
52	0	8	0.00	8
53	0	7	0.00	7
54	0	9	0.00	9
55	0	7	0.00	7
56	0	6	0.00	6
57	0	6	0.00	6
58	0	4	0.00	4
59	0	3	0.00	3
60	0	1	0.00	1
61	0	4	0.00	4
62	0	1	0.00	1
63	0	1	0.00	1
64	0	1	0.00	1
65	0	1	0.00	1
66	0	0		0
67	0	0		0
68	0	1	0.00	1
69	0	1	0.00	1
70	0	0		0
71	0	0		0
72	0	0		0
73	0	0		0
74	0	0		0
75	0	1	0.00	1
76	0	0		0
77	0	1	0.00	1
78	0	1	0.00	1
79	0	1	0.00	1
80	0	0		0
81	0	0		0
82	0	0		0
83	0	0		0
84	0	1	0.00	1
85	0	0		0
86	0	0		0
87	0	0		0
88	0	0		0
89	0	1	0.00	1
90	0	0		0
91	0	0		0
92	0	0		0
93	0	0		0
94	0	0		0
95	0	0		0
96	0	0		0
97	0	0		0

