CpG context (R1)
================
position	count methylated	count unmethylated	% methylation	coverage
1	223	2156	9.37	2379
2	0	14	0.00	14
3	3	15	16.67	18
4	11	192	5.42	203
5	10	211	4.52	221
6	7	266	2.56	273
7	12	226	5.04	238
8	13	312	4.00	325
9	14	242	5.47	256
10	13	231	5.33	244
11	12	243	4.71	255
12	14	279	4.78	293
13	18	252	6.67	270
14	13	276	4.50	289
15	12	252	4.55	264
16	21	312	6.31	333
17	6	213	2.74	219
18	7	261	2.61	268
19	18	299	5.68	317
20	10	242	3.97	252
21	12	228	5.00	240
22	13	288	4.32	301
23	7	285	2.40	292
24	12	217	5.24	229
25	12	308	3.75	320
26	10	273	3.53	283
27	10	275	3.51	285
28	19	267	6.64	286
29	8	254	3.05	262
30	12	262	4.38	274
31	16	293	5.18	309
32	12	286	4.03	298
33	16	221	6.75	237
34	20	279	6.69	299
35	20	268	6.94	288
36	12	214	5.31	226
37	17	285	5.63	302
38	12	239	4.78	251
39	14	254	5.22	268
40	16	243	6.18	259
41	10	252	3.82	262
42	13	299	4.17	312
43	5	236	2.07	241
44	17	240	6.61	257
45	13	269	4.61	282
46	22	240	8.40	262
47	17	257	6.20	274
48	20	255	7.27	275
49	17	268	5.96	285
50	8	233	3.32	241
51	8	259	3.00	267
52	11	248	4.25	259
53	17	240	6.61	257
54	7	253	2.69	260
55	20	279	6.69	299
56	10	240	4.00	250
57	15	227	6.20	242
58	14	258	5.15	272
59	8	251	3.09	259
60	17	238	6.67	255
61	12	243	4.71	255
62	13	230	5.35	243
63	11	205	5.09	216
64	14	239	5.53	253
65	9	262	3.32	271
66	7	232	2.93	239
67	16	243	6.18	259
68	3	179	1.65	182
69	8	194	3.96	202
70	12	222	5.13	234
71	8	266	2.92	274
72	10	211	4.52	221
73	15	214	6.55	229
74	11	191	5.45	202
75	12	172	6.52	184
76	8	197	3.90	205
77	5	223	2.19	228
78	13	204	5.99	217
79	8	227	3.40	235
80	11	197	5.29	208
81	5	156	3.11	161
82	7	197	3.43	204
83	5	131	3.68	136
84	5	142	3.40	147
85	8	203	3.79	211
86	7	141	4.73	148
87	5	152	3.18	157
88	6	116	4.92	122
89	8	141	5.37	149
90	2	143	1.38	145
91	7	143	4.67	150
92	7	138	4.83	145
93	5	125	3.85	130
94	5	119	4.03	124
95	5	105	4.55	110
96	6	106	5.36	112
97	8	135	5.59	143
98	5	106	4.50	111
99	5	45	10.00	50
100	0	9	0.00	9
101	0	4	0.00	4
102	1	4	20.00	5
103	0	11	0.00	11
104	0	3	0.00	3
105	0	3	0.00	3
106	0	7	0.00	7
107	1	3	25.00	4
108	0	5	0.00	5
109	1	8	11.11	9
110	0	1	0.00	1
111	0	7	0.00	7
112	0	8	0.00	8
113	0	2	0.00	2
114	0	5	0.00	5
115	0	7	0.00	7
116	1	1	50.00	2
117	0	1	0.00	1
118	0	0		0
119	0	4	0.00	4
120	0	2	0.00	2
121	1	3	25.00	4
122	0	3	0.00	3
123	1	2	33.33	3
124	0	1	0.00	1
125	0	3	0.00	3
126	0	1	0.00	1
127	0	1	0.00	1
128	2	0	100.00	2
129	0	5	0.00	5
130	0	1	0.00	1
131	0	1	0.00	1
132	0	1	0.00	1
133	0	1	0.00	1
134	1	2	33.33	3
135	0	0		0
136	0	0		0
137	1	2	33.33	3
138	0	1	0.00	1
139	0	2	0.00	2
140	0	0		0
141	0	3	0.00	3
142	0	1	0.00	1
143	0	1	0.00	1
144	0	1	0.00	1
145	0	0		0
146	0	1	0.00	1
147	0	0		0
148	0	0		0
149	0	0		0

CHG context (R1)
================
position	count methylated	count unmethylated	% methylation	coverage
1	1	6	14.29	7
2	0	23	0.00	23
3	0	18	0.00	18
4	0	143	0.00	143
5	0	221	0.00	221
6	1	242	0.41	243
7	2	239	0.83	241
8	1	205	0.49	206
9	2	243	0.82	245
10	0	208	0.00	208
11	0	239	0.00	239
12	1	207	0.48	208
13	1	215	0.46	216
14	0	190	0.00	190
15	1	231	0.43	232
16	1	219	0.45	220
17	2	234	0.85	236
18	0	244	0.00	244
19	3	207	1.43	210
20	0	181	0.00	181
21	0	209	0.00	209
22	2	250	0.79	252
23	0	199	0.00	199
24	1	197	0.51	198
25	1	239	0.42	240
26	1	222	0.45	223
27	0	245	0.00	245
28	0	240	0.00	240
29	0	186	0.00	186
30	2	199	1.00	201
31	0	241	0.00	241
32	2	179	1.10	181
33	1	262	0.38	263
34	2	225	0.88	227
35	0	223	0.00	223
36	0	231	0.00	231
37	0	210	0.00	210
38	0	194	0.00	194
39	0	223	0.00	223
40	1	215	0.46	216
41	0	253	0.00	253
42	2	232	0.85	234
43	0	205	0.00	205
44	1	261	0.38	262
45	1	197	0.51	198
46	0	230	0.00	230
47	0	203	0.00	203
48	2	204	0.97	206
49	2	227	0.87	229
50	1	222	0.45	223
51	0	213	0.00	213
52	0	224	0.00	224
53	1	198	0.50	199
54	1	184	0.54	185
55	0	173	0.00	173
56	0	232	0.00	232
57	1	209	0.48	210
58	1	215	0.46	216
59	2	177	1.12	179
60	1	147	0.68	148
61	1	210	0.47	211
62	0	154	0.00	154
63	0	187	0.00	187
64	1	204	0.49	205
65	0	176	0.00	176
66	2	191	1.04	193
67	1	179	0.56	180
68	0	195	0.00	195
69	0	174	0.00	174
70	1	193	0.52	194
71	0	151	0.00	151
72	0	166	0.00	166
73	1	140	0.71	141
74	0	146	0.00	146
75	1	158	0.63	159
76	2	169	1.17	171
77	1	162	0.61	163
78	0	136	0.00	136
79	2	159	1.24	161
80	1	150	0.66	151
81	1	152	0.65	153
82	0	128	0.00	128
83	0	123	0.00	123
84	0	126	0.00	126
85	0	120	0.00	120
86	0	153	0.00	153
87	1	108	0.92	109
88	1	125	0.79	126
89	0	129	0.00	129
90	1	99	1.00	100
91	1	141	0.70	142
92	0	101	0.00	101
93	0	81	0.00	81
94	3	98	2.97	101
95	0	103	0.00	103
96	0	117	0.00	117
97	1	117	0.85	118
98	0	92	0.00	92
99	0	45	0.00	45
100	0	3	0.00	3
101	0	8	0.00	8
102	0	5	0.00	5
103	0	5	0.00	5
104	0	6	0.00	6
105	0	6	0.00	6
106	0	4	0.00	4
107	0	2	0.00	2
108	0	4	0.00	4
109	0	0		0
110	0	2	0.00	2
111	0	1	0.00	1
112	0	3	0.00	3
113	0	4	0.00	4
114	0	1	0.00	1
115	0	1	0.00	1
116	0	2	0.00	2
117	0	0		0
118	0	1	0.00	1
119	0	1	0.00	1
120	0	5	0.00	5
121	0	1	0.00	1
122	0	1	0.00	1
123	0	0		0
124	0	0		0
125	0	1	0.00	1
126	0	4	0.00	4
127	0	2	0.00	2
128	0	2	0.00	2
129	0	1	0.00	1
130	0	3	0.00	3
131	0	1	0.00	1
132	0	1	0.00	1
133	0	1	0.00	1
134	0	2	0.00	2
135	0	1	0.00	1
136	0	1	0.00	1
137	0	0		0
138	0	0		0
139	0	0		0
140	0	1	0.00	1
141	0	2	0.00	2
142	0	1	0.00	1
143	0	0		0
144	0	0		0
145	0	1	0.00	1
146	0	0		0
147	0	1	0.00	1
148	0	0		0
149	0	1	0.00	1

CHH context (R1)
================
position	count methylated	count unmethylated	% methylation	coverage
1	0	41	0.00	41
2	0	29	0.00	29
3	0	28	0.00	28
4	1	339	0.29	340
5	1	397	0.25	398
6	1	414	0.24	415
7	1	412	0.24	413
8	2	359	0.55	361
9	2	314	0.63	316
10	1	330	0.30	331
11	1	320	0.31	321
12	1	368	0.27	369
13	2	352	0.56	354
14	2	375	0.53	377
15	0	341	0.00	341
16	1	325	0.31	326
17	1	305	0.33	306
18	1	318	0.31	319
19	0	335	0.00	335
20	0	341	0.00	341
21	0	344	0.00	344
22	1	341	0.29	342
23	1	349	0.29	350
24	4	390	1.02	394
25	0	402	0.00	402
26	0	352	0.00	352
27	2	383	0.52	385
28	3	374	0.80	377
29	2	343	0.58	345
30	0	371	0.00	371
31	0	346	0.00	346
32	0	352	0.00	352
33	0	289	0.00	289
34	1	324	0.31	325
35	2	294	0.68	296
36	1	383	0.26	384
37	1	335	0.30	336
38	0	318	0.00	318
39	0	326	0.00	326
40	0	326	0.00	326
41	4	337	1.17	341
42	1	345	0.29	346
43	0	344	0.00	344
44	1	322	0.31	323
45	0	285	0.00	285
46	3	325	0.91	328
47	0	329	0.00	329
48	2	320	0.62	322
49	0	368	0.00	368
50	1	384	0.26	385
51	1	395	0.25	396
52	0	337	0.00	337
53	0	329	0.00	329
54	1	295	0.34	296
55	1	341	0.29	342
56	1	298	0.33	299
57	0	282	0.00	282
58	0	288	0.00	288
59	2	297	0.67	299
60	2	330	0.60	332
61	1	339	0.29	340
62	1	347	0.29	348
63	0	312	0.00	312
64	3	307	0.97	310
65	0	295	0.00	295
66	0	272	0.00	272
67	1	330	0.30	331
68	1	341	0.29	342
69	0	328	0.00	328
70	3	268	1.11	271
71	0	281	0.00	281
72	1	265	0.38	266
73	0	287	0.00	287
74	2	270	0.74	272
75	0	271	0.00	271
76	1	292	0.34	293
77	0	250	0.00	250
78	0	264	0.00	264
79	0	257	0.00	257
80	2	250	0.79	252
81	0	235	0.00	235
82	0	269	0.00	269
83	1	223	0.45	224
84	2	240	0.83	242
85	0	268	0.00	268
86	1	234	0.43	235
87	2	198	1.00	200
88	0	243	0.00	243
89	0	185	0.00	185
90	0	183	0.00	183
91	3	192	1.54	195
92	0	204	0.00	204
93	1	168	0.59	169
94	0	159	0.00	159
95	2	204	0.97	206
96	0	145	0.00	145
97	0	140	0.00	140
98	1	156	0.64	157
99	0	61	0.00	61
100	0	11	0.00	11
101	0	8	0.00	8
102	0	9	0.00	9
103	0	7	0.00	7
104	0	5	0.00	5
105	0	0		0
106	0	4	0.00	4
107	0	8	0.00	8
108	0	2	0.00	2
109	0	5	0.00	5
110	0	3	0.00	3
111	0	4	0.00	4
112	0	2	0.00	2
113	0	5	0.00	5
114	0	6	0.00	6
115	0	4	0.00	4
116	0	5	0.00	5
117	0	7	0.00	7
118	0	6	0.00	6
119	0	7	0.00	7
120	0	4	0.00	4
121	0	1	0.00	1
122	0	2	0.00	2
123	0	3	0.00	3
124	0	1	0.00	1
125	0	2	0.00	2
126	0	2	0.00	2
127	0	2	0.00	2
128	0	3	0.00	3
129	0	2	0.00	2
130	0	3	0.00	3
131	0	1	0.00	1
132	0	2	0.00	2
133	0	3	0.00	3
134	0	2	0.00	2
135	0	3	0.00	3
136	0	2	0.00	2
137	0	2	0.00	2
138	0	0		0
139	0	4	0.00	4
140	0	1	0.00	1
141	0	0		0
142	0	0		0
143	0	0		0
144	0	0		0
145	0	3	0.00	3
146	0	1	0.00	1
147	0	2	0.00	2
148	0	3	0.00	3
149	0	2	0.00	2

CpG context (R2)
================
position	count methylated	count unmethylated	% methylation	coverage
1	2	22	8.33	24
2	0	13	0.00	13
3	5	79	5.95	84
4	2	90	2.17	92
5	7	117	5.65	124
6	6	68	8.11	74
7	3	125	2.34	128
8	3	90	3.23	93
9	7	90	7.22	97
10	3	84	3.45	87
11	3	77	3.75	80
12	2	68	2.86	70
13	5	87	5.43	92
14	2	46	4.17	48
15	4	60	6.25	64
16	1	52	1.89	53
17	1	38	2.56	39
18	4	58	6.45	62
19	1	33	2.94	34
20	2	47	4.08	49
21	3	37	7.50	40
22	0	39	0.00	39
23	5	37	11.90	42
24	5	57	8.06	62
25	0	31	0.00	31
26	1	34	2.86	35
27	0	33	0.00	33
28	1	23	4.17	24
29	2	49	3.92	51
30	1	22	4.35	23
31	2	31	6.06	33
32	0	32	0.00	32
33	0	19	0.00	19
34	2	15	11.76	17
35	0	11	0.00	11
36	1	18	5.26	19
37	2	24	7.69	26
38	1	27	3.57	28
39	0	6	0.00	6
40	1	6	14.29	7
41	0	10	0.00	10
42	1	12	7.69	13
43	2	12	14.29	14
44	0	15	0.00	15
45	1	4	20.00	5
46	1	17	5.56	18
47	0	4	0.00	4
48	0	9	0.00	9
49	0	8	0.00	8
50	1	6	14.29	7
51	0	4	0.00	4
52	0	9	0.00	9
53	1	4	20.00	5
54	0	7	0.00	7
55	2	3	40.00	5
56	0	3	0.00	3
57	0	2	0.00	2
58	0	6	0.00	6
59	0	4	0.00	4
60	1	3	25.00	4
61	0	3	0.00	3
62	0	2	0.00	2
63	0	1	0.00	1
64	0	2	0.00	2
65	0	0		0
66	0	2	0.00	2
67	0	2	0.00	2
68	0	0		0
69	0	2	0.00	2
70	0	0		0
71	0	1	0.00	1
72	0	1	0.00	1
73	0	1	0.00	1
74	0	0		0
75	0	2	0.00	2
76	0	2	0.00	2
77	0	1	0.00	1
78	0	1	0.00	1
79	1	1	50.00	2
80	0	0		0
81	0	1	0.00	1
82	0	0		0
83	0	0		0
84	0	0		0
85	0	1	0.00	1
86	0	1	0.00	1
87	0	1	0.00	1
88	1	0	100.00	1
89	0	0		0
90	0	0		0
91	0	1	0.00	1
92	0	0		0
93	0	1	0.00	1
94	0	1	0.00	1
95	0	1	0.00	1

CHG context (R2)
================
position	count methylated	count unmethylated	% methylation	coverage
1	13	2170	0.60	2183
2	0	22	0.00	22
3	0	4	0.00	4
4	0	39	0.00	39
5	0	64	0.00	64
6	0	76	0.00	76
7	0	78	0.00	78
8	1	97	1.02	98
9	0	70	0.00	70
10	0	53	0.00	53
11	0	67	0.00	67
12	0	35	0.00	35
13	0	39	0.00	39
14	0	59	0.00	59
15	0	38	0.00	38
16	0	53	0.00	53
17	2	51	3.77	53
18	0	47	0.00	47
19	0	56	0.00	56
20	0	49	0.00	49
21	0	36	0.00	36
22	0	37	0.00	37
23	0	28	0.00	28
24	0	14	0.00	14
25	0	42	0.00	42
26	0	19	0.00	19
27	0	13	0.00	13
28	0	15	0.00	15
29	1	21	4.55	22
30	0	25	0.00	25
31	0	24	0.00	24
32	0	19	0.00	19
33	1	19	5.00	20
34	0	21	0.00	21
35	0	26	0.00	26
36	0	22	0.00	22
37	0	12	0.00	12
38	0	9	0.00	9
39	0	19	0.00	19
40	0	18	0.00	18
41	0	18	0.00	18
42	0	12	0.00	12
43	0	8	0.00	8
44	0	3	0.00	3
45	0	7	0.00	7
46	0	3	0.00	3
47	0	10	0.00	10
48	0	7	0.00	7
49	0	7	0.00	7
50	0	10	0.00	10
51	0	5	0.00	5
52	0	8	0.00	8
53	0	4	0.00	4
54	0	0		0
55	0	8	0.00	8
56	0	6	0.00	6
57	0	0		0
58	0	2	0.00	2
59	0	2	0.00	2
60	0	6	0.00	6
61	0	1	0.00	1
62	0	0		0
63	0	3	0.00	3
64	0	3	0.00	3
65	0	1	0.00	1
66	0	0		0
67	0	0		0
68	0	0		0
69	0	0		0
70	0	5	0.00	5
71	0	0		0
72	0	1	0.00	1
73	0	4	0.00	4
74	0	1	0.00	1
75	0	1	0.00	1
76	0	1	0.00	1
77	0	0		0
78	0	1	0.00	1
79	0	0		0
80	0	0		0
81	0	0		0
82	0	1	0.00	1
83	0	0		0
84	0	0		0
85	0	0		0
86	0	0		0
87	0	1	0.00	1
88	0	1	0.00	1
89	0	0		0
90	0	0		0
91	0	0		0
92	0	1	0.00	1
93	0	0		0
94	0	0		0
95	0	0		0

CHH context (R2)
================
position	count methylated	count unmethylated	% methylation	coverage
1	0	13	0.00	13
2	2	979	0.20	981
3	2	247	0.80	249
4	0	165	0.00	165
5	0	133	0.00	133
6	0	103	0.00	103
7	0	117	0.00	117
8	0	120	0.00	120
9	0	111	0.00	111
10	1	128	0.78	129
11	0	82	0.00	82
12	0	100	0.00	100
13	0	76	0.00	76
14	0	92	0.00	92
15	0	87	0.00	87
16	0	72	0.00	72
17	0	61	0.00	61
18	0	71	0.00	71
19	3	68	4.23	71
20	0	51	0.00	51
21	0	49	0.00	49
22	0	46	0.00	46
23	0	48	0.00	48
24	0	36	0.00	36
25	0	46	0.00	46
26	0	35	0.00	35
27	0	28	0.00	28
28	0	26	0.00	26
29	0	36	0.00	36
30	0	28	0.00	28
31	0	31	0.00	31
32	1	30	3.23	31
33	0	30	0.00	30
34	0	27	0.00	27
35	0	27	0.00	27
36	0	21	0.00	21
37	0	18	0.00	18
38	0	24	0.00	24
39	0	9	0.00	9
40	1	22	4.35	23
41	0	13	0.00	13
42	0	15	0.00	15
43	0	23	0.00	23
44	0	27	0.00	27
45	0	15	0.00	15
46	0	18	0.00	18
47	0	14	0.00	14
48	0	9	0.00	9
49	0	10	0.00	10
50	0	8	0.00	8
51	0	15	0.00	15
52	0	15	0.00	15
53	0	19	0.00	19
54	0	10	0.00	10
55	0	11	0.00	11
56	0	10	0.00	10
57	0	6	0.00	6
58	0	3	0.00	3
59	0	3	0.00	3
60	0	1	0.00	1
61	0	3	0.00	3
62	0	2	0.00	2
63	0	0		0
64	0	2	0.00	2
65	0	4	0.00	4
66	0	0		0
67	0	1	0.00	1
68	0	3	0.00	3
69	0	2	0.00	2
70	0	2	0.00	2
71	0	1	0.00	1
72	0	2	0.00	2
73	0	0		0
74	0	3	0.00	3
75	0	1	0.00	1
76	0	0		0
77	0	1	0.00	1
78	0	0		0
79	0	2	0.00	2
80	0	0		0
81	0	0		0
82	0	0		0
83	0	1	0.00	1
84	0	2	0.00	2
85	0	1	0.00	1
86	0	0		0
87	0	0		0
88	0	0		0
89	0	1	0.00	1
90	0	1	0.00	1
91	0	0		0
92	0	0		0
93	0	1	0.00	1
94	0	1	0.00	1
95	0	1	0.00	1

