CpG context (R1)
================
position	count methylated	count unmethylated	% methylation	coverage
1	214	2153	9.04	2367
2	0	15	0.00	15
3	1	14	6.67	15
4	12	178	6.32	190
5	11	190	5.47	201
6	9	242	3.59	251
7	10	242	3.97	252
8	16	309	4.92	325
9	5	268	1.83	273
10	14	242	5.47	256
11	12	267	4.30	279
12	8	267	2.91	275
13	11	272	3.89	283
14	17	242	6.56	259
15	5	234	2.09	239
16	8	308	2.53	316
17	9	252	3.45	261
18	5	253	1.94	258
19	12	305	3.79	317
20	5	230	2.13	235
21	12	206	5.50	218
22	15	267	5.32	282
23	11	248	4.25	259
24	11	235	4.47	246
25	17	272	5.88	289
26	17	293	5.48	310
27	8	283	2.75	291
28	17	259	6.16	276
29	8	263	2.95	271
30	11	260	4.06	271
31	15	261	5.43	276
32	9	273	3.19	282
33	7	214	3.17	221
34	10	252	3.82	262
35	9	232	3.73	241
36	14	211	6.22	225
37	20	236	7.81	256
38	10	244	3.94	254
39	15	226	6.22	241
40	6	257	2.28	263
41	12	241	4.74	253
42	14	264	5.04	278
43	9	240	3.61	249
44	15	247	5.73	262
45	13	264	4.69	277
46	12	249	4.60	261
47	12	230	4.96	242
48	12	242	4.72	254
49	10	228	4.20	238
50	8	206	3.74	214
51	16	236	6.35	252
52	10	250	3.85	260
53	9	217	3.98	226
54	16	262	5.76	278
55	13	281	4.42	294
56	11	225	4.66	236
57	18	218	7.63	236
58	9	252	3.45	261
59	11	265	3.99	276
60	14	263	5.05	277
61	12	220	5.17	232
62	18	218	7.63	236
63	12	238	4.80	250
64	10	253	3.80	263
65	14	242	5.47	256
66	10	216	4.42	226
67	18	202	8.18	220
68	12	205	5.53	217
69	14	186	7.00	200
70	15	222	6.33	237
71	12	240	4.76	252
72	6	233	2.51	239
73	15	201	6.94	216
74	15	170	8.11	185
75	9	174	4.92	183
76	14	175	7.41	189
77	7	208	3.26	215
78	8	189	4.06	197
79	12	214	5.31	226
80	7	194	3.48	201
81	9	153	5.56	162
82	12	195	5.80	207
83	9	131	6.43	140
84	6	173	3.35	179
85	8	182	4.21	190
86	9	127	6.62	136
87	6	175	3.31	181
88	4	126	3.08	130
89	8	145	5.23	153
90	8	101	7.34	109
91	5	138	3.50	143
92	4	157	2.48	161
93	6	132	4.35	138
94	4	122	3.17	126
95	6	109	5.22	115
96	7	126	5.26	133
97	5	126	3.82	131
98	5	90	5.26	95
99	2	51	3.77	53
100	0	6	0.00	6
101	0	5	0.00	5
102	1	3	25.00	4
103	0	8	0.00	8
104	0	4	0.00	4
105	0	4	0.00	4
106	0	8	0.00	8
107	0	2	0.00	2
108	0	5	0.00	5
109	0	7	0.00	7
110	0	3	0.00	3
111	0	4	0.00	4
112	0	5	0.00	5
113	0	2	0.00	2
114	0	3	0.00	3
115	0	7	0.00	7
116	0	2	0.00	2
117	0	5	0.00	5
118	0	1	0.00	1
119	0	5	0.00	5
120	0	2	0.00	2
121	0	3	0.00	3
122	0	3	0.00	3
123	0	4	0.00	4
124	0	2	0.00	2
125	0	3	0.00	3
126	0	6	0.00	6
127	0	2	0.00	2
128	0	1	0.00	1
129	0	2	0.00	2
130	0	1	0.00	1
131	0	2	0.00	2
132	0	1	0.00	1
133	0	1	0.00	1
134	0	2	0.00	2
135	0	0		0
136	0	0		0
137	0	2	0.00	2
138	0	0		0
139	0	3	0.00	3
140	0	0		0
141	0	2	0.00	2
142	0	0		0
143	0	1	0.00	1
144	0	2	0.00	2
145	0	0		0
146	0	0		0
147	0	0		0
148	0	0		0
149	0	0		0

CHG context (R1)
================
position	count methylated	count unmethylated	% methylation	coverage
1	0	12	0.00	12
2	0	21	0.00	21
3	0	16	0.00	16
4	1	150	0.66	151
5	1	174	0.57	175
6	1	250	0.40	251
7	1	270	0.37	271
8	0	206	0.00	206
9	2	216	0.92	218
10	0	222	0.00	222
11	3	207	1.43	210
12	1	210	0.47	211
13	1	202	0.49	203
14	0	191	0.00	191
15	2	254	0.78	256
16	1	229	0.43	230
17	0	212	0.00	212
18	0	264	0.00	264
19	1	188	0.53	189
20	0	175	0.00	175
21	1	219	0.45	220
22	0	219	0.00	219
23	0	205	0.00	205
24	0	196	0.00	196
25	1	232	0.43	233
26	0	206	0.00	206
27	5	234	2.09	239
28	1	269	0.37	270
29	0	177	0.00	177
30	3	199	1.49	202
31	0	227	0.00	227
32	0	211	0.00	211
33	1	253	0.39	254
34	1	235	0.42	236
35	1	239	0.42	240
36	1	221	0.45	222
37	3	229	1.29	232
38	0	193	0.00	193
39	2	238	0.83	240
40	0	221	0.00	221
41	0	267	0.00	267
42	0	222	0.00	222
43	2	248	0.80	250
44	0	225	0.00	225
45	3	210	1.41	213
46	0	252	0.00	252
47	2	179	1.10	181
48	1	211	0.47	212
49	0	212	0.00	212
50	0	194	0.00	194
51	1	234	0.43	235
52	1	216	0.46	217
53	3	192	1.54	195
54	1	209	0.48	210
55	0	166	0.00	166
56	0	198	0.00	198
57	1	223	0.45	224
58	2	196	1.01	198
59	0	183	0.00	183
60	1	137	0.72	138
61	0	174	0.00	174
62	2	169	1.17	171
63	0	170	0.00	170
64	0	194	0.00	194
65	0	183	0.00	183
66	2	166	1.19	168
67	1	172	0.58	173
68	0	202	0.00	202
69	1	185	0.54	186
70	0	185	0.00	185
71	0	147	0.00	147
72	0	140	0.00	140
73	1	163	0.61	164
74	0	147	0.00	147
75	0	149	0.00	149
76	0	170	0.00	170
77	0	149	0.00	149
78	0	144	0.00	144
79	0	179	0.00	179
80	1	126	0.79	127
81	0	177	0.00	177
82	1	110	0.90	111
83	1	134	0.74	135
84	0	119	0.00	119
85	0	113	0.00	113
86	1	176	0.56	177
87	0	109	0.00	109
88	1	141	0.70	142
89	0	100	0.00	100
90	0	103	0.00	103
91	0	147	0.00	147
92	0	81	0.00	81
93	1	85	1.16	86
94	3	99	2.94	102
95	0	99	0.00	99
96	0	104	0.00	104
97	0	108	0.00	108
98	0	104	0.00	104
99	0	23	0.00	23
100	0	9	0.00	9
101	0	6	0.00	6
102	0	6	0.00	6
103	0	3	0.00	3
104	0	3	0.00	3
105	0	7	0.00	7
106	0	4	0.00	4
107	0	4	0.00	4
108	0	10	0.00	10
109	0	5	0.00	5
110	0	3	0.00	3
111	0	4	0.00	4
112	0	1	0.00	1
113	0	0		0
114	0	6	0.00	6
115	0	3	0.00	3
116	0	2	0.00	2
117	0	2	0.00	2
118	0	5	0.00	5
119	0	1	0.00	1
120	0	5	0.00	5
121	0	6	0.00	6
122	0	3	0.00	3
123	0	3	0.00	3
124	0	4	0.00	4
125	0	2	0.00	2
126	0	0		0
127	0	3	0.00	3
128	0	1	0.00	1
129	0	2	0.00	2
130	0	3	0.00	3
131	0	1	0.00	1
132	0	2	0.00	2
133	0	0		0
134	0	1	0.00	1
135	0	1	0.00	1
136	0	2	0.00	2
137	0	0		0
138	0	0		0
139	0	0		0
140	0	0		0
141	0	1	0.00	1
142	0	1	0.00	1
143	0	1	0.00	1
144	0	0		0
145	0	0		0
146	0	1	0.00	1
147	0	1	0.00	1
148	0	0		0
149	0	0		0

CHH context (R1)
================
position	count methylated	count unmethylated	% methylation	coverage
1	0	37	0.00	37
2	0	39	0.00	39
3	0	24	0.00	24
4	0	316	0.00	316
5	0	382	0.00	382
6	3	423	0.70	426
7	1	392	0.25	393
8	0	330	0.00	330
9	2	311	0.64	313
10	2	352	0.56	354
11	2	331	0.60	333
12	0	326	0.00	326
13	2	358	0.56	360
14	1	384	0.26	385
15	0	371	0.00	371
16	0	324	0.00	324
17	0	346	0.00	346
18	0	283	0.00	283
19	1	324	0.31	325
20	7	338	2.03	345
21	1	347	0.29	348
22	0	314	0.00	314
23	0	325	0.00	325
24	1	378	0.26	379
25	2	380	0.52	382
26	3	335	0.89	338
27	1	396	0.25	397
28	5	363	1.36	368
29	1	317	0.31	318
30	0	391	0.00	391
31	2	356	0.56	358
32	1	365	0.27	366
33	2	348	0.57	350
34	0	336	0.00	336
35	1	311	0.32	312
36	0	370	0.00	370
37	2	337	0.59	339
38	0	352	0.00	352
39	0	337	0.00	337
40	2	329	0.60	331
41	0	333	0.00	333
42	0	362	0.00	362
43	1	320	0.31	321
44	0	339	0.00	339
45	1	272	0.37	273
46	1	329	0.30	330
47	2	284	0.70	286
48	0	331	0.00	331
49	0	402	0.00	402
50	1	400	0.25	401
51	3	407	0.73	410
52	3	349	0.85	352
53	2	317	0.63	319
54	1	313	0.32	314
55	0	318	0.00	318
56	0	291	0.00	291
57	0	261	0.00	261
58	1	277	0.36	278
59	1	289	0.34	290
60	1	329	0.30	330
61	2	349	0.57	351
62	1	339	0.29	340
63	1	334	0.30	335
64	0	334	0.00	334
65	0	305	0.00	305
66	2	287	0.69	289
67	0	342	0.00	342
68	0	331	0.00	331
69	0	322	0.00	322
70	2	279	0.71	281
71	1	268	0.37	269
72	0	291	0.00	291
73	1	302	0.33	303
74	0	278	0.00	278
75	0	307	0.00	307
76	1	298	0.33	299
77	1	271	0.37	272
78	2	279	0.71	281
79	1	250	0.40	251
80	3	279	1.06	282
81	3	251	1.18	254
82	0	282	0.00	282
83	0	224	0.00	224
84	1	245	0.41	246
85	3	257	1.15	260
86	2	242	0.82	244
87	0	228	0.00	228
88	1	227	0.44	228
89	0	189	0.00	189
90	2	190	1.04	192
91	0	180	0.00	180
92	2	200	0.99	202
93	1	166	0.60	167
94	1	180	0.55	181
95	1	187	0.53	188
96	0	136	0.00	136
97	0	145	0.00	145
98	1	149	0.67	150
99	0	80	0.00	80
100	0	8	0.00	8
101	0	12	0.00	12
102	0	4	0.00	4
103	0	3	0.00	3
104	0	9	0.00	9
105	0	4	0.00	4
106	0	8	0.00	8
107	0	13	0.00	13
108	0	10	0.00	10
109	0	5	0.00	5
110	0	3	0.00	3
111	0	4	0.00	4
112	0	5	0.00	5
113	0	7	0.00	7
114	0	6	0.00	6
115	0	2	0.00	2
116	0	1	0.00	1
117	0	7	0.00	7
118	0	1	0.00	1
119	0	5	0.00	5
120	0	4	0.00	4
121	0	5	0.00	5
122	0	3	0.00	3
123	0	3	0.00	3
124	0	2	0.00	2
125	0	0		0
126	0	2	0.00	2
127	0	3	0.00	3
128	0	5	0.00	5
129	0	2	0.00	2
130	0	3	0.00	3
131	0	4	0.00	4
132	0	5	0.00	5
133	0	3	0.00	3
134	0	2	0.00	2
135	0	3	0.00	3
136	0	1	0.00	1
137	0	3	0.00	3
138	0	2	0.00	2
139	0	1	0.00	1
140	0	1	0.00	1
141	0	0		0
142	0	0		0
143	0	0		0
144	0	0		0
145	0	0		0
146	0	1	0.00	1
147	0	1	0.00	1
148	0	0		0
149	0	2	0.00	2

CpG context (R2)
================
position	count methylated	count unmethylated	% methylation	coverage
1	0	20	0.00	20
2	0	19	0.00	19
3	1	60	1.64	61
4	7	82	7.87	89
5	3	101	2.88	104
6	6	83	6.74	89
7	7	125	5.30	132
8	1	66	1.49	67
9	7	77	8.33	84
10	3	84	3.45	87
11	3	59	4.84	62
12	1	69	1.43	70
13	3	76	3.80	79
14	0	48	0.00	48
15	2	52	3.70	54
16	0	61	0.00	61
17	1	39	2.50	40
18	4	45	8.16	49
19	4	29	12.12	33
20	3	33	8.33	36
21	0	46	0.00	46
22	1	44	2.22	45
23	2	42	4.55	44
24	3	60	4.76	63
25	0	38	0.00	38
26	1	35	2.78	36
27	2	36	5.26	38
28	2	20	9.09	22
29	3	45	6.25	48
30	1	23	4.17	24
31	0	34	0.00	34
32	0	27	0.00	27
33	0	14	0.00	14
34	2	24	7.69	26
35	1	10	9.09	11
36	1	13	7.14	14
37	1	17	5.56	18
38	1	28	3.45	29
39	0	11	0.00	11
40	0	8	0.00	8
41	0	18	0.00	18
42	2	10	16.67	12
43	1	11	8.33	12
44	0	24	0.00	24
45	0	3	0.00	3
46	5	11	31.25	16
47	0	11	0.00	11
48	0	10	0.00	10
49	0	4	0.00	4
50	1	5	16.67	6
51	0	10	0.00	10
52	2	7	22.22	9
53	0	2	0.00	2
54	1	3	25.00	4
55	0	4	0.00	4
56	1	1	50.00	2
57	0	1	0.00	1
58	0	5	0.00	5
59	0	3	0.00	3
60	0	2	0.00	2
61	0	2	0.00	2
62	0	1	0.00	1
63	0	1	0.00	1
64	0	1	0.00	1
65	0	0		0
66	0	2	0.00	2
67	0	2	0.00	2
68	1	0	100.00	1
69	0	1	0.00	1
70	0	0		0
71	0	1	0.00	1
72	0	1	0.00	1
73	0	0		0
74	0	0		0
75	1	1	50.00	2
76	0	0		0
77	0	2	0.00	2
78	0	0		0
79	1	1	50.00	2
80	0	0		0
81	0	0		0
82	0	1	0.00	1
83	0	0		0
84	0	0		0
85	0	0		0
86	0	1	0.00	1
87	0	0		0
88	1	0	100.00	1
89	0	0		0
90	0	0		0
91	0	2	0.00	2
92	0	0		0
93	0	1	0.00	1
94	0	1	0.00	1
95	0	0		0
96	0	0		0
97	1	1	50.00	2

CHG context (R2)
================
position	count methylated	count unmethylated	% methylation	coverage
1	12	2144	0.56	2156
2	0	20	0.00	20
3	0	3	0.00	3
4	0	36	0.00	36
5	0	55	0.00	55
6	1	70	1.41	71
7	0	76	0.00	76
8	1	88	1.12	89
9	1	76	1.30	77
10	0	73	0.00	73
11	1	58	1.69	59
12	0	44	0.00	44
13	0	42	0.00	42
14	1	54	1.82	55
15	0	55	0.00	55
16	0	51	0.00	51
17	0	57	0.00	57
18	0	43	0.00	43
19	0	57	0.00	57
20	0	51	0.00	51
21	0	39	0.00	39
22	0	47	0.00	47
23	0	22	0.00	22
24	0	23	0.00	23
25	0	54	0.00	54
26	0	26	0.00	26
27	0	12	0.00	12
28	0	25	0.00	25
29	0	25	0.00	25
30	0	32	0.00	32
31	0	39	0.00	39
32	1	22	4.35	23
33	0	21	0.00	21
34	0	29	0.00	29
35	0	35	0.00	35
36	0	20	0.00	20
37	0	14	0.00	14
38	0	10	0.00	10
39	0	15	0.00	15
40	0	17	0.00	17
41	0	15	0.00	15
42	0	7	0.00	7
43	0	7	0.00	7
44	0	9	0.00	9
45	0	13	0.00	13
46	0	1	0.00	1
47	0	8	0.00	8
48	0	6	0.00	6
49	0	12	0.00	12
50	0	10	0.00	10
51	0	4	0.00	4
52	0	7	0.00	7
53	0	5	0.00	5
54	0	2	0.00	2
55	0	5	0.00	5
56	0	3	0.00	3
57	0	0		0
58	0	5	0.00	5
59	0	1	0.00	1
60	0	3	0.00	3
61	0	1	0.00	1
62	0	0		0
63	0	2	0.00	2
64	0	1	0.00	1
65	0	1	0.00	1
66	0	0		0
67	0	1	0.00	1
68	0	1	0.00	1
69	0	0		0
70	0	1	0.00	1
71	0	0		0
72	0	1	0.00	1
73	0	2	0.00	2
74	0	0		0
75	0	1	0.00	1
76	0	1	0.00	1
77	0	0		0
78	0	1	0.00	1
79	0	0		0
80	0	1	0.00	1
81	0	0		0
82	0	1	0.00	1
83	0	0		0
84	0	0		0
85	0	0		0
86	0	1	0.00	1
87	0	1	0.00	1
88	0	0		0
89	0	0		0
90	0	0		0
91	0	0		0
92	0	0		0
93	0	0		0
94	0	0		0
95	0	1	0.00	1
96	0	0		0
97	0	0		0

CHH context (R2)
================
position	count methylated	count unmethylated	% methylation	coverage
1	0	8	0.00	8
2	3	975	0.31	978
3	1	263	0.38	264
4	0	195	0.00	195
5	1	135	0.74	136
6	0	102	0.00	102
7	0	100	0.00	100
8	0	124	0.00	124
9	0	116	0.00	116
10	1	124	0.80	125
11	0	99	0.00	99
12	0	76	0.00	76
13	2	70	2.78	72
14	0	97	0.00	97
15	0	90	0.00	90
16	0	74	0.00	74
17	0	75	0.00	75
18	0	82	0.00	82
19	0	78	0.00	78
20	0	64	0.00	64
21	0	44	0.00	44
22	0	49	0.00	49
23	0	40	0.00	40
24	0	39	0.00	39
25	0	41	0.00	41
26	0	36	0.00	36
27	0	37	0.00	37
28	0	30	0.00	30
29	0	36	0.00	36
30	0	30	0.00	30
31	0	27	0.00	27
32	0	40	0.00	40
33	0	28	0.00	28
34	0	25	0.00	25
35	0	32	0.00	32
36	0	27	0.00	27
37	0	19	0.00	19
38	0	24	0.00	24
39	0	8	0.00	8
40	0	18	0.00	18
41	0	15	0.00	15
42	0	23	0.00	23
43	0	12	0.00	12
44	0	19	0.00	19
45	0	16	0.00	16
46	0	20	0.00	20
47	0	10	0.00	10
48	0	4	0.00	4
49	0	13	0.00	13
50	0	11	0.00	11
51	0	15	0.00	15
52	0	11	0.00	11
53	0	14	0.00	14
54	0	12	0.00	12
55	0	11	0.00	11
56	0	9	0.00	9
57	0	4	0.00	4
58	0	6	0.00	6
59	0	5	0.00	5
60	0	1	0.00	1
61	0	2	0.00	2
62	0	3	0.00	3
63	0	0		0
64	0	2	0.00	2
65	0	1	0.00	1
66	0	1	0.00	1
67	0	0		0
68	0	3	0.00	3
69	0	3	0.00	3
70	0	1	0.00	1
71	0	0		0
72	0	0		0
73	0	0		0
74	0	0		0
75	0	0		0
76	0	0		0
77	0	1	0.00	1
78	0	0		0
79	0	1	0.00	1
80	0	0		0
81	0	0		0
82	0	0		0
83	0	0		0
84	0	1	0.00	1
85	0	1	0.00	1
86	0	0		0
87	0	1	0.00	1
88	0	0		0
89	0	1	0.00	1
90	0	0		0
91	0	0		0
92	0	0		0
93	0	0		0
94	0	0		0
95	0	1	0.00	1
96	0	0		0
97	0	0		0

