CpG context (R1)
================
position	count methylated	count unmethylated	% methylation	coverage
1	182	2180	7.71	2362
2	0	23	0.00	23
3	2	17	10.53	19
4	10	146	6.41	156
5	12	238	4.80	250
6	8	273	2.85	281
7	11	247	4.26	258
8	14	276	4.83	290
9	9	237	3.66	246
10	14	244	5.43	258
11	10	265	3.64	275
12	19	260	6.81	279
13	12	264	4.35	276
14	17	271	5.90	288
15	11	231	4.55	242
16	13	262	4.73	275
17	6	229	2.55	235
18	5	247	1.98	252
19	18	304	5.59	322
20	15	247	5.73	262
21	7	237	2.87	244
22	7	297	2.30	304
23	16	258	5.84	274
24	14	237	5.58	251
25	8	265	2.93	273
26	17	288	5.57	305
27	15	269	5.28	284
28	19	252	7.01	271
29	13	247	5.00	260
30	8	260	2.99	268
31	10	274	3.52	284
32	15	302	4.73	317
33	11	233	4.51	244
34	18	266	6.34	284
35	13	254	4.87	267
36	12	245	4.67	257
37	9	272	3.20	281
38	16	246	6.11	262
39	10	275	3.51	285
40	12	258	4.44	270
41	10	265	3.64	275
42	11	284	3.73	295
43	10	260	3.70	270
44	12	246	4.65	258
45	18	294	5.77	312
46	18	243	6.90	261
47	16	296	5.13	312
48	16	263	5.73	279
49	22	211	9.44	233
50	8	250	3.10	258
51	11	210	4.98	221
52	11	241	4.37	252
53	20	235	7.84	255
54	17	255	6.25	272
55	12	329	3.52	341
56	11	268	3.94	279
57	15	261	5.43	276
58	19	260	6.81	279
59	16	275	5.50	291
60	17	246	6.46	263
61	15	229	6.15	244
62	10	228	4.20	238
63	17	235	6.75	252
64	12	221	5.15	233
65	7	228	2.98	235
66	14	253	5.24	267
67	8	194	3.96	202
68	7	193	3.50	200
69	9	209	4.13	218
70	11	212	4.93	223
71	16	242	6.20	258
72	7	250	2.72	257
73	12	220	5.17	232
74	8	183	4.19	191
75	13	182	6.67	195
76	7	196	3.45	203
77	5	195	2.50	200
78	15	187	7.43	202
79	5	197	2.48	202
80	6	188	3.09	194
81	6	165	3.51	171
82	9	178	4.81	187
83	6	129	4.44	135
84	5	152	3.18	157
85	3	198	1.49	201
86	11	165	6.25	176
87	4	155	2.52	159
88	1	141	0.70	142
89	11	147	6.96	158
90	6	102	5.56	108
91	5	149	3.25	154
92	8	128	5.88	136
93	9	136	6.21	145
94	6	116	4.92	122
95	9	131	6.43	140
96	8	120	6.25	128
97	8	138	5.48	146
98	4	89	4.30	93
99	4	46	8.00	50
100	2	3	40.00	5
101	0	5	0.00	5
102	0	2	0.00	2
103	0	4	0.00	4
104	0	4	0.00	4
105	1	2	33.33	3
106	0	1	0.00	1
107	0	3	0.00	3
108	1	3	25.00	4
109	0	4	0.00	4
110	0	3	0.00	3
111	0	1	0.00	1
112	0	3	0.00	3
113	1	3	25.00	4
114	0	2	0.00	2
115	1	0	100.00	1
116	0	1	0.00	1
117	0	2	0.00	2
118	1	1	50.00	2
119	0	1	0.00	1
120	0	0		0
121	0	1	0.00	1
122	0	1	0.00	1
123	0	0		0
124	0	0		0
125	1	2	33.33	3
126	0	1	0.00	1
127	0	2	0.00	2
128	0	2	0.00	2
129	0	2	0.00	2
130	0	0		0
131	0	1	0.00	1
132	0	0		0
133	0	1	0.00	1
134	0	0		0
135	1	0	100.00	1
136	0	2	0.00	2
137	0	1	0.00	1
138	0	0		0
139	0	0		0
140	0	1	0.00	1
141	0	1	0.00	1
142	0	0		0
143	0	0		0
144	0	0		0
145	0	0		0
146	0	0		0
147	0	0		0
148	1	2	33.33	3

CHG context (R1)
================
position	count methylated	count unmethylated	% methylation	coverage
1	1	17	5.56	18
2	0	27	0.00	27
3	0	14	0.00	14
4	0	133	0.00	133
5	0	182	0.00	182
6	3	251	1.18	254
7	1	246	0.40	247
8	1	186	0.53	187
9	2	226	0.88	228
10	1	213	0.47	214
11	0	225	0.00	225
12	0	199	0.00	199
13	0	201	0.00	201
14	0	191	0.00	191
15	3	243	1.22	246
16	0	212	0.00	212
17	1	251	0.40	252
18	0	251	0.00	251
19	3	205	1.44	208
20	2	165	1.20	167
21	0	226	0.00	226
22	1	230	0.43	231
23	0	211	0.00	211
24	1	200	0.50	201
25	2	214	0.93	216
26	0	210	0.00	210
27	1	225	0.44	226
28	0	250	0.00	250
29	0	202	0.00	202
30	1	187	0.53	188
31	2	247	0.80	249
32	1	192	0.52	193
33	0	229	0.00	229
34	0	211	0.00	211
35	0	232	0.00	232
36	0	217	0.00	217
37	0	203	0.00	203
38	0	196	0.00	196
39	0	219	0.00	219
40	0	225	0.00	225
41	0	244	0.00	244
42	3	203	1.46	206
43	0	193	0.00	193
44	0	244	0.00	244
45	2	213	0.93	215
46	0	226	0.00	226
47	1	170	0.58	171
48	2	211	0.94	213
49	0	216	0.00	216
50	1	199	0.50	200
51	0	230	0.00	230
52	2	215	0.92	217
53	0	206	0.00	206
54	0	220	0.00	220
55	1	181	0.55	182
56	1	184	0.54	185
57	1	214	0.47	215
58	0	235	0.00	235
59	0	188	0.00	188
60	1	162	0.61	163
61	1	181	0.55	182
62	0	164	0.00	164
63	0	207	0.00	207
64	0	202	0.00	202
65	0	224	0.00	224
66	0	172	0.00	172
67	0	170	0.00	170
68	1	176	0.56	177
69	0	183	0.00	183
70	1	203	0.49	204
71	0	158	0.00	158
72	0	153	0.00	153
73	0	164	0.00	164
74	0	150	0.00	150
75	2	138	1.43	140
76	0	185	0.00	185
77	0	162	0.00	162
78	0	132	0.00	132
79	0	167	0.00	167
80	1	143	0.69	144
81	0	168	0.00	168
82	0	115	0.00	115
83	0	141	0.00	141
84	0	146	0.00	146
85	0	127	0.00	127
86	0	128	0.00	128
87	0	107	0.00	107
88	0	139	0.00	139
89	1	118	0.84	119
90	0	101	0.00	101
91	1	142	0.70	143
92	0	98	0.00	98
93	0	82	0.00	82
94	1	96	1.03	97
95	1	110	0.90	111
96	0	99	0.00	99
97	0	126	0.00	126
98	0	103	0.00	103
99	0	35	0.00	35
100	0	7	0.00	7
101	0	4	0.00	4
102	0	5	0.00	5
103	0	5	0.00	5
104	0	4	0.00	4
105	0	3	0.00	3
106	0	1	0.00	1
107	0	0		0
108	0	4	0.00	4
109	0	3	0.00	3
110	0	5	0.00	5
111	0	4	0.00	4
112	0	3	0.00	3
113	0	0		0
114	0	0		0
115	0	0		0
116	0	2	0.00	2
117	0	0		0
118	0	2	0.00	2
119	0	2	0.00	2
120	0	1	0.00	1
121	0	2	0.00	2
122	0	1	0.00	1
123	0	2	0.00	2
124	0	0		0
125	0	1	0.00	1
126	0	0		0
127	0	0		0
128	0	0		0
129	0	0		0
130	0	1	0.00	1
131	0	2	0.00	2
132	0	0		0
133	0	1	0.00	1
134	0	1	0.00	1
135	0	1	0.00	1
136	0	0		0
137	0	0		0
138	0	0		0
139	0	1	0.00	1
140	0	0		0
141	0	0		0
142	0	1	0.00	1
143	0	1	0.00	1
144	0	0		0
145	0	0		0
146	0	0		0
147	0	1	0.00	1
148	0	0		0

CHH context (R1)
================
position	count methylated	count unmethylated	% methylation	coverage
1	1	32	3.03	33
2	0	27	0.00	27
3	0	17	0.00	17
4	1	338	0.29	339
5	1	393	0.25	394
6	1	397	0.25	398
7	0	371	0.00	371
8	0	346	0.00	346
9	3	346	0.86	349
10	1	345	0.29	346
11	2	344	0.58	346
12	0	341	0.00	341
13	2	381	0.52	383
14	1	372	0.27	373
15	4	388	1.02	392
16	1	373	0.27	374
17	0	314	0.00	314
18	0	300	0.00	300
19	1	311	0.32	312
20	1	337	0.30	338
21	1	352	0.28	353
22	2	330	0.60	332
23	1	354	0.28	355
24	3	361	0.82	364
25	2	392	0.51	394
26	1	378	0.26	379
27	1	423	0.24	424
28	3	376	0.79	379
29	1	332	0.30	333
30	0	404	0.00	404
31	1	316	0.32	317
32	3	356	0.84	359
33	1	301	0.33	302
34	1	349	0.29	350
35	0	303	0.00	303
36	1	358	0.28	359
37	2	365	0.54	367
38	2	338	0.59	340
39	0	323	0.00	323
40	2	326	0.61	328
41	0	331	0.00	331
42	0	346	0.00	346
43	1	324	0.31	325
44	1	339	0.29	340
45	3	320	0.93	323
46	1	350	0.28	351
47	2	330	0.60	332
48	0	331	0.00	331
49	0	366	0.00	366
50	2	376	0.53	378
51	3	416	0.72	419
52	0	377	0.00	377
53	2	329	0.60	331
54	0	307	0.00	307
55	0	312	0.00	312
56	1	287	0.35	288
57	0	324	0.00	324
58	0	283	0.00	283
59	0	302	0.00	302
60	2	307	0.65	309
61	1	336	0.30	337
62	2	355	0.56	357
63	0	343	0.00	343
64	3	343	0.87	346
65	0	314	0.00	314
66	0	311	0.00	311
67	3	339	0.88	342
68	0	323	0.00	323
69	0	310	0.00	310
70	1	289	0.34	290
71	0	263	0.00	263
72	2	261	0.76	263
73	0	304	0.00	304
74	0	258	0.00	258
75	1	309	0.32	310
76	1	275	0.36	276
77	1	240	0.41	241
78	0	282	0.00	282
79	0	280	0.00	280
80	1	303	0.33	304
81	1	250	0.40	251
82	1	275	0.36	276
83	2	250	0.79	252
84	0	231	0.00	231
85	0	243	0.00	243
86	0	271	0.00	271
87	1	211	0.47	212
88	2	258	0.77	260
89	0	187	0.00	187
90	1	188	0.53	189
91	0	181	0.00	181
92	0	180	0.00	180
93	1	180	0.55	181
94	0	157	0.00	157
95	0	181	0.00	181
96	0	138	0.00	138
97	1	164	0.61	165
98	0	154	0.00	154
99	0	72	0.00	72
100	0	7	0.00	7
101	0	7	0.00	7
102	0	5	0.00	5
103	0	2	0.00	2
104	0	9	0.00	9
105	0	5	0.00	5
106	0	7	0.00	7
107	0	4	0.00	4
108	0	5	0.00	5
109	0	5	0.00	5
110	0	3	0.00	3
111	0	1	0.00	1
112	0	1	0.00	1
113	0	0		0
114	0	1	0.00	1
115	0	5	0.00	5
116	0	2	0.00	2
117	0	2	0.00	2
118	0	1	0.00	1
119	0	2	0.00	2
120	0	0		0
121	0	2	0.00	2
122	0	1	0.00	1
123	0	2	0.00	2
124	0	2	0.00	2
125	0	0		0
126	0	0		0
127	0	1	0.00	1
128	0	1	0.00	1
129	0	1	0.00	1
130	0	2	0.00	2
131	0	2	0.00	2
132	0	0		0
133	0	1	0.00	1
134	0	2	0.00	2
135	0	0		0
136	0	0		0
137	0	0		0
138	0	0		0
139	0	0		0
140	0	0		0
141	0	0		0
142	0	0		0
143	0	1	0.00	1
144	0	1	0.00	1
145	0	1	0.00	1
146	0	1	0.00	1
147	0	0		0
148	0	0		0

CpG context (R2)
================
position	count methylated	count unmethylated	% methylation	coverage
1	0	29	0.00	29
2	0	21	0.00	21
3	4	77	4.94	81
4	2	57	3.39	59
5	5	92	5.15	97
6	11	58	15.94	69
7	7	126	5.26	133
8	2	76	2.56	78
9	3	72	4.00	75
10	5	93	5.10	98
11	5	65	7.14	70
12	5	46	9.80	51
13	5	81	5.81	86
14	4	33	10.81	37
15	3	47	6.00	50
16	3	49	5.77	52
17	2	38	5.00	40
18	5	51	8.93	56
19	0	24	0.00	24
20	2	46	4.17	48
21	0	38	0.00	38
22	1	34	2.86	35
23	0	38	0.00	38
24	4	54	6.90	58
25	0	41	0.00	41
26	1	34	2.86	35
27	2	19	9.52	21
28	0	29	0.00	29
29	4	43	8.51	47
30	1	25	3.85	26
31	0	27	0.00	27
32	1	26	3.70	27
33	1	15	6.25	16
34	0	23	0.00	23
35	0	14	0.00	14
36	1	12	7.69	13
37	0	21	0.00	21
38	1	33	2.94	34
39	0	12	0.00	12
40	0	12	0.00	12
41	0	13	0.00	13
42	1	17	5.56	18
43	1	14	6.67	15
44	1	25	3.85	26
45	0	3	0.00	3
46	1	14	6.67	15
47	0	6	0.00	6
48	1	6	14.29	7
49	0	9	0.00	9
50	0	7	0.00	7
51	0	3	0.00	3
52	0	5	0.00	5
53	0	5	0.00	5
54	0	3	0.00	3
55	0	6	0.00	6
56	0	5	0.00	5
57	0	6	0.00	6
58	0	8	0.00	8
59	0	5	0.00	5
60	1	0	100.00	1
61	0	3	0.00	3
62	0	1	0.00	1
63	0	0		0
64	0	5	0.00	5
65	0	1	0.00	1
66	0	2	0.00	2
67	0	2	0.00	2
68	0	2	0.00	2
69	0	1	0.00	1
70	0	1	0.00	1
71	0	1	0.00	1
72	0	2	0.00	2
73	0	0		0
74	0	0		0
75	0	2	0.00	2
76	0	0		0
77	0	3	0.00	3
78	0	1	0.00	1
79	0	1	0.00	1
80	0	1	0.00	1
81	0	0		0
82	0	1	0.00	1
83	0	0		0
84	0	1	0.00	1
85	0	0		0
86	0	2	0.00	2
87	0	0		0
88	0	1	0.00	1
89	0	0		0
90	0	0		0
91	0	1	0.00	1
92	0	1	0.00	1
93	0	0		0
94	0	5	0.00	5
95	0	0		0
96	0	1	0.00	1
97	0	3	0.00	3

CHG context (R2)
================
position	count methylated	count unmethylated	% methylation	coverage
1	9	2112	0.42	2121
2	0	32	0.00	32
3	0	10	0.00	10
4	0	47	0.00	47
5	1	58	1.69	59
6	0	77	0.00	77
7	0	74	0.00	74
8	0	104	0.00	104
9	0	68	0.00	68
10	1	67	1.47	68
11	0	76	0.00	76
12	0	29	0.00	29
13	0	44	0.00	44
14	0	51	0.00	51
15	0	37	0.00	37
16	0	48	0.00	48
17	0	60	0.00	60
18	0	46	0.00	46
19	0	54	0.00	54
20	0	49	0.00	49
21	0	43	0.00	43
22	0	56	0.00	56
23	0	24	0.00	24
24	0	21	0.00	21
25	0	26	0.00	26
26	0	21	0.00	21
27	0	11	0.00	11
28	0	19	0.00	19
29	0	39	0.00	39
30	0	16	0.00	16
31	0	32	0.00	32
32	0	23	0.00	23
33	1	30	3.23	31
34	0	19	0.00	19
35	0	28	0.00	28
36	0	12	0.00	12
37	0	13	0.00	13
38	0	6	0.00	6
39	1	18	5.26	19
40	0	16	0.00	16
41	1	21	4.55	22
42	0	5	0.00	5
43	0	5	0.00	5
44	0	5	0.00	5
45	0	11	0.00	11
46	0	3	0.00	3
47	0	7	0.00	7
48	0	6	0.00	6
49	0	9	0.00	9
50	1	18	5.26	19
51	0	3	0.00	3
52	0	5	0.00	5
53	0	7	0.00	7
54	0	2	0.00	2
55	0	5	0.00	5
56	0	5	0.00	5
57	0	1	0.00	1
58	0	6	0.00	6
59	0	2	0.00	2
60	0	7	0.00	7
61	0	1	0.00	1
62	0	1	0.00	1
63	0	1	0.00	1
64	0	1	0.00	1
65	0	0		0
66	0	1	0.00	1
67	0	2	0.00	2
68	0	2	0.00	2
69	0	0		0
70	0	3	0.00	3
71	0	1	0.00	1
72	0	5	0.00	5
73	0	2	0.00	2
74	0	0		0
75	0	4	0.00	4
76	0	0		0
77	0	0		0
78	0	6	0.00	6
79	0	0		0
80	0	0		0
81	0	1	0.00	1
82	0	0		0
83	0	0		0
84	0	0		0
85	0	0		0
86	0	0		0
87	0	4	0.00	4
88	0	1	0.00	1
89	0	2	0.00	2
90	0	0		0
91	0	0		0
92	0	0		0
93	0	0		0
94	0	0		0
95	0	0		0
96	0	0		0
97	0	0		0

CHH context (R2)
================
position	count methylated	count unmethylated	% methylation	coverage
1	1	9	10.00	10
2	3	936	0.32	939
3	3	257	1.15	260
4	0	174	0.00	174
5	2	146	1.35	148
6	0	94	0.00	94
7	0	107	0.00	107
8	0	115	0.00	115
9	0	114	0.00	114
10	1	124	0.80	125
11	0	78	0.00	78
12	1	85	1.16	86
13	0	55	0.00	55
14	0	89	0.00	89
15	2	70	2.78	72
16	0	51	0.00	51
17	0	44	0.00	44
18	0	48	0.00	48
19	0	63	0.00	63
20	0	54	0.00	54
21	0	47	0.00	47
22	0	37	0.00	37
23	0	40	0.00	40
24	0	41	0.00	41
25	0	35	0.00	35
26	0	37	0.00	37
27	1	28	3.45	29
28	1	23	4.17	24
29	0	30	0.00	30
30	0	33	0.00	33
31	0	29	0.00	29
32	0	31	0.00	31
33	0	18	0.00	18
34	0	26	0.00	26
35	0	31	0.00	31
36	0	29	0.00	29
37	0	11	0.00	11
38	0	13	0.00	13
39	0	8	0.00	8
40	0	24	0.00	24
41	0	11	0.00	11
42	0	18	0.00	18
43	0	17	0.00	17
44	0	19	0.00	19
45	0	16	0.00	16
46	1	19	5.00	20
47	0	17	0.00	17
48	0	11	0.00	11
49	0	8	0.00	8
50	0	7	0.00	7
51	0	15	0.00	15
52	0	14	0.00	14
53	0	12	0.00	12
54	0	13	0.00	13
55	0	13	0.00	13
56	0	8	0.00	8
57	0	5	0.00	5
58	0	5	0.00	5
59	0	5	0.00	5
60	0	6	0.00	6
61	0	5	0.00	5
62	0	3	0.00	3
63	0	0		0
64	0	1	0.00	1
65	0	2	0.00	2
66	0	1	0.00	1
67	0	1	0.00	1
68	0	1	0.00	1
69	0	4	0.00	4
70	0	1	0.00	1
71	0	1	0.00	1
72	0	1	0.00	1
73	0	0		0
74	0	2	0.00	2
75	0	1	0.00	1
76	0	0		0
77	0	0		0
78	0	0		0
79	0	4	0.00	4
80	0	0		0
81	0	0		0
82	0	0		0
83	0	0		0
84	0	0		0
85	0	0		0
86	0	0		0
87	0	0		0
88	0	0		0
89	0	2	0.00	2
90	0	0		0
91	0	1	0.00	1
92	0	0		0
93	0	0		0
94	0	1	0.00	1
95	0	0		0
96	0	0		0
97	0	0		0

