CpG context (R1)
================
position	count methylated	count unmethylated	% methylation	coverage
1	199	2164	8.42	2363
2	0	12	0.00	12
3	2	24	7.69	26
4	14	192	6.80	206
5	14	234	5.65	248
6	9	243	3.57	252
7	17	213	7.39	230
8	19	268	6.62	287
9	12	248	4.62	260
10	14	238	5.56	252
11	12	245	4.67	257
12	13	280	4.44	293
13	19	277	6.42	296
14	11	258	4.09	269
15	6	252	2.33	258
16	17	273	5.86	290
17	10	223	4.29	233
18	16	263	5.73	279
19	18	284	5.96	302
20	13	230	5.35	243
21	9	210	4.11	219
22	14	266	5.00	280
23	13	241	5.12	254
24	14	236	5.60	250
25	9	285	3.06	294
26	14	305	4.39	319
27	11	269	3.93	280
28	20	282	6.62	302
29	15	253	5.60	268
30	14	265	5.02	279
31	18	293	5.79	311
32	16	278	5.44	294
33	9	239	3.63	248
34	17	250	6.37	267
35	15	287	4.97	302
36	11	201	5.19	212
37	14	286	4.67	300
38	16	233	6.43	249
39	13	246	5.02	259
40	10	275	3.51	285
41	17	210	7.49	227
42	10	295	3.28	305
43	10	258	3.73	268
44	11	251	4.20	262
45	13	260	4.76	273
46	24	236	9.23	260
47	14	266	5.00	280
48	7	261	2.61	268
49	16	230	6.50	246
50	14	228	5.79	242
51	16	253	5.95	269
52	13	242	5.10	255
53	6	228	2.56	234
54	11	239	4.40	250
55	17	309	5.21	326
56	9	223	3.88	232
57	14	246	5.38	260
58	7	248	2.75	255
59	9	292	2.99	301
60	14	211	6.22	225
61	13	232	5.31	245
62	12	213	5.33	225
63	24	197	10.86	221
64	12	247	4.63	259
65	18	226	7.38	244
66	10	247	3.89	257
67	14	215	6.11	229
68	9	188	4.57	197
69	11	211	4.95	222
70	9	205	4.21	214
71	17	249	6.39	266
72	10	231	4.15	241
73	6	255	2.30	261
74	13	187	6.50	200
75	16	174	8.42	190
76	11	190	5.47	201
77	13	216	5.68	229
78	7	196	3.45	203
79	10	226	4.24	236
80	8	167	4.57	175
81	12	172	6.52	184
82	9	198	4.35	207
83	12	124	8.82	136
84	4	152	2.56	156
85	7	169	3.98	176
86	7	155	4.32	162
87	8	186	4.12	194
88	4	116	3.33	120
89	13	149	8.02	162
90	4	117	3.31	121
91	6	144	4.00	150
92	7	139	4.79	146
93	8	139	5.44	147
94	5	131	3.68	136
95	13	119	9.85	132
96	7	98	6.67	105
97	8	121	6.20	129
98	3	82	3.53	85
99	6	46	11.54	52
100	0	11	0.00	11
101	0	9	0.00	9
102	0	7	0.00	7
103	0	7	0.00	7
104	0	3	0.00	3
105	0	6	0.00	6
106	0	8	0.00	8
107	0	4	0.00	4
108	0	6	0.00	6
109	0	7	0.00	7
110	0	2	0.00	2
111	1	5	16.67	6
112	0	6	0.00	6
113	0	2	0.00	2
114	0	3	0.00	3
115	0	2	0.00	2
116	0	0		0
117	0	4	0.00	4
118	0	4	0.00	4
119	0	3	0.00	3
120	0	1	0.00	1
121	0	2	0.00	2
122	0	2	0.00	2
123	0	1	0.00	1
124	0	2	0.00	2
125	1	2	33.33	3
126	0	6	0.00	6
127	0	1	0.00	1
128	0	0		0
129	0	1	0.00	1
130	0	3	0.00	3
131	0	0		0
132	1	2	33.33	3
133	0	0		0
134	0	3	0.00	3
135	0	0		0
136	0	1	0.00	1
137	0	1	0.00	1
138	0	2	0.00	2
139	0	1	0.00	1
140	0	1	0.00	1
141	0	1	0.00	1
142	0	0		0
143	0	1	0.00	1
144	0	1	0.00	1
145	2	0	100.00	2
146	0	0		0
147	0	0		0
148	0	2	0.00	2
149	0	1	0.00	1

CHG context (R1)
================
position	count methylated	count unmethylated	% methylation	coverage
1	0	10	0.00	10
2	1	24	4.00	25
3	0	10	0.00	10
4	1	137	0.72	138
5	2	177	1.12	179
6	0	210	0.00	210
7	2	257	0.77	259
8	0	221	0.00	221
9	2	240	0.83	242
10	0	218	0.00	218
11	0	264	0.00	264
12	0	191	0.00	191
13	0	209	0.00	209
14	0	210	0.00	210
15	2	227	0.87	229
16	0	209	0.00	209
17	2	227	0.87	229
18	3	224	1.32	227
19	0	202	0.00	202
20	0	171	0.00	171
21	1	242	0.41	243
22	0	226	0.00	226
23	0	183	0.00	183
24	0	181	0.00	181
25	0	254	0.00	254
26	1	190	0.52	191
27	0	226	0.00	226
28	0	238	0.00	238
29	3	194	1.52	197
30	2	201	0.99	203
31	2	222	0.89	224
32	1	174	0.57	175
33	1	220	0.45	221
34	0	213	0.00	213
35	1	228	0.44	229
36	0	225	0.00	225
37	0	220	0.00	220
38	0	219	0.00	219
39	0	220	0.00	220
40	3	208	1.42	211
41	2	266	0.75	268
42	1	221	0.45	222
43	2	206	0.96	208
44	1	265	0.38	266
45	1	198	0.50	199
46	1	200	0.50	201
47	0	214	0.00	214
48	3	234	1.27	237
49	1	213	0.47	214
50	1	187	0.53	188
51	1	240	0.41	241
52	0	231	0.00	231
53	1	207	0.48	208
54	0	223	0.00	223
55	0	178	0.00	178
56	0	230	0.00	230
57	1	200	0.50	201
58	0	185	0.00	185
59	0	167	0.00	167
60	0	152	0.00	152
61	1	186	0.53	187
62	0	190	0.00	190
63	0	184	0.00	184
64	2	179	1.10	181
65	2	226	0.88	228
66	0	155	0.00	155
67	1	163	0.61	164
68	0	199	0.00	199
69	0	195	0.00	195
70	1	174	0.57	175
71	0	167	0.00	167
72	0	168	0.00	168
73	1	174	0.57	175
74	0	141	0.00	141
75	1	163	0.61	164
76	1	189	0.53	190
77	0	174	0.00	174
78	1	145	0.68	146
79	0	146	0.00	146
80	1	150	0.66	151
81	2	158	1.25	160
82	0	117	0.00	117
83	1	131	0.76	132
84	0	120	0.00	120
85	1	113	0.88	114
86	0	175	0.00	175
87	0	117	0.00	117
88	0	136	0.00	136
89	0	120	0.00	120
90	0	103	0.00	103
91	0	140	0.00	140
92	0	103	0.00	103
93	0	82	0.00	82
94	0	114	0.00	114
95	0	101	0.00	101
96	0	125	0.00	125
97	0	98	0.00	98
98	0	84	0.00	84
99	0	50	0.00	50
100	0	6	0.00	6
101	0	7	0.00	7
102	0	8	0.00	8
103	0	6	0.00	6
104	0	2	0.00	2
105	0	5	0.00	5
106	0	8	0.00	8
107	0	4	0.00	4
108	0	6	0.00	6
109	0	3	0.00	3
110	0	4	0.00	4
111	0	5	0.00	5
112	0	2	0.00	2
113	0	2	0.00	2
114	0	1	0.00	1
115	0	0		0
116	0	3	0.00	3
117	0	3	0.00	3
118	0	3	0.00	3
119	0	2	0.00	2
120	0	1	0.00	1
121	0	0		0
122	0	5	0.00	5
123	0	2	0.00	2
124	0	2	0.00	2
125	0	2	0.00	2
126	0	0		0
127	0	1	0.00	1
128	0	2	0.00	2
129	0	0		0
130	0	0		0
131	0	3	0.00	3
132	0	1	0.00	1
133	0	0		0
134	0	0		0
135	0	2	0.00	2
136	0	2	0.00	2
137	0	1	0.00	1
138	0	0		0
139	0	1	0.00	1
140	0	1	0.00	1
141	0	0		0
142	0	0		0
143	0	1	0.00	1
144	0	0		0
145	0	0		0
146	0	0		0
147	0	1	0.00	1
148	0	1	0.00	1
149	0	2	0.00	2

CHH context (R1)
================
position	count methylated	count unmethylated	% methylation	coverage
1	1	41	2.38	42
2	0	29	0.00	29
3	0	16	0.00	16
4	3	341	0.87	344
5	1	383	0.26	384
6	2	388	0.51	390
7	1	419	0.24	420
8	2	367	0.54	369
9	4	319	1.24	323
10	1	341	0.29	342
11	3	324	0.92	327
12	2	321	0.62	323
13	3	342	0.87	345
14	1	362	0.28	363
15	1	357	0.28	358
16	0	348	0.00	348
17	1	337	0.30	338
18	3	308	0.96	311
19	0	336	0.00	336
20	2	362	0.55	364
21	0	371	0.00	371
22	0	356	0.00	356
23	1	356	0.28	357
24	1	359	0.28	360
25	1	379	0.26	380
26	2	360	0.55	362
27	1	380	0.26	381
28	0	349	0.00	349
29	2	324	0.61	326
30	1	359	0.28	360
31	0	326	0.00	326
32	2	351	0.57	353
33	1	344	0.29	345
34	0	342	0.00	342
35	2	325	0.61	327
36	0	368	0.00	368
37	1	359	0.28	360
38	0	367	0.00	367
39	0	319	0.00	319
40	1	349	0.29	350
41	0	371	0.00	371
42	2	328	0.61	330
43	0	320	0.00	320
44	2	335	0.59	337
45	2	293	0.68	295
46	3	338	0.88	341
47	1	338	0.29	339
48	0	335	0.00	335
49	0	386	0.00	386
50	3	387	0.77	390
51	1	408	0.24	409
52	0	327	0.00	327
53	0	346	0.00	346
54	0	316	0.00	316
55	0	304	0.00	304
56	0	289	0.00	289
57	0	298	0.00	298
58	1	271	0.37	272
59	1	312	0.32	313
60	4	306	1.29	310
61	1	319	0.31	320
62	0	329	0.00	329
63	0	322	0.00	322
64	2	323	0.62	325
65	1	283	0.35	284
66	0	259	0.00	259
67	0	317	0.00	317
68	0	342	0.00	342
69	0	309	0.00	309
70	0	282	0.00	282
71	2	278	0.71	280
72	1	269	0.37	270
73	1	313	0.32	314
74	0	284	0.00	284
75	1	322	0.31	323
76	2	285	0.70	287
77	0	286	0.00	286
78	0	274	0.00	274
79	2	290	0.68	292
80	1	296	0.34	297
81	3	247	1.20	250
82	1	259	0.38	260
83	0	229	0.00	229
84	3	258	1.15	261
85	0	252	0.00	252
86	1	250	0.40	251
87	2	206	0.96	208
88	1	244	0.41	245
89	0	224	0.00	224
90	1	178	0.56	179
91	0	215	0.00	215
92	0	205	0.00	205
93	2	160	1.23	162
94	0	173	0.00	173
95	2	200	0.99	202
96	0	136	0.00	136
97	0	142	0.00	142
98	2	171	1.16	173
99	0	67	0.00	67
100	0	12	0.00	12
101	0	7	0.00	7
102	0	9	0.00	9
103	0	10	0.00	10
104	0	16	0.00	16
105	0	9	0.00	9
106	0	8	0.00	8
107	0	5	0.00	5
108	0	3	0.00	3
109	0	3	0.00	3
110	0	6	0.00	6
111	0	5	0.00	5
112	0	2	0.00	2
113	0	6	0.00	6
114	0	3	0.00	3
115	0	4	0.00	4
116	0	3	0.00	3
117	0	7	0.00	7
118	0	4	0.00	4
119	0	3	0.00	3
120	0	4	0.00	4
121	0	2	0.00	2
122	0	2	0.00	2
123	0	2	0.00	2
124	0	3	0.00	3
125	0	2	0.00	2
126	0	2	0.00	2
127	0	2	0.00	2
128	0	1	0.00	1
129	0	1	0.00	1
130	0	0		0
131	0	0		0
132	0	1	0.00	1
133	0	1	0.00	1
134	0	2	0.00	2
135	0	0		0
136	0	1	0.00	1
137	0	0		0
138	0	0		0
139	0	0		0
140	0	0		0
141	0	0		0
142	0	0		0
143	0	1	0.00	1
144	0	0		0
145	0	0		0
146	0	1	0.00	1
147	0	0		0
148	0	1	0.00	1
149	0	0		0

CpG context (R2)
================
position	count methylated	count unmethylated	% methylation	coverage
1	0	33	0.00	33
2	1	14	6.67	15
3	4	80	4.76	84
4	5	83	5.68	88
5	4	90	4.26	94
6	6	89	6.32	95
7	4	128	3.03	132
8	4	87	4.40	91
9	5	73	6.41	78
10	4	89	4.30	93
11	3	61	4.69	64
12	6	49	10.91	55
13	8	68	10.53	76
14	0	35	0.00	35
15	2	60	3.23	62
16	1	46	2.13	47
17	2	38	5.00	40
18	9	34	20.93	43
19	2	24	7.69	26
20	2	47	4.08	49
21	0	29	0.00	29
22	1	45	2.17	46
23	0	44	0.00	44
24	5	64	7.25	69
25	0	25	0.00	25
26	2	28	6.67	30
27	4	40	9.09	44
28	0	21	0.00	21
29	2	34	5.56	36
30	0	17	0.00	17
31	2	26	7.14	28
32	1	20	4.76	21
33	0	16	0.00	16
34	3	23	11.54	26
35	1	10	9.09	11
36	0	10	0.00	10
37	1	31	3.12	32
38	2	13	13.33	15
39	0	7	0.00	7
40	0	6	0.00	6
41	0	11	0.00	11
42	1	10	9.09	11
43	3	9	25.00	12
44	0	9	0.00	9
45	0	2	0.00	2
46	2	15	11.76	17
47	0	6	0.00	6
48	0	6	0.00	6
49	0	5	0.00	5
50	0	5	0.00	5
51	0	6	0.00	6
52	2	9	18.18	11
53	0	4	0.00	4
54	1	9	10.00	10
55	0	1	0.00	1
56	2	3	40.00	5
57	0	1	0.00	1
58	0	5	0.00	5
59	1	4	20.00	5
60	0	0		0
61	0	0		0
62	0	0		0
63	0	0		0
64	0	0		0
65	0	0		0
66	0	1	0.00	1
67	0	0		0
68	0	0		0
69	0	0		0
70	0	0		0
71	0	0		0
72	0	0		0
73	0	0		0
74	0	0		0
75	0	0		0
76	0	0		0
77	0	0		0
78	0	0		0
79	0	1	0.00	1
80	0	0		0
81	0	0		0
82	0	0		0
83	0	0		0
84	0	0		0
85	0	0		0
86	0	1	0.00	1
87	0	0		0
88	0	0		0
89	0	0		0
90	0	0		0
91	0	0		0
92	0	0		0
93	0	0		0
94	0	0		0
95	0	0		0
96	0	0		0
97	0	0		0

CHG context (R2)
================
position	count methylated	count unmethylated	% methylation	coverage
1	18	2108	0.85	2126
2	0	26	0.00	26
3	0	1	0.00	1
4	0	50	0.00	50
5	0	67	0.00	67
6	1	63	1.56	64
7	2	66	2.94	68
8	0	82	0.00	82
9	0	76	0.00	76
10	0	62	0.00	62
11	0	82	0.00	82
12	0	42	0.00	42
13	0	44	0.00	44
14	0	52	0.00	52
15	0	43	0.00	43
16	0	41	0.00	41
17	1	65	1.52	66
18	0	52	0.00	52
19	0	37	0.00	37
20	0	49	0.00	49
21	0	38	0.00	38
22	0	40	0.00	40
23	0	24	0.00	24
24	0	10	0.00	10
25	0	43	0.00	43
26	0	21	0.00	21
27	0	11	0.00	11
28	0	17	0.00	17
29	0	27	0.00	27
30	0	19	0.00	19
31	0	28	0.00	28
32	0	15	0.00	15
33	0	20	0.00	20
34	0	17	0.00	17
35	1	25	3.85	26
36	0	17	0.00	17
37	0	10	0.00	10
38	0	10	0.00	10
39	0	16	0.00	16
40	0	16	0.00	16
41	1	8	11.11	9
42	0	6	0.00	6
43	0	9	0.00	9
44	0	0		0
45	0	2	0.00	2
46	0	5	0.00	5
47	0	9	0.00	9
48	0	8	0.00	8
49	0	12	0.00	12
50	0	10	0.00	10
51	0	3	0.00	3
52	0	5	0.00	5
53	0	4	0.00	4
54	0	1	0.00	1
55	0	8	0.00	8
56	0	3	0.00	3
57	0	0		0
58	0	2	0.00	2
59	0	3	0.00	3
60	0	5	0.00	5
61	0	0		0
62	0	0		0
63	0	1	0.00	1
64	0	0		0
65	0	0		0
66	0	0		0
67	0	1	0.00	1
68	0	1	0.00	1
69	0	0		0
70	0	0		0
71	0	0		0
72	0	0		0
73	0	0		0
74	0	0		0
75	0	0		0
76	0	0		0
77	0	0		0
78	0	0		0
79	0	0		0
80	0	0		0
81	0	0		0
82	0	0		0
83	0	0		0
84	0	0		0
85	0	0		0
86	0	0		0
87	0	0		0
88	0	0		0
89	0	0		0
90	0	0		0
91	0	0		0
92	0	0		0
93	0	0		0
94	0	0		0
95	0	0		0
96	0	0		0
97	0	1	0.00	1

CHH context (R2)
================
position	count methylated	count unmethylated	% methylation	coverage
1	0	12	0.00	12
2	1	983	0.10	984
3	1	212	0.47	213
4	1	195	0.51	196
5	1	137	0.72	138
6	0	106	0.00	106
7	0	93	0.00	93
8	1	133	0.75	134
9	0	105	0.00	105
10	0	108	0.00	108
11	0	78	0.00	78
12	0	86	0.00	86
13	1	69	1.43	70
14	0	90	0.00	90
15	0	78	0.00	78
16	0	64	0.00	64
17	0	77	0.00	77
18	1	77	1.28	78
19	0	76	0.00	76
20	0	70	0.00	70
21	0	40	0.00	40
22	0	40	0.00	40
23	0	49	0.00	49
24	1	31	3.12	32
25	1	41	2.38	42
26	1	25	3.85	26
27	0	27	0.00	27
28	0	25	0.00	25
29	0	35	0.00	35
30	0	29	0.00	29
31	0	32	0.00	32
32	0	28	0.00	28
33	1	26	3.70	27
34	0	27	0.00	27
35	0	22	0.00	22
36	0	18	0.00	18
37	0	18	0.00	18
38	0	27	0.00	27
39	0	9	0.00	9
40	0	19	0.00	19
41	0	9	0.00	9
42	0	12	0.00	12
43	0	17	0.00	17
44	0	22	0.00	22
45	0	14	0.00	14
46	2	17	10.53	19
47	0	6	0.00	6
48	0	4	0.00	4
49	0	10	0.00	10
50	0	8	0.00	8
51	0	15	0.00	15
52	0	10	0.00	10
53	0	7	0.00	7
54	0	6	0.00	6
55	0	3	0.00	3
56	0	3	0.00	3
57	0	3	0.00	3
58	0	1	0.00	1
59	0	0		0
60	0	1	0.00	1
61	0	3	0.00	3
62	0	4	0.00	4
63	0	0		0
64	0	1	0.00	1
65	0	0		0
66	0	0		0
67	0	0		0
68	0	1	0.00	1
69	0	0		0
70	0	0		0
71	0	0		0
72	0	0		0
73	0	0		0
74	0	0		0
75	0	0		0
76	0	0		0
77	0	0		0
78	0	0		0
79	0	0		0
80	0	0		0
81	0	1	0.00	1
82	0	1	0.00	1
83	0	1	0.00	1
84	0	0		0
85	0	0		0
86	0	0		0
87	0	0		0
88	0	0		0
89	0	0		0
90	0	0		0
91	0	0		0
92	0	0		0
93	0	0		0
94	0	0		0
95	0	0		0
96	0	0		0
97	0	0		0

