CpG context (R1)
================
position	count methylated	count unmethylated	% methylation	coverage
1	192	2172	8.12	2364
2	0	19	0.00	19
3	0	18	0.00	18
4	15	178	7.77	193
5	5	215	2.27	220
6	8	270	2.88	278
7	14	200	6.54	214
8	11	304	3.49	315
9	8	245	3.16	253
10	15	247	5.73	262
11	10	243	3.95	253
12	10	276	3.50	286
13	8	297	2.62	305
14	10	253	3.80	263
15	8	250	3.10	258
16	14	277	4.81	291
17	10	241	3.98	251
18	8	248	3.12	256
19	10	313	3.10	323
20	10	208	4.59	218
21	12	239	4.78	251
22	13	278	4.47	291
23	14	253	5.24	267
24	14	256	5.19	270
25	11	289	3.67	300
26	10	304	3.18	314
27	9	255	3.41	264
28	28	275	9.24	303
29	5	259	1.89	264
30	14	243	5.45	257
31	14	266	5.00	280
32	21	295	6.65	316
33	12	220	5.17	232
34	11	281	3.77	292
35	16	280	5.41	296
36	14	215	6.11	229
37	18	264	6.38	282
38	12	263	4.36	275
39	12	234	4.88	246
40	7	284	2.41	291
41	9	252	3.45	261
42	15	286	4.98	301
43	6	262	2.24	268
44	14	244	5.43	258
45	11	284	3.73	295
46	18	244	6.87	262
47	14	264	5.04	278
48	11	278	3.81	289
49	15	239	5.91	254
50	10	228	4.20	238
51	18	209	7.93	227
52	7	255	2.67	262
53	5	220	2.22	225
54	11	228	4.60	239
55	12	287	4.01	299
56	8	241	3.21	249
57	7	228	2.98	235
58	11	242	4.35	253
59	17	259	6.16	276
60	10	250	3.85	260
61	15	234	6.02	249
62	16	246	6.11	262
63	9	226	3.83	235
64	10	242	3.97	252
65	16	256	5.88	272
66	13	246	5.02	259
67	14	229	5.76	243
68	7	197	3.43	204
69	4	197	1.99	201
70	13	217	5.65	230
71	11	232	4.53	243
72	5	235	2.08	240
73	12	209	5.43	221
74	7	192	3.52	199
75	9	201	4.29	210
76	10	186	5.10	196
77	8	230	3.36	238
78	7	202	3.35	209
79	11	205	5.09	216
80	11	162	6.36	173
81	3	161	1.83	164
82	5	217	2.25	222
83	10	121	7.63	131
84	6	169	3.43	175
85	4	211	1.86	215
86	9	168	5.08	177
87	7	154	4.35	161
88	3	121	2.42	124
89	11	145	7.05	156
90	3	121	2.42	124
91	7	154	4.35	161
92	4	130	2.99	134
93	6	127	4.51	133
94	8	125	6.02	133
95	16	115	12.21	131
96	2	111	1.77	113
97	4	126	3.08	130
98	6	97	5.83	103
99	2	66	2.94	68
100	0	9	0.00	9
101	1	5	16.67	6
102	0	3	0.00	3
103	1	6	14.29	7
104	0	6	0.00	6
105	1	3	25.00	4
106	1	8	11.11	9
107	1	2	33.33	3
108	0	8	0.00	8
109	0	11	0.00	11
110	1	0	100.00	1
111	1	11	8.33	12
112	0	3	0.00	3
113	0	8	0.00	8
114	0	2	0.00	2
115	2	6	25.00	8
116	1	1	50.00	2
117	0	5	0.00	5
118	0	2	0.00	2
119	0	2	0.00	2
120	0	1	0.00	1
121	2	2	50.00	4
122	1	3	25.00	4
123	2	1	66.67	3
124	0	4	0.00	4
125	0	4	0.00	4
126	1	3	25.00	4
127	0	3	0.00	3
128	0	1	0.00	1
129	1	4	20.00	5
130	2	3	40.00	5
131	0	3	0.00	3
132	1	3	25.00	4
133	1	2	33.33	3
134	0	0		0
135	0	1	0.00	1
136	0	4	0.00	4
137	1	2	33.33	3
138	0	2	0.00	2
139	0	2	0.00	2
140	0	2	0.00	2
141	0	1	0.00	1
142	0	2	0.00	2
143	0	1	0.00	1
144	0	0		0
145	0	3	0.00	3
146	0	1	0.00	1
147	0	1	0.00	1
148	0	2	0.00	2
149	0	0		0

CHG context (R1)
================
position	count methylated	count unmethylated	% methylation	coverage
1	0	17	0.00	17
2	0	18	0.00	18
3	0	17	0.00	17
4	0	125	0.00	125
5	0	188	0.00	188
6	2	213	0.93	215
7	0	250	0.00	250
8	1	193	0.52	194
9	4	244	1.61	248
10	0	207	0.00	207
11	0	256	0.00	256
12	0	201	0.00	201
13	1	198	0.50	199
14	1	213	0.47	214
15	2	242	0.82	244
16	0	231	0.00	231
17	2	241	0.82	243
18	0	249	0.00	249
19	2	183	1.08	185
20	2	176	1.12	178
21	2	232	0.85	234
22	1	246	0.40	247
23	0	210	0.00	210
24	0	216	0.00	216
25	0	245	0.00	245
26	1	218	0.46	219
27	0	235	0.00	235
28	0	259	0.00	259
29	0	188	0.00	188
30	0	181	0.00	181
31	0	256	0.00	256
32	1	204	0.49	205
33	2	245	0.81	247
34	0	226	0.00	226
35	2	225	0.88	227
36	0	219	0.00	219
37	0	212	0.00	212
38	0	185	0.00	185
39	0	224	0.00	224
40	1	220	0.45	221
41	3	268	1.11	271
42	0	208	0.00	208
43	0	226	0.00	226
44	0	251	0.00	251
45	0	217	0.00	217
46	0	198	0.00	198
47	0	200	0.00	200
48	0	202	0.00	202
49	0	182	0.00	182
50	1	193	0.52	194
51	1	251	0.40	252
52	0	199	0.00	199
53	1	177	0.56	178
54	1	210	0.47	211
55	2	174	1.14	176
56	0	198	0.00	198
57	3	208	1.42	211
58	1	206	0.48	207
59	0	198	0.00	198
60	1	155	0.64	156
61	0	170	0.00	170
62	0	165	0.00	165
63	0	198	0.00	198
64	0	213	0.00	213
65	0	229	0.00	229
66	1	169	0.59	170
67	0	193	0.00	193
68	0	172	0.00	172
69	0	188	0.00	188
70	0	179	0.00	179
71	0	181	0.00	181
72	0	135	0.00	135
73	0	165	0.00	165
74	0	145	0.00	145
75	0	142	0.00	142
76	0	189	0.00	189
77	1	150	0.66	151
78	1	146	0.68	147
79	0	149	0.00	149
80	0	132	0.00	132
81	1	199	0.50	200
82	0	112	0.00	112
83	1	129	0.77	130
84	0	146	0.00	146
85	0	119	0.00	119
86	0	135	0.00	135
87	0	109	0.00	109
88	1	141	0.70	142
89	0	131	0.00	131
90	1	98	1.01	99
91	0	139	0.00	139
92	1	111	0.89	112
93	0	78	0.00	78
94	0	93	0.00	93
95	1	88	1.12	89
96	0	118	0.00	118
97	0	117	0.00	117
98	1	88	1.12	89
99	0	43	0.00	43
100	0	6	0.00	6
101	0	3	0.00	3
102	0	5	0.00	5
103	0	7	0.00	7
104	0	4	0.00	4
105	0	5	0.00	5
106	0	8	0.00	8
107	0	3	0.00	3
108	0	4	0.00	4
109	0	3	0.00	3
110	0	8	0.00	8
111	0	3	0.00	3
112	0	6	0.00	6
113	0	5	0.00	5
114	0	5	0.00	5
115	0	2	0.00	2
116	0	7	0.00	7
117	0	3	0.00	3
118	0	3	0.00	3
119	0	3	0.00	3
120	0	1	0.00	1
121	0	2	0.00	2
122	0	2	0.00	2
123	0	3	0.00	3
124	0	1	0.00	1
125	0	4	0.00	4
126	0	2	0.00	2
127	0	2	0.00	2
128	0	2	0.00	2
129	0	1	0.00	1
130	0	5	0.00	5
131	0	0		0
132	0	2	0.00	2
133	0	1	0.00	1
134	0	1	0.00	1
135	0	3	0.00	3
136	0	1	0.00	1
137	0	3	0.00	3
138	0	0		0
139	0	2	0.00	2
140	0	1	0.00	1
141	0	1	0.00	1
142	0	0		0
143	0	0		0
144	0	0		0
145	0	1	0.00	1
146	0	0		0
147	0	2	0.00	2
148	0	0		0
149	0	2	0.00	2

CHH context (R1)
================
position	count methylated	count unmethylated	% methylation	coverage
1	0	34	0.00	34
2	0	34	0.00	34
3	0	19	0.00	19
4	0	328	0.00	328
5	4	397	1.00	401
6	3	421	0.71	424
7	1	381	0.26	382
8	0	375	0.00	375
9	2	296	0.67	298
10	2	346	0.57	348
11	2	326	0.61	328
12	1	344	0.29	345
13	0	401	0.00	401
14	1	394	0.25	395
15	0	377	0.00	377
16	1	353	0.28	354
17	0	342	0.00	342
18	0	286	0.00	286
19	1	329	0.30	330
20	1	370	0.27	371
21	0	357	0.00	357
22	1	344	0.29	345
23	1	346	0.29	347
24	0	378	0.00	378
25	2	371	0.54	373
26	0	352	0.00	352
27	1	373	0.27	374
28	1	366	0.27	367
29	0	325	0.00	325
30	1	376	0.27	377
31	0	380	0.00	380
32	0	362	0.00	362
33	0	315	0.00	315
34	0	304	0.00	304
35	1	306	0.33	307
36	1	360	0.28	361
37	1	356	0.28	357
38	2	365	0.54	367
39	1	343	0.29	344
40	3	342	0.87	345
41	1	315	0.32	316
42	0	332	0.00	332
43	1	324	0.31	325
44	2	307	0.65	309
45	0	280	0.00	280
46	1	330	0.30	331
47	0	317	0.00	317
48	1	334	0.30	335
49	1	402	0.25	403
50	1	413	0.24	414
51	1	394	0.25	395
52	1	349	0.29	350
53	0	345	0.00	345
54	0	328	0.00	328
55	1	310	0.32	311
56	1	292	0.34	293
57	1	301	0.33	302
58	2	266	0.75	268
59	1	304	0.33	305
60	1	293	0.34	294
61	1	321	0.31	322
62	2	351	0.57	353
63	1	335	0.30	336
64	1	373	0.27	374
65	0	300	0.00	300
66	0	281	0.00	281
67	1	282	0.35	283
68	1	334	0.30	335
69	0	278	0.00	278
70	0	277	0.00	277
71	2	248	0.80	250
72	1	308	0.32	309
73	1	305	0.33	306
74	0	261	0.00	261
75	0	333	0.00	333
76	1	295	0.34	296
77	2	277	0.72	279
78	1	266	0.37	267
79	1	248	0.40	249
80	0	295	0.00	295
81	0	249	0.00	249
82	0	292	0.00	292
83	4	219	1.79	223
84	0	241	0.00	241
85	0	237	0.00	237
86	0	254	0.00	254
87	1	222	0.45	223
88	0	274	0.00	274
89	2	233	0.85	235
90	1	172	0.58	173
91	0	169	0.00	169
92	0	194	0.00	194
93	0	184	0.00	184
94	1	173	0.57	174
95	0	203	0.00	203
96	0	159	0.00	159
97	1	169	0.59	170
98	1	159	0.62	160
99	0	68	0.00	68
100	0	13	0.00	13
101	0	16	0.00	16
102	0	12	0.00	12
103	1	9	10.00	10
104	0	8	0.00	8
105	0	12	0.00	12
106	0	11	0.00	11
107	0	12	0.00	12
108	0	6	0.00	6
109	0	3	0.00	3
110	0	10	0.00	10
111	0	9	0.00	9
112	0	6	0.00	6
113	0	6	0.00	6
114	0	6	0.00	6
115	0	9	0.00	9
116	0	3	0.00	3
117	0	6	0.00	6
118	0	2	0.00	2
119	0	6	0.00	6
120	0	7	0.00	7
121	0	6	0.00	6
122	0	5	0.00	5
123	0	4	0.00	4
124	0	3	0.00	3
125	0	2	0.00	2
126	0	7	0.00	7
127	0	7	0.00	7
128	0	5	0.00	5
129	0	4	0.00	4
130	0	1	0.00	1
131	0	2	0.00	2
132	0	2	0.00	2
133	0	4	0.00	4
134	0	5	0.00	5
135	0	3	0.00	3
136	0	3	0.00	3
137	0	1	0.00	1
138	0	0		0
139	0	0		0
140	0	1	0.00	1
141	0	0		0
142	0	0		0
143	0	0		0
144	0	1	0.00	1
145	0	1	0.00	1
146	0	0		0
147	0	1	0.00	1
148	0	2	0.00	2
149	0	1	0.00	1

CpG context (R2)
================
position	count methylated	count unmethylated	% methylation	coverage
1	0	21	0.00	21
2	0	18	0.00	18
3	1	72	1.37	73
4	9	76	10.59	85
5	2	99	1.98	101
6	6	101	5.61	107
7	7	123	5.38	130
8	5	79	5.95	84
9	9	72	11.11	81
10	9	86	9.47	95
11	4	66	5.71	70
12	3	72	4.00	75
13	3	77	3.75	80
14	6	39	13.33	45
15	3	60	4.76	63
16	0	52	0.00	52
17	1	50	1.96	51
18	7	31	18.42	38
19	1	36	2.70	37
20	1	43	2.27	44
21	3	28	9.68	31
22	0	35	0.00	35
23	4	40	9.09	44
24	1	46	2.13	47
25	2	32	5.88	34
26	1	31	3.12	32
27	5	25	16.67	30
28	2	23	8.00	25
29	1	38	2.56	39
30	1	21	4.55	22
31	2	35	5.41	37
32	1	25	3.85	26
33	0	18	0.00	18
34	4	19	17.39	23
35	2	20	9.09	22
36	2	11	15.38	13
37	3	21	12.50	24
38	1	16	5.88	17
39	2	14	12.50	16
40	1	5	16.67	6
41	0	9	0.00	9
42	1	6	14.29	7
43	2	20	9.09	22
44	1	12	7.69	13
45	1	5	16.67	6
46	3	14	17.65	17
47	0	6	0.00	6
48	1	9	10.00	10
49	0	4	0.00	4
50	1	6	14.29	7
51	0	5	0.00	5
52	0	5	0.00	5
53	0	2	0.00	2
54	0	5	0.00	5
55	0	4	0.00	4
56	0	2	0.00	2
57	2	1	66.67	3
58	0	3	0.00	3
59	0	2	0.00	2
60	1	2	33.33	3
61	0	2	0.00	2
62	0	1	0.00	1
63	0	4	0.00	4
64	0	2	0.00	2
65	0	2	0.00	2
66	0	3	0.00	3
67	0	0		0
68	0	1	0.00	1
69	0	2	0.00	2
70	0	0		0
71	0	1	0.00	1
72	0	1	0.00	1
73	0	0		0
74	0	0		0
75	0	2	0.00	2
76	0	0		0
77	0	2	0.00	2
78	0	1	0.00	1
79	0	0		0
80	0	1	0.00	1
81	0	0		0
82	0	1	0.00	1
83	0	2	0.00	2
84	0	1	0.00	1
85	0	0		0
86	0	0		0
87	0	1	0.00	1
88	0	0		0
89	0	0		0
90	0	0		0
91	0	0		0

CHG context (R2)
================
position	count methylated	count unmethylated	% methylation	coverage
1	18	2129	0.84	2147
2	0	23	0.00	23
3	0	4	0.00	4
4	1	52	1.89	53
5	0	55	0.00	55
6	0	64	0.00	64
7	0	81	0.00	81
8	1	92	1.08	93
9	1	84	1.18	85
10	0	59	0.00	59
11	1	76	1.30	77
12	0	43	0.00	43
13	0	50	0.00	50
14	1	60	1.64	61
15	0	50	0.00	50
16	0	48	0.00	48
17	0	55	0.00	55
18	0	50	0.00	50
19	0	43	0.00	43
20	0	47	0.00	47
21	0	38	0.00	38
22	0	48	0.00	48
23	0	31	0.00	31
24	0	19	0.00	19
25	0	41	0.00	41
26	1	25	3.85	26
27	0	11	0.00	11
28	0	20	0.00	20
29	0	34	0.00	34
30	0	34	0.00	34
31	0	17	0.00	17
32	0	23	0.00	23
33	0	22	0.00	22
34	0	20	0.00	20
35	0	24	0.00	24
36	0	15	0.00	15
37	0	11	0.00	11
38	0	8	0.00	8
39	0	12	0.00	12
40	0	17	0.00	17
41	0	11	0.00	11
42	0	4	0.00	4
43	0	7	0.00	7
44	0	6	0.00	6
45	0	6	0.00	6
46	0	3	0.00	3
47	0	6	0.00	6
48	0	12	0.00	12
49	0	11	0.00	11
50	0	10	0.00	10
51	0	3	0.00	3
52	0	5	0.00	5
53	0	2	0.00	2
54	0	1	0.00	1
55	0	2	0.00	2
56	0	3	0.00	3
57	0	1	0.00	1
58	0	1	0.00	1
59	0	1	0.00	1
60	0	4	0.00	4
61	0	0		0
62	0	0		0
63	0	4	0.00	4
64	0	1	0.00	1
65	0	0		0
66	0	0		0
67	0	1	0.00	1
68	0	1	0.00	1
69	0	0		0
70	0	2	0.00	2
71	0	1	0.00	1
72	0	0		0
73	0	0		0
74	0	0		0
75	0	1	0.00	1
76	0	0		0
77	0	1	0.00	1
78	0	1	0.00	1
79	0	0		0
80	0	0		0
81	0	0		0
82	0	0		0
83	0	0		0
84	0	1	0.00	1
85	0	0		0
86	0	0		0
87	0	0		0
88	0	1	0.00	1
89	0	0		0
90	0	1	0.00	1
91	0	0		0

CHH context (R2)
================
position	count methylated	count unmethylated	% methylation	coverage
1	0	12	0.00	12
2	4	972	0.41	976
3	2	247	0.80	249
4	0	206	0.00	206
5	0	149	0.00	149
6	0	100	0.00	100
7	1	92	1.08	93
8	0	126	0.00	126
9	0	115	0.00	115
10	0	118	0.00	118
11	0	90	0.00	90
12	0	88	0.00	88
13	0	75	0.00	75
14	0	96	0.00	96
15	0	70	0.00	70
16	1	68	1.45	69
17	0	79	0.00	79
18	1	92	1.08	93
19	0	70	0.00	70
20	0	57	0.00	57
21	0	47	0.00	47
22	0	49	0.00	49
23	0	45	0.00	45
24	0	47	0.00	47
25	1	43	2.27	44
26	0	36	0.00	36
27	1	35	2.78	36
28	0	21	0.00	21
29	0	36	0.00	36
30	0	27	0.00	27
31	0	24	0.00	24
32	1	28	3.45	29
33	0	25	0.00	25
34	0	23	0.00	23
35	0	25	0.00	25
36	0	17	0.00	17
37	0	18	0.00	18
38	0	19	0.00	19
39	0	12	0.00	12
40	1	18	5.26	19
41	0	17	0.00	17
42	0	21	0.00	21
43	0	16	0.00	16
44	0	16	0.00	16
45	0	23	0.00	23
46	0	14	0.00	14
47	0	11	0.00	11
48	0	3	0.00	3
49	0	12	0.00	12
50	0	11	0.00	11
51	0	19	0.00	19
52	0	15	0.00	15
53	0	10	0.00	10
54	0	8	0.00	8
55	0	4	0.00	4
56	0	7	0.00	7
57	0	3	0.00	3
58	0	5	0.00	5
59	0	3	0.00	3
60	0	0		0
61	0	2	0.00	2
62	0	1	0.00	1
63	0	0		0
64	0	1	0.00	1
65	0	0		0
66	0	1	0.00	1
67	0	1	0.00	1
68	0	3	0.00	3
69	0	1	0.00	1
70	0	1	0.00	1
71	0	2	0.00	2
72	0	1	0.00	1
73	0	1	0.00	1
74	0	1	0.00	1
75	0	0		0
76	0	1	0.00	1
77	0	0		0
78	0	1	0.00	1
79	0	1	0.00	1
80	0	0		0
81	0	0		0
82	0	0		0
83	0	0		0
84	0	0		0
85	0	1	0.00	1
86	0	0		0
87	0	0		0
88	0	0		0
89	0	1	0.00	1
90	0	0		0
91	0	1	0.00	1

