CpG context (R1)
================
position	count methylated	count unmethylated	% methylation	coverage
1	209	2163	8.81	2372
2	0	18	0.00	18
3	0	11	0.00	11
4	14	159	8.09	173
5	13	211	5.80	224
6	14	269	4.95	283
7	10	218	4.39	228
8	12	265	4.33	277
9	6	252	2.33	258
10	10	245	3.92	255
11	9	268	3.25	277
12	13	279	4.45	292
13	15	303	4.72	318
14	13	261	4.74	274
15	13	249	4.96	262
16	8	266	2.92	274
17	11	233	4.51	244
18	6	257	2.28	263
19	15	314	4.56	329
20	10	225	4.26	235
21	7	200	3.38	207
22	12	289	3.99	301
23	16	260	5.80	276
24	16	258	5.84	274
25	12	284	4.05	296
26	11	312	3.41	323
27	10	262	3.68	272
28	16	269	5.61	285
29	7	298	2.30	305
30	14	260	5.11	274
31	8	297	2.62	305
32	8	272	2.86	280
33	14	206	6.36	220
34	19	246	7.17	265
35	11	261	4.04	272
36	16	218	6.84	234
37	13	241	5.12	254
38	10	226	4.24	236
39	13	256	4.83	269
40	9	268	3.25	277
41	20	230	8.00	250
42	13	324	3.86	337
43	13	242	5.10	255
44	15	242	5.84	257
45	20	308	6.10	328
46	12	226	5.04	238
47	16	277	5.46	293
48	17	272	5.88	289
49	15	225	6.25	240
50	11	264	4.00	275
51	9	259	3.36	268
52	13	278	4.47	291
53	12	215	5.29	227
54	13	273	4.55	286
55	4	286	1.38	290
56	19	228	7.69	247
57	10	270	3.57	280
58	12	244	4.69	256
59	12	260	4.41	272
60	15	238	5.93	253
61	16	250	6.02	266
62	11	249	4.23	260
63	23	217	9.58	240
64	13	237	5.20	250
65	13	258	4.80	271
66	10	231	4.15	241
67	14	217	6.06	231
68	12	205	5.53	217
69	12	197	5.74	209
70	18	228	7.32	246
71	13	245	5.04	258
72	8	252	3.08	260
73	11	231	4.55	242
74	8	179	4.28	187
75	9	177	4.84	186
76	14	206	6.36	220
77	14	222	5.93	236
78	4	187	2.09	191
79	8	203	3.79	211
80	10	187	5.08	197
81	5	170	2.86	175
82	4	194	2.02	198
83	6	150	3.85	156
84	6	154	3.75	160
85	5	179	2.72	184
86	5	172	2.82	177
87	9	197	4.37	206
88	0	125	0.00	125
89	11	148	6.92	159
90	7	123	5.38	130
91	7	142	4.70	149
92	2	146	1.35	148
93	8	134	5.63	142
94	10	135	6.90	145
95	4	117	3.31	121
96	12	115	9.45	127
97	13	127	9.29	140
98	4	100	3.85	104
99	2	52	3.70	54
100	0	9	0.00	9
101	0	6	0.00	6
102	0	2	0.00	2
103	0	3	0.00	3
104	1	4	20.00	5
105	0	2	0.00	2
106	1	2	33.33	3
107	0	5	0.00	5
108	0	4	0.00	4
109	0	3	0.00	3
110	0	0		0
111	0	1	0.00	1
112	0	9	0.00	9
113	0	1	0.00	1
114	0	1	0.00	1
115	0	1	0.00	1
116	1	2	33.33	3
117	0	2	0.00	2
118	0	2	0.00	2
119	0	1	0.00	1
120	0	1	0.00	1
121	0	2	0.00	2
122	0	1	0.00	1
123	1	0	100.00	1
124	0	2	0.00	2
125	0	1	0.00	1
126	1	2	33.33	3
127	0	1	0.00	1
128	0	1	0.00	1
129	0	2	0.00	2
130	0	1	0.00	1
131	0	3	0.00	3
132	0	2	0.00	2
133	0	0		0
134	0	0		0
135	0	0		0
136	0	0		0
137	0	0		0
138	0	0		0
139	0	1	0.00	1
140	0	0		0
141	0	1	0.00	1
142	0	1	0.00	1
143	0	0		0
144	0	0		0
145	0	1	0.00	1
146	0	0		0
147	0	0		0
148	0	1	0.00	1
149	0	0		0

CHG context (R1)
================
position	count methylated	count unmethylated	% methylation	coverage
1	0	20	0.00	20
2	0	17	0.00	17
3	0	12	0.00	12
4	0	115	0.00	115
5	0	215	0.00	215
6	1	221	0.45	222
7	2	269	0.74	271
8	0	225	0.00	225
9	0	247	0.00	247
10	0	196	0.00	196
11	0	233	0.00	233
12	1	175	0.57	176
13	0	201	0.00	201
14	0	208	0.00	208
15	0	247	0.00	247
16	0	208	0.00	208
17	4	231	1.70	235
18	2	245	0.81	247
19	0	169	0.00	169
20	0	182	0.00	182
21	0	225	0.00	225
22	1	217	0.46	218
23	0	198	0.00	198
24	0	197	0.00	197
25	0	260	0.00	260
26	1	186	0.53	187
27	0	215	0.00	215
28	0	272	0.00	272
29	2	186	1.06	188
30	2	215	0.92	217
31	2	239	0.83	241
32	0	175	0.00	175
33	0	224	0.00	224
34	1	240	0.41	241
35	1	234	0.43	235
36	1	224	0.44	225
37	1	182	0.55	183
38	0	198	0.00	198
39	1	218	0.46	219
40	0	190	0.00	190
41	1	272	0.37	273
42	0	218	0.00	218
43	0	199	0.00	199
44	1	263	0.38	264
45	1	201	0.50	202
46	0	234	0.00	234
47	1	190	0.52	191
48	3	194	1.52	197
49	1	219	0.45	220
50	0	212	0.00	212
51	3	243	1.22	246
52	1	197	0.51	198
53	1	203	0.49	204
54	2	228	0.87	230
55	0	175	0.00	175
56	1	210	0.47	211
57	0	203	0.00	203
58	0	211	0.00	211
59	2	178	1.11	180
60	1	121	0.82	122
61	2	188	1.05	190
62	1	185	0.54	186
63	0	183	0.00	183
64	1	184	0.54	185
65	1	181	0.55	182
66	0	184	0.00	184
67	1	163	0.61	164
68	0	203	0.00	203
69	0	188	0.00	188
70	1	190	0.52	191
71	0	170	0.00	170
72	0	161	0.00	161
73	0	173	0.00	173
74	0	160	0.00	160
75	1	159	0.62	160
76	0	155	0.00	155
77	0	171	0.00	171
78	1	176	0.56	177
79	0	137	0.00	137
80	0	122	0.00	122
81	1	191	0.52	192
82	0	120	0.00	120
83	2	130	1.52	132
84	1	122	0.81	123
85	0	101	0.00	101
86	0	166	0.00	166
87	1	117	0.85	118
88	3	106	2.75	109
89	0	120	0.00	120
90	0	113	0.00	113
91	2	141	1.40	143
92	0	90	0.00	90
93	0	80	0.00	80
94	1	107	0.93	108
95	0	98	0.00	98
96	1	109	0.91	110
97	0	116	0.00	116
98	0	93	0.00	93
99	0	50	0.00	50
100	0	8	0.00	8
101	0	3	0.00	3
102	0	2	0.00	2
103	0	4	0.00	4
104	0	5	0.00	5
105	0	3	0.00	3
106	0	4	0.00	4
107	0	2	0.00	2
108	0	1	0.00	1
109	0	2	0.00	2
110	0	2	0.00	2
111	0	2	0.00	2
112	0	4	0.00	4
113	0	0		0
114	0	1	0.00	1
115	0	0		0
116	0	1	0.00	1
117	0	1	0.00	1
118	0	2	0.00	2
119	0	0		0
120	0	0		0
121	0	1	0.00	1
122	0	0		0
123	0	1	0.00	1
124	0	2	0.00	2
125	0	2	0.00	2
126	0	1	0.00	1
127	0	2	0.00	2
128	0	2	0.00	2
129	0	0		0
130	0	1	0.00	1
131	0	0		0
132	0	0		0
133	0	0		0
134	0	1	0.00	1
135	0	1	0.00	1
136	0	1	0.00	1
137	0	0		0
138	0	0		0
139	0	1	0.00	1
140	0	0		0
141	0	0		0
142	0	0		0
143	0	0		0
144	0	0		0
145	0	0		0
146	0	0		0
147	0	2	0.00	2
148	0	1	0.00	1
149	0	1	0.00	1

CHH context (R1)
================
position	count methylated	count unmethylated	% methylation	coverage
1	1	33	2.94	34
2	1	34	2.86	35
3	1	19	5.00	20
4	1	364	0.27	365
5	1	406	0.25	407
6	2	433	0.46	435
7	0	380	0.00	380
8	4	344	1.15	348
9	0	348	0.00	348
10	3	317	0.94	320
11	2	298	0.67	300
12	1	340	0.29	341
13	0	372	0.00	372
14	0	373	0.00	373
15	2	340	0.58	342
16	1	351	0.28	352
17	2	315	0.63	317
18	2	300	0.66	302
19	0	322	0.00	322
20	0	349	0.00	349
21	2	357	0.56	359
22	2	353	0.56	355
23	1	376	0.27	377
24	0	362	0.00	362
25	0	386	0.00	386
26	2	375	0.53	377
27	0	398	0.00	398
28	1	371	0.27	372
29	0	354	0.00	354
30	0	368	0.00	368
31	1	336	0.30	337
32	2	396	0.50	398
33	1	351	0.28	352
34	4	344	1.15	348
35	1	331	0.30	332
36	1	357	0.28	358
37	2	322	0.62	324
38	1	355	0.28	356
39	2	328	0.61	330
40	1	320	0.31	321
41	1	319	0.31	320
42	0	330	0.00	330
43	0	336	0.00	336
44	1	327	0.30	328
45	1	319	0.31	320
46	1	305	0.33	306
47	1	316	0.32	317
48	1	308	0.32	309
49	1	362	0.28	363
50	2	387	0.51	389
51	1	368	0.27	369
52	1	364	0.27	365
53	2	338	0.59	340
54	1	310	0.32	311
55	2	329	0.60	331
56	4	292	1.35	296
57	0	303	0.00	303
58	3	259	1.15	262
59	0	326	0.00	326
60	3	332	0.90	335
61	1	342	0.29	343
62	1	335	0.30	336
63	2	334	0.60	336
64	1	369	0.27	370
65	1	350	0.28	351
66	0	311	0.00	311
67	0	343	0.00	343
68	1	317	0.31	318
69	2	291	0.68	293
70	1	265	0.38	266
71	0	254	0.00	254
72	1	258	0.39	259
73	0	284	0.00	284
74	5	270	1.82	275
75	2	296	0.67	298
76	0	309	0.00	309
77	0	286	0.00	286
78	0	271	0.00	271
79	1	279	0.36	280
80	0	308	0.00	308
81	1	239	0.42	240
82	3	271	1.09	274
83	1	255	0.39	256
84	1	220	0.45	221
85	1	252	0.40	253
86	1	259	0.38	260
87	0	204	0.00	204
88	0	238	0.00	238
89	1	225	0.44	226
90	0	202	0.00	202
91	1	182	0.55	183
92	1	213	0.47	214
93	0	167	0.00	167
94	1	159	0.62	160
95	0	178	0.00	178
96	0	166	0.00	166
97	0	146	0.00	146
98	0	163	0.00	163
99	0	50	0.00	50
100	0	4	0.00	4
101	0	4	0.00	4
102	0	3	0.00	3
103	0	8	0.00	8
104	0	12	0.00	12
105	0	7	0.00	7
106	0	9	0.00	9
107	0	5	0.00	5
108	0	3	0.00	3
109	0	4	0.00	4
110	0	6	0.00	6
111	0	2	0.00	2
112	0	2	0.00	2
113	0	1	0.00	1
114	0	1	0.00	1
115	0	5	0.00	5
116	0	4	0.00	4
117	0	3	0.00	3
118	0	1	0.00	1
119	0	2	0.00	2
120	0	2	0.00	2
121	0	2	0.00	2
122	0	3	0.00	3
123	0	2	0.00	2
124	0	2	0.00	2
125	0	1	0.00	1
126	0	1	0.00	1
127	0	1	0.00	1
128	0	3	0.00	3
129	0	2	0.00	2
130	0	0		0
131	0	0		0
132	0	0		0
133	0	1	0.00	1
134	0	1	0.00	1
135	0	1	0.00	1
136	0	0		0
137	0	1	0.00	1
138	0	0		0
139	0	0		0
140	0	0		0
141	0	0		0
142	0	0		0
143	0	0		0
144	0	0		0
145	0	0		0
146	0	1	0.00	1
147	0	1	0.00	1
148	0	0		0
149	0	0		0

CpG context (R2)
================
position	count methylated	count unmethylated	% methylation	coverage
1	0	24	0.00	24
2	0	17	0.00	17
3	6	68	8.11	74
4	5	76	6.17	81
5	5	93	5.10	98
6	5	98	4.85	103
7	7	100	6.54	107
8	2	74	2.63	76
9	5	78	6.02	83
10	6	93	6.06	99
11	2	63	3.08	65
12	1	65	1.52	66
13	3	83	3.49	86
14	1	31	3.12	32
15	2	54	3.57	56
16	1	50	1.96	51
17	1	49	2.00	50
18	2	53	3.64	55
19	1	34	2.86	35
20	2	45	4.26	47
21	4	38	9.52	42
22	1	29	3.33	30
23	3	34	8.11	37
24	3	57	5.00	60
25	0	27	0.00	27
26	1	31	3.12	32
27	1	41	2.38	42
28	1	21	4.55	22
29	2	33	5.71	35
30	1	21	4.55	22
31	2	29	6.45	31
32	1	17	5.56	18
33	1	12	7.69	13
34	1	25	3.85	26
35	1	15	6.25	16
36	2	10	16.67	12
37	0	18	0.00	18
38	0	20	0.00	20
39	0	10	0.00	10
40	0	5	0.00	5
41	0	15	0.00	15
42	0	12	0.00	12
43	1	15	6.25	16
44	1	15	6.25	16
45	0	3	0.00	3
46	1	15	6.25	16
47	1	3	25.00	4
48	0	5	0.00	5
49	0	3	0.00	3
50	0	7	0.00	7
51	1	6	14.29	7
52	0	5	0.00	5
53	0	5	0.00	5
54	0	3	0.00	3
55	0	5	0.00	5
56	1	2	33.33	3
57	0	1	0.00	1
58	0	8	0.00	8
59	0	3	0.00	3
60	0	0		0
61	0	3	0.00	3
62	0	1	0.00	1
63	0	1	0.00	1
64	0	4	0.00	4
65	0	0		0
66	0	4	0.00	4
67	0	1	0.00	1
68	0	0		0
69	0	1	0.00	1
70	0	0		0
71	0	0		0
72	0	0		0
73	0	1	0.00	1
74	0	0		0
75	1	1	50.00	2
76	0	1	0.00	1
77	0	1	0.00	1
78	0	1	0.00	1
79	0	2	0.00	2
80	0	0		0
81	0	0		0
82	0	2	0.00	2
83	0	0		0
84	0	1	0.00	1
85	0	1	0.00	1
86	0	0		0
87	0	2	0.00	2
88	0	0		0
89	0	0		0
90	0	0		0
91	0	1	0.00	1
92	0	0		0
93	0	1	0.00	1
94	0	1	0.00	1
95	0	0		0
96	0	0		0
97	0	1	0.00	1

CHG context (R2)
================
position	count methylated	count unmethylated	% methylation	coverage
1	20	2130	0.93	2150
2	0	25	0.00	25
3	0	2	0.00	2
4	0	40	0.00	40
5	1	62	1.59	63
6	0	67	0.00	67
7	0	82	0.00	82
8	1	93	1.06	94
9	0	74	0.00	74
10	0	46	0.00	46
11	1	57	1.72	58
12	0	30	0.00	30
13	0	50	0.00	50
14	1	55	1.79	56
15	0	40	0.00	40
16	0	48	0.00	48
17	0	52	0.00	52
18	0	54	0.00	54
19	0	48	0.00	48
20	0	50	0.00	50
21	0	34	0.00	34
22	0	44	0.00	44
23	1	21	4.55	22
24	0	17	0.00	17
25	1	44	2.22	45
26	0	14	0.00	14
27	0	15	0.00	15
28	0	17	0.00	17
29	0	16	0.00	16
30	0	21	0.00	21
31	0	28	0.00	28
32	0	17	0.00	17
33	0	23	0.00	23
34	0	16	0.00	16
35	0	17	0.00	17
36	0	15	0.00	15
37	0	11	0.00	11
38	0	9	0.00	9
39	0	18	0.00	18
40	0	17	0.00	17
41	0	10	0.00	10
42	0	7	0.00	7
43	0	7	0.00	7
44	0	6	0.00	6
45	0	7	0.00	7
46	0	0		0
47	0	7	0.00	7
48	0	6	0.00	6
49	0	8	0.00	8
50	0	9	0.00	9
51	0	5	0.00	5
52	0	12	0.00	12
53	0	6	0.00	6
54	0	2	0.00	2
55	0	2	0.00	2
56	0	5	0.00	5
57	0	0		0
58	0	4	0.00	4
59	0	0		0
60	0	6	0.00	6
61	0	0		0
62	0	3	0.00	3
63	0	5	0.00	5
64	1	1	50.00	2
65	0	3	0.00	3
66	0	0		0
67	0	5	0.00	5
68	0	0		0
69	0	0		0
70	0	3	0.00	3
71	0	0		0
72	0	1	0.00	1
73	0	2	0.00	2
74	0	1	0.00	1
75	0	1	0.00	1
76	0	0		0
77	0	0		0
78	0	1	0.00	1
79	0	0		0
80	0	1	0.00	1
81	0	0		0
82	0	0		0
83	0	0		0
84	0	0		0
85	0	1	0.00	1
86	0	0		0
87	0	1	0.00	1
88	0	1	0.00	1
89	0	0		0
90	0	0		0
91	0	0		0
92	0	0		0
93	0	0		0
94	0	0		0
95	0	0		0
96	0	0		0
97	0	0		0

CHH context (R2)
================
position	count methylated	count unmethylated	% methylation	coverage
1	0	15	0.00	15
2	3	979	0.31	982
3	2	238	0.83	240
4	0	198	0.00	198
5	0	127	0.00	127
6	0	109	0.00	109
7	1	101	0.98	102
8	0	128	0.00	128
9	0	105	0.00	105
10	0	109	0.00	109
11	0	84	0.00	84
12	1	66	1.49	67
13	0	52	0.00	52
14	0	90	0.00	90
15	0	79	0.00	79
16	0	55	0.00	55
17	0	67	0.00	67
18	0	72	0.00	72
19	0	74	0.00	74
20	0	56	0.00	56
21	0	54	0.00	54
22	0	44	0.00	44
23	0	50	0.00	50
24	0	42	0.00	42
25	0	35	0.00	35
26	0	34	0.00	34
27	0	25	0.00	25
28	0	26	0.00	26
29	0	32	0.00	32
30	0	24	0.00	24
31	0	20	0.00	20
32	0	32	0.00	32
33	0	23	0.00	23
34	0	28	0.00	28
35	0	23	0.00	23
36	0	18	0.00	18
37	0	16	0.00	16
38	0	16	0.00	16
39	0	11	0.00	11
40	0	17	0.00	17
41	0	12	0.00	12
42	0	14	0.00	14
43	0	19	0.00	19
44	0	20	0.00	20
45	0	11	0.00	11
46	0	14	0.00	14
47	0	10	0.00	10
48	0	7	0.00	7
49	0	5	0.00	5
50	0	2	0.00	2
51	0	10	0.00	10
52	0	7	0.00	7
53	0	12	0.00	12
54	0	9	0.00	9
55	0	11	0.00	11
56	0	6	0.00	6
57	0	5	0.00	5
58	0	3	0.00	3
59	0	1	0.00	1
60	0	3	0.00	3
61	0	3	0.00	3
62	0	2	0.00	2
63	0	0		0
64	0	1	0.00	1
65	0	1	0.00	1
66	0	0		0
67	0	1	0.00	1
68	0	2	0.00	2
69	0	2	0.00	2
70	0	0		0
71	0	1	0.00	1
72	0	1	0.00	1
73	0	0		0
74	0	2	0.00	2
75	0	1	0.00	1
76	0	0		0
77	0	0		0
78	0	0		0
79	0	2	0.00	2
80	0	0		0
81	0	0		0
82	0	0		0
83	0	0		0
84	0	0		0
85	0	0		0
86	0	0		0
87	0	0		0
88	0	0		0
89	0	0		0
90	0	1	0.00	1
91	0	0		0
92	0	0		0
93	0	0		0
94	0	0		0
95	0	0		0
96	0	0		0
97	0	0		0

