CpG context (R1)
================
position	count methylated	count unmethylated	% methylation	coverage
1	211	2171	8.86	2382
2	0	20	0.00	20
3	0	11	0.00	11
4	12	172	6.52	184
5	15	195	7.14	210
6	8	274	2.84	282
7	15	222	6.33	237
8	22	296	6.92	318
9	13	225	5.46	238
10	15	254	5.58	269
11	6	259	2.26	265
12	10	280	3.45	290
13	19	270	6.57	289
14	9	268	3.25	277
15	9	243	3.57	252
16	12	288	4.00	300
17	6	253	2.32	259
18	11	251	4.20	262
19	8	331	2.36	339
20	13	230	5.35	243
21	13	218	5.63	231
22	15	277	5.14	292
23	13	248	4.98	261
24	13	227	5.42	240
25	6	315	1.87	321
26	12	301	3.83	313
27	13	262	4.73	275
28	19	289	6.17	308
29	6	263	2.23	269
30	14	259	5.13	273
31	18	293	5.79	311
32	8	270	2.88	278
33	6	217	2.69	223
34	15	238	5.93	253
35	21	257	7.55	278
36	13	216	5.68	229
37	14	268	4.96	282
38	15	229	6.15	244
39	4	241	1.63	245
40	11	255	4.14	266
41	13	248	4.98	261
42	16	289	5.25	305
43	9	232	3.73	241
44	19	256	6.91	275
45	13	284	4.38	297
46	15	226	6.22	241
47	20	267	6.97	287
48	20	231	7.97	251
49	20	211	8.66	231
50	13	235	5.24	248
51	15	255	5.56	270
52	12	229	4.98	241
53	12	247	4.63	259
54	10	260	3.70	270
55	18	286	5.92	304
56	12	217	5.24	229
57	13	219	5.60	232
58	14	227	5.81	241
59	10	283	3.41	293
60	18	236	7.09	254
61	19	250	7.06	269
62	11	222	4.72	233
63	14	200	6.54	214
64	18	251	6.69	269
65	13	270	4.59	283
66	11	255	4.14	266
67	8	213	3.62	221
68	9	189	4.55	198
69	4	220	1.79	224
70	14	203	6.45	217
71	13	243	5.08	256
72	15	235	6.00	250
73	8	216	3.57	224
74	11	198	5.26	209
75	11	174	5.95	185
76	10	196	4.85	206
77	13	213	5.75	226
78	10	199	4.78	209
79	12	211	5.38	223
80	5	203	2.40	208
81	5	159	3.05	164
82	11	196	5.31	207
83	10	125	7.41	135
84	4	180	2.17	184
85	9	205	4.21	214
86	12	168	6.67	180
87	6	193	3.02	199
88	5	116	4.13	121
89	13	160	7.51	173
90	8	121	6.20	129
91	6	146	3.95	152
92	5	147	3.29	152
93	7	159	4.22	166
94	9	133	6.34	142
95	11	125	8.09	136
96	8	120	6.25	128
97	7	128	5.19	135
98	5	105	4.55	110
99	3	47	6.00	50
100	0	10	0.00	10
101	0	4	0.00	4
102	0	2	0.00	2
103	0	4	0.00	4
104	0	5	0.00	5
105	0	3	0.00	3
106	0	6	0.00	6
107	0	2	0.00	2
108	0	7	0.00	7
109	1	5	16.67	6
110	0	2	0.00	2
111	0	5	0.00	5
112	0	4	0.00	4
113	0	4	0.00	4
114	0	2	0.00	2
115	0	4	0.00	4
116	0	0		0
117	0	4	0.00	4
118	1	0	100.00	1
119	0	3	0.00	3
120	0	0		0
121	2	0	100.00	2
122	0	2	0.00	2
123	0	2	0.00	2
124	1	1	50.00	2
125	0	0		0
126	0	3	0.00	3
127	0	1	0.00	1
128	0	4	0.00	4
129	0	2	0.00	2
130	0	2	0.00	2
131	0	1	0.00	1
132	1	1	50.00	2
133	0	1	0.00	1
134	0	0		0
135	0	0		0
136	0	1	0.00	1
137	0	3	0.00	3
138	0	0		0
139	1	2	33.33	3
140	0	3	0.00	3
141	0	1	0.00	1
142	0	2	0.00	2
143	0	1	0.00	1
144	0	2	0.00	2
145	1	0	100.00	1
146	0	0		0
147	0	0		0
148	0	3	0.00	3
149	0	0		0

CHG context (R1)
================
position	count methylated	count unmethylated	% methylation	coverage
1	0	16	0.00	16
2	0	19	0.00	19
3	0	7	0.00	7
4	1	141	0.70	142
5	0	196	0.00	196
6	0	226	0.00	226
7	2	240	0.83	242
8	0	215	0.00	215
9	1	218	0.46	219
10	0	212	0.00	212
11	1	215	0.46	216
12	0	220	0.00	220
13	1	220	0.45	221
14	0	202	0.00	202
15	0	238	0.00	238
16	1	224	0.44	225
17	3	242	1.22	245
18	0	266	0.00	266
19	1	204	0.49	205
20	0	137	0.00	137
21	1	205	0.49	206
22	1	242	0.41	243
23	0	211	0.00	211
24	0	204	0.00	204
25	2	235	0.84	237
26	1	176	0.56	177
27	0	249	0.00	249
28	1	248	0.40	249
29	0	174	0.00	174
30	1	194	0.51	195
31	2	240	0.83	242
32	0	200	0.00	200
33	0	244	0.00	244
34	0	220	0.00	220
35	0	207	0.00	207
36	1	217	0.46	218
37	1	197	0.51	198
38	0	220	0.00	220
39	4	259	1.52	263
40	0	223	0.00	223
41	1	257	0.39	258
42	0	207	0.00	207
43	3	205	1.44	208
44	1	255	0.39	256
45	0	196	0.00	196
46	3	245	1.21	248
47	0	201	0.00	201
48	2	214	0.93	216
49	0	203	0.00	203
50	0	209	0.00	209
51	1	230	0.43	231
52	0	201	0.00	201
53	0	205	0.00	205
54	0	205	0.00	205
55	1	185	0.54	186
56	0	201	0.00	201
57	1	212	0.47	213
58	0	232	0.00	232
59	0	171	0.00	171
60	1	156	0.64	157
61	0	185	0.00	185
62	0	173	0.00	173
63	0	195	0.00	195
64	2	207	0.96	209
65	0	196	0.00	196
66	1	179	0.56	180
67	0	181	0.00	181
68	0	194	0.00	194
69	0	187	0.00	187
70	1	185	0.54	186
71	0	166	0.00	166
72	0	185	0.00	185
73	1	161	0.62	162
74	0	164	0.00	164
75	0	138	0.00	138
76	1	205	0.49	206
77	0	179	0.00	179
78	0	157	0.00	157
79	0	159	0.00	159
80	2	134	1.47	136
81	0	184	0.00	184
82	0	131	0.00	131
83	0	152	0.00	152
84	0	124	0.00	124
85	0	113	0.00	113
86	0	165	0.00	165
87	0	111	0.00	111
88	2	123	1.60	125
89	1	126	0.79	127
90	0	104	0.00	104
91	0	172	0.00	172
92	0	98	0.00	98
93	1	83	1.19	84
94	0	107	0.00	107
95	0	115	0.00	115
96	0	115	0.00	115
97	0	124	0.00	124
98	0	112	0.00	112
99	0	42	0.00	42
100	0	10	0.00	10
101	0	5	0.00	5
102	0	5	0.00	5
103	1	4	20.00	5
104	0	2	0.00	2
105	0	8	0.00	8
106	0	3	0.00	3
107	0	6	0.00	6
108	1	3	25.00	4
109	0	5	0.00	5
110	0	6	0.00	6
111	0	3	0.00	3
112	0	2	0.00	2
113	0	3	0.00	3
114	0	4	0.00	4
115	0	1	0.00	1
116	0	1	0.00	1
117	0	0		0
118	0	5	0.00	5
119	0	1	0.00	1
120	0	1	0.00	1
121	0	4	0.00	4
122	0	2	0.00	2
123	0	1	0.00	1
124	0	1	0.00	1
125	0	1	0.00	1
126	0	1	0.00	1
127	0	4	0.00	4
128	0	1	0.00	1
129	0	0		0
130	0	2	0.00	2
131	0	1	0.00	1
132	0	1	0.00	1
133	0	0		0
134	0	2	0.00	2
135	0	1	0.00	1
136	0	3	0.00	3
137	0	0		0
138	0	1	0.00	1
139	0	4	0.00	4
140	0	0		0
141	0	0		0
142	0	1	0.00	1
143	0	0		0
144	0	1	0.00	1
145	0	0		0
146	0	0		0
147	0	2	0.00	2
148	0	1	0.00	1
149	0	1	0.00	1

CHH context (R1)
================
position	count methylated	count unmethylated	% methylation	coverage
1	1	27	3.57	28
2	0	26	0.00	26
3	0	20	0.00	20
4	0	324	0.00	324
5	3	388	0.77	391
6	1	410	0.24	411
7	0	360	0.00	360
8	1	335	0.30	336
9	3	314	0.95	317
10	2	350	0.57	352
11	0	325	0.00	325
12	0	345	0.00	345
13	1	330	0.30	331
14	1	357	0.28	358
15	1	365	0.27	366
16	0	364	0.00	364
17	1	345	0.29	346
18	0	281	0.00	281
19	2	312	0.64	314
20	0	356	0.00	356
21	1	357	0.28	358
22	0	343	0.00	343
23	1	335	0.30	336
24	1	335	0.30	336
25	2	349	0.57	351
26	2	326	0.61	328
27	1	369	0.27	370
28	1	352	0.28	353
29	0	322	0.00	322
30	1	386	0.26	387
31	2	366	0.54	368
32	4	361	1.10	365
33	6	344	1.71	350
34	0	329	0.00	329
35	0	318	0.00	318
36	1	336	0.30	337
37	1	356	0.28	357
38	2	340	0.58	342
39	2	323	0.62	325
40	0	310	0.00	310
41	2	333	0.60	335
42	2	333	0.60	335
43	0	337	0.00	337
44	2	329	0.60	331
45	0	299	0.00	299
46	3	359	0.83	362
47	1	304	0.33	305
48	2	319	0.62	321
49	0	388	0.00	388
50	1	419	0.24	420
51	2	385	0.52	387
52	1	377	0.26	378
53	1	359	0.28	360
54	0	277	0.00	277
55	0	323	0.00	323
56	0	283	0.00	283
57	0	299	0.00	299
58	1	276	0.36	277
59	0	292	0.00	292
60	1	298	0.33	299
61	0	314	0.00	314
62	0	331	0.00	331
63	1	332	0.30	333
64	2	363	0.55	365
65	0	315	0.00	315
66	2	284	0.70	286
67	1	360	0.28	361
68	3	409	0.73	412
69	0	334	0.00	334
70	1	294	0.34	295
71	1	307	0.32	308
72	3	247	1.20	250
73	1	269	0.37	270
74	0	236	0.00	236
75	0	291	0.00	291
76	1	296	0.34	297
77	0	280	0.00	280
78	1	268	0.37	269
79	0	265	0.00	265
80	1	271	0.37	272
81	3	269	1.10	272
82	0	279	0.00	279
83	0	222	0.00	222
84	0	223	0.00	223
85	2	254	0.78	256
86	2	245	0.81	247
87	2	189	1.05	191
88	1	254	0.39	255
89	1	210	0.47	211
90	0	212	0.00	212
91	0	180	0.00	180
92	0	199	0.00	199
93	2	180	1.10	182
94	0	183	0.00	183
95	2	213	0.93	215
96	1	153	0.65	154
97	2	180	1.10	182
98	2	170	1.16	172
99	0	66	0.00	66
100	0	11	0.00	11
101	0	9	0.00	9
102	0	4	0.00	4
103	0	9	0.00	9
104	0	8	0.00	8
105	0	9	0.00	9
106	0	9	0.00	9
107	0	4	0.00	4
108	0	6	0.00	6
109	0	4	0.00	4
110	0	6	0.00	6
111	0	4	0.00	4
112	0	3	0.00	3
113	0	4	0.00	4
114	0	3	0.00	3
115	0	3	0.00	3
116	0	3	0.00	3
117	0	8	0.00	8
118	0	6	0.00	6
119	0	4	0.00	4
120	0	4	0.00	4
121	0	1	0.00	1
122	0	2	0.00	2
123	0	2	0.00	2
124	0	3	0.00	3
125	0	3	0.00	3
126	0	5	0.00	5
127	0	1	0.00	1
128	0	0		0
129	0	1	0.00	1
130	0	2	0.00	2
131	0	2	0.00	2
132	0	0		0
133	0	2	0.00	2
134	0	3	0.00	3
135	0	2	0.00	2
136	0	1	0.00	1
137	0	0		0
138	0	1	0.00	1
139	0	0		0
140	0	0		0
141	0	1	0.00	1
142	0	1	0.00	1
143	0	1	0.00	1
144	0	0		0
145	0	0		0
146	0	2	0.00	2
147	0	1	0.00	1
148	0	1	0.00	1
149	0	0		0

CpG context (R2)
================
position	count methylated	count unmethylated	% methylation	coverage
1	0	26	0.00	26
2	0	13	0.00	13
3	4	68	5.56	72
4	4	76	5.00	80
5	5	115	4.17	120
6	3	76	3.80	79
7	7	120	5.51	127
8	1	82	1.20	83
9	3	80	3.61	83
10	7	92	7.07	99
11	6	66	8.33	72
12	5	63	7.35	68
13	4	62	6.06	66
14	6	37	13.95	43
15	3	67	4.29	70
16	4	53	7.02	57
17	0	41	0.00	41
18	4	48	7.69	52
19	2	36	5.26	38
20	3	53	5.36	56
21	3	39	7.14	42
22	4	37	9.76	41
23	2	47	4.08	49
24	3	49	5.77	52
25	1	29	3.33	30
26	2	33	5.71	35
27	2	21	8.70	23
28	1	22	4.35	23
29	1	39	2.50	40
30	0	23	0.00	23
31	2	25	7.41	27
32	1	33	2.94	34
33	2	16	11.11	18
34	0	20	0.00	20
35	3	11	21.43	14
36	1	9	10.00	10
37	1	19	5.00	20
38	0	33	0.00	33
39	0	9	0.00	9
40	1	9	10.00	10
41	0	7	0.00	7
42	0	13	0.00	13
43	0	7	0.00	7
44	2	17	10.53	19
45	1	2	33.33	3
46	2	12	14.29	14
47	0	7	0.00	7
48	0	4	0.00	4
49	0	3	0.00	3
50	1	6	14.29	7
51	0	5	0.00	5
52	0	7	0.00	7
53	0	1	0.00	1
54	0	2	0.00	2
55	1	6	14.29	7
56	0	3	0.00	3
57	0	3	0.00	3
58	1	2	33.33	3
59	0	5	0.00	5
60	1	1	50.00	2
61	0	2	0.00	2
62	0	2	0.00	2
63	0	0		0
64	0	0		0
65	0	0		0
66	1	0	100.00	1
67	0	0		0
68	0	0		0
69	0	0		0
70	0	0		0
71	1	1	50.00	2
72	0	0		0
73	0	1	0.00	1
74	0	0		0
75	0	1	0.00	1
76	0	0		0
77	0	1	0.00	1
78	0	0		0
79	0	0		0
80	0	0		0
81	0	0		0
82	0	0		0
83	0	0		0
84	0	0		0
85	0	0		0
86	0	0		0
87	0	0		0
88	0	0		0
89	0	0		0
90	0	0		0
91	0	0		0
92	0	0		0
93	0	0		0
94	0	0		0
95	0	1	0.00	1

CHG context (R2)
================
position	count methylated	count unmethylated	% methylation	coverage
1	11	2144	0.51	2155
2	0	25	0.00	25
3	0	3	0.00	3
4	0	38	0.00	38
5	0	79	0.00	79
6	1	71	1.39	72
7	0	73	0.00	73
8	0	115	0.00	115
9	0	86	0.00	86
10	1	72	1.37	73
11	1	68	1.45	69
12	0	43	0.00	43
13	0	52	0.00	52
14	0	52	0.00	52
15	0	46	0.00	46
16	0	45	0.00	45
17	2	53	3.64	55
18	0	49	0.00	49
19	0	54	0.00	54
20	0	51	0.00	51
21	0	37	0.00	37
22	0	53	0.00	53
23	1	40	2.44	41
24	0	17	0.00	17
25	0	35	0.00	35
26	0	19	0.00	19
27	0	19	0.00	19
28	0	15	0.00	15
29	0	32	0.00	32
30	0	19	0.00	19
31	0	27	0.00	27
32	0	24	0.00	24
33	0	25	0.00	25
34	0	26	0.00	26
35	0	25	0.00	25
36	0	18	0.00	18
37	0	9	0.00	9
38	0	14	0.00	14
39	0	12	0.00	12
40	0	13	0.00	13
41	0	19	0.00	19
42	0	8	0.00	8
43	0	1	0.00	1
44	0	3	0.00	3
45	1	10	9.09	11
46	0	1	0.00	1
47	0	14	0.00	14
48	0	10	0.00	10
49	0	7	0.00	7
50	0	15	0.00	15
51	0	3	0.00	3
52	0	4	0.00	4
53	0	11	0.00	11
54	0	0		0
55	0	3	0.00	3
56	0	2	0.00	2
57	0	0		0
58	0	2	0.00	2
59	0	1	0.00	1
60	1	8	11.11	9
61	0	1	0.00	1
62	0	1	0.00	1
63	0	3	0.00	3
64	0	2	0.00	2
65	0	0		0
66	0	0		0
67	0	0		0
68	0	2	0.00	2
69	0	0		0
70	0	1	0.00	1
71	0	0		0
72	0	1	0.00	1
73	0	1	0.00	1
74	0	1	0.00	1
75	0	0		0
76	0	0		0
77	0	0		0
78	0	0		0
79	0	0		0
80	0	0		0
81	0	0		0
82	0	0		0
83	0	0		0
84	0	0		0
85	0	0		0
86	0	0		0
87	0	0		0
88	0	0		0
89	0	0		0
90	0	0		0
91	0	0		0
92	0	0		0
93	0	0		0
94	0	0		0
95	0	0		0

CHH context (R2)
================
position	count methylated	count unmethylated	% methylation	coverage
1	0	7	0.00	7
2	2	976	0.20	978
3	5	251	1.95	256
4	0	172	0.00	172
5	2	139	1.42	141
6	0	101	0.00	101
7	0	112	0.00	112
8	1	135	0.74	136
9	0	130	0.00	130
10	0	142	0.00	142
11	0	101	0.00	101
12	0	87	0.00	87
13	0	57	0.00	57
14	0	90	0.00	90
15	0	74	0.00	74
16	1	56	1.75	57
17	0	70	0.00	70
18	0	64	0.00	64
19	0	68	0.00	68
20	0	61	0.00	61
21	0	55	0.00	55
22	0	41	0.00	41
23	0	48	0.00	48
24	0	54	0.00	54
25	0	55	0.00	55
26	0	41	0.00	41
27	0	43	0.00	43
28	0	34	0.00	34
29	0	43	0.00	43
30	0	30	0.00	30
31	0	23	0.00	23
32	0	21	0.00	21
33	1	15	6.25	16
34	0	21	0.00	21
35	0	37	0.00	37
36	0	23	0.00	23
37	0	17	0.00	17
38	0	16	0.00	16
39	0	5	0.00	5
40	0	20	0.00	20
41	0	17	0.00	17
42	0	27	0.00	27
43	0	21	0.00	21
44	1	20	4.76	21
45	0	10	0.00	10
46	1	18	5.26	19
47	0	18	0.00	18
48	0	8	0.00	8
49	0	6	0.00	6
50	0	5	0.00	5
51	1	16	5.88	17
52	0	15	0.00	15
53	0	15	0.00	15
54	0	14	0.00	14
55	0	12	0.00	12
56	0	9	0.00	9
57	0	3	0.00	3
58	0	4	0.00	4
59	0	2	0.00	2
60	0	1	0.00	1
61	0	1	0.00	1
62	0	1	0.00	1
63	0	2	0.00	2
64	0	1	0.00	1
65	0	1	0.00	1
66	0	0		0
67	0	0		0
68	0	3	0.00	3
69	0	3	0.00	3
70	0	0		0
71	0	1	0.00	1
72	0	1	0.00	1
73	0	0		0
74	0	1	0.00	1
75	0	0		0
76	0	0		0
77	0	0		0
78	0	0		0
79	0	0		0
80	0	0		0
81	0	0		0
82	0	0		0
83	0	0		0
84	0	1	0.00	1
85	0	0		0
86	0	0		0
87	0	0		0
88	0	0		0
89	0	0		0
90	0	0		0
91	0	0		0
92	0	0		0
93	0	0		0
94	0	0		0
95	0	0		0

