CpG context (R1)
================
position	count methylated	count unmethylated	% methylation	coverage
1	186	2181	7.86	2367
2	0	21	0.00	21
3	0	17	0.00	17
4	5	211	2.31	216
5	19	191	9.05	210
6	14	278	4.79	292
7	10	201	4.74	211
8	21	291	6.73	312
9	7	271	2.52	278
10	17	249	6.39	266
11	9	265	3.28	274
12	10	278	3.47	288
13	9	297	2.94	306
14	12	242	4.72	254
15	10	257	3.75	267
16	10	279	3.46	289
17	7	224	3.03	231
18	11	231	4.55	242
19	22	290	7.05	312
20	15	209	6.70	224
21	17	254	6.27	271
22	13	312	4.00	325
23	10	251	3.83	261
24	17	200	7.83	217
25	16	273	5.54	289
26	12	295	3.91	307
27	5	283	1.74	288
28	20	278	6.71	298
29	10	276	3.50	286
30	15	272	5.23	287
31	10	285	3.39	295
32	14	258	5.15	272
33	10	252	3.82	262
34	8	231	3.35	239
35	17	266	6.01	283
36	15	231	6.10	246
37	10	243	3.95	253
38	15	233	6.05	248
39	11	245	4.30	256
40	9	277	3.15	286
41	11	272	3.89	283
42	8	287	2.71	295
43	13	251	4.92	264
44	11	228	4.60	239
45	14	257	5.17	271
46	11	232	4.53	243
47	10	258	3.73	268
48	11	243	4.33	254
49	9	219	3.95	228
50	12	229	4.98	241
51	12	235	4.86	247
52	7	223	3.04	230
53	6	253	2.32	259
54	13	243	5.08	256
55	13	255	4.85	268
56	13	241	5.12	254
57	11	218	4.80	229
58	13	257	4.81	270
59	12	235	4.86	247
60	7	252	2.70	259
61	11	266	3.97	277
62	13	221	5.56	234
63	11	199	5.24	210
64	14	255	5.20	269
65	5	243	2.02	248
66	12	225	5.06	237
67	19	222	7.88	241
68	10	204	4.67	214
69	3	192	1.54	195
70	7	214	3.17	221
71	15	262	5.42	277
72	6	206	2.83	212
73	11	249	4.23	260
74	5	199	2.45	204
75	11	181	5.73	192
76	6	211	2.76	217
77	9	204	4.23	213
78	7	184	3.66	191
79	6	217	2.69	223
80	9	169	5.06	178
81	5	176	2.76	181
82	8	201	3.83	209
83	7	127	5.22	134
84	4	156	2.50	160
85	7	192	3.52	199
86	6	168	3.45	174
87	8	155	4.91	163
88	3	105	2.78	108
89	5	130	3.70	135
90	6	136	4.23	142
91	9	140	6.04	149
92	3	127	2.31	130
93	7	125	5.30	132
94	5	136	3.55	141
95	4	111	3.48	115
96	4	99	3.88	103
97	5	120	4.00	125
98	5	106	4.50	111
99	1	66	1.49	67
100	0	12	0.00	12
101	0	2	0.00	2
102	2	8	20.00	10
103	0	6	0.00	6
104	0	7	0.00	7
105	0	2	0.00	2
106	2	1	66.67	3
107	0	7	0.00	7
108	0	4	0.00	4
109	1	7	12.50	8
110	0	2	0.00	2
111	1	6	14.29	7
112	0	6	0.00	6
113	1	1	50.00	2
114	0	5	0.00	5
115	0	1	0.00	1
116	0	5	0.00	5
117	0	7	0.00	7
118	0	2	0.00	2
119	0	1	0.00	1
120	0	1	0.00	1
121	0	2	0.00	2
122	0	1	0.00	1
123	0	3	0.00	3
124	0	1	0.00	1
125	0	2	0.00	2
126	0	0		0
127	0	1	0.00	1
128	0	1	0.00	1
129	0	2	0.00	2
130	0	2	0.00	2
131	0	1	0.00	1
132	0	1	0.00	1
133	0	2	0.00	2
134	0	0		0
135	0	3	0.00	3
136	0	0		0
137	0	3	0.00	3
138	0	1	0.00	1
139	0	1	0.00	1
140	0	1	0.00	1
141	0	1	0.00	1
142	0	1	0.00	1
143	0	0		0
144	0	1	0.00	1
145	0	1	0.00	1
146	0	0		0
147	0	1	0.00	1
148	0	0		0
149	0	1	0.00	1

CHG context (R1)
================
position	count methylated	count unmethylated	% methylation	coverage
1	0	18	0.00	18
2	1	17	5.56	18
3	0	14	0.00	14
4	1	126	0.79	127
5	1	200	0.50	201
6	3	218	1.36	221
7	0	241	0.00	241
8	2	251	0.79	253
9	1	219	0.45	220
10	1	214	0.47	215
11	1	224	0.44	225
12	0	205	0.00	205
13	1	206	0.48	207
14	0	200	0.00	200
15	1	239	0.42	240
16	0	200	0.00	200
17	0	252	0.00	252
18	0	247	0.00	247
19	0	192	0.00	192
20	1	183	0.54	184
21	1	229	0.43	230
22	1	205	0.49	206
23	0	223	0.00	223
24	0	184	0.00	184
25	1	268	0.37	269
26	1	224	0.44	225
27	0	207	0.00	207
28	1	227	0.44	228
29	2	186	1.06	188
30	0	177	0.00	177
31	0	247	0.00	247
32	1	200	0.50	201
33	0	263	0.00	263
34	2	219	0.90	221
35	1	237	0.42	238
36	1	218	0.46	219
37	0	216	0.00	216
38	0	191	0.00	191
39	0	237	0.00	237
40	0	200	0.00	200
41	1	241	0.41	242
42	0	195	0.00	195
43	0	240	0.00	240
44	1	220	0.45	221
45	0	192	0.00	192
46	0	207	0.00	207
47	1	178	0.56	179
48	2	207	0.96	209
49	1	215	0.46	216
50	0	219	0.00	219
51	0	192	0.00	192
52	1	221	0.45	222
53	0	213	0.00	213
54	1	187	0.53	188
55	0	187	0.00	187
56	1	210	0.47	211
57	1	215	0.46	216
58	2	204	0.97	206
59	0	153	0.00	153
60	1	160	0.62	161
61	1	184	0.54	185
62	0	168	0.00	168
63	0	186	0.00	186
64	0	202	0.00	202
65	0	204	0.00	204
66	1	190	0.52	191
67	0	188	0.00	188
68	2	189	1.05	191
69	0	187	0.00	187
70	3	193	1.53	196
71	1	147	0.68	148
72	0	172	0.00	172
73	1	180	0.55	181
74	0	154	0.00	154
75	3	155	1.90	158
76	1	183	0.54	184
77	1	150	0.66	151
78	0	161	0.00	161
79	0	162	0.00	162
80	2	140	1.41	142
81	0	164	0.00	164
82	0	123	0.00	123
83	0	133	0.00	133
84	0	134	0.00	134
85	1	124	0.80	125
86	0	160	0.00	160
87	0	103	0.00	103
88	1	133	0.75	134
89	0	114	0.00	114
90	0	106	0.00	106
91	0	141	0.00	141
92	0	96	0.00	96
93	0	97	0.00	97
94	0	91	0.00	91
95	0	75	0.00	75
96	0	117	0.00	117
97	0	129	0.00	129
98	0	103	0.00	103
99	0	36	0.00	36
100	0	7	0.00	7
101	0	6	0.00	6
102	0	10	0.00	10
103	0	5	0.00	5
104	0	6	0.00	6
105	0	11	0.00	11
106	0	5	0.00	5
107	0	1	0.00	1
108	0	6	0.00	6
109	0	3	0.00	3
110	0	2	0.00	2
111	0	0		0
112	0	3	0.00	3
113	0	3	0.00	3
114	0	0		0
115	0	6	0.00	6
116	0	3	0.00	3
117	0	1	0.00	1
118	0	3	0.00	3
119	0	0		0
120	0	1	0.00	1
121	0	0		0
122	0	1	0.00	1
123	0	1	0.00	1
124	0	2	0.00	2
125	0	0		0
126	0	0		0
127	0	4	0.00	4
128	0	1	0.00	1
129	0	0		0
130	0	3	0.00	3
131	0	0		0
132	0	1	0.00	1
133	0	0		0
134	0	2	0.00	2
135	0	0		0
136	0	1	0.00	1
137	0	0		0
138	0	0		0
139	0	0		0
140	0	0		0
141	0	1	0.00	1
142	0	0		0
143	0	2	0.00	2
144	0	0		0
145	0	0		0
146	0	0		0
147	0	2	0.00	2
148	0	1	0.00	1
149	0	0		0

CHH context (R1)
================
position	count methylated	count unmethylated	% methylation	coverage
1	1	34	2.86	35
2	0	36	0.00	36
3	0	27	0.00	27
4	5	357	1.38	362
5	4	379	1.04	383
6	1	413	0.24	414
7	1	396	0.25	397
8	0	336	0.00	336
9	1	270	0.37	271
10	1	315	0.32	316
11	0	294	0.00	294
12	0	350	0.00	350
13	0	379	0.00	379
14	1	361	0.28	362
15	1	356	0.28	357
16	0	351	0.00	351
17	2	331	0.60	333
18	0	292	0.00	292
19	1	327	0.30	328
20	1	365	0.27	366
21	0	324	0.00	324
22	2	336	0.59	338
23	1	308	0.32	309
24	2	369	0.54	371
25	0	379	0.00	379
26	2	348	0.57	350
27	0	367	0.00	367
28	0	360	0.00	360
29	1	341	0.29	342
30	0	363	0.00	363
31	2	339	0.59	341
32	2	341	0.58	343
33	2	293	0.68	295
34	1	366	0.27	367
35	0	313	0.00	313
36	3	370	0.80	373
37	0	348	0.00	348
38	3	342	0.87	345
39	1	313	0.32	314
40	1	316	0.32	317
41	1	299	0.33	300
42	1	316	0.32	317
43	1	341	0.29	342
44	1	329	0.30	330
45	0	318	0.00	318
46	0	333	0.00	333
47	1	305	0.33	306
48	0	337	0.00	337
49	0	389	0.00	389
50	1	368	0.27	369
51	1	414	0.24	415
52	1	374	0.27	375
53	3	339	0.88	342
54	0	333	0.00	333
55	0	305	0.00	305
56	1	291	0.34	292
57	1	245	0.41	246
58	0	266	0.00	266
59	0	313	0.00	313
60	2	324	0.61	326
61	2	326	0.61	328
62	0	339	0.00	339
63	0	322	0.00	322
64	2	319	0.62	321
65	2	297	0.67	299
66	0	296	0.00	296
67	0	336	0.00	336
68	0	316	0.00	316
69	0	310	0.00	310
70	1	277	0.36	278
71	0	277	0.00	277
72	0	308	0.00	308
73	2	305	0.65	307
74	0	250	0.00	250
75	0	280	0.00	280
76	0	276	0.00	276
77	0	265	0.00	265
78	0	254	0.00	254
79	0	287	0.00	287
80	0	276	0.00	276
81	2	271	0.73	273
82	0	285	0.00	285
83	1	234	0.43	235
84	4	252	1.56	256
85	2	284	0.70	286
86	1	267	0.37	268
87	0	227	0.00	227
88	0	269	0.00	269
89	0	218	0.00	218
90	1	196	0.51	197
91	3	193	1.53	196
92	4	219	1.79	223
93	2	175	1.13	177
94	2	189	1.05	191
95	0	177	0.00	177
96	0	167	0.00	167
97	1	152	0.65	153
98	0	157	0.00	157
99	0	61	0.00	61
100	0	6	0.00	6
101	0	4	0.00	4
102	0	6	0.00	6
103	0	1	0.00	1
104	0	5	0.00	5
105	0	4	0.00	4
106	0	3	0.00	3
107	0	10	0.00	10
108	0	5	0.00	5
109	0	3	0.00	3
110	0	7	0.00	7
111	0	5	0.00	5
112	0	2	0.00	2
113	0	3	0.00	3
114	0	4	0.00	4
115	0	3	0.00	3
116	0	5	0.00	5
117	0	3	0.00	3
118	0	3	0.00	3
119	0	1	0.00	1
120	0	2	0.00	2
121	0	4	0.00	4
122	0	1	0.00	1
123	0	2	0.00	2
124	0	0		0
125	0	2	0.00	2
126	0	3	0.00	3
127	0	1	0.00	1
128	0	3	0.00	3
129	0	3	0.00	3
130	0	0		0
131	0	3	0.00	3
132	0	1	0.00	1
133	0	2	0.00	2
134	0	1	0.00	1
135	0	0		0
136	0	0		0
137	0	0		0
138	0	0		0
139	0	1	0.00	1
140	0	1	0.00	1
141	0	0		0
142	0	1	0.00	1
143	0	0		0
144	0	1	0.00	1
145	0	1	0.00	1
146	0	2	0.00	2
147	0	2	0.00	2
148	0	2	0.00	2
149	0	1	0.00	1

CpG context (R2)
================
position	count methylated	count unmethylated	% methylation	coverage
1	0	26	0.00	26
2	0	18	0.00	18
3	3	68	4.23	71
4	2	72	2.70	74
5	1	93	1.06	94
6	7	63	10.00	70
7	5	115	4.17	120
8	4	84	4.55	88
9	1	72	1.37	73
10	3	104	2.80	107
11	3	70	4.11	73
12	2	80	2.44	82
13	3	67	4.29	70
14	0	40	0.00	40
15	4	57	6.56	61
16	1	38	2.56	39
17	1	39	2.50	40
18	2	49	3.92	51
19	1	40	2.44	41
20	4	44	8.33	48
21	1	36	2.70	37
22	1	46	2.13	47
23	3	39	7.14	42
24	3	48	5.88	51
25	4	32	11.11	36
26	3	42	6.67	45
27	2	37	5.13	39
28	1	20	4.76	21
29	2	46	4.17	48
30	3	25	10.71	28
31	1	29	3.33	30
32	1	27	3.57	28
33	1	19	5.00	20
34	0	19	0.00	19
35	0	13	0.00	13
36	1	16	5.88	17
37	0	29	0.00	29
38	1	25	3.85	26
39	0	7	0.00	7
40	0	14	0.00	14
41	0	11	0.00	11
42	0	18	0.00	18
43	0	18	0.00	18
44	1	20	4.76	21
45	0	9	0.00	9
46	4	14	22.22	18
47	0	8	0.00	8
48	1	10	9.09	11
49	0	9	0.00	9
50	1	8	11.11	9
51	0	7	0.00	7
52	0	5	0.00	5
53	0	3	0.00	3
54	0	7	0.00	7
55	0	3	0.00	3
56	1	2	33.33	3
57	0	8	0.00	8
58	0	6	0.00	6
59	0	5	0.00	5
60	0	5	0.00	5
61	0	4	0.00	4
62	0	1	0.00	1
63	2	1	66.67	3
64	0	4	0.00	4
65	2	1	66.67	3
66	0	1	0.00	1
67	0	2	0.00	2
68	0	4	0.00	4
69	0	2	0.00	2
70	0	2	0.00	2
71	0	0		0
72	0	1	0.00	1
73	0	1	0.00	1
74	0	0		0
75	0	0		0
76	0	0		0
77	0	2	0.00	2
78	0	0		0
79	0	2	0.00	2
80	0	0		0
81	0	2	0.00	2
82	0	1	0.00	1
83	0	1	0.00	1
84	0	0		0
85	0	0		0
86	0	1	0.00	1
87	0	1	0.00	1
88	0	1	0.00	1
89	0	0		0
90	0	0		0
91	0	1	0.00	1
92	0	2	0.00	2
93	0	0		0
94	0	3	0.00	3
95	0	0		0
96	0	1	0.00	1
97	0	4	0.00	4

CHG context (R2)
================
position	count methylated	count unmethylated	% methylation	coverage
1	17	2092	0.81	2109
2	0	36	0.00	36
3	0	8	0.00	8
4	1	40	2.44	41
5	0	61	0.00	61
6	0	73	0.00	73
7	1	65	1.52	66
8	0	96	0.00	96
9	0	66	0.00	66
10	0	52	0.00	52
11	2	65	2.99	67
12	0	37	0.00	37
13	0	36	0.00	36
14	0	47	0.00	47
15	0	52	0.00	52
16	0	52	0.00	52
17	0	57	0.00	57
18	0	54	0.00	54
19	0	51	0.00	51
20	0	60	0.00	60
21	0	38	0.00	38
22	0	46	0.00	46
23	0	28	0.00	28
24	0	20	0.00	20
25	0	40	0.00	40
26	0	23	0.00	23
27	0	17	0.00	17
28	0	19	0.00	19
29	0	22	0.00	22
30	0	38	0.00	38
31	1	27	3.57	28
32	0	23	0.00	23
33	1	13	7.14	14
34	0	35	0.00	35
35	0	25	0.00	25
36	0	24	0.00	24
37	0	4	0.00	4
38	0	15	0.00	15
39	0	19	0.00	19
40	0	20	0.00	20
41	0	10	0.00	10
42	0	5	0.00	5
43	0	15	0.00	15
44	0	2	0.00	2
45	0	10	0.00	10
46	0	4	0.00	4
47	0	11	0.00	11
48	0	12	0.00	12
49	0	14	0.00	14
50	0	14	0.00	14
51	0	4	0.00	4
52	0	10	0.00	10
53	0	7	0.00	7
54	0	1	0.00	1
55	0	7	0.00	7
56	0	4	0.00	4
57	0	0		0
58	1	3	25.00	4
59	0	1	0.00	1
60	0	4	0.00	4
61	0	4	0.00	4
62	0	2	0.00	2
63	0	2	0.00	2
64	0	0		0
65	0	0		0
66	0	2	0.00	2
67	0	1	0.00	1
68	0	1	0.00	1
69	0	1	0.00	1
70	0	2	0.00	2
71	0	0		0
72	0	3	0.00	3
73	0	1	0.00	1
74	0	2	0.00	2
75	0	2	0.00	2
76	0	0		0
77	0	2	0.00	2
78	0	3	0.00	3
79	0	0		0
80	0	1	0.00	1
81	0	0		0
82	0	1	0.00	1
83	0	0		0
84	0	1	0.00	1
85	0	1	0.00	1
86	0	1	0.00	1
87	0	2	0.00	2
88	0	0		0
89	0	1	0.00	1
90	0	0		0
91	0	0		0
92	0	0		0
93	0	0		0
94	0	0		0
95	0	1	0.00	1
96	0	0		0
97	0	0		0

CHH context (R2)
================
position	count methylated	count unmethylated	% methylation	coverage
1	0	15	0.00	15
2	2	987	0.20	989
3	2	241	0.82	243
4	0	183	0.00	183
5	0	137	0.00	137
6	1	129	0.77	130
7	1	100	0.99	101
8	1	127	0.78	128
9	1	107	0.93	108
10	0	121	0.00	121
11	0	71	0.00	71
12	1	87	1.14	88
13	2	64	3.03	66
14	0	67	0.00	67
15	0	66	0.00	66
16	0	77	0.00	77
17	1	60	1.64	61
18	0	76	0.00	76
19	0	83	0.00	83
20	0	53	0.00	53
21	0	58	0.00	58
22	2	48	4.00	50
23	0	46	0.00	46
24	0	49	0.00	49
25	0	44	0.00	44
26	0	35	0.00	35
27	1	35	2.78	36
28	0	39	0.00	39
29	0	43	0.00	43
30	0	32	0.00	32
31	0	34	0.00	34
32	0	46	0.00	46
33	0	26	0.00	26
34	0	28	0.00	28
35	0	31	0.00	31
36	0	23	0.00	23
37	0	20	0.00	20
38	0	17	0.00	17
39	0	11	0.00	11
40	0	24	0.00	24
41	0	17	0.00	17
42	0	15	0.00	15
43	0	15	0.00	15
44	0	23	0.00	23
45	0	16	0.00	16
46	0	14	0.00	14
47	0	10	0.00	10
48	0	13	0.00	13
49	0	13	0.00	13
50	0	5	0.00	5
51	0	24	0.00	24
52	1	14	6.67	15
53	0	12	0.00	12
54	0	14	0.00	14
55	0	16	0.00	16
56	0	14	0.00	14
57	0	3	0.00	3
58	0	3	0.00	3
59	0	1	0.00	1
60	0	2	0.00	2
61	0	5	0.00	5
62	1	5	16.67	6
63	0	2	0.00	2
64	0	2	0.00	2
65	0	1	0.00	1
66	0	1	0.00	1
67	0	0		0
68	0	2	0.00	2
69	0	2	0.00	2
70	0	2	0.00	2
71	0	2	0.00	2
72	0	1	0.00	1
73	0	3	0.00	3
74	0	2	0.00	2
75	0	0		0
76	0	0		0
77	0	0		0
78	0	2	0.00	2
79	0	3	0.00	3
80	0	0		0
81	0	0		0
82	0	0		0
83	0	0		0
84	0	0		0
85	0	2	0.00	2
86	0	0		0
87	0	1	0.00	1
88	0	0		0
89	0	1	0.00	1
90	0	0		0
91	0	0		0
92	0	0		0
93	0	0		0
94	0	0		0
95	0	0		0
96	0	0		0
97	0	0		0

