CpG context (R1)
================
position	count methylated	count unmethylated	% methylation	coverage
1	189	2178	7.98	2367
2	0	15	0.00	15
3	1	13	7.14	14
4	12	182	6.19	194
5	10	194	4.90	204
6	15	263	5.40	278
7	8	198	3.88	206
8	12	276	4.17	288
9	13	245	5.04	258
10	11	236	4.45	247
11	11	244	4.31	255
12	14	292	4.58	306
13	17	278	5.76	295
14	15	244	5.79	259
15	8	259	3.00	267
16	11	288	3.68	299
17	13	243	5.08	256
18	6	210	2.78	216
19	21	305	6.44	326
20	9	213	4.05	222
21	10	224	4.27	234
22	13	273	4.55	286
23	11	282	3.75	293
24	14	232	5.69	246
25	11	285	3.72	296
26	19	297	6.01	316
27	13	262	4.73	275
28	26	251	9.39	277
29	8	295	2.64	303
30	11	274	3.86	285
31	13	289	4.30	302
32	10	283	3.41	293
33	11	234	4.49	245
34	15	248	5.70	263
35	8	259	3.00	267
36	11	214	4.89	225
37	15	291	4.90	306
38	10	233	4.12	243
39	13	256	4.83	269
40	13	257	4.81	270
41	15	254	5.58	269
42	12	274	4.20	286
43	17	267	5.99	284
44	12	260	4.41	272
45	18	271	6.23	289
46	15	242	5.84	257
47	9	257	3.38	266
48	9	244	3.56	253
49	14	228	5.79	242
50	9	245	3.54	254
51	16	223	6.69	239
52	13	251	4.92	264
53	8	219	3.52	227
54	13	242	5.10	255
55	12	275	4.18	287
56	11	237	4.44	248
57	10	241	3.98	251
58	15	227	6.20	242
59	8	299	2.61	307
60	11	221	4.74	232
61	18	255	6.59	273
62	13	244	5.06	257
63	13	205	5.96	218
64	8	231	3.35	239
65	7	269	2.54	276
66	12	237	4.82	249
67	13	226	5.44	239
68	10	199	4.78	209
69	9	191	4.50	200
70	13	206	5.94	219
71	10	235	4.08	245
72	8	238	3.25	246
73	9	218	3.96	227
74	8	211	3.65	219
75	12	170	6.59	182
76	9	206	4.19	215
77	13	216	5.68	229
78	8	198	3.88	206
79	10	224	4.27	234
80	9	195	4.41	204
81	7	172	3.91	179
82	11	189	5.50	200
83	10	146	6.41	156
84	6	152	3.80	158
85	2	196	1.01	198
86	14	138	9.21	152
87	11	190	5.47	201
88	4	118	3.28	122
89	6	140	4.11	146
90	5	121	3.97	126
91	9	132	6.38	141
92	5	145	3.33	150
93	5	118	4.07	123
94	5	154	3.14	159
95	3	109	2.68	112
96	6	117	4.88	123
97	6	122	4.69	128
98	3	103	2.83	106
99	1	51	1.92	52
100	0	5	0.00	5
101	0	6	0.00	6
102	0	2	0.00	2
103	0	4	0.00	4
104	0	2	0.00	2
105	2	3	40.00	5
106	0	2	0.00	2
107	0	3	0.00	3
108	1	1	50.00	2
109	1	7	12.50	8
110	0	0		0
111	0	3	0.00	3
112	0	3	0.00	3
113	0	2	0.00	2
114	0	2	0.00	2
115	0	3	0.00	3
116	0	1	0.00	1
117	1	5	16.67	6
118	0	0		0
119	0	3	0.00	3
120	0	2	0.00	2
121	0	2	0.00	2
122	0	5	0.00	5
123	0	2	0.00	2
124	0	1	0.00	1
125	0	1	0.00	1
126	0	1	0.00	1
127	0	2	0.00	2
128	0	2	0.00	2
129	0	2	0.00	2
130	0	2	0.00	2
131	0	2	0.00	2
132	0	1	0.00	1
133	0	1	0.00	1
134	0	1	0.00	1
135	0	1	0.00	1
136	0	0		0
137	0	2	0.00	2
138	0	1	0.00	1
139	0	2	0.00	2
140	0	0		0
141	0	1	0.00	1
142	0	0		0
143	0	1	0.00	1
144	0	1	0.00	1
145	0	0		0
146	0	1	0.00	1
147	0	0		0
148	0	0		0
149	0	1	0.00	1

CHG context (R1)
================
position	count methylated	count unmethylated	% methylation	coverage
1	0	12	0.00	12
2	0	24	0.00	24
3	0	15	0.00	15
4	2	138	1.43	140
5	0	206	0.00	206
6	3	225	1.32	228
7	1	250	0.40	251
8	0	221	0.00	221
9	0	227	0.00	227
10	1	201	0.50	202
11	0	243	0.00	243
12	0	219	0.00	219
13	3	222	1.33	225
14	0	213	0.00	213
15	2	232	0.85	234
16	1	234	0.43	235
17	1	233	0.43	234
18	1	280	0.36	281
19	1	212	0.47	213
20	0	187	0.00	187
21	2	217	0.91	219
22	1	249	0.40	250
23	1	206	0.48	207
24	0	193	0.00	193
25	0	246	0.00	246
26	0	212	0.00	212
27	0	226	0.00	226
28	0	259	0.00	259
29	1	180	0.55	181
30	0	193	0.00	193
31	0	226	0.00	226
32	0	188	0.00	188
33	0	250	0.00	250
34	1	204	0.49	205
35	1	202	0.49	203
36	1	221	0.45	222
37	1	213	0.47	214
38	1	208	0.48	209
39	1	224	0.44	225
40	0	207	0.00	207
41	0	255	0.00	255
42	1	214	0.47	215
43	1	219	0.45	220
44	1	226	0.44	227
45	2	193	1.03	195
46	0	234	0.00	234
47	2	189	1.05	191
48	0	200	0.00	200
49	0	196	0.00	196
50	1	180	0.55	181
51	2	235	0.84	237
52	0	215	0.00	215
53	1	196	0.51	197
54	1	209	0.48	210
55	1	187	0.53	188
56	0	233	0.00	233
57	1	200	0.50	201
58	0	211	0.00	211
59	0	170	0.00	170
60	0	154	0.00	154
61	0	195	0.00	195
62	1	177	0.56	178
63	2	201	0.99	203
64	1	192	0.52	193
65	1	211	0.47	212
66	1	179	0.56	180
67	0	175	0.00	175
68	0	173	0.00	173
69	0	186	0.00	186
70	1	183	0.54	184
71	0	160	0.00	160
72	0	173	0.00	173
73	2	180	1.10	182
74	0	150	0.00	150
75	0	149	0.00	149
76	1	171	0.58	172
77	1	189	0.53	190
78	0	148	0.00	148
79	0	160	0.00	160
80	2	145	1.36	147
81	3	171	1.72	174
82	0	130	0.00	130
83	0	119	0.00	119
84	0	145	0.00	145
85	0	109	0.00	109
86	0	162	0.00	162
87	0	121	0.00	121
88	1	127	0.78	128
89	0	116	0.00	116
90	0	113	0.00	113
91	1	155	0.64	156
92	0	91	0.00	91
93	0	91	0.00	91
94	1	100	0.99	101
95	0	79	0.00	79
96	1	104	0.95	105
97	0	107	0.00	107
98	0	86	0.00	86
99	0	37	0.00	37
100	0	9	0.00	9
101	0	4	0.00	4
102	0	6	0.00	6
103	0	6	0.00	6
104	0	3	0.00	3
105	0	4	0.00	4
106	0	5	0.00	5
107	0	3	0.00	3
108	0	2	0.00	2
109	0	1	0.00	1
110	0	3	0.00	3
111	0	1	0.00	1
112	0	1	0.00	1
113	0	0		0
114	0	4	0.00	4
115	0	0		0
116	0	4	0.00	4
117	0	1	0.00	1
118	0	3	0.00	3
119	0	3	0.00	3
120	0	0		0
121	0	2	0.00	2
122	0	0		0
123	0	0		0
124	0	1	0.00	1
125	0	1	0.00	1
126	0	1	0.00	1
127	0	1	0.00	1
128	0	1	0.00	1
129	0	1	0.00	1
130	0	1	0.00	1
131	0	0		0
132	0	0		0
133	0	2	0.00	2
134	0	0		0
135	0	0		0
136	0	1	0.00	1
137	0	0		0
138	0	0		0
139	0	0		0
140	0	0		0
141	0	0		0
142	0	2	0.00	2
143	0	0		0
144	0	0		0
145	0	1	0.00	1
146	0	0		0
147	0	0		0
148	0	1	0.00	1
149	0	1	0.00	1

CHH context (R1)
================
position	count methylated	count unmethylated	% methylation	coverage
1	0	40	0.00	40
2	0	33	0.00	33
3	0	17	0.00	17
4	1	350	0.28	351
5	0	398	0.00	398
6	2	429	0.46	431
7	0	386	0.00	386
8	3	368	0.81	371
9	3	306	0.97	309
10	0	344	0.00	344
11	1	330	0.30	331
12	6	300	1.96	306
13	0	358	0.00	358
14	0	392	0.00	392
15	1	377	0.26	378
16	1	358	0.28	359
17	2	332	0.60	334
18	1	301	0.33	302
19	0	305	0.00	305
20	2	377	0.53	379
21	1	317	0.31	318
22	0	315	0.00	315
23	1	327	0.30	328
24	3	377	0.79	380
25	0	378	0.00	378
26	1	361	0.28	362
27	1	379	0.26	380
28	4	353	1.12	357
29	2	330	0.60	332
30	3	358	0.83	361
31	1	356	0.28	357
32	0	349	0.00	349
33	2	293	0.68	295
34	0	320	0.00	320
35	0	322	0.00	322
36	1	378	0.26	379
37	2	360	0.55	362
38	1	348	0.29	349
39	1	338	0.29	339
40	1	339	0.29	340
41	1	330	0.30	331
42	1	331	0.30	332
43	1	329	0.30	330
44	1	313	0.32	314
45	1	286	0.35	287
46	0	330	0.00	330
47	1	311	0.32	312
48	0	326	0.00	326
49	0	369	0.00	369
50	1	387	0.26	388
51	0	412	0.00	412
52	0	346	0.00	346
53	1	320	0.31	321
54	0	315	0.00	315
55	0	323	0.00	323
56	3	306	0.97	309
57	3	285	1.04	288
58	2	248	0.80	250
59	0	355	0.00	355
60	1	318	0.31	319
61	1	342	0.29	343
62	0	364	0.00	364
63	1	303	0.33	304
64	1	360	0.28	361
65	1	320	0.31	321
66	0	286	0.00	286
67	0	336	0.00	336
68	0	330	0.00	330
69	1	326	0.31	327
70	1	280	0.36	281
71	0	305	0.00	305
72	1	295	0.34	296
73	0	296	0.00	296
74	0	254	0.00	254
75	2	297	0.67	299
76	1	295	0.34	296
77	2	255	0.78	257
78	2	251	0.79	253
79	1	266	0.37	267
80	1	287	0.35	288
81	4	242	1.63	246
82	2	285	0.70	287
83	1	261	0.38	262
84	0	242	0.00	242
85	0	271	0.00	271
86	2	262	0.76	264
87	2	195	1.02	197
88	2	244	0.81	246
89	1	199	0.50	200
90	1	188	0.53	189
91	0	169	0.00	169
92	0	160	0.00	160
93	3	160	1.84	163
94	0	140	0.00	140
95	1	185	0.54	186
96	0	153	0.00	153
97	0	149	0.00	149
98	0	164	0.00	164
99	0	77	0.00	77
100	0	9	0.00	9
101	0	9	0.00	9
102	0	6	0.00	6
103	0	7	0.00	7
104	0	6	0.00	6
105	0	7	0.00	7
106	0	5	0.00	5
107	0	6	0.00	6
108	0	3	0.00	3
109	0	3	0.00	3
110	0	7	0.00	7
111	0	1	0.00	1
112	0	3	0.00	3
113	0	6	0.00	6
114	0	3	0.00	3
115	0	4	0.00	4
116	0	1	0.00	1
117	0	4	0.00	4
118	0	1	0.00	1
119	0	3	0.00	3
120	0	1	0.00	1
121	0	0		0
122	0	2	0.00	2
123	0	1	0.00	1
124	0	0		0
125	0	0		0
126	0	1	0.00	1
127	0	0		0
128	0	1	0.00	1
129	0	1	0.00	1
130	0	0		0
131	0	0		0
132	0	1	0.00	1
133	0	0		0
134	0	1	0.00	1
135	0	0		0
136	0	1	0.00	1
137	0	1	0.00	1
138	0	0		0
139	0	1	0.00	1
140	0	1	0.00	1
141	0	1	0.00	1
142	0	0		0
143	0	0		0
144	0	0		0
145	0	0		0
146	0	0		0
147	0	0		0
148	0	1	0.00	1
149	0	0		0

CpG context (R2)
================
position	count methylated	count unmethylated	% methylation	coverage
1	1	20	4.76	21
2	0	12	0.00	12
3	1	65	1.52	66
4	3	72	4.00	75
5	5	98	4.85	103
6	5	74	6.33	79
7	9	130	6.47	139
8	2	64	3.03	66
9	1	68	1.45	69
10	6	76	7.32	82
11	3	67	4.29	70
12	3	58	4.92	61
13	5	72	6.49	77
14	2	51	3.77	53
15	4	63	5.97	67
16	2	45	4.26	47
17	0	33	0.00	33
18	3	52	5.45	55
19	2	37	5.13	39
20	2	43	4.44	45
21	3	37	7.50	40
22	2	36	5.26	38
23	3	40	6.98	43
24	3	53	5.36	56
25	2	49	3.92	51
26	0	27	0.00	27
27	0	34	0.00	34
28	0	24	0.00	24
29	2	36	5.26	38
30	1	22	4.35	23
31	3	24	11.11	27
32	3	22	12.00	25
33	1	16	5.88	17
34	1	24	4.00	25
35	1	11	8.33	12
36	0	19	0.00	19
37	0	23	0.00	23
38	0	22	0.00	22
39	0	14	0.00	14
40	0	8	0.00	8
41	0	12	0.00	12
42	1	10	9.09	11
43	0	13	0.00	13
44	1	21	4.55	22
45	2	2	50.00	4
46	0	12	0.00	12
47	0	13	0.00	13
48	1	7	12.50	8
49	0	4	0.00	4
50	0	6	0.00	6
51	0	12	0.00	12
52	1	1	50.00	2
53	0	7	0.00	7
54	0	3	0.00	3
55	0	2	0.00	2
56	0	9	0.00	9
57	1	2	33.33	3
58	0	5	0.00	5
59	1	1	50.00	2
60	0	2	0.00	2
61	0	0		0
62	0	0		0
63	1	1	50.00	2
64	0	1	0.00	1
65	0	1	0.00	1
66	0	2	0.00	2
67	0	0		0
68	0	2	0.00	2
69	0	0		0
70	0	0		0
71	1	2	33.33	3
72	0	1	0.00	1
73	0	0		0
74	1	0	100.00	1
75	0	2	0.00	2
76	0	0		0
77	0	3	0.00	3
78	0	0		0
79	0	0		0
80	0	0		0
81	0	0		0
82	0	2	0.00	2
83	0	0		0
84	0	1	0.00	1
85	0	0		0
86	0	0		0
87	0	0		0
88	0	0		0
89	0	0		0
90	0	0		0
91	0	1	0.00	1
92	0	0		0
93	0	0		0
94	0	1	0.00	1
95	0	1	0.00	1
96	0	0		0
97	0	2	0.00	2

CHG context (R2)
================
position	count methylated	count unmethylated	% methylation	coverage
1	17	2128	0.79	2145
2	1	24	4.00	25
3	0	5	0.00	5
4	0	38	0.00	38
5	0	67	0.00	67
6	2	71	2.74	73
7	0	67	0.00	67
8	1	89	1.11	90
9	0	66	0.00	66
10	0	66	0.00	66
11	0	59	0.00	59
12	0	33	0.00	33
13	0	44	0.00	44
14	0	58	0.00	58
15	0	52	0.00	52
16	0	38	0.00	38
17	1	56	1.75	57
18	0	49	0.00	49
19	0	47	0.00	47
20	0	49	0.00	49
21	0	39	0.00	39
22	0	46	0.00	46
23	0	26	0.00	26
24	0	17	0.00	17
25	0	40	0.00	40
26	0	28	0.00	28
27	0	15	0.00	15
28	1	21	4.55	22
29	0	24	0.00	24
30	0	25	0.00	25
31	0	28	0.00	28
32	0	27	0.00	27
33	0	16	0.00	16
34	0	22	0.00	22
35	0	28	0.00	28
36	0	14	0.00	14
37	0	12	0.00	12
38	0	15	0.00	15
39	0	19	0.00	19
40	0	19	0.00	19
41	1	14	6.67	15
42	0	7	0.00	7
43	0	4	0.00	4
44	0	4	0.00	4
45	0	15	0.00	15
46	0	0		0
47	0	8	0.00	8
48	0	6	0.00	6
49	0	6	0.00	6
50	0	15	0.00	15
51	0	6	0.00	6
52	0	12	0.00	12
53	0	6	0.00	6
54	0	2	0.00	2
55	0	2	0.00	2
56	0	5	0.00	5
57	0	1	0.00	1
58	0	3	0.00	3
59	0	1	0.00	1
60	0	3	0.00	3
61	0	1	0.00	1
62	0	0		0
63	0	3	0.00	3
64	0	1	0.00	1
65	0	0		0
66	0	0		0
67	0	2	0.00	2
68	0	2	0.00	2
69	0	0		0
70	0	0		0
71	0	0		0
72	0	2	0.00	2
73	0	0		0
74	0	0		0
75	0	2	0.00	2
76	0	0		0
77	0	0		0
78	0	2	0.00	2
79	0	0		0
80	0	1	0.00	1
81	0	0		0
82	0	0		0
83	0	0		0
84	0	0		0
85	0	0		0
86	0	1	0.00	1
87	0	1	0.00	1
88	0	1	0.00	1
89	0	0		0
90	0	0		0
91	0	0		0
92	0	0		0
93	0	0		0
94	0	0		0
95	0	1	0.00	1
96	0	0		0
97	0	0		0

CHH context (R2)
================
position	count methylated	count unmethylated	% methylation	coverage
1	0	14	0.00	14
2	4	988	0.40	992
3	1	224	0.44	225
4	0	182	0.00	182
5	0	146	0.00	146
6	0	87	0.00	87
7	0	104	0.00	104
8	0	123	0.00	123
9	0	124	0.00	124
10	1	106	0.93	107
11	0	92	0.00	92
12	0	77	0.00	77
13	1	57	1.72	58
14	0	73	0.00	73
15	0	74	0.00	74
16	0	72	0.00	72
17	0	63	0.00	63
18	0	70	0.00	70
19	0	79	0.00	79
20	0	55	0.00	55
21	0	44	0.00	44
22	0	42	0.00	42
23	0	46	0.00	46
24	0	39	0.00	39
25	0	39	0.00	39
26	0	39	0.00	39
27	1	36	2.70	37
28	2	35	5.41	37
29	0	37	0.00	37
30	0	29	0.00	29
31	0	30	0.00	30
32	0	32	0.00	32
33	0	18	0.00	18
34	0	24	0.00	24
35	0	22	0.00	22
36	0	21	0.00	21
37	1	11	8.33	12
38	0	24	0.00	24
39	0	13	0.00	13
40	0	21	0.00	21
41	0	15	0.00	15
42	0	18	0.00	18
43	0	12	0.00	12
44	0	15	0.00	15
45	0	19	0.00	19
46	0	23	0.00	23
47	0	13	0.00	13
48	0	5	0.00	5
49	0	10	0.00	10
50	0	4	0.00	4
51	0	15	0.00	15
52	0	16	0.00	16
53	0	16	0.00	16
54	0	10	0.00	10
55	0	6	0.00	6
56	0	8	0.00	8
57	0	4	0.00	4
58	0	3	0.00	3
59	0	2	0.00	2
60	0	3	0.00	3
61	0	3	0.00	3
62	0	3	0.00	3
63	0	0		0
64	0	1	0.00	1
65	0	0		0
66	0	2	0.00	2
67	0	0		0
68	0	2	0.00	2
69	0	6	0.00	6
70	0	1	0.00	1
71	0	0		0
72	0	1	0.00	1
73	0	0		0
74	0	1	0.00	1
75	0	0		0
76	0	0		0
77	0	0		0
78	0	1	0.00	1
79	0	1	0.00	1
80	0	1	0.00	1
81	0	0		0
82	0	0		0
83	0	0		0
84	0	1	0.00	1
85	0	0		0
86	0	0		0
87	0	1	0.00	1
88	0	0		0
89	0	1	0.00	1
90	0	0		0
91	0	1	0.00	1
92	0	0		0
93	0	0		0
94	0	0		0
95	0	0		0
96	0	0		0
97	0	0		0

