CpG context (R1)
================
position	count methylated	count unmethylated	% methylation	coverage
1	208	2152	8.81	2360
2	1	20	4.76	21
3	0	13	0.00	13
4	11	180	5.76	191
5	10	179	5.29	189
6	8	281	2.77	289
7	9	237	3.66	246
8	11	271	3.90	282
9	10	246	3.91	256
10	11	249	4.23	260
11	11	249	4.23	260
12	14	272	4.90	286
13	10	279	3.46	289
14	10	251	3.83	261
15	14	219	6.01	233
16	14	314	4.27	328
17	16	222	6.72	238
18	5	241	2.03	246
19	22	276	7.38	298
20	4	178	2.20	182
21	12	214	5.31	226
22	10	261	3.69	271
23	5	269	1.82	274
24	17	230	6.88	247
25	7	267	2.55	274
26	13	307	4.06	320
27	12	272	4.23	284
28	23	249	8.46	272
29	6	281	2.09	287
30	14	253	5.24	267
31	18	272	6.21	290
32	9	272	3.20	281
33	17	212	7.42	229
34	11	255	4.14	266
35	14	244	5.43	258
36	13	224	5.49	237
37	22	251	8.06	273
38	15	242	5.84	257
39	14	238	5.56	252
40	13	270	4.59	283
41	16	236	6.35	252
42	13	277	4.48	290
43	24	263	8.36	287
44	14	256	5.19	270
45	11	284	3.73	295
46	13	239	5.16	252
47	15	292	4.89	307
48	11	271	3.90	282
49	20	234	7.87	254
50	13	240	5.14	253
51	14	232	5.69	246
52	8	241	3.21	249
53	13	246	5.02	259
54	16	239	6.27	255
55	11	283	3.74	294
56	8	226	3.42	234
57	5	210	2.33	215
58	17	220	7.17	237
59	10	239	4.02	249
60	12	228	5.00	240
61	14	258	5.15	272
62	15	227	6.20	242
63	15	249	5.68	264
64	10	214	4.46	224
65	9	264	3.30	273
66	10	238	4.03	248
67	13	220	5.58	233
68	12	225	5.06	237
69	9	214	4.04	223
70	13	227	5.42	240
71	15	237	5.95	252
72	5	249	1.97	254
73	15	212	6.61	227
74	7	183	3.68	190
75	8	174	4.40	182
76	8	175	4.37	183
77	9	213	4.05	222
78	6	185	3.14	191
79	7	231	2.94	238
80	7	175	3.85	182
81	12	165	6.78	177
82	8	207	3.72	215
83	12	152	7.32	164
84	8	176	4.35	184
85	9	171	5.00	180
86	8	165	4.62	173
87	10	177	5.35	187
88	7	136	4.90	143
89	11	148	6.92	159
90	9	112	7.44	121
91	11	132	7.69	143
92	8	136	5.56	144
93	8	130	5.80	138
94	6	122	4.69	128
95	10	117	7.87	127
96	8	111	6.72	119
97	8	120	6.25	128
98	8	111	6.72	119
99	5	47	9.62	52
100	0	12	0.00	12
101	0	6	0.00	6
102	1	4	20.00	5
103	0	7	0.00	7
104	0	6	0.00	6
105	1	3	25.00	4
106	0	4	0.00	4
107	2	3	40.00	5
108	0	4	0.00	4
109	1	8	11.11	9
110	0	3	0.00	3
111	0	3	0.00	3
112	0	9	0.00	9
113	0	0		0
114	0	9	0.00	9
115	0	4	0.00	4
116	0	1	0.00	1
117	0	6	0.00	6
118	0	0		0
119	0	4	0.00	4
120	1	1	50.00	2
121	1	2	33.33	3
122	0	2	0.00	2
123	2	1	66.67	3
124	0	5	0.00	5
125	0	1	0.00	1
126	1	3	25.00	4
127	0	2	0.00	2
128	1	5	16.67	6
129	0	3	0.00	3
130	0	3	0.00	3
131	0	2	0.00	2
132	1	0	100.00	1
133	0	1	0.00	1
134	1	2	33.33	3
135	0	0		0
136	0	0		0
137	0	2	0.00	2
138	0	2	0.00	2
139	0	3	0.00	3
140	0	0		0
141	0	3	0.00	3
142	0	2	0.00	2
143	0	1	0.00	1
144	0	1	0.00	1
145	0	0		0
146	0	1	0.00	1
147	0	0		0
148	0	0		0
149	0	2	0.00	2

CHG context (R1)
================
position	count methylated	count unmethylated	% methylation	coverage
1	1	11	8.33	12
2	0	24	0.00	24
3	0	10	0.00	10
4	1	117	0.85	118
5	0	197	0.00	197
6	2	248	0.80	250
7	2	263	0.75	265
8	2	202	0.98	204
9	0	255	0.00	255
10	2	177	1.12	179
11	1	228	0.44	229
12	0	201	0.00	201
13	0	219	0.00	219
14	0	160	0.00	160
15	2	244	0.81	246
16	0	209	0.00	209
17	0	249	0.00	249
18	0	271	0.00	271
19	1	185	0.54	186
20	0	157	0.00	157
21	0	236	0.00	236
22	0	236	0.00	236
23	1	199	0.50	200
24	0	177	0.00	177
25	2	241	0.82	243
26	0	197	0.00	197
27	1	237	0.42	238
28	1	274	0.36	275
29	0	161	0.00	161
30	1	171	0.58	172
31	3	233	1.27	236
32	1	192	0.52	193
33	2	260	0.76	262
34	0	240	0.00	240
35	0	239	0.00	239
36	1	206	0.48	207
37	0	195	0.00	195
38	1	190	0.52	191
39	0	226	0.00	226
40	0	203	0.00	203
41	2	282	0.70	284
42	0	231	0.00	231
43	1	205	0.49	206
44	0	251	0.00	251
45	1	208	0.48	209
46	6	212	2.75	218
47	0	171	0.00	171
48	0	213	0.00	213
49	1	236	0.42	237
50	0	197	0.00	197
51	2	221	0.90	223
52	0	211	0.00	211
53	0	212	0.00	212
54	1	181	0.55	182
55	0	179	0.00	179
56	0	213	0.00	213
57	1	210	0.47	211
58	0	217	0.00	217
59	0	201	0.00	201
60	1	163	0.61	164
61	0	176	0.00	176
62	0	160	0.00	160
63	1	150	0.66	151
64	1	202	0.49	203
65	0	191	0.00	191
66	0	174	0.00	174
67	0	189	0.00	189
68	0	197	0.00	197
69	1	165	0.60	166
70	1	192	0.52	193
71	0	163	0.00	163
72	0	143	0.00	143
73	0	164	0.00	164
74	0	169	0.00	169
75	0	141	0.00	141
76	0	191	0.00	191
77	0	192	0.00	192
78	1	175	0.57	176
79	1	167	0.60	168
80	1	133	0.75	134
81	0	186	0.00	186
82	1	127	0.78	128
83	0	131	0.00	131
84	0	136	0.00	136
85	2	117	1.68	119
86	0	160	0.00	160
87	0	111	0.00	111
88	0	130	0.00	130
89	1	113	0.88	114
90	0	103	0.00	103
91	1	151	0.66	152
92	0	93	0.00	93
93	0	93	0.00	93
94	0	100	0.00	100
95	0	99	0.00	99
96	0	119	0.00	119
97	0	108	0.00	108
98	0	100	0.00	100
99	0	40	0.00	40
100	0	7	0.00	7
101	0	10	0.00	10
102	0	10	0.00	10
103	0	6	0.00	6
104	0	8	0.00	8
105	0	7	0.00	7
106	0	7	0.00	7
107	0	4	0.00	4
108	0	4	0.00	4
109	0	4	0.00	4
110	0	4	0.00	4
111	0	7	0.00	7
112	0	1	0.00	1
113	0	3	0.00	3
114	0	3	0.00	3
115	0	2	0.00	2
116	0	4	0.00	4
117	0	0		0
118	0	7	0.00	7
119	0	0		0
120	0	5	0.00	5
121	0	3	0.00	3
122	0	0		0
123	0	0		0
124	0	1	0.00	1
125	0	3	0.00	3
126	0	2	0.00	2
127	0	3	0.00	3
128	0	2	0.00	2
129	0	1	0.00	1
130	0	0		0
131	0	0		0
132	0	0		0
133	0	3	0.00	3
134	0	1	0.00	1
135	0	0		0
136	0	3	0.00	3
137	0	0		0
138	0	0		0
139	0	1	0.00	1
140	1	1	50.00	2
141	0	1	0.00	1
142	0	1	0.00	1
143	0	0		0
144	0	0		0
145	0	0		0
146	0	0		0
147	0	0		0
148	0	2	0.00	2
149	0	2	0.00	2

CHH context (R1)
================
position	count methylated	count unmethylated	% methylation	coverage
1	0	39	0.00	39
2	2	35	5.41	37
3	0	23	0.00	23
4	1	331	0.30	332
5	2	393	0.51	395
6	3	412	0.72	415
7	0	405	0.00	405
8	0	363	0.00	363
9	1	321	0.31	322
10	4	311	1.27	315
11	0	321	0.00	321
12	1	350	0.28	351
13	0	356	0.00	356
14	2	366	0.54	368
15	1	400	0.25	401
16	1	334	0.30	335
17	1	295	0.34	296
18	0	269	0.00	269
19	0	283	0.00	283
20	2	364	0.55	366
21	2	323	0.62	325
22	1	330	0.30	331
23	2	329	0.60	331
24	0	382	0.00	382
25	0	380	0.00	380
26	3	341	0.87	344
27	0	379	0.00	379
28	1	309	0.32	310
29	1	327	0.30	328
30	3	367	0.81	370
31	1	356	0.28	357
32	0	372	0.00	372
33	1	315	0.32	316
34	2	319	0.62	321
35	3	300	0.99	303
36	1	378	0.26	379
37	1	362	0.28	363
38	0	405	0.00	405
39	2	358	0.56	360
40	2	383	0.52	385
41	3	320	0.93	323
42	1	318	0.31	319
43	1	321	0.31	322
44	3	303	0.98	306
45	0	312	0.00	312
46	3	351	0.85	354
47	0	309	0.00	309
48	3	316	0.94	319
49	0	382	0.00	382
50	2	390	0.51	392
51	0	420	0.00	420
52	1	335	0.30	336
53	1	306	0.33	307
54	0	300	0.00	300
55	0	327	0.00	327
56	1	294	0.34	295
57	0	300	0.00	300
58	1	301	0.33	302
59	0	323	0.00	323
60	0	319	0.00	319
61	1	305	0.33	306
62	0	356	0.00	356
63	3	301	0.99	304
64	2	321	0.62	323
65	0	305	0.00	305
66	0	269	0.00	269
67	0	329	0.00	329
68	1	326	0.31	327
69	0	285	0.00	285
70	1	297	0.34	298
71	1	296	0.34	297
72	0	276	0.00	276
73	1	292	0.34	293
74	0	248	0.00	248
75	0	328	0.00	328
76	1	297	0.34	298
77	2	271	0.73	273
78	0	271	0.00	271
79	1	256	0.39	257
80	0	288	0.00	288
81	4	256	1.54	260
82	1	255	0.39	256
83	2	222	0.89	224
84	1	232	0.43	233
85	0	260	0.00	260
86	0	285	0.00	285
87	1	196	0.51	197
88	2	250	0.79	252
89	2	218	0.91	220
90	1	171	0.58	172
91	0	183	0.00	183
92	1	210	0.47	211
93	2	173	1.14	175
94	0	198	0.00	198
95	1	186	0.53	187
96	0	149	0.00	149
97	0	161	0.00	161
98	4	166	2.35	170
99	0	68	0.00	68
100	0	12	0.00	12
101	0	12	0.00	12
102	0	7	0.00	7
103	0	8	0.00	8
104	0	6	0.00	6
105	0	10	0.00	10
106	0	14	0.00	14
107	0	10	0.00	10
108	0	11	0.00	11
109	0	8	0.00	8
110	0	7	0.00	7
111	0	2	0.00	2
112	0	2	0.00	2
113	0	3	0.00	3
114	0	1	0.00	1
115	0	3	0.00	3
116	0	4	0.00	4
117	0	10	0.00	10
118	0	4	0.00	4
119	0	6	0.00	6
120	0	2	0.00	2
121	0	3	0.00	3
122	0	1	0.00	1
123	0	2	0.00	2
124	0	2	0.00	2
125	0	3	0.00	3
126	0	6	0.00	6
127	0	0		0
128	0	1	0.00	1
129	0	0		0
130	0	3	0.00	3
131	0	4	0.00	4
132	0	5	0.00	5
133	0	2	0.00	2
134	0	0		0
135	0	1	0.00	1
136	0	1	0.00	1
137	0	4	0.00	4
138	0	0		0
139	0	3	0.00	3
140	0	0		0
141	0	1	0.00	1
142	0	0		0
143	0	3	0.00	3
144	0	0		0
145	0	0		0
146	0	1	0.00	1
147	0	2	0.00	2
148	0	2	0.00	2
149	0	2	0.00	2

CpG context (R2)
================
position	count methylated	count unmethylated	% methylation	coverage
1	0	21	0.00	21
2	0	16	0.00	16
3	5	74	6.33	79
4	9	81	10.00	90
5	2	92	2.13	94
6	8	96	7.69	104
7	3	122	2.40	125
8	4	81	4.71	85
9	9	66	12.00	75
10	6	102	5.56	108
11	4	51	7.27	55
12	5	65	7.14	70
13	4	70	5.41	74
14	2	42	4.55	44
15	1	56	1.75	57
16	1	61	1.61	62
17	2	31	6.06	33
18	8	52	13.33	60
19	1	38	2.56	39
20	1	47	2.08	48
21	0	27	0.00	27
22	1	33	2.94	34
23	2	37	5.13	39
24	3	57	5.00	60
25	2	30	6.25	32
26	1	21	4.55	22
27	2	24	7.69	26
28	3	30	9.09	33
29	1	28	3.45	29
30	1	23	4.17	24
31	3	31	8.82	34
32	0	24	0.00	24
33	3	12	20.00	15
34	0	16	0.00	16
35	0	8	0.00	8
36	2	11	15.38	13
37	0	23	0.00	23
38	2	10	16.67	12
39	1	7	12.50	8
40	0	13	0.00	13
41	1	8	11.11	9
42	0	9	0.00	9
43	2	16	11.11	18
44	1	16	5.88	17
45	1	3	25.00	4
46	3	12	20.00	15
47	0	5	0.00	5
48	0	9	0.00	9
49	0	5	0.00	5
50	2	6	25.00	8
51	0	5	0.00	5
52	3	4	42.86	7
53	0	2	0.00	2
54	3	2	60.00	5
55	0	2	0.00	2
56	0	2	0.00	2
57	1	1	50.00	2
58	0	7	0.00	7
59	0	0		0
60	1	2	33.33	3
61	0	5	0.00	5
62	0	0		0
63	0	2	0.00	2
64	0	1	0.00	1
65	1	1	50.00	2
66	0	0		0
67	0	0		0
68	1	1	50.00	2
69	0	0		0
70	0	1	0.00	1
71	0	2	0.00	2
72	0	1	0.00	1
73	0	0		0
74	0	0		0
75	0	2	0.00	2
76	0	0		0
77	0	2	0.00	2
78	0	0		0
79	0	0		0
80	0	0		0
81	0	0		0
82	0	1	0.00	1
83	0	0		0
84	0	0		0
85	0	0		0
86	0	0		0
87	0	0		0
88	0	1	0.00	1
89	0	0		0
90	0	0		0
91	0	1	0.00	1
92	0	1	0.00	1
93	0	0		0
94	0	1	0.00	1
95	0	0		0
96	0	1	0.00	1
97	1	0	100.00	1

CHG context (R2)
================
position	count methylated	count unmethylated	% methylation	coverage
1	12	2128	0.56	2140
2	0	20	0.00	20
3	0	6	0.00	6
4	1	44	2.22	45
5	0	56	0.00	56
6	0	72	0.00	72
7	1	89	1.11	90
8	0	85	0.00	85
9	0	74	0.00	74
10	0	58	0.00	58
11	0	73	0.00	73
12	0	34	0.00	34
13	0	52	0.00	52
14	0	42	0.00	42
15	0	43	0.00	43
16	0	56	0.00	56
17	1	60	1.64	61
18	0	44	0.00	44
19	0	46	0.00	46
20	0	50	0.00	50
21	0	48	0.00	48
22	0	50	0.00	50
23	0	15	0.00	15
24	0	17	0.00	17
25	0	36	0.00	36
26	0	23	0.00	23
27	0	10	0.00	10
28	1	30	3.23	31
29	0	31	0.00	31
30	0	20	0.00	20
31	0	24	0.00	24
32	0	21	0.00	21
33	0	20	0.00	20
34	0	20	0.00	20
35	0	23	0.00	23
36	0	17	0.00	17
37	0	6	0.00	6
38	0	11	0.00	11
39	0	13	0.00	13
40	0	17	0.00	17
41	0	17	0.00	17
42	0	7	0.00	7
43	0	7	0.00	7
44	0	6	0.00	6
45	0	11	0.00	11
46	0	6	0.00	6
47	1	8	11.11	9
48	0	9	0.00	9
49	0	4	0.00	4
50	0	8	0.00	8
51	0	2	0.00	2
52	0	13	0.00	13
53	0	4	0.00	4
54	0	1	0.00	1
55	0	4	0.00	4
56	0	1	0.00	1
57	0	0		0
58	0	1	0.00	1
59	0	1	0.00	1
60	0	2	0.00	2
61	0	2	0.00	2
62	0	1	0.00	1
63	0	3	0.00	3
64	0	1	0.00	1
65	0	1	0.00	1
66	0	0		0
67	0	0		0
68	0	2	0.00	2
69	0	0		0
70	0	0		0
71	0	0		0
72	0	0		0
73	0	0		0
74	0	0		0
75	0	0		0
76	0	0		0
77	0	1	0.00	1
78	0	1	0.00	1
79	0	0		0
80	0	1	0.00	1
81	0	0		0
82	0	0		0
83	0	0		0
84	0	0		0
85	0	0		0
86	0	1	0.00	1
87	0	0		0
88	0	0		0
89	0	1	0.00	1
90	0	0		0
91	0	0		0
92	0	0		0
93	0	0		0
94	0	0		0
95	0	1	0.00	1
96	0	0		0
97	0	0		0

CHH context (R2)
================
position	count methylated	count unmethylated	% methylation	coverage
1	0	11	0.00	11
2	1	1005	0.10	1006
3	0	268	0.00	268
4	0	181	0.00	181
5	1	125	0.79	126
6	0	100	0.00	100
7	0	105	0.00	105
8	0	137	0.00	137
9	0	110	0.00	110
10	0	126	0.00	126
11	0	81	0.00	81
12	0	85	0.00	85
13	0	64	0.00	64
14	1	80	1.23	81
15	0	60	0.00	60
16	0	60	0.00	60
17	0	61	0.00	61
18	0	67	0.00	67
19	0	75	0.00	75
20	0	61	0.00	61
21	1	49	2.00	50
22	0	45	0.00	45
23	1	46	2.13	47
24	0	33	0.00	33
25	0	57	0.00	57
26	0	37	0.00	37
27	0	33	0.00	33
28	0	35	0.00	35
29	0	36	0.00	36
30	0	31	0.00	31
31	1	28	3.45	29
32	0	32	0.00	32
33	1	18	5.26	19
34	0	26	0.00	26
35	0	31	0.00	31
36	0	20	0.00	20
37	0	13	0.00	13
38	0	19	0.00	19
39	0	11	0.00	11
40	1	10	9.09	11
41	0	14	0.00	14
42	0	16	0.00	16
43	0	21	0.00	21
44	0	19	0.00	19
45	0	14	0.00	14
46	0	16	0.00	16
47	0	13	0.00	13
48	0	7	0.00	7
49	0	12	0.00	12
50	0	9	0.00	9
51	0	11	0.00	11
52	0	14	0.00	14
53	0	12	0.00	12
54	0	11	0.00	11
55	0	12	0.00	12
56	0	10	0.00	10
57	0	2	0.00	2
58	0	5	0.00	5
59	0	2	0.00	2
60	0	0		0
61	0	0		0
62	0	2	0.00	2
63	0	1	0.00	1
64	0	2	0.00	2
65	0	1	0.00	1
66	0	1	0.00	1
67	0	1	0.00	1
68	0	2	0.00	2
69	0	2	0.00	2
70	0	0		0
71	0	0		0
72	0	1	0.00	1
73	0	0		0
74	0	1	0.00	1
75	0	0		0
76	0	0		0
77	0	0		0
78	0	0		0
79	0	1	0.00	1
80	0	1	0.00	1
81	0	0		0
82	0	0		0
83	0	0		0
84	0	0		0
85	0	0		0
86	0	0		0
87	0	1	0.00	1
88	0	0		0
89	0	0		0
90	0	0		0
91	0	0		0
92	0	0		0
93	0	0		0
94	0	0		0
95	0	0		0
96	0	0		0
97	0	0		0

