CpG context (R1)
================
position	count methylated	count unmethylated	% methylation	coverage
1	215	2162	9.05	2377
2	0	13	0.00	13
3	0	15	0.00	15
4	13	163	7.39	176
5	12	219	5.19	231
6	11	269	3.93	280
7	5	242	2.02	247
8	13	289	4.30	302
9	10	228	4.20	238
10	14	227	5.81	241
11	11	259	4.07	270
12	13	290	4.29	303
13	15	274	5.19	289
14	17	248	6.42	265
15	15	263	5.40	278
16	19	270	6.57	289
17	4	224	1.75	228
18	14	257	5.17	271
19	12	301	3.83	313
20	8	177	4.32	185
21	14	244	5.43	258
22	11	260	4.06	271
23	13	263	4.71	276
24	11	243	4.33	254
25	11	287	3.69	298
26	14	291	4.59	305
27	10	270	3.57	280
28	22	256	7.91	278
29	5	257	1.91	262
30	17	264	6.05	281
31	15	281	5.07	296
32	16	262	5.76	278
33	7	242	2.81	249
34	12	257	4.46	269
35	10	311	3.12	321
36	24	218	9.92	242
37	11	269	3.93	280
38	17	244	6.51	261
39	8	261	2.97	269
40	10	238	4.03	248
41	7	251	2.71	258
42	13	250	4.94	263
43	13	249	4.96	262
44	9	243	3.57	252
45	20	277	6.73	297
46	17	225	7.02	242
47	15	293	4.87	308
48	15	268	5.30	283
49	16	245	6.13	261
50	12	252	4.55	264
51	16	245	6.13	261
52	10	233	4.12	243
53	7	252	2.70	259
54	11	257	4.10	268
55	13	249	4.96	262
56	14	245	5.41	259
57	13	214	5.73	227
58	11	262	4.03	273
59	14	242	5.47	256
60	11	243	4.33	254
61	21	255	7.61	276
62	16	220	6.78	236
63	14	221	5.96	235
64	11	259	4.07	270
65	15	244	5.79	259
66	5	250	1.96	255
67	22	218	9.17	240
68	14	194	6.73	208
69	11	213	4.91	224
70	4	199	1.97	203
71	13	234	5.26	247
72	12	240	4.76	252
73	8	224	3.45	232
74	10	203	4.69	213
75	10	208	4.59	218
76	10	179	5.29	189
77	9	198	4.35	207
78	16	180	8.16	196
79	4	198	1.98	202
80	5	171	2.84	176
81	6	160	3.61	166
82	5	184	2.65	189
83	5	134	3.60	139
84	5	161	3.01	166
85	8	207	3.72	215
86	9	143	5.92	152
87	18	194	8.49	212
88	4	93	4.12	97
89	11	147	6.96	158
90	3	122	2.40	125
91	10	147	6.37	157
92	10	139	6.71	149
93	9	130	6.47	139
94	4	136	2.86	140
95	9	111	7.50	120
96	6	96	5.88	102
97	6	140	4.11	146
98	5	85	5.56	90
99	6	46	11.54	52
100	1	9	10.00	10
101	0	3	0.00	3
102	0	5	0.00	5
103	0	7	0.00	7
104	0	6	0.00	6
105	1	6	14.29	7
106	0	4	0.00	4
107	0	4	0.00	4
108	1	13	7.14	14
109	0	4	0.00	4
110	0	4	0.00	4
111	0	3	0.00	3
112	0	3	0.00	3
113	1	2	33.33	3
114	0	3	0.00	3
115	1	0	100.00	1
116	0	2	0.00	2
117	0	3	0.00	3
118	0	5	0.00	5
119	0	1	0.00	1
120	0	5	0.00	5
121	0	2	0.00	2
122	0	2	0.00	2
123	1	2	33.33	3
124	0	3	0.00	3
125	0	0		0
126	0	2	0.00	2
127	0	2	0.00	2
128	1	4	20.00	5
129	1	3	25.00	4
130	0	1	0.00	1
131	1	2	33.33	3
132	0	0		0
133	0	1	0.00	1
134	0	1	0.00	1
135	0	1	0.00	1
136	0	0		0
137	0	1	0.00	1
138	0	2	0.00	2
139	0	3	0.00	3
140	0	0		0
141	0	2	0.00	2
142	0	1	0.00	1
143	0	1	0.00	1
144	0	2	0.00	2
145	0	0		0
146	0	0		0
147	0	0		0
148	0	0		0
149	0	1	0.00	1

CHG context (R1)
================
position	count methylated	count unmethylated	% methylation	coverage
1	0	16	0.00	16
2	0	19	0.00	19
3	0	10	0.00	10
4	0	134	0.00	134
5	1	192	0.52	193
6	0	249	0.00	249
7	1	232	0.43	233
8	0	208	0.00	208
9	3	250	1.19	253
10	2	231	0.86	233
11	1	265	0.38	266
12	1	183	0.54	184
13	2	203	0.98	205
14	1	214	0.47	215
15	3	234	1.27	237
16	1	215	0.46	216
17	1	232	0.43	233
18	2	270	0.74	272
19	0	185	0.00	185
20	1	183	0.54	184
21	1	238	0.42	239
22	1	241	0.41	242
23	0	195	0.00	195
24	1	198	0.50	199
25	1	228	0.44	229
26	0	187	0.00	187
27	0	223	0.00	223
28	0	223	0.00	223
29	0	170	0.00	170
30	2	186	1.06	188
31	1	226	0.44	227
32	0	203	0.00	203
33	0	226	0.00	226
34	0	220	0.00	220
35	2	222	0.89	224
36	0	201	0.00	201
37	0	186	0.00	186
38	0	193	0.00	193
39	0	213	0.00	213
40	0	218	0.00	218
41	3	254	1.17	257
42	1	235	0.42	236
43	1	225	0.44	226
44	0	235	0.00	235
45	3	196	1.51	199
46	0	224	0.00	224
47	0	210	0.00	210
48	0	216	0.00	216
49	2	213	0.93	215
50	1	232	0.43	233
51	0	223	0.00	223
52	0	223	0.00	223
53	2	212	0.93	214
54	1	199	0.50	200
55	0	173	0.00	173
56	0	223	0.00	223
57	1	195	0.51	196
58	0	195	0.00	195
59	0	209	0.00	209
60	2	162	1.22	164
61	0	195	0.00	195
62	0	167	0.00	167
63	1	177	0.56	178
64	0	190	0.00	190
65	1	193	0.52	194
66	1	204	0.49	205
67	0	159	0.00	159
68	1	193	0.52	194
69	0	170	0.00	170
70	5	191	2.55	196
71	1	180	0.55	181
72	0	157	0.00	157
73	0	180	0.00	180
74	3	142	2.07	145
75	0	147	0.00	147
76	0	164	0.00	164
77	0	155	0.00	155
78	1	152	0.65	153
79	1	130	0.76	131
80	2	146	1.35	148
81	0	173	0.00	173
82	0	100	0.00	100
83	0	149	0.00	149
84	0	135	0.00	135
85	0	96	0.00	96
86	1	154	0.65	155
87	1	95	1.04	96
88	0	121	0.00	121
89	0	114	0.00	114
90	1	113	0.88	114
91	1	148	0.67	149
92	1	95	1.04	96
93	0	81	0.00	81
94	0	86	0.00	86
95	0	78	0.00	78
96	2	116	1.69	118
97	0	91	0.00	91
98	0	85	0.00	85
99	2	45	4.26	47
100	0	4	0.00	4
101	0	10	0.00	10
102	0	6	0.00	6
103	0	3	0.00	3
104	0	2	0.00	2
105	0	5	0.00	5
106	0	6	0.00	6
107	0	2	0.00	2
108	0	3	0.00	3
109	0	2	0.00	2
110	0	2	0.00	2
111	0	2	0.00	2
112	0	2	0.00	2
113	0	0		0
114	0	0		0
115	0	6	0.00	6
116	0	4	0.00	4
117	0	3	0.00	3
118	0	2	0.00	2
119	0	2	0.00	2
120	0	4	0.00	4
121	0	3	0.00	3
122	0	0		0
123	0	1	0.00	1
124	0	2	0.00	2
125	0	0		0
126	0	0		0
127	0	0		0
128	0	0		0
129	0	1	0.00	1
130	0	1	0.00	1
131	0	0		0
132	0	2	0.00	2
133	0	1	0.00	1
134	0	0		0
135	0	1	0.00	1
136	0	2	0.00	2
137	0	0		0
138	0	0		0
139	0	2	0.00	2
140	0	1	0.00	1
141	0	0		0
142	0	0		0
143	0	0		0
144	0	0		0
145	0	0		0
146	0	0		0
147	0	0		0
148	0	2	0.00	2
149	0	0		0

CHH context (R1)
================
position	count methylated	count unmethylated	% methylation	coverage
1	2	28	6.67	30
2	0	30	0.00	30
3	0	22	0.00	22
4	1	374	0.27	375
5	0	396	0.00	396
6	1	403	0.25	404
7	2	381	0.52	383
8	2	348	0.57	350
9	1	336	0.30	337
10	0	351	0.00	351
11	1	313	0.32	314
12	1	321	0.31	322
13	1	392	0.25	393
14	2	396	0.50	398
15	2	380	0.52	382
16	0	360	0.00	360
17	0	327	0.00	327
18	0	292	0.00	292
19	3	347	0.86	350
20	1	363	0.27	364
21	1	345	0.29	346
22	0	337	0.00	337
23	0	339	0.00	339
24	0	376	0.00	376
25	1	394	0.25	395
26	3	345	0.86	348
27	2	392	0.51	394
28	1	352	0.28	353
29	4	330	1.20	334
30	4	344	1.15	348
31	0	331	0.00	331
32	2	356	0.56	358
33	0	316	0.00	316
34	1	338	0.29	339
35	1	298	0.33	299
36	2	389	0.51	391
37	1	359	0.28	360
38	2	349	0.57	351
39	0	347	0.00	347
40	1	331	0.30	332
41	1	356	0.28	357
42	1	361	0.28	362
43	0	356	0.00	356
44	0	301	0.00	301
45	3	332	0.90	335
46	1	349	0.29	350
47	1	328	0.30	329
48	3	313	0.95	316
49	0	381	0.00	381
50	2	408	0.49	410
51	0	379	0.00	379
52	1	347	0.29	348
53	2	330	0.60	332
54	0	309	0.00	309
55	1	329	0.30	330
56	1	297	0.34	298
57	0	276	0.00	276
58	0	271	0.00	271
59	0	336	0.00	336
60	0	286	0.00	286
61	0	294	0.00	294
62	2	325	0.61	327
63	0	300	0.00	300
64	0	363	0.00	363
65	0	289	0.00	289
66	0	283	0.00	283
67	1	308	0.32	309
68	0	318	0.00	318
69	0	309	0.00	309
70	0	275	0.00	275
71	0	301	0.00	301
72	2	286	0.69	288
73	0	301	0.00	301
74	0	253	0.00	253
75	0	276	0.00	276
76	1	293	0.34	294
77	1	278	0.36	279
78	0	246	0.00	246
79	1	283	0.35	284
80	0	286	0.00	286
81	1	233	0.43	234
82	0	274	0.00	274
83	2	251	0.79	253
84	1	236	0.42	237
85	0	218	0.00	218
86	0	241	0.00	241
87	0	192	0.00	192
88	0	243	0.00	243
89	0	206	0.00	206
90	2	158	1.25	160
91	0	167	0.00	167
92	1	179	0.56	180
93	0	162	0.00	162
94	0	156	0.00	156
95	1	182	0.55	183
96	0	151	0.00	151
97	2	164	1.20	166
98	1	149	0.67	150
99	0	61	0.00	61
100	0	7	0.00	7
101	0	8	0.00	8
102	0	7	0.00	7
103	0	6	0.00	6
104	0	11	0.00	11
105	0	10	0.00	10
106	0	7	0.00	7
107	0	3	0.00	3
108	0	5	0.00	5
109	0	3	0.00	3
110	0	6	0.00	6
111	0	4	0.00	4
112	0	5	0.00	5
113	0	3	0.00	3
114	0	9	0.00	9
115	0	4	0.00	4
116	0	2	0.00	2
117	0	5	0.00	5
118	0	3	0.00	3
119	0	4	0.00	4
120	0	2	0.00	2
121	0	1	0.00	1
122	0	2	0.00	2
123	0	1	0.00	1
124	0	1	0.00	1
125	0	5	0.00	5
126	0	4	0.00	4
127	0	1	0.00	1
128	0	1	0.00	1
129	0	0		0
130	0	2	0.00	2
131	0	4	0.00	4
132	0	3	0.00	3
133	0	2	0.00	2
134	0	3	0.00	3
135	0	1	0.00	1
136	0	3	0.00	3
137	0	2	0.00	2
138	0	1	0.00	1
139	0	1	0.00	1
140	0	0		0
141	0	0		0
142	0	1	0.00	1
143	0	1	0.00	1
144	0	1	0.00	1
145	0	2	0.00	2
146	0	1	0.00	1
147	0	1	0.00	1
148	0	0		0
149	0	0		0

CpG context (R2)
================
position	count methylated	count unmethylated	% methylation	coverage
1	0	20	0.00	20
2	0	15	0.00	15
3	3	77	3.75	80
4	2	70	2.78	72
5	3	89	3.26	92
6	5	78	6.02	83
7	3	115	2.54	118
8	4	67	5.63	71
9	4	69	5.48	73
10	3	92	3.16	95
11	8	60	11.76	68
12	4	59	6.35	63
13	5	82	5.75	87
14	3	31	8.82	34
15	9	68	11.69	77
16	0	51	0.00	51
17	1	30	3.23	31
18	3	45	6.25	48
19	0	42	0.00	42
20	2	36	5.26	38
21	1	39	2.50	40
22	2	38	5.00	40
23	3	40	6.98	43
24	4	60	6.25	64
25	2	29	6.45	31
26	1	39	2.50	40
27	1	29	3.33	30
28	1	29	3.33	30
29	3	35	7.89	38
30	1	20	4.76	21
31	2	25	7.41	27
32	1	27	3.57	28
33	0	16	0.00	16
34	0	17	0.00	17
35	1	10	9.09	11
36	0	11	0.00	11
37	1	24	4.00	25
38	2	21	8.70	23
39	0	9	0.00	9
40	0	6	0.00	6
41	0	8	0.00	8
42	0	7	0.00	7
43	0	13	0.00	13
44	0	16	0.00	16
45	0	2	0.00	2
46	2	14	12.50	16
47	0	8	0.00	8
48	0	2	0.00	2
49	0	1	0.00	1
50	0	4	0.00	4
51	0	8	0.00	8
52	3	6	33.33	9
53	0	2	0.00	2
54	2	7	22.22	9
55	1	0	100.00	1
56	0	0		0
57	0	2	0.00	2
58	0	4	0.00	4
59	0	7	0.00	7
60	0	2	0.00	2
61	0	2	0.00	2
62	0	1	0.00	1
63	0	2	0.00	2
64	0	0		0
65	0	0		0
66	0	2	0.00	2
67	0	0		0
68	0	0		0
69	0	0		0
70	0	0		0
71	0	1	0.00	1
72	0	0		0
73	0	1	0.00	1
74	0	0		0
75	0	1	0.00	1
76	0	1	0.00	1
77	0	1	0.00	1
78	0	0		0
79	0	0		0

CHG context (R2)
================
position	count methylated	count unmethylated	% methylation	coverage
1	15	2129	0.70	2144
2	0	22	0.00	22
3	0	10	0.00	10
4	0	35	0.00	35
5	0	51	0.00	51
6	0	59	0.00	59
7	1	71	1.39	72
8	2	77	2.53	79
9	0	81	0.00	81
10	0	64	0.00	64
11	0	80	0.00	80
12	0	36	0.00	36
13	0	41	0.00	41
14	0	52	0.00	52
15	0	41	0.00	41
16	0	54	0.00	54
17	0	48	0.00	48
18	1	45	2.17	46
19	0	53	0.00	53
20	0	56	0.00	56
21	0	32	0.00	32
22	0	54	0.00	54
23	0	35	0.00	35
24	0	23	0.00	23
25	0	32	0.00	32
26	0	15	0.00	15
27	1	11	8.33	12
28	1	21	4.55	22
29	0	32	0.00	32
30	0	26	0.00	26
31	0	28	0.00	28
32	0	17	0.00	17
33	0	24	0.00	24
34	0	16	0.00	16
35	0	26	0.00	26
36	0	16	0.00	16
37	0	9	0.00	9
38	0	10	0.00	10
39	0	15	0.00	15
40	0	13	0.00	13
41	0	17	0.00	17
42	0	4	0.00	4
43	0	14	0.00	14
44	0	4	0.00	4
45	0	12	0.00	12
46	0	2	0.00	2
47	0	14	0.00	14
48	0	10	0.00	10
49	0	9	0.00	9
50	0	6	0.00	6
51	0	2	0.00	2
52	0	11	0.00	11
53	0	6	0.00	6
54	0	0		0
55	0	7	0.00	7
56	0	1	0.00	1
57	0	0		0
58	0	1	0.00	1
59	0	1	0.00	1
60	0	7	0.00	7
61	0	1	0.00	1
62	0	0		0
63	0	5	0.00	5
64	0	3	0.00	3
65	0	1	0.00	1
66	0	0		0
67	0	2	0.00	2
68	0	1	0.00	1
69	0	0		0
70	0	0		0
71	0	0		0
72	0	0		0
73	0	0		0
74	0	0		0
75	0	0		0
76	0	0		0
77	0	0		0
78	0	0		0
79	0	1	0.00	1

CHH context (R2)
================
position	count methylated	count unmethylated	% methylation	coverage
1	0	8	0.00	8
2	1	980	0.10	981
3	1	253	0.39	254
4	0	209	0.00	209
5	1	152	0.65	153
6	2	110	1.79	112
7	0	108	0.00	108
8	0	131	0.00	131
9	0	121	0.00	121
10	0	112	0.00	112
11	0	85	0.00	85
12	0	86	0.00	86
13	0	66	0.00	66
14	0	82	0.00	82
15	0	67	0.00	67
16	0	68	0.00	68
17	0	73	0.00	73
18	0	73	0.00	73
19	1	76	1.30	77
20	0	69	0.00	69
21	0	54	0.00	54
22	0	41	0.00	41
23	0	47	0.00	47
24	0	39	0.00	39
25	0	48	0.00	48
26	0	36	0.00	36
27	0	29	0.00	29
28	0	22	0.00	22
29	1	33	2.94	34
30	0	21	0.00	21
31	1	20	4.76	21
32	0	28	0.00	28
33	2	22	8.33	24
34	0	22	0.00	22
35	0	24	0.00	24
36	1	16	5.88	17
37	0	11	0.00	11
38	0	23	0.00	23
39	0	7	0.00	7
40	0	23	0.00	23
41	0	17	0.00	17
42	0	19	0.00	19
43	0	15	0.00	15
44	0	15	0.00	15
45	0	13	0.00	13
46	0	23	0.00	23
47	0	8	0.00	8
48	0	7	0.00	7
49	0	12	0.00	12
50	0	9	0.00	9
51	0	9	0.00	9
52	0	6	0.00	6
53	0	8	0.00	8
54	0	11	0.00	11
55	1	10	9.09	11
56	0	11	0.00	11
57	0	4	0.00	4
58	0	7	0.00	7
59	0	2	0.00	2
60	0	0		0
61	0	3	0.00	3
62	0	2	0.00	2
63	0	0		0
64	0	1	0.00	1
65	0	0		0
66	0	0		0
67	0	1	0.00	1
68	0	4	0.00	4
69	0	2	0.00	2
70	0	0		0
71	0	0		0
72	0	0		0
73	0	0		0
74	0	0		0
75	0	0		0
76	0	1	0.00	1
77	0	1	0.00	1
78	0	0		0
79	0	0		0

