CpG context (R1)
================
position	count methylated	count unmethylated	% methylation	coverage
1	187	2187	7.88	2374
2	0	20	0.00	20
3	4	9	30.77	13
4	9	171	5.00	180
5	9	227	3.81	236
6	8	259	3.00	267
7	8	243	3.19	251
8	13	281	4.42	294
9	11	245	4.30	256
10	12	248	4.62	260
11	18	233	7.17	251
12	13	262	4.73	275
13	11	259	4.07	270
14	16	259	5.82	275
15	7	213	3.18	220
16	15	283	5.03	298
17	7	226	3.00	233
18	2	242	0.82	244
19	12	285	4.04	297
20	8	208	3.70	216
21	12	228	5.00	240
22	9	291	3.00	300
23	17	274	5.84	291
24	14	229	5.76	243
25	13	263	4.71	276
26	9	291	3.00	300
27	12	303	3.81	315
28	12	255	4.49	267
29	8	280	2.78	288
30	12	270	4.26	282
31	14	284	4.70	298
32	14	298	4.49	312
33	13	220	5.58	233
34	13	283	4.39	296
35	12	293	3.93	305
36	14	230	5.74	244
37	13	276	4.50	289
38	25	230	9.80	255
39	12	222	5.13	234
40	11	279	3.79	290
41	13	235	5.24	248
42	13	259	4.78	272
43	10	247	3.89	257
44	15	230	6.12	245
45	10	244	3.94	254
46	13	218	5.63	231
47	15	256	5.54	271
48	19	249	7.09	268
49	12	238	4.80	250
50	16	229	6.53	245
51	7	236	2.88	243
52	13	252	4.91	265
53	11	208	5.02	219
54	16	256	5.88	272
55	15	295	4.84	310
56	16	247	6.08	263
57	13	250	4.94	263
58	16	240	6.25	256
59	16	273	5.54	289
60	13	265	4.68	278
61	9	212	4.07	221
62	14	256	5.19	270
63	10	204	4.67	214
64	13	253	4.89	266
65	22	210	9.48	232
66	13	254	4.87	267
67	10	209	4.57	219
68	14	218	6.03	232
69	6	204	2.86	210
70	15	179	7.73	194
71	12	250	4.58	262
72	8	238	3.25	246
73	15	211	6.64	226
74	11	184	5.64	195
75	11	179	5.79	190
76	11	211	4.95	222
77	6	210	2.78	216
78	6	186	3.12	192
79	16	234	6.40	250
80	10	193	4.93	203
81	5	162	2.99	167
82	2	240	0.83	242
83	4	117	3.31	121
84	7	187	3.61	194
85	13	207	5.91	220
86	8	175	4.37	183
87	7	194	3.48	201
88	1	129	0.77	130
89	10	145	6.45	155
90	4	117	3.31	121
91	9	161	5.29	170
92	7	140	4.76	147
93	13	127	9.29	140
94	3	124	2.36	127
95	9	114	7.32	123
96	3	107	2.73	110
97	7	130	5.11	137
98	0	100	0.00	100
99	0	52	0.00	52
100	1	7	12.50	8
101	0	8	0.00	8
102	0	5	0.00	5
103	0	7	0.00	7
104	1	5	16.67	6
105	0	3	0.00	3
106	0	5	0.00	5
107	0	4	0.00	4
108	1	2	33.33	3
109	0	6	0.00	6
110	0	3	0.00	3
111	1	5	16.67	6
112	0	2	0.00	2
113	0	3	0.00	3
114	0	3	0.00	3
115	0	7	0.00	7
116	0	2	0.00	2
117	1	6	14.29	7
118	0	0		0
119	0	4	0.00	4
120	0	0		0
121	1	1	50.00	2
122	0	1	0.00	1
123	0	3	0.00	3
124	0	3	0.00	3
125	0	4	0.00	4
126	1	2	33.33	3
127	0	2	0.00	2
128	0	2	0.00	2
129	1	3	25.00	4
130	0	2	0.00	2
131	0	2	0.00	2
132	0	1	0.00	1
133	1	0	100.00	1
134	0	0		0
135	0	1	0.00	1
136	0	2	0.00	2
137	0	4	0.00	4
138	0	0		0
139	0	0		0
140	0	1	0.00	1
141	0	1	0.00	1
142	0	0		0
143	0	2	0.00	2
144	0	1	0.00	1
145	0	0		0
146	1	1	50.00	2
147	0	1	0.00	1
148	0	1	0.00	1
149	0	1	0.00	1

CHG context (R1)
================
position	count methylated	count unmethylated	% methylation	coverage
1	0	21	0.00	21
2	0	21	0.00	21
3	0	9	0.00	9
4	1	149	0.67	150
5	0	199	0.00	199
6	0	235	0.00	235
7	2	232	0.85	234
8	1	214	0.47	215
9	1	245	0.41	246
10	1	207	0.48	208
11	2	218	0.91	220
12	0	220	0.00	220
13	0	201	0.00	201
14	0	176	0.00	176
15	1	248	0.40	249
16	0	197	0.00	197
17	0	244	0.00	244
18	2	274	0.72	276
19	1	192	0.52	193
20	2	175	1.13	177
21	2	211	0.94	213
22	0	231	0.00	231
23	0	227	0.00	227
24	1	160	0.62	161
25	1	228	0.44	229
26	0	207	0.00	207
27	0	218	0.00	218
28	1	257	0.39	258
29	0	191	0.00	191
30	2	209	0.95	211
31	1	246	0.40	247
32	1	190	0.52	191
33	0	241	0.00	241
34	2	253	0.78	255
35	1	203	0.49	204
36	0	199	0.00	199
37	1	212	0.47	213
38	1	204	0.49	205
39	2	232	0.85	234
40	3	219	1.35	222
41	0	283	0.00	283
42	0	206	0.00	206
43	0	201	0.00	201
44	1	240	0.41	241
45	2	216	0.92	218
46	0	246	0.00	246
47	0	182	0.00	182
48	1	230	0.43	231
49	0	216	0.00	216
50	1	190	0.52	191
51	2	200	0.99	202
52	1	210	0.47	211
53	1	228	0.44	229
54	1	225	0.44	226
55	0	155	0.00	155
56	0	221	0.00	221
57	0	196	0.00	196
58	2	240	0.83	242
59	0	181	0.00	181
60	0	127	0.00	127
61	0	188	0.00	188
62	1	140	0.71	141
63	2	217	0.91	219
64	3	168	1.75	171
65	0	196	0.00	196
66	2	182	1.09	184
67	0	178	0.00	178
68	2	195	1.02	197
69	0	178	0.00	178
70	0	195	0.00	195
71	0	199	0.00	199
72	1	166	0.60	167
73	1	172	0.58	173
74	0	147	0.00	147
75	0	148	0.00	148
76	0	177	0.00	177
77	0	150	0.00	150
78	1	162	0.61	163
79	1	151	0.66	152
80	2	130	1.52	132
81	1	202	0.49	203
82	0	117	0.00	117
83	0	141	0.00	141
84	0	120	0.00	120
85	0	126	0.00	126
86	2	163	1.21	165
87	0	122	0.00	122
88	1	121	0.82	122
89	0	112	0.00	112
90	0	97	0.00	97
91	1	157	0.63	158
92	0	90	0.00	90
93	0	87	0.00	87
94	0	122	0.00	122
95	0	91	0.00	91
96	0	117	0.00	117
97	1	123	0.81	124
98	0	90	0.00	90
99	0	45	0.00	45
100	0	10	0.00	10
101	0	8	0.00	8
102	0	8	0.00	8
103	0	5	0.00	5
104	0	6	0.00	6
105	0	4	0.00	4
106	0	9	0.00	9
107	0	2	0.00	2
108	0	6	0.00	6
109	0	9	0.00	9
110	0	4	0.00	4
111	0	1	0.00	1
112	0	2	0.00	2
113	0	4	0.00	4
114	0	5	0.00	5
115	0	1	0.00	1
116	0	2	0.00	2
117	0	1	0.00	1
118	0	2	0.00	2
119	0	2	0.00	2
120	0	4	0.00	4
121	0	0		0
122	0	1	0.00	1
123	0	2	0.00	2
124	0	1	0.00	1
125	0	2	0.00	2
126	0	1	0.00	1
127	0	2	0.00	2
128	0	0		0
129	0	2	0.00	2
130	0	1	0.00	1
131	0	1	0.00	1
132	0	1	0.00	1
133	0	1	0.00	1
134	0	2	0.00	2
135	0	0		0
136	0	0		0
137	0	0		0
138	0	0		0
139	0	2	0.00	2
140	0	0		0
141	0	0		0
142	0	0		0
143	0	0		0
144	0	0		0
145	0	1	0.00	1
146	0	0		0
147	0	0		0
148	0	1	0.00	1
149	0	1	0.00	1

CHH context (R1)
================
position	count methylated	count unmethylated	% methylation	coverage
1	1	23	4.17	24
2	0	33	0.00	33
3	0	18	0.00	18
4	0	306	0.00	306
5	0	409	0.00	409
6	2	399	0.50	401
7	2	419	0.48	421
8	0	364	0.00	364
9	1	326	0.31	327
10	1	338	0.29	339
11	1	343	0.29	344
12	0	345	0.00	345
13	0	365	0.00	365
14	2	365	0.54	367
15	0	372	0.00	372
16	2	378	0.53	380
17	3	335	0.89	338
18	0	303	0.00	303
19	1	334	0.30	335
20	0	351	0.00	351
21	0	342	0.00	342
22	1	345	0.29	346
23	1	334	0.30	335
24	1	366	0.27	367
25	2	383	0.52	385
26	1	375	0.27	376
27	2	389	0.51	391
28	0	404	0.00	404
29	1	337	0.30	338
30	1	365	0.27	366
31	2	320	0.62	322
32	2	356	0.56	358
33	2	331	0.60	333
34	3	295	1.01	298
35	0	299	0.00	299
36	1	357	0.28	358
37	1	342	0.29	343
38	0	342	0.00	342
39	0	329	0.00	329
40	2	325	0.61	327
41	1	324	0.31	325
42	1	372	0.27	373
43	1	340	0.29	341
44	3	369	0.81	372
45	1	320	0.31	321
46	3	360	0.83	363
47	0	326	0.00	326
48	0	323	0.00	323
49	2	346	0.57	348
50	4	373	1.06	377
51	1	405	0.25	406
52	1	362	0.28	363
53	0	330	0.00	330
54	1	322	0.31	323
55	1	300	0.33	301
56	0	279	0.00	279
57	0	281	0.00	281
58	1	275	0.36	276
59	0	306	0.00	306
60	1	272	0.37	273
61	1	321	0.31	322
62	1	339	0.29	340
63	2	294	0.68	296
64	1	337	0.30	338
65	1	305	0.33	306
66	1	304	0.33	305
67	0	359	0.00	359
68	0	318	0.00	318
69	0	307	0.00	307
70	1	291	0.34	292
71	0	287	0.00	287
72	2	293	0.68	295
73	1	296	0.34	297
74	1	254	0.39	255
75	1	299	0.33	300
76	2	292	0.68	294
77	0	274	0.00	274
78	3	258	1.15	261
79	0	260	0.00	260
80	2	280	0.71	282
81	1	241	0.41	242
82	0	287	0.00	287
83	0	249	0.00	249
84	1	244	0.41	245
85	1	258	0.39	259
86	2	238	0.83	240
87	0	209	0.00	209
88	1	267	0.37	268
89	1	228	0.44	229
90	0	194	0.00	194
91	0	182	0.00	182
92	2	178	1.11	180
93	2	153	1.29	155
94	2	171	1.16	173
95	2	196	1.01	198
96	0	176	0.00	176
97	1	177	0.56	178
98	1	163	0.61	164
99	0	75	0.00	75
100	0	7	0.00	7
101	0	9	0.00	9
102	0	7	0.00	7
103	0	4	0.00	4
104	0	6	0.00	6
105	0	11	0.00	11
106	0	12	0.00	12
107	0	14	0.00	14
108	0	6	0.00	6
109	0	4	0.00	4
110	0	4	0.00	4
111	0	4	0.00	4
112	0	4	0.00	4
113	0	5	0.00	5
114	0	5	0.00	5
115	0	4	0.00	4
116	0	3	0.00	3
117	0	5	0.00	5
118	0	5	0.00	5
119	0	5	0.00	5
120	0	2	0.00	2
121	0	8	0.00	8
122	0	5	0.00	5
123	0	3	0.00	3
124	0	3	0.00	3
125	0	3	0.00	3
126	0	7	0.00	7
127	0	3	0.00	3
128	0	2	0.00	2
129	0	1	0.00	1
130	0	4	0.00	4
131	0	5	0.00	5
132	0	4	0.00	4
133	0	5	0.00	5
134	0	1	0.00	1
135	0	1	0.00	1
136	0	1	0.00	1
137	0	3	0.00	3
138	0	2	0.00	2
139	0	1	0.00	1
140	0	0		0
141	0	1	0.00	1
142	0	1	0.00	1
143	0	0		0
144	0	1	0.00	1
145	0	1	0.00	1
146	0	0		0
147	0	1	0.00	1
148	0	1	0.00	1
149	0	1	0.00	1

CpG context (R2)
================
position	count methylated	count unmethylated	% methylation	coverage
1	2	22	8.33	24
2	0	16	0.00	16
3	3	61	4.69	64
4	5	69	6.76	74
5	8	99	7.48	107
6	4	66	5.71	70
7	3	123	2.38	126
8	2	71	2.74	73
9	5	66	7.04	71
10	1	80	1.23	81
11	6	70	7.89	76
12	4	52	7.14	56
13	1	77	1.28	78
14	4	41	8.89	45
15	5	53	8.62	58
16	1	46	2.13	47
17	1	40	2.44	41
18	6	54	10.00	60
19	2	28	6.67	30
20	3	40	6.98	43
21	2	30	6.25	32
22	1	29	3.33	30
23	2	44	4.35	46
24	5	46	9.80	51
25	0	28	0.00	28
26	0	28	0.00	28
27	2	20	9.09	22
28	0	26	0.00	26
29	3	29	9.38	32
30	2	16	11.11	18
31	3	19	13.64	22
32	0	25	0.00	25
33	0	8	0.00	8
34	1	16	5.88	17
35	0	10	0.00	10
36	1	10	9.09	11
37	0	12	0.00	12
38	1	19	5.00	20
39	0	11	0.00	11
40	0	5	0.00	5
41	0	6	0.00	6
42	0	6	0.00	6
43	1	12	7.69	13
44	0	13	0.00	13
45	0	1	0.00	1
46	3	7	30.00	10
47	0	5	0.00	5
48	0	4	0.00	4
49	0	1	0.00	1
50	0	6	0.00	6
51	0	5	0.00	5
52	3	6	33.33	9
53	0	2	0.00	2
54	1	6	14.29	7
55	0	4	0.00	4
56	1	4	20.00	5
57	0	1	0.00	1
58	0	3	0.00	3
59	0	1	0.00	1
60	1	0	100.00	1
61	0	3	0.00	3
62	0	1	0.00	1
63	0	0		0
64	0	1	0.00	1
65	0	1	0.00	1
66	0	0		0
67	0	0		0
68	0	3	0.00	3
69	0	0		0
70	1	1	50.00	2
71	0	1	0.00	1
72	0	0		0
73	0	0		0
74	0	0		0
75	0	0		0
76	0	0		0
77	0	0		0
78	0	0		0
79	0	0		0
80	0	0		0
81	0	1	0.00	1
82	0	0		0
83	0	1	0.00	1
84	0	0		0
85	0	0		0
86	0	0		0
87	0	0		0
88	0	1	0.00	1
89	0	0		0
90	0	0		0
91	0	0		0
92	0	1	0.00	1
93	0	0		0
94	0	1	0.00	1
95	0	0		0
96	0	1	0.00	1
97	0	0		0
98	0	0		0

CHG context (R2)
================
position	count methylated	count unmethylated	% methylation	coverage
1	16	2144	0.74	2160
2	0	28	0.00	28
3	0	7	0.00	7
4	1	42	2.33	43
5	0	48	0.00	48
6	0	72	0.00	72
7	1	71	1.39	72
8	0	84	0.00	84
9	0	82	0.00	82
10	0	38	0.00	38
11	0	63	0.00	63
12	1	39	2.50	40
13	0	36	0.00	36
14	2	43	4.44	45
15	0	37	0.00	37
16	0	47	0.00	47
17	0	49	0.00	49
18	0	39	0.00	39
19	0	49	0.00	49
20	0	46	0.00	46
21	0	33	0.00	33
22	0	39	0.00	39
23	0	17	0.00	17
24	0	16	0.00	16
25	0	36	0.00	36
26	0	23	0.00	23
27	0	15	0.00	15
28	0	13	0.00	13
29	0	25	0.00	25
30	0	18	0.00	18
31	0	16	0.00	16
32	0	20	0.00	20
33	0	14	0.00	14
34	0	17	0.00	17
35	0	24	0.00	24
36	0	18	0.00	18
37	0	15	0.00	15
38	0	6	0.00	6
39	1	11	8.33	12
40	0	9	0.00	9
41	0	15	0.00	15
42	0	5	0.00	5
43	0	11	0.00	11
44	0	5	0.00	5
45	0	11	0.00	11
46	0	6	0.00	6
47	0	9	0.00	9
48	1	5	16.67	6
49	0	10	0.00	10
50	0	14	0.00	14
51	0	4	0.00	4
52	0	7	0.00	7
53	0	2	0.00	2
54	0	0		0
55	0	7	0.00	7
56	0	4	0.00	4
57	0	0		0
58	0	0		0
59	0	2	0.00	2
60	0	3	0.00	3
61	0	1	0.00	1
62	0	2	0.00	2
63	0	4	0.00	4
64	1	0	100.00	1
65	0	1	0.00	1
66	0	0		0
67	0	0		0
68	0	0		0
69	0	1	0.00	1
70	0	1	0.00	1
71	0	0		0
72	0	0		0
73	0	1	0.00	1
74	0	0		0
75	0	1	0.00	1
76	0	0		0
77	0	0		0
78	0	1	0.00	1
79	0	0		0
80	0	0		0
81	0	0		0
82	0	0		0
83	0	0		0
84	0	1	0.00	1
85	0	0		0
86	0	0		0
87	0	0		0
88	0	0		0
89	0	1	0.00	1
90	0	0		0
91	0	0		0
92	0	0		0
93	0	0		0
94	0	0		0
95	0	0		0
96	0	1	0.00	1
97	0	0		0
98	0	0		0

CHH context (R2)
================
position	count methylated	count unmethylated	% methylation	coverage
1	0	12	0.00	12
2	2	998	0.20	1000
3	2	265	0.75	267
4	0	180	0.00	180
5	0	127	0.00	127
6	1	78	1.27	79
7	0	112	0.00	112
8	1	116	0.85	117
9	0	122	0.00	122
10	1	100	0.99	101
11	0	74	0.00	74
12	1	78	1.27	79
13	0	68	0.00	68
14	0	67	0.00	67
15	0	65	0.00	65
16	0	56	0.00	56
17	0	58	0.00	58
18	0	67	0.00	67
19	2	57	3.39	59
20	0	47	0.00	47
21	0	48	0.00	48
22	0	37	0.00	37
23	0	31	0.00	31
24	0	35	0.00	35
25	0	33	0.00	33
26	0	32	0.00	32
27	0	33	0.00	33
28	0	23	0.00	23
29	0	30	0.00	30
30	0	26	0.00	26
31	0	34	0.00	34
32	0	19	0.00	19
33	0	16	0.00	16
34	0	19	0.00	19
35	0	25	0.00	25
36	1	21	4.55	22
37	0	15	0.00	15
38	0	25	0.00	25
39	0	9	0.00	9
40	0	17	0.00	17
41	0	13	0.00	13
42	0	18	0.00	18
43	0	17	0.00	17
44	0	13	0.00	13
45	0	11	0.00	11
46	0	16	0.00	16
47	0	21	0.00	21
48	0	4	0.00	4
49	0	10	0.00	10
50	0	5	0.00	5
51	0	18	0.00	18
52	0	13	0.00	13
53	0	11	0.00	11
54	1	4	20.00	5
55	0	8	0.00	8
56	0	8	0.00	8
57	0	5	0.00	5
58	1	3	25.00	4
59	0	1	0.00	1
60	0	0		0
61	0	1	0.00	1
62	0	1	0.00	1
63	0	1	0.00	1
64	0	0		0
65	0	1	0.00	1
66	0	0		0
67	0	0		0
68	0	2	0.00	2
69	0	0		0
70	0	0		0
71	0	0		0
72	0	1	0.00	1
73	0	0		0
74	0	2	0.00	2
75	0	1	0.00	1
76	0	1	0.00	1
77	0	1	0.00	1
78	0	0		0
79	0	0		0
80	0	0		0
81	0	0		0
82	0	0		0
83	0	0		0
84	0	0		0
85	0	0		0
86	0	0		0
87	0	0		0
88	0	0		0
89	0	0		0
90	0	0		0
91	0	0		0
92	0	0		0
93	0	0		0
94	0	0		0
95	0	0		0
96	0	0		0
97	0	0		0
98	0	1	0.00	1

