CpG context (R1)
================
position	count methylated	count unmethylated	% methylation	coverage
1	181	2173	7.69	2354
2	0	19	0.00	19
3	1	12	7.69	13
4	8	181	4.23	189
5	11	192	5.42	203
6	9	272	3.20	281
7	13	231	5.33	244
8	13	275	4.51	288
9	9	256	3.40	265
10	8	268	2.90	276
11	4	254	1.55	258
12	11	274	3.86	285
13	18	284	5.96	302
14	17	261	6.12	278
15	9	244	3.56	253
16	17	296	5.43	313
17	12	255	4.49	267
18	6	214	2.73	220
19	11	313	3.40	324
20	14	253	5.24	267
21	14	213	6.17	227
22	10	275	3.51	285
23	13	248	4.98	261
24	15	229	6.15	244
25	12	268	4.29	280
26	13	303	4.11	316
27	7	277	2.46	284
28	18	238	7.03	256
29	7	281	2.43	288
30	15	247	5.73	262
31	14	275	4.84	289
32	20	275	6.78	295
33	11	246	4.28	257
34	22	286	7.14	308
35	13	289	4.30	302
36	12	197	5.74	209
37	12	269	4.27	281
38	16	232	6.45	248
39	14	249	5.32	263
40	9	239	3.63	248
41	18	236	7.09	254
42	16	272	5.56	288
43	17	229	6.91	246
44	18	238	7.03	256
45	17	299	5.38	316
46	18	232	7.20	250
47	15	253	5.60	268
48	7	266	2.56	273
49	17	226	7.00	243
50	11	260	4.06	271
51	13	222	5.53	235
52	13	243	5.08	256
53	13	228	5.39	241
54	14	240	5.51	254
55	11	277	3.82	288
56	13	228	5.39	241
57	19	241	7.31	260
58	10	265	3.64	275
59	10	236	4.07	246
60	16	231	6.48	247
61	9	243	3.57	252
62	12	258	4.44	270
63	17	199	7.87	216
64	13	236	5.22	249
65	22	246	8.21	268
66	13	252	4.91	265
67	13	230	5.35	243
68	9	179	4.79	188
69	7	182	3.70	189
70	20	216	8.47	236
71	12	262	4.38	274
72	7	247	2.76	254
73	18	209	7.93	227
74	4	195	2.01	199
75	6	167	3.47	173
76	13	206	5.94	219
77	7	213	3.18	220
78	10	199	4.78	209
79	11	205	5.09	216
80	4	158	2.47	162
81	8	154	4.94	162
82	4	224	1.75	228
83	5	130	3.70	135
84	4	185	2.12	189
85	7	194	3.48	201
86	1	190	0.52	191
87	6	177	3.28	183
88	6	124	4.62	130
89	7	143	4.67	150
90	5	120	4.00	125
91	5	130	3.70	135
92	7	130	5.11	137
93	5	119	4.03	124
94	3	125	2.34	128
95	3	107	2.73	110
96	8	112	6.67	120
97	4	138	2.82	142
98	6	112	5.08	118
99	0	44	0.00	44
100	0	6	0.00	6
101	0	5	0.00	5
102	1	5	16.67	6
103	0	8	0.00	8
104	0	6	0.00	6
105	0	6	0.00	6
106	0	1	0.00	1
107	1	2	33.33	3
108	0	3	0.00	3
109	1	7	12.50	8
110	1	3	25.00	4
111	1	3	25.00	4
112	0	8	0.00	8
113	0	1	0.00	1
114	0	6	0.00	6
115	0	3	0.00	3
116	0	5	0.00	5
117	0	8	0.00	8
118	0	2	0.00	2
119	0	1	0.00	1
120	1	2	33.33	3
121	0	2	0.00	2
122	0	5	0.00	5
123	0	3	0.00	3
124	0	3	0.00	3
125	0	4	0.00	4
126	0	2	0.00	2
127	0	4	0.00	4
128	0	0		0
129	0	7	0.00	7
130	0	1	0.00	1
131	0	1	0.00	1
132	1	1	50.00	2
133	0	3	0.00	3
134	0	0		0
135	0	1	0.00	1
136	0	1	0.00	1
137	0	2	0.00	2
138	0	3	0.00	3
139	0	2	0.00	2
140	0	0		0
141	0	2	0.00	2
142	0	0		0
143	0	1	0.00	1
144	0	2	0.00	2
145	1	0	100.00	1
146	0	0		0
147	0	0		0
148	0	0		0
149	0	1	0.00	1

CHG context (R1)
================
position	count methylated	count unmethylated	% methylation	coverage
1	0	14	0.00	14
2	0	21	0.00	21
3	0	13	0.00	13
4	1	125	0.79	126
5	0	211	0.00	211
6	2	246	0.81	248
7	3	268	1.11	271
8	0	232	0.00	232
9	0	219	0.00	219
10	0	221	0.00	221
11	0	246	0.00	246
12	0	216	0.00	216
13	0	196	0.00	196
14	0	202	0.00	202
15	2	239	0.83	241
16	0	209	0.00	209
17	0	226	0.00	226
18	0	240	0.00	240
19	3	204	1.45	207
20	1	145	0.68	146
21	1	230	0.43	231
22	1	218	0.46	219
23	0	203	0.00	203
24	0	184	0.00	184
25	1	239	0.42	240
26	1	213	0.47	214
27	2	211	0.94	213
28	0	224	0.00	224
29	0	197	0.00	197
30	1	188	0.53	189
31	0	233	0.00	233
32	2	181	1.09	183
33	0	247	0.00	247
34	1	248	0.40	249
35	1	187	0.53	188
36	0	207	0.00	207
37	0	186	0.00	186
38	1	203	0.49	204
39	0	215	0.00	215
40	1	207	0.48	208
41	0	279	0.00	279
42	0	232	0.00	232
43	0	196	0.00	196
44	0	243	0.00	243
45	0	218	0.00	218
46	0	200	0.00	200
47	0	178	0.00	178
48	0	234	0.00	234
49	1	225	0.44	226
50	1	194	0.51	195
51	2	236	0.84	238
52	2	212	0.93	214
53	0	196	0.00	196
54	1	200	0.50	201
55	1	175	0.57	176
56	1	191	0.52	192
57	0	200	0.00	200
58	1	221	0.45	222
59	0	167	0.00	167
60	1	157	0.63	158
61	0	200	0.00	200
62	0	175	0.00	175
63	0	167	0.00	167
64	0	196	0.00	196
65	0	184	0.00	184
66	2	194	1.02	196
67	1	181	0.55	182
68	2	181	1.09	183
69	0	200	0.00	200
70	0	180	0.00	180
71	0	177	0.00	177
72	0	151	0.00	151
73	0	174	0.00	174
74	1	169	0.59	170
75	1	155	0.64	156
76	0	184	0.00	184
77	0	162	0.00	162
78	0	158	0.00	158
79	1	152	0.65	153
80	1	135	0.74	136
81	1	195	0.51	196
82	2	116	1.69	118
83	0	150	0.00	150
84	0	133	0.00	133
85	1	109	0.91	110
86	0	147	0.00	147
87	0	112	0.00	112
88	1	118	0.84	119
89	0	102	0.00	102
90	0	108	0.00	108
91	0	137	0.00	137
92	0	95	0.00	95
93	0	101	0.00	101
94	1	104	0.95	105
95	1	87	1.14	88
96	0	97	0.00	97
97	0	113	0.00	113
98	0	99	0.00	99
99	0	43	0.00	43
100	0	5	0.00	5
101	0	6	0.00	6
102	0	6	0.00	6
103	0	6	0.00	6
104	0	5	0.00	5
105	0	8	0.00	8
106	0	3	0.00	3
107	0	0		0
108	0	11	0.00	11
109	0	9	0.00	9
110	0	2	0.00	2
111	0	8	0.00	8
112	0	9	0.00	9
113	0	4	0.00	4
114	0	5	0.00	5
115	0	2	0.00	2
116	0	2	0.00	2
117	0	2	0.00	2
118	0	9	0.00	9
119	0	1	0.00	1
120	0	1	0.00	1
121	0	5	0.00	5
122	0	1	0.00	1
123	0	1	0.00	1
124	0	5	0.00	5
125	0	0		0
126	0	2	0.00	2
127	0	1	0.00	1
128	0	3	0.00	3
129	0	1	0.00	1
130	0	0		0
131	0	0		0
132	0	3	0.00	3
133	0	1	0.00	1
134	0	0		0
135	0	1	0.00	1
136	0	2	0.00	2
137	0	0		0
138	0	0		0
139	0	1	0.00	1
140	0	0		0
141	0	1	0.00	1
142	0	2	0.00	2
143	0	0		0
144	0	0		0
145	0	1	0.00	1
146	0	0		0
147	0	0		0
148	0	1	0.00	1
149	1	2	33.33	3

CHH context (R1)
================
position	count methylated	count unmethylated	% methylation	coverage
1	0	32	0.00	32
2	1	35	2.78	36
3	0	26	0.00	26
4	3	347	0.86	350
5	2	378	0.53	380
6	4	417	0.95	421
7	1	359	0.28	360
8	4	333	1.19	337
9	0	316	0.00	316
10	2	316	0.63	318
11	1	290	0.34	291
12	0	350	0.00	350
13	2	388	0.51	390
14	2	381	0.52	383
15	2	367	0.54	369
16	0	354	0.00	354
17	0	312	0.00	312
18	0	313	0.00	313
19	1	321	0.31	322
20	0	357	0.00	357
21	2	354	0.56	356
22	1	374	0.27	375
23	2	358	0.56	360
24	1	368	0.27	369
25	3	377	0.79	380
26	0	364	0.00	364
27	1	373	0.27	374
28	3	379	0.79	382
29	1	355	0.28	356
30	0	386	0.00	386
31	0	344	0.00	344
32	1	340	0.29	341
33	2	310	0.64	312
34	2	288	0.69	290
35	0	285	0.00	285
36	0	377	0.00	377
37	1	376	0.27	377
38	1	350	0.28	351
39	1	337	0.30	338
40	2	331	0.60	333
41	1	329	0.30	330
42	0	307	0.00	307
43	0	364	0.00	364
44	2	324	0.61	326
45	2	279	0.71	281
46	1	335	0.30	336
47	2	321	0.62	323
48	2	338	0.59	340
49	1	363	0.27	364
50	3	376	0.79	379
51	1	397	0.25	398
52	2	353	0.56	355
53	1	339	0.29	340
54	1	300	0.33	301
55	3	337	0.88	340
56	0	288	0.00	288
57	1	278	0.36	279
58	0	274	0.00	274
59	1	309	0.32	310
60	2	312	0.64	314
61	2	326	0.61	328
62	2	323	0.62	325
63	0	301	0.00	301
64	1	367	0.27	368
65	0	313	0.00	313
66	3	308	0.96	311
67	2	303	0.66	305
68	2	333	0.60	335
69	0	308	0.00	308
70	4	258	1.53	262
71	2	275	0.72	277
72	1	268	0.37	269
73	2	335	0.59	337
74	0	268	0.00	268
75	0	299	0.00	299
76	2	319	0.62	321
77	0	273	0.00	273
78	2	264	0.75	266
79	1	295	0.34	296
80	1	300	0.33	301
81	0	248	0.00	248
82	1	275	0.36	276
83	0	216	0.00	216
84	2	264	0.75	266
85	1	286	0.35	287
86	0	258	0.00	258
87	1	212	0.47	213
88	1	252	0.40	253
89	1	219	0.45	220
90	0	204	0.00	204
91	1	178	0.56	179
92	0	201	0.00	201
93	3	180	1.64	183
94	0	190	0.00	190
95	0	192	0.00	192
96	0	173	0.00	173
97	0	155	0.00	155
98	1	153	0.65	154
99	0	71	0.00	71
100	0	12	0.00	12
101	0	7	0.00	7
102	0	9	0.00	9
103	0	10	0.00	10
104	0	12	0.00	12
105	0	8	0.00	8
106	0	9	0.00	9
107	0	14	0.00	14
108	0	9	0.00	9
109	0	6	0.00	6
110	0	14	0.00	14
111	0	4	0.00	4
112	0	6	0.00	6
113	0	5	0.00	5
114	0	4	0.00	4
115	0	5	0.00	5
116	0	1	0.00	1
117	0	4	0.00	4
118	0	2	0.00	2
119	0	3	0.00	3
120	0	1	0.00	1
121	0	2	0.00	2
122	0	4	0.00	4
123	0	2	0.00	2
124	0	2	0.00	2
125	0	0		0
126	0	3	0.00	3
127	0	2	0.00	2
128	0	1	0.00	1
129	0	1	0.00	1
130	0	1	0.00	1
131	0	5	0.00	5
132	0	5	0.00	5
133	0	4	0.00	4
134	0	2	0.00	2
135	0	3	0.00	3
136	0	1	0.00	1
137	0	2	0.00	2
138	0	1	0.00	1
139	0	1	0.00	1
140	0	0		0
141	0	1	0.00	1
142	0	1	0.00	1
143	0	1	0.00	1
144	0	1	0.00	1
145	0	1	0.00	1
146	0	1	0.00	1
147	0	4	0.00	4
148	1	3	25.00	4
149	0	2	0.00	2

CpG context (R2)
================
position	count methylated	count unmethylated	% methylation	coverage
1	0	27	0.00	27
2	0	16	0.00	16
3	5	68	6.85	73
4	3	67	4.29	70
5	3	102	2.86	105
6	5	81	5.81	86
7	6	123	4.65	129
8	2	71	2.74	73
9	9	69	11.54	78
10	1	89	1.11	90
11	4	57	6.56	61
12	6	62	8.82	68
13	5	85	5.56	90
14	2	46	4.17	48
15	4	61	6.15	65
16	0	49	0.00	49
17	2	39	4.88	41
18	2	33	5.71	35
19	1	35	2.78	36
20	0	50	0.00	50
21	2	34	5.56	36
22	2	36	5.26	38
23	4	31	11.43	35
24	6	51	10.53	57
25	1	33	2.94	34
26	1	30	3.23	31
27	3	28	9.68	31
28	0	22	0.00	22
29	1	29	3.33	30
30	2	23	8.00	25
31	1	18	5.26	19
32	0	22	0.00	22
33	2	20	9.09	22
34	0	21	0.00	21
35	0	14	0.00	14
36	0	10	0.00	10
37	0	22	0.00	22
38	0	16	0.00	16
39	0	8	0.00	8
40	0	2	0.00	2
41	0	11	0.00	11
42	1	14	6.67	15
43	1	7	12.50	8
44	1	12	7.69	13
45	1	1	50.00	2
46	3	13	18.75	16
47	0	5	0.00	5
48	2	3	40.00	5
49	0	7	0.00	7
50	1	4	20.00	5
51	0	6	0.00	6
52	2	5	28.57	7
53	0	0		0
54	0	6	0.00	6
55	1	2	33.33	3
56	0	4	0.00	4
57	1	3	25.00	4
58	1	6	14.29	7
59	0	4	0.00	4
60	1	0	100.00	1
61	0	1	0.00	1
62	0	0		0
63	0	3	0.00	3
64	0	2	0.00	2
65	0	1	0.00	1
66	0	1	0.00	1
67	0	1	0.00	1
68	0	0		0
69	0	1	0.00	1
70	0	0		0
71	0	1	0.00	1
72	1	1	50.00	2
73	0	1	0.00	1
74	0	1	0.00	1
75	0	2	0.00	2
76	0	1	0.00	1
77	0	1	0.00	1
78	0	1	0.00	1
79	1	0	100.00	1
80	0	0		0
81	0	0		0
82	0	1	0.00	1
83	0	0		0
84	0	0		0
85	0	0		0
86	0	0		0
87	0	0		0
88	0	0		0
89	0	0		0
90	0	0		0
91	0	0		0
92	0	0		0
93	0	0		0
94	0	1	0.00	1
95	0	0		0
96	0	0		0
97	0	1	0.00	1

CHG context (R2)
================
position	count methylated	count unmethylated	% methylation	coverage
1	8	2119	0.38	2127
2	1	29	3.33	30
3	0	5	0.00	5
4	0	34	0.00	34
5	1	42	2.33	43
6	1	77	1.28	78
7	0	81	0.00	81
8	1	93	1.06	94
9	0	65	0.00	65
10	0	67	0.00	67
11	0	66	0.00	66
12	0	31	0.00	31
13	0	32	0.00	32
14	1	53	1.85	54
15	0	54	0.00	54
16	0	50	0.00	50
17	0	46	0.00	46
18	2	49	3.92	51
19	0	43	0.00	43
20	0	49	0.00	49
21	0	38	0.00	38
22	0	35	0.00	35
23	0	36	0.00	36
24	0	18	0.00	18
25	1	32	3.03	33
26	0	17	0.00	17
27	0	19	0.00	19
28	0	18	0.00	18
29	0	19	0.00	19
30	0	19	0.00	19
31	0	26	0.00	26
32	0	17	0.00	17
33	0	11	0.00	11
34	0	18	0.00	18
35	0	25	0.00	25
36	0	12	0.00	12
37	0	15	0.00	15
38	0	14	0.00	14
39	0	12	0.00	12
40	0	10	0.00	10
41	0	10	0.00	10
42	0	5	0.00	5
43	0	9	0.00	9
44	0	3	0.00	3
45	0	4	0.00	4
46	0	1	0.00	1
47	0	10	0.00	10
48	1	5	16.67	6
49	0	8	0.00	8
50	0	10	0.00	10
51	0	1	0.00	1
52	0	5	0.00	5
53	0	5	0.00	5
54	0	0		0
55	0	5	0.00	5
56	0	4	0.00	4
57	0	0		0
58	0	1	0.00	1
59	0	1	0.00	1
60	0	4	0.00	4
61	0	1	0.00	1
62	0	0		0
63	0	2	0.00	2
64	0	3	0.00	3
65	0	0		0
66	0	0		0
67	0	0		0
68	0	1	0.00	1
69	0	0		0
70	0	2	0.00	2
71	0	1	0.00	1
72	0	1	0.00	1
73	0	2	0.00	2
74	0	0		0
75	0	1	0.00	1
76	0	0		0
77	0	0		0
78	0	1	0.00	1
79	0	0		0
80	0	0		0
81	0	0		0
82	0	0		0
83	0	0		0
84	0	0		0
85	0	0		0
86	0	0		0
87	0	2	0.00	2
88	0	0		0
89	0	0		0
90	0	0		0
91	0	0		0
92	0	0		0
93	0	0		0
94	0	0		0
95	0	0		0
96	0	0		0
97	0	0		0

CHH context (R2)
================
position	count methylated	count unmethylated	% methylation	coverage
1	0	12	0.00	12
2	2	913	0.22	915
3	0	265	0.00	265
4	0	202	0.00	202
5	0	145	0.00	145
6	1	81	1.22	82
7	0	85	0.00	85
8	0	122	0.00	122
9	0	113	0.00	113
10	0	100	0.00	100
11	0	72	0.00	72
12	0	82	0.00	82
13	0	55	0.00	55
14	1	70	1.41	71
15	0	64	0.00	64
16	0	72	0.00	72
17	0	80	0.00	80
18	0	73	0.00	73
19	1	72	1.37	73
20	0	60	0.00	60
21	0	58	0.00	58
22	0	49	0.00	49
23	0	42	0.00	42
24	1	39	2.50	40
25	0	39	0.00	39
26	0	26	0.00	26
27	0	30	0.00	30
28	0	25	0.00	25
29	0	36	0.00	36
30	0	32	0.00	32
31	0	26	0.00	26
32	0	22	0.00	22
33	0	22	0.00	22
34	0	26	0.00	26
35	0	29	0.00	29
36	0	20	0.00	20
37	0	11	0.00	11
38	0	16	0.00	16
39	0	8	0.00	8
40	0	15	0.00	15
41	0	9	0.00	9
42	0	11	0.00	11
43	0	15	0.00	15
44	0	22	0.00	22
45	0	20	0.00	20
46	0	12	0.00	12
47	0	14	0.00	14
48	0	7	0.00	7
49	0	7	0.00	7
50	0	6	0.00	6
51	0	9	0.00	9
52	0	8	0.00	8
53	0	9	0.00	9
54	1	10	9.09	11
55	0	5	0.00	5
56	0	7	0.00	7
57	0	4	0.00	4
58	1	4	20.00	5
59	0	3	0.00	3
60	0	1	0.00	1
61	0	2	0.00	2
62	0	1	0.00	1
63	0	2	0.00	2
64	0	0		0
65	0	1	0.00	1
66	0	1	0.00	1
67	0	1	0.00	1
68	0	2	0.00	2
69	0	1	0.00	1
70	0	1	0.00	1
71	0	1	0.00	1
72	0	0		0
73	0	0		0
74	0	1	0.00	1
75	0	1	0.00	1
76	0	0		0
77	0	1	0.00	1
78	0	1	0.00	1
79	0	1	0.00	1
80	0	0		0
81	0	0		0
82	0	0		0
83	0	0		0
84	0	1	0.00	1
85	0	0		0
86	0	0		0
87	0	0		0
88	0	1	0.00	1
89	0	0		0
90	0	0		0
91	0	0		0
92	0	0		0
93	0	0		0
94	0	0		0
95	0	0		0
96	0	0		0
97	0	0		0

