CpG context (R1)
================
position	count methylated	count unmethylated	% methylation	coverage
1	232	2145	9.76	2377
2	0	14	0.00	14
3	2	14	12.50	16
4	13	194	6.28	207
5	8	203	3.79	211
6	13	249	4.96	262
7	16	198	7.48	214
8	16	264	5.71	280
9	11	239	4.40	250
10	13	262	4.73	275
11	9	242	3.59	251
12	23	258	8.19	281
13	20	302	6.21	322
14	6	245	2.39	251
15	12	227	5.02	239
16	21	295	6.65	316
17	17	219	7.20	236
18	8	260	2.99	268
19	19	279	6.38	298
20	5	229	2.14	234
21	10	230	4.17	240
22	16	282	5.37	298
23	16	253	5.95	269
24	16	246	6.11	262
25	20	321	5.87	341
26	12	289	3.99	301
27	10	298	3.25	308
28	23	244	8.61	267
29	11	273	3.87	284
30	10	245	3.92	255
31	14	283	4.71	297
32	15	291	4.90	306
33	9	195	4.41	204
34	15	249	5.68	264
35	14	261	5.09	275
36	11	235	4.47	246
37	16	269	5.61	285
38	12	217	5.24	229
39	14	221	5.96	235
40	11	247	4.26	258
41	9	247	3.52	256
42	13	278	4.47	291
43	15	241	5.86	256
44	15	244	5.79	259
45	15	275	5.17	290
46	17	238	6.67	255
47	19	264	6.71	283
48	15	232	6.07	247
49	10	242	3.97	252
50	14	225	5.86	239
51	15	242	5.84	257
52	14	231	5.71	245
53	14	208	6.31	222
54	7	248	2.75	255
55	11	269	3.93	280
56	10	229	4.18	239
57	7	235	2.89	242
58	11	252	4.18	263
59	14	258	5.15	272
60	12	269	4.27	281
61	14	247	5.36	261
62	13	236	5.22	249
63	15	199	7.01	214
64	13	227	5.42	240
65	13	263	4.71	276
66	8	258	3.01	266
67	10	219	4.37	229
68	11	195	5.34	206
69	9	198	4.35	207
70	13	231	5.33	244
71	15	229	6.15	244
72	10	235	4.08	245
73	16	208	7.14	224
74	10	196	4.85	206
75	5	163	2.98	168
76	7	195	3.47	202
77	11	208	5.02	219
78	11	181	5.73	192
79	5	211	2.31	216
80	10	167	5.65	177
81	5	178	2.73	183
82	13	189	6.44	202
83	9	134	6.29	143
84	7	178	3.78	185
85	6	182	3.19	188
86	9	164	5.20	173
87	4	170	2.30	174
88	4	131	2.96	135
89	10	147	6.37	157
90	4	120	3.23	124
91	12	126	8.70	138
92	6	143	4.03	149
93	8	138	5.48	146
94	6	133	4.32	139
95	5	123	3.91	128
96	4	98	3.92	102
97	8	130	5.80	138
98	2	87	2.25	89
99	1	43	2.27	44
100	0	19	0.00	19
101	0	3	0.00	3
102	0	5	0.00	5
103	1	4	20.00	5
104	0	4	0.00	4
105	0	6	0.00	6
106	0	4	0.00	4
107	2	1	66.67	3
108	1	6	14.29	7
109	0	5	0.00	5
110	1	1	50.00	2
111	0	6	0.00	6
112	0	8	0.00	8
113	0	6	0.00	6
114	0	3	0.00	3
115	0	6	0.00	6
116	1	0	100.00	1
117	1	7	12.50	8
118	1	0	100.00	1
119	0	8	0.00	8
120	0	2	0.00	2
121	0	0		0
122	1	2	33.33	3
123	0	3	0.00	3
124	0	3	0.00	3
125	0	4	0.00	4
126	0	4	0.00	4
127	0	0		0
128	0	3	0.00	3
129	0	2	0.00	2
130	0	1	0.00	1
131	0	2	0.00	2
132	0	1	0.00	1
133	1	3	25.00	4
134	0	0		0
135	0	1	0.00	1
136	0	2	0.00	2
137	0	2	0.00	2
138	0	1	0.00	1
139	0	2	0.00	2
140	0	2	0.00	2
141	0	1	0.00	1
142	0	1	0.00	1
143	0	2	0.00	2
144	0	2	0.00	2
145	0	0		0
146	0	1	0.00	1
147	0	0		0
148	0	1	0.00	1
149	0	0		0

CHG context (R1)
================
position	count methylated	count unmethylated	% methylation	coverage
1	0	16	0.00	16
2	0	26	0.00	26
3	0	11	0.00	11
4	1	122	0.81	123
5	2	201	0.99	203
6	2	216	0.92	218
7	2	263	0.75	265
8	1	218	0.46	219
9	1	252	0.40	253
10	0	217	0.00	217
11	1	250	0.40	251
12	1	224	0.44	225
13	0	197	0.00	197
14	0	196	0.00	196
15	0	253	0.00	253
16	1	229	0.43	230
17	3	244	1.21	247
18	0	238	0.00	238
19	1	199	0.50	200
20	1	177	0.56	178
21	1	204	0.49	205
22	0	226	0.00	226
23	0	196	0.00	196
24	1	207	0.48	208
25	0	210	0.00	210
26	1	227	0.44	228
27	0	223	0.00	223
28	1	248	0.40	249
29	0	174	0.00	174
30	2	171	1.16	173
31	0	257	0.00	257
32	0	202	0.00	202
33	1	242	0.41	243
34	1	252	0.40	253
35	0	234	0.00	234
36	0	200	0.00	200
37	0	224	0.00	224
38	0	213	0.00	213
39	0	218	0.00	218
40	2	200	0.99	202
41	1	268	0.37	269
42	1	229	0.43	230
43	1	208	0.48	209
44	1	255	0.39	256
45	0	210	0.00	210
46	0	239	0.00	239
47	1	184	0.54	185
48	0	216	0.00	216
49	1	220	0.45	221
50	0	208	0.00	208
51	1	233	0.43	234
52	1	216	0.46	217
53	1	188	0.53	189
54	2	217	0.91	219
55	1	188	0.53	189
56	0	236	0.00	236
57	1	224	0.44	225
58	0	203	0.00	203
59	0	180	0.00	180
60	2	182	1.09	184
61	2	177	1.12	179
62	0	192	0.00	192
63	2	171	1.16	173
64	2	201	0.99	203
65	0	216	0.00	216
66	1	175	0.57	176
67	0	174	0.00	174
68	1	177	0.56	178
69	1	196	0.51	197
70	1	197	0.51	198
71	1	150	0.66	151
72	1	158	0.63	159
73	0	185	0.00	185
74	0	150	0.00	150
75	1	158	0.63	159
76	0	165	0.00	165
77	1	167	0.60	168
78	0	169	0.00	169
79	0	140	0.00	140
80	0	151	0.00	151
81	1	178	0.56	179
82	2	136	1.45	138
83	1	129	0.77	130
84	0	148	0.00	148
85	0	118	0.00	118
86	0	179	0.00	179
87	0	125	0.00	125
88	0	139	0.00	139
89	1	111	0.89	112
90	0	102	0.00	102
91	0	111	0.00	111
92	0	84	0.00	84
93	2	72	2.70	74
94	0	116	0.00	116
95	0	98	0.00	98
96	0	119	0.00	119
97	0	124	0.00	124
98	0	79	0.00	79
99	1	51	1.92	52
100	0	6	0.00	6
101	0	7	0.00	7
102	0	9	0.00	9
103	0	2	0.00	2
104	0	6	0.00	6
105	0	3	0.00	3
106	0	7	0.00	7
107	0	6	0.00	6
108	0	4	0.00	4
109	0	3	0.00	3
110	0	2	0.00	2
111	0	4	0.00	4
112	0	6	0.00	6
113	0	4	0.00	4
114	0	3	0.00	3
115	0	0		0
116	0	3	0.00	3
117	0	1	0.00	1
118	0	5	0.00	5
119	0	2	0.00	2
120	0	4	0.00	4
121	0	2	0.00	2
122	0	3	0.00	3
123	0	2	0.00	2
124	0	2	0.00	2
125	0	1	0.00	1
126	0	2	0.00	2
127	0	3	0.00	3
128	0	2	0.00	2
129	0	1	0.00	1
130	0	2	0.00	2
131	0	0		0
132	0	2	0.00	2
133	0	1	0.00	1
134	0	0		0
135	0	1	0.00	1
136	0	2	0.00	2
137	0	1	0.00	1
138	0	1	0.00	1
139	0	3	0.00	3
140	0	1	0.00	1
141	0	2	0.00	2
142	0	2	0.00	2
143	0	0		0
144	0	0		0
145	0	2	0.00	2
146	0	0		0
147	0	1	0.00	1
148	0	0		0
149	0	0		0

CHH context (R1)
================
position	count methylated	count unmethylated	% methylation	coverage
1	0	35	0.00	35
2	0	24	0.00	24
3	0	15	0.00	15
4	0	351	0.00	351
5	0	407	0.00	407
6	3	416	0.72	419
7	0	423	0.00	423
8	3	360	0.83	363
9	0	312	0.00	312
10	2	326	0.61	328
11	1	333	0.30	334
12	0	323	0.00	323
13	2	348	0.57	350
14	1	364	0.27	365
15	0	352	0.00	352
16	0	351	0.00	351
17	1	318	0.31	319
18	1	297	0.34	298
19	0	315	0.00	315
20	5	350	1.41	355
21	0	353	0.00	353
22	0	356	0.00	356
23	0	354	0.00	354
24	0	360	0.00	360
25	1	397	0.25	398
26	0	363	0.00	363
27	1	398	0.25	399
28	0	371	0.00	371
29	1	356	0.28	357
30	0	362	0.00	362
31	3	358	0.83	361
32	0	371	0.00	371
33	1	316	0.32	317
34	1	297	0.34	298
35	0	310	0.00	310
36	2	360	0.55	362
37	2	331	0.60	333
38	0	369	0.00	369
39	1	332	0.30	333
40	2	360	0.55	362
41	0	345	0.00	345
42	1	325	0.31	326
43	0	323	0.00	323
44	0	346	0.00	346
45	0	307	0.00	307
46	0	319	0.00	319
47	0	303	0.00	303
48	1	317	0.31	318
49	1	361	0.28	362
50	1	419	0.24	420
51	0	399	0.00	399
52	1	339	0.29	340
53	0	368	0.00	368
54	0	295	0.00	295
55	3	297	1.00	300
56	1	292	0.34	293
57	1	298	0.33	299
58	0	289	0.00	289
59	3	324	0.92	327
60	2	324	0.61	326
61	2	331	0.60	333
62	0	367	0.00	367
63	0	307	0.00	307
64	1	350	0.28	351
65	0	291	0.00	291
66	2	264	0.75	266
67	0	337	0.00	337
68	0	378	0.00	378
69	0	317	0.00	317
70	2	289	0.69	291
71	0	281	0.00	281
72	0	268	0.00	268
73	0	287	0.00	287
74	1	252	0.40	253
75	1	302	0.33	303
76	0	304	0.00	304
77	0	281	0.00	281
78	0	280	0.00	280
79	3	277	1.07	280
80	1	286	0.35	287
81	1	294	0.34	295
82	2	289	0.69	291
83	0	238	0.00	238
84	3	254	1.17	257
85	0	252	0.00	252
86	1	255	0.39	256
87	0	208	0.00	208
88	0	272	0.00	272
89	0	198	0.00	198
90	2	177	1.12	179
91	0	189	0.00	189
92	0	213	0.00	213
93	1	157	0.63	158
94	0	173	0.00	173
95	0	169	0.00	169
96	1	145	0.68	146
97	0	155	0.00	155
98	0	161	0.00	161
99	0	78	0.00	78
100	1	6	14.29	7
101	0	9	0.00	9
102	0	5	0.00	5
103	0	7	0.00	7
104	0	4	0.00	4
105	0	9	0.00	9
106	0	8	0.00	8
107	0	8	0.00	8
108	0	2	0.00	2
109	0	6	0.00	6
110	0	6	0.00	6
111	0	6	0.00	6
112	0	5	0.00	5
113	0	5	0.00	5
114	0	4	0.00	4
115	0	5	0.00	5
116	0	5	0.00	5
117	0	8	0.00	8
118	0	4	0.00	4
119	0	5	0.00	5
120	0	2	0.00	2
121	0	4	0.00	4
122	0	6	0.00	6
123	0	1	0.00	1
124	0	4	0.00	4
125	0	2	0.00	2
126	0	5	0.00	5
127	0	4	0.00	4
128	0	5	0.00	5
129	0	2	0.00	2
130	0	1	0.00	1
131	0	4	0.00	4
132	0	3	0.00	3
133	0	4	0.00	4
134	0	5	0.00	5
135	0	3	0.00	3
136	0	2	0.00	2
137	0	1	0.00	1
138	0	1	0.00	1
139	0	1	0.00	1
140	0	1	0.00	1
141	0	0		0
142	0	0		0
143	0	0		0
144	0	1	0.00	1
145	0	0		0
146	0	2	0.00	2
147	0	1	0.00	1
148	0	2	0.00	2
149	0	3	0.00	3

CpG context (R2)
================
position	count methylated	count unmethylated	% methylation	coverage
1	0	20	0.00	20
2	0	18	0.00	18
3	1	70	1.41	71
4	6	68	8.11	74
5	8	102	7.27	110
6	6	78	7.14	84
7	5	114	4.20	119
8	0	83	0.00	83
9	5	74	6.33	79
10	4	82	4.65	86
11	4	80	4.76	84
12	7	71	8.97	78
13	2	73	2.67	75
14	3	44	6.38	47
15	5	55	8.33	60
16	2	67	2.90	69
17	0	46	0.00	46
18	6	44	12.00	50
19	1	28	3.45	29
20	3	49	5.77	52
21	1	33	2.94	34
22	0	49	0.00	49
23	2	37	5.13	39
24	3	53	5.36	56
25	1	38	2.56	39
26	0	40	0.00	40
27	2	24	7.69	26
28	1	25	3.85	26
29	4	45	8.16	49
30	2	24	7.69	26
31	3	24	11.11	27
32	1	22	4.35	23
33	1	12	7.69	13
34	2	13	13.33	15
35	2	13	13.33	15
36	4	9	30.77	13
37	1	18	5.26	19
38	0	14	0.00	14
39	0	5	0.00	5
40	1	6	14.29	7
41	0	6	0.00	6
42	0	8	0.00	8
43	0	12	0.00	12
44	1	14	6.67	15
45	0	7	0.00	7
46	2	8	20.00	10
47	0	7	0.00	7
48	2	9	18.18	11
49	0	2	0.00	2
50	1	4	20.00	5
51	0	1	0.00	1
52	1	4	20.00	5
53	0	4	0.00	4
54	1	3	25.00	4
55	0	3	0.00	3
56	0	2	0.00	2
57	0	2	0.00	2
58	1	10	9.09	11
59	0	3	0.00	3
60	0	2	0.00	2
61	0	3	0.00	3
62	0	0		0
63	0	0		0
64	0	2	0.00	2
65	0	0		0
66	0	0		0
67	0	2	0.00	2
68	0	0		0
69	0	2	0.00	2
70	0	0		0
71	0	2	0.00	2
72	0	1	0.00	1
73	0	0		0
74	0	0		0
75	0	3	0.00	3
76	0	0		0
77	0	2	0.00	2
78	0	1	0.00	1
79	0	0		0
80	0	1	0.00	1
81	0	1	0.00	1
82	0	0		0
83	0	1	0.00	1
84	0	0		0
85	0	0		0

CHG context (R2)
================
position	count methylated	count unmethylated	% methylation	coverage
1	14	2116	0.66	2130
2	0	27	0.00	27
3	0	4	0.00	4
4	0	39	0.00	39
5	1	62	1.59	63
6	0	94	0.00	94
7	0	49	0.00	49
8	0	97	0.00	97
9	0	84	0.00	84
10	0	60	0.00	60
11	0	68	0.00	68
12	0	32	0.00	32
13	0	46	0.00	46
14	1	41	2.38	42
15	0	46	0.00	46
16	0	56	0.00	56
17	1	56	1.75	57
18	0	45	0.00	45
19	0	42	0.00	42
20	0	51	0.00	51
21	1	47	2.08	48
22	0	40	0.00	40
23	0	30	0.00	30
24	0	16	0.00	16
25	0	29	0.00	29
26	0	20	0.00	20
27	0	14	0.00	14
28	0	15	0.00	15
29	0	26	0.00	26
30	0	30	0.00	30
31	0	18	0.00	18
32	0	24	0.00	24
33	0	24	0.00	24
34	0	34	0.00	34
35	0	17	0.00	17
36	0	11	0.00	11
37	0	9	0.00	9
38	0	10	0.00	10
39	0	15	0.00	15
40	0	12	0.00	12
41	0	15	0.00	15
42	0	4	0.00	4
43	0	6	0.00	6
44	0	4	0.00	4
45	0	9	0.00	9
46	0	4	0.00	4
47	0	6	0.00	6
48	0	7	0.00	7
49	0	13	0.00	13
50	1	8	11.11	9
51	0	2	0.00	2
52	0	10	0.00	10
53	0	3	0.00	3
54	0	3	0.00	3
55	0	5	0.00	5
56	0	1	0.00	1
57	0	0		0
58	0	3	0.00	3
59	0	0		0
60	0	5	0.00	5
61	0	2	0.00	2
62	0	1	0.00	1
63	0	1	0.00	1
64	1	0	100.00	1
65	0	0		0
66	0	0		0
67	0	1	0.00	1
68	0	2	0.00	2
69	0	0		0
70	0	2	0.00	2
71	0	1	0.00	1
72	0	0		0
73	0	2	0.00	2
74	0	1	0.00	1
75	0	1	0.00	1
76	0	0		0
77	0	1	0.00	1
78	0	0		0
79	0	0		0
80	0	0		0
81	0	0		0
82	0	1	0.00	1
83	0	0		0
84	0	0		0
85	0	1	0.00	1

CHH context (R2)
================
position	count methylated	count unmethylated	% methylation	coverage
1	0	6	0.00	6
2	3	977	0.31	980
3	2	262	0.76	264
4	0	181	0.00	181
5	1	129	0.77	130
6	0	98	0.00	98
7	0	112	0.00	112
8	0	133	0.00	133
9	0	128	0.00	128
10	0	122	0.00	122
11	0	88	0.00	88
12	1	84	1.18	85
13	2	64	3.03	66
14	0	89	0.00	89
15	0	79	0.00	79
16	0	63	0.00	63
17	0	52	0.00	52
18	0	67	0.00	67
19	0	79	0.00	79
20	0	56	0.00	56
21	0	40	0.00	40
22	0	52	0.00	52
23	0	31	0.00	31
24	0	43	0.00	43
25	0	44	0.00	44
26	0	33	0.00	33
27	0	30	0.00	30
28	0	26	0.00	26
29	0	25	0.00	25
30	0	29	0.00	29
31	0	23	0.00	23
32	0	28	0.00	28
33	0	25	0.00	25
34	0	17	0.00	17
35	0	31	0.00	31
36	0	36	0.00	36
37	0	11	0.00	11
38	0	18	0.00	18
39	0	7	0.00	7
40	0	15	0.00	15
41	0	17	0.00	17
42	0	15	0.00	15
43	0	11	0.00	11
44	0	12	0.00	12
45	0	14	0.00	14
46	2	14	12.50	16
47	0	9	0.00	9
48	0	5	0.00	5
49	0	9	0.00	9
50	0	7	0.00	7
51	0	15	0.00	15
52	0	8	0.00	8
53	0	9	0.00	9
54	0	11	0.00	11
55	0	15	0.00	15
56	0	5	0.00	5
57	0	2	0.00	2
58	0	2	0.00	2
59	0	4	0.00	4
60	0	0		0
61	0	3	0.00	3
62	0	3	0.00	3
63	0	1	0.00	1
64	0	1	0.00	1
65	0	1	0.00	1
66	0	0		0
67	0	1	0.00	1
68	0	1	0.00	1
69	0	3	0.00	3
70	0	1	0.00	1
71	0	1	0.00	1
72	0	1	0.00	1
73	0	0		0
74	0	1	0.00	1
75	0	1	0.00	1
76	0	1	0.00	1
77	0	1	0.00	1
78	1	0	100.00	1
79	0	0		0
80	0	0		0
81	0	0		0
82	0	0		0
83	0	0		0
84	0	0		0
85	0	0		0

