CpG context (R1)
================
position	count methylated	count unmethylated	% methylation	coverage
1	224	2143	9.46	2367
2	1	14	6.67	15
3	1	19	5.00	20
4	11	185	5.61	196
5	13	207	5.91	220
6	14	254	5.22	268
7	9	239	3.63	248
8	19	289	6.17	308
9	16	251	5.99	267
10	14	249	5.32	263
11	12	256	4.48	268
12	18	273	6.19	291
13	14	303	4.42	317
14	15	249	5.68	264
15	15	225	6.25	240
16	16	296	5.13	312
17	5	244	2.01	249
18	13	266	4.66	279
19	15	284	5.02	299
20	11	247	4.26	258
21	12	216	5.26	228
22	16	275	5.50	291
23	12	268	4.29	280
24	17	219	7.20	236
25	12	282	4.08	294
26	9	303	2.88	312
27	17	287	5.59	304
28	18	252	6.67	270
29	11	269	3.93	280
30	13	287	4.33	300
31	11	288	3.68	299
32	9	289	3.02	298
33	11	238	4.42	249
34	8	263	2.95	271
35	18	260	6.47	278
36	11	229	4.58	240
37	15	264	5.38	279
38	9	232	3.73	241
39	9	247	3.52	256
40	8	278	2.80	286
41	12	240	4.76	252
42	12	290	3.97	302
43	7	234	2.90	241
44	12	234	4.88	246
45	15	287	4.97	302
46	16	246	6.11	262
47	22	276	7.38	298
48	16	253	5.95	269
49	14	222	5.93	236
50	13	253	4.89	266
51	11	222	4.72	233
52	11	250	4.21	261
53	13	218	5.63	231
54	8	231	3.35	239
55	13	293	4.25	306
56	17	203	7.73	220
57	15	240	5.88	255
58	16	244	6.15	260
59	6	275	2.14	281
60	15	253	5.60	268
61	8	237	3.27	245
62	18	216	7.69	234
63	13	197	6.19	210
64	14	229	5.76	243
65	13	243	5.08	256
66	6	218	2.68	224
67	17	228	6.94	245
68	6	204	2.86	210
69	5	203	2.40	208
70	11	197	5.29	208
71	17	261	6.12	278
72	5	227	2.16	232
73	15	227	6.20	242
74	8	197	3.90	205
75	4	183	2.14	187
76	10	171	5.52	181
77	8	242	3.20	250
78	15	194	7.18	209
79	9	211	4.09	220
80	11	175	5.91	186
81	4	179	2.19	183
82	12	194	5.83	206
83	4	130	2.99	134
84	3	147	2.00	150
85	6	183	3.17	189
86	6	150	3.85	156
87	4	160	2.44	164
88	2	128	1.54	130
89	8	147	5.16	155
90	5	119	4.03	124
91	4	152	2.56	156
92	5	153	3.16	158
93	8	149	5.10	157
94	3	128	2.29	131
95	9	98	8.41	107
96	7	107	6.14	114
97	7	138	4.83	145
98	7	96	6.80	103
99	3	61	4.69	64
100	0	5	0.00	5
101	0	3	0.00	3
102	0	1	0.00	1
103	0	4	0.00	4
104	0	2	0.00	2
105	0	7	0.00	7
106	0	9	0.00	9
107	0	2	0.00	2
108	0	5	0.00	5
109	0	8	0.00	8
110	0	1	0.00	1
111	0	3	0.00	3
112	0	3	0.00	3
113	0	1	0.00	1
114	1	0	100.00	1
115	0	4	0.00	4
116	1	2	33.33	3
117	0	1	0.00	1
118	1	3	25.00	4
119	0	1	0.00	1
120	0	3	0.00	3
121	1	1	50.00	2
122	0	1	0.00	1
123	0	0		0
124	0	0		0
125	0	1	0.00	1
126	0	2	0.00	2
127	0	1	0.00	1
128	0	0		0
129	0	0		0
130	0	1	0.00	1
131	0	0		0
132	0	1	0.00	1
133	0	0		0
134	0	0		0
135	1	1	50.00	2
136	0	1	0.00	1
137	0	1	0.00	1
138	0	0		0
139	0	2	0.00	2
140	0	0		0
141	0	2	0.00	2
142	0	1	0.00	1
143	0	1	0.00	1
144	0	0		0
145	0	1	0.00	1
146	0	0		0
147	0	0		0
148	0	1	0.00	1

CHG context (R1)
================
position	count methylated	count unmethylated	% methylation	coverage
1	0	12	0.00	12
2	0	22	0.00	22
3	0	11	0.00	11
4	0	122	0.00	122
5	1	187	0.53	188
6	3	250	1.19	253
7	4	253	1.56	257
8	1	221	0.45	222
9	1	214	0.47	215
10	2	227	0.87	229
11	1	221	0.45	222
12	1	215	0.46	216
13	0	205	0.00	205
14	2	192	1.03	194
15	1	252	0.40	253
16	1	214	0.47	215
17	1	243	0.41	244
18	1	260	0.38	261
19	1	196	0.51	197
20	0	172	0.00	172
21	1	223	0.45	224
22	0	250	0.00	250
23	0	185	0.00	185
24	0	200	0.00	200
25	0	221	0.00	221
26	0	201	0.00	201
27	0	228	0.00	228
28	0	236	0.00	236
29	0	205	0.00	205
30	0	178	0.00	178
31	1	269	0.37	270
32	1	214	0.47	215
33	1	246	0.40	247
34	2	225	0.88	227
35	0	248	0.00	248
36	1	213	0.47	214
37	2	199	1.00	201
38	1	182	0.55	183
39	0	213	0.00	213
40	1	215	0.46	216
41	1	260	0.38	261
42	1	213	0.47	214
43	1	190	0.52	191
44	2	253	0.78	255
45	1	188	0.53	189
46	0	232	0.00	232
47	0	201	0.00	201
48	0	202	0.00	202
49	0	229	0.00	229
50	0	204	0.00	204
51	0	208	0.00	208
52	0	233	0.00	233
53	0	189	0.00	189
54	2	203	0.98	205
55	0	181	0.00	181
56	2	209	0.95	211
57	0	229	0.00	229
58	0	221	0.00	221
59	1	181	0.55	182
60	1	174	0.57	175
61	0	204	0.00	204
62	1	168	0.59	169
63	1	186	0.53	187
64	0	210	0.00	210
65	0	195	0.00	195
66	0	193	0.00	193
67	0	181	0.00	181
68	0	210	0.00	210
69	0	193	0.00	193
70	0	202	0.00	202
71	2	151	1.31	153
72	1	137	0.72	138
73	0	175	0.00	175
74	2	168	1.18	170
75	1	143	0.69	144
76	0	200	0.00	200
77	1	184	0.54	185
78	0	165	0.00	165
79	1	152	0.65	153
80	0	150	0.00	150
81	0	169	0.00	169
82	0	116	0.00	116
83	0	132	0.00	132
84	0	146	0.00	146
85	2	116	1.69	118
86	2	166	1.19	168
87	2	130	1.52	132
88	1	131	0.76	132
89	1	107	0.93	108
90	0	106	0.00	106
91	1	134	0.74	135
92	0	92	0.00	92
93	0	77	0.00	77
94	1	103	0.96	104
95	0	103	0.00	103
96	0	103	0.00	103
97	0	103	0.00	103
98	0	121	0.00	121
99	0	38	0.00	38
100	0	5	0.00	5
101	0	3	0.00	3
102	0	8	0.00	8
103	0	1	0.00	1
104	0	2	0.00	2
105	0	10	0.00	10
106	0	3	0.00	3
107	0	0		0
108	0	4	0.00	4
109	0	3	0.00	3
110	0	4	0.00	4
111	0	2	0.00	2
112	0	3	0.00	3
113	0	0		0
114	0	3	0.00	3
115	0	2	0.00	2
116	0	1	0.00	1
117	0	3	0.00	3
118	0	2	0.00	2
119	0	1	0.00	1
120	0	4	0.00	4
121	0	1	0.00	1
122	0	1	0.00	1
123	0	2	0.00	2
124	0	1	0.00	1
125	0	1	0.00	1
126	0	0		0
127	0	0		0
128	0	1	0.00	1
129	0	2	0.00	2
130	0	1	0.00	1
131	0	1	0.00	1
132	0	0		0
133	0	0		0
134	0	4	0.00	4
135	0	1	0.00	1
136	0	1	0.00	1
137	0	0		0
138	0	1	0.00	1
139	0	0		0
140	0	0		0
141	0	1	0.00	1
142	0	0		0
143	0	1	0.00	1
144	0	1	0.00	1
145	0	0		0
146	0	0		0
147	0	2	0.00	2
148	0	0		0

CHH context (R1)
================
position	count methylated	count unmethylated	% methylation	coverage
1	4	26	13.33	30
2	1	25	3.85	26
3	0	16	0.00	16
4	3	365	0.82	368
5	2	422	0.47	424
6	1	407	0.25	408
7	0	405	0.00	405
8	0	322	0.00	322
9	1	308	0.32	309
10	0	319	0.00	319
11	0	335	0.00	335
12	2	320	0.62	322
13	1	375	0.27	376
14	1	371	0.27	372
15	1	360	0.28	361
16	4	355	1.11	359
17	0	332	0.00	332
18	1	280	0.36	281
19	1	340	0.29	341
20	3	336	0.88	339
21	1	358	0.28	359
22	0	328	0.00	328
23	0	312	0.00	312
24	1	343	0.29	344
25	1	383	0.26	384
26	0	355	0.00	355
27	0	412	0.00	412
28	1	378	0.26	379
29	1	355	0.28	356
30	1	371	0.27	372
31	2	343	0.58	345
32	0	338	0.00	338
33	1	312	0.32	313
34	1	314	0.32	315
35	1	317	0.31	318
36	1	369	0.27	370
37	3	347	0.86	350
38	1	361	0.28	362
39	1	345	0.29	346
40	0	345	0.00	345
41	0	315	0.00	315
42	0	352	0.00	352
43	1	340	0.29	341
44	0	337	0.00	337
45	1	343	0.29	344
46	4	328	1.20	332
47	0	337	0.00	337
48	3	329	0.90	332
49	2	348	0.57	350
50	1	376	0.27	377
51	1	404	0.25	405
52	1	346	0.29	347
53	1	334	0.30	335
54	0	299	0.00	299
55	0	335	0.00	335
56	1	281	0.35	282
57	2	279	0.71	281
58	0	312	0.00	312
59	2	325	0.61	327
60	2	307	0.65	309
61	0	335	0.00	335
62	1	355	0.28	356
63	0	323	0.00	323
64	2	335	0.59	337
65	2	294	0.68	296
66	0	274	0.00	274
67	0	318	0.00	318
68	0	313	0.00	313
69	2	291	0.68	293
70	1	283	0.35	284
71	2	281	0.71	283
72	0	279	0.00	279
73	0	335	0.00	335
74	2	257	0.77	259
75	1	329	0.30	330
76	1	292	0.34	293
77	0	261	0.00	261
78	1	257	0.39	258
79	0	270	0.00	270
80	0	287	0.00	287
81	1	229	0.43	230
82	1	258	0.39	259
83	2	226	0.88	228
84	0	223	0.00	223
85	0	267	0.00	267
86	2	253	0.78	255
87	0	219	0.00	219
88	2	259	0.77	261
89	1	209	0.48	210
90	1	198	0.50	199
91	0	174	0.00	174
92	0	185	0.00	185
93	0	172	0.00	172
94	1	186	0.53	187
95	1	197	0.51	198
96	1	159	0.62	160
97	0	158	0.00	158
98	1	149	0.67	150
99	0	68	0.00	68
100	0	6	0.00	6
101	0	9	0.00	9
102	0	7	0.00	7
103	0	5	0.00	5
104	0	8	0.00	8
105	0	4	0.00	4
106	0	3	0.00	3
107	0	3	0.00	3
108	0	7	0.00	7
109	0	2	0.00	2
110	0	4	0.00	4
111	0	2	0.00	2
112	0	2	0.00	2
113	0	4	0.00	4
114	0	2	0.00	2
115	0	2	0.00	2
116	0	2	0.00	2
117	0	4	0.00	4
118	0	5	0.00	5
119	0	4	0.00	4
120	0	2	0.00	2
121	0	3	0.00	3
122	0	4	0.00	4
123	0	5	0.00	5
124	0	2	0.00	2
125	0	0		0
126	0	0		0
127	0	1	0.00	1
128	0	1	0.00	1
129	0	2	0.00	2
130	0	1	0.00	1
131	0	1	0.00	1
132	0	1	0.00	1
133	0	3	0.00	3
134	0	0		0
135	0	1	0.00	1
136	0	0		0
137	0	1	0.00	1
138	0	0		0
139	0	0		0
140	0	0		0
141	0	1	0.00	1
142	0	1	0.00	1
143	0	1	0.00	1
144	0	0		0
145	0	0		0
146	0	1	0.00	1
147	0	0		0
148	0	0		0

CpG context (R2)
================
position	count methylated	count unmethylated	% methylation	coverage
1	0	25	0.00	25
2	0	11	0.00	11
3	5	54	8.47	59
4	5	68	6.85	73
5	3	89	3.26	92
6	1	77	1.28	78
7	10	127	7.30	137
8	6	80	6.98	86
9	5	86	5.49	91
10	9	82	9.89	91
11	1	50	1.96	51
12	6	61	8.96	67
13	5	62	7.46	67
14	2	47	4.08	49
15	7	47	12.96	54
16	2	59	3.28	61
17	1	28	3.45	29
18	3	36	7.69	39
19	0	30	0.00	30
20	4	51	7.27	55
21	0	25	0.00	25
22	1	35	2.78	36
23	3	40	6.98	43
24	5	43	10.42	48
25	2	23	8.00	25
26	3	24	11.11	27
27	2	27	6.90	29
28	0	15	0.00	15
29	4	33	10.81	37
30	0	14	0.00	14
31	1	21	4.55	22
32	0	25	0.00	25
33	2	8	20.00	10
34	2	25	7.41	27
35	1	14	6.67	15
36	1	20	4.76	21
37	0	29	0.00	29
38	0	19	0.00	19
39	0	5	0.00	5
40	0	8	0.00	8
41	0	9	0.00	9
42	1	10	9.09	11
43	1	17	5.56	18
44	0	9	0.00	9
45	0	6	0.00	6
46	5	16	23.81	21
47	0	6	0.00	6
48	1	7	12.50	8
49	0	5	0.00	5
50	1	5	16.67	6
51	0	3	0.00	3
52	2	13	13.33	15
53	0	2	0.00	2
54	1	10	9.09	11
55	0	5	0.00	5
56	1	5	16.67	6
57	1	2	33.33	3
58	1	4	20.00	5
59	0	2	0.00	2
60	1	0	100.00	1
61	0	2	0.00	2
62	0	0		0
63	0	2	0.00	2
64	0	2	0.00	2
65	0	1	0.00	1
66	0	1	0.00	1
67	0	1	0.00	1
68	0	0		0
69	0	1	0.00	1
70	0	0		0
71	0	0		0
72	0	1	0.00	1
73	0	0		0
74	0	0		0
75	0	1	0.00	1
76	0	0		0
77	0	0		0
78	0	1	0.00	1
79	0	0		0
80	0	1	0.00	1
81	0	0		0
82	0	0		0
83	0	0		0
84	0	0		0
85	0	0		0
86	0	1	0.00	1
87	0	0		0
88	0	0		0
89	0	0		0
90	0	0		0
91	0	1	0.00	1
92	0	0		0
93	0	0		0
94	0	0		0

CHG context (R2)
================
position	count methylated	count unmethylated	% methylation	coverage
1	16	2108	0.75	2124
2	0	23	0.00	23
3	0	3	0.00	3
4	0	45	0.00	45
5	0	55	0.00	55
6	0	46	0.00	46
7	0	77	0.00	77
8	0	93	0.00	93
9	0	61	0.00	61
10	1	67	1.47	68
11	1	70	1.41	71
12	0	30	0.00	30
13	0	45	0.00	45
14	0	34	0.00	34
15	0	43	0.00	43
16	0	52	0.00	52
17	0	56	0.00	56
18	0	46	0.00	46
19	0	35	0.00	35
20	0	45	0.00	45
21	0	35	0.00	35
22	0	46	0.00	46
23	0	23	0.00	23
24	0	25	0.00	25
25	0	33	0.00	33
26	0	16	0.00	16
27	0	22	0.00	22
28	0	17	0.00	17
29	0	25	0.00	25
30	1	27	3.57	28
31	0	19	0.00	19
32	0	17	0.00	17
33	2	28	6.67	30
34	0	15	0.00	15
35	0	25	0.00	25
36	0	12	0.00	12
37	0	15	0.00	15
38	0	8	0.00	8
39	0	11	0.00	11
40	0	16	0.00	16
41	0	14	0.00	14
42	0	4	0.00	4
43	0	13	0.00	13
44	0	7	0.00	7
45	0	6	0.00	6
46	0	5	0.00	5
47	0	17	0.00	17
48	0	7	0.00	7
49	0	7	0.00	7
50	0	11	0.00	11
51	0	4	0.00	4
52	0	7	0.00	7
53	0	8	0.00	8
54	0	0		0
55	0	12	0.00	12
56	0	6	0.00	6
57	0	0		0
58	0	1	0.00	1
59	0	3	0.00	3
60	0	5	0.00	5
61	0	0		0
62	0	0		0
63	0	2	0.00	2
64	0	1	0.00	1
65	0	0		0
66	0	1	0.00	1
67	0	0		0
68	0	0		0
69	0	0		0
70	0	2	0.00	2
71	0	1	0.00	1
72	0	1	0.00	1
73	0	1	0.00	1
74	0	0		0
75	0	0		0
76	0	0		0
77	0	0		0
78	0	0		0
79	0	0		0
80	0	0		0
81	0	1	0.00	1
82	0	0		0
83	0	0		0
84	0	0		0
85	0	0		0
86	0	0		0
87	0	0		0
88	0	0		0
89	0	1	0.00	1
90	0	0		0
91	0	0		0
92	0	0		0
93	0	0		0
94	0	0		0

CHH context (R2)
================
position	count methylated	count unmethylated	% methylation	coverage
1	0	11	0.00	11
2	4	950	0.42	954
3	0	245	0.00	245
4	0	180	0.00	180
5	1	145	0.68	146
6	0	90	0.00	90
7	0	84	0.00	84
8	0	129	0.00	129
9	1	109	0.91	110
10	1	123	0.81	124
11	0	84	0.00	84
12	1	92	1.08	93
13	0	66	0.00	66
14	0	86	0.00	86
15	0	61	0.00	61
16	0	55	0.00	55
17	0	65	0.00	65
18	1	57	1.72	58
19	0	62	0.00	62
20	0	59	0.00	59
21	0	48	0.00	48
22	0	35	0.00	35
23	0	45	0.00	45
24	1	39	2.50	40
25	0	47	0.00	47
26	0	31	0.00	31
27	0	32	0.00	32
28	0	33	0.00	33
29	0	33	0.00	33
30	0	28	0.00	28
31	0	34	0.00	34
32	0	28	0.00	28
33	0	10	0.00	10
34	0	16	0.00	16
35	0	23	0.00	23
36	0	15	0.00	15
37	1	8	11.11	9
38	0	19	0.00	19
39	0	13	0.00	13
40	0	15	0.00	15
41	0	18	0.00	18
42	0	14	0.00	14
43	0	17	0.00	17
44	0	23	0.00	23
45	0	15	0.00	15
46	0	11	0.00	11
47	0	17	0.00	17
48	0	8	0.00	8
49	0	10	0.00	10
50	0	11	0.00	11
51	0	12	0.00	12
52	0	14	0.00	14
53	0	7	0.00	7
54	0	10	0.00	10
55	0	6	0.00	6
56	0	7	0.00	7
57	0	5	0.00	5
58	0	2	0.00	2
59	0	2	0.00	2
60	0	0		0
61	0	0		0
62	0	1	0.00	1
63	0	1	0.00	1
64	0	0		0
65	0	0		0
66	0	0		0
67	0	1	0.00	1
68	0	1	0.00	1
69	0	1	0.00	1
70	0	0		0
71	0	1	0.00	1
72	0	0		0
73	0	0		0
74	0	0		0
75	0	2	0.00	2
76	0	0		0
77	0	1	0.00	1
78	0	1	0.00	1
79	0	0		0
80	0	0		0
81	0	0		0
82	0	0		0
83	0	0		0
84	0	0		0
85	0	0		0
86	0	0		0
87	0	0		0
88	0	0		0
89	0	0		0
90	0	0		0
91	0	0		0
92	0	0		0
93	0	0		0
94	0	1	0.00	1

