CpG context (R1)
================
position	count methylated	count unmethylated	% methylation	coverage
1	218	2160	9.17	2378
2	0	21	0.00	21
3	0	22	0.00	22
4	12	176	6.38	188
5	6	219	2.67	225
6	11	275	3.85	286
7	11	244	4.31	255
8	16	296	5.13	312
9	9	239	3.63	248
10	17	262	6.09	279
11	10	242	3.97	252
12	12	289	3.99	301
13	19	288	6.19	307
14	14	257	5.17	271
15	15	227	6.20	242
16	18	294	5.77	312
17	7	226	3.00	233
18	13	252	4.91	265
19	13	304	4.10	317
20	12	218	5.22	230
21	19	240	7.34	259
22	14	290	4.61	304
23	13	264	4.69	277
24	18	234	7.14	252
25	9	331	2.65	340
26	11	302	3.51	313
27	11	266	3.97	277
28	22	287	7.12	309
29	11	264	4.00	275
30	18	251	6.69	269
31	16	275	5.50	291
32	9	291	3.00	300
33	10	236	4.07	246
34	19	262	6.76	281
35	16	271	5.57	287
36	8	196	3.92	204
37	17	259	6.16	276
38	17	229	6.91	246
39	14	257	5.17	271
40	11	253	4.17	264
41	19	227	7.72	246
42	12	277	4.15	289
43	16	245	6.13	261
44	14	257	5.17	271
45	13	265	4.68	278
46	19	231	7.60	250
47	20	260	7.14	280
48	12	266	4.32	278
49	14	218	6.03	232
50	11	261	4.04	272
51	16	248	6.06	264
52	9	254	3.42	263
53	8	236	3.28	244
54	11	253	4.17	264
55	13	297	4.19	310
56	11	240	4.38	251
57	16	238	6.30	254
58	16	237	6.32	253
59	12	246	4.65	258
60	8	220	3.51	228
61	12	228	5.00	240
62	10	247	3.89	257
63	12	217	5.24	229
64	17	272	5.88	289
65	9	256	3.40	265
66	16	272	5.56	288
67	12	221	5.15	233
68	8	198	3.88	206
69	5	213	2.29	218
70	12	207	5.48	219
71	22	261	7.77	283
72	12	262	4.38	274
73	14	224	5.88	238
74	8	213	3.62	221
75	7	179	3.76	186
76	13	187	6.50	200
77	14	216	6.09	230
78	9	239	3.63	248
79	9	209	4.13	218
80	10	211	4.52	221
81	7	157	4.27	164
82	4	198	1.98	202
83	6	117	4.88	123
84	4	163	2.40	167
85	3	175	1.69	178
86	6	169	3.43	175
87	4	168	2.33	172
88	3	126	2.33	129
89	7	141	4.73	148
90	5	131	3.68	136
91	10	137	6.80	147
92	2	134	1.47	136
93	5	143	3.38	148
94	5	121	3.97	126
95	11	100	9.91	111
96	1	102	0.97	103
97	12	141	7.84	153
98	4	85	4.49	89
99	0	55	0.00	55
100	2	6	25.00	8
101	0	6	0.00	6
102	0	7	0.00	7
103	1	9	10.00	10
104	0	5	0.00	5
105	0	0		0
106	0	2	0.00	2
107	0	3	0.00	3
108	2	5	28.57	7
109	0	6	0.00	6
110	0	2	0.00	2
111	0	5	0.00	5
112	1	8	11.11	9
113	0	1	0.00	1
114	0	4	0.00	4
115	0	2	0.00	2
116	0	4	0.00	4
117	0	4	0.00	4
118	1	2	33.33	3
119	0	0		0
120	0	3	0.00	3
121	1	1	50.00	2
122	0	4	0.00	4
123	0	1	0.00	1
124	0	2	0.00	2
125	0	1	0.00	1
126	0	2	0.00	2
127	0	1	0.00	1
128	0	3	0.00	3
129	0	2	0.00	2
130	0	1	0.00	1
131	0	2	0.00	2
132	0	0		0
133	0	1	0.00	1
134	0	1	0.00	1
135	0	0		0
136	0	0		0
137	0	2	0.00	2
138	0	0		0
139	0	0		0
140	0	1	0.00	1
141	0	0		0
142	0	0		0
143	0	0		0
144	0	0		0
145	0	0		0
146	0	0		0
147	0	0		0
148	0	0		0

CHG context (R1)
================
position	count methylated	count unmethylated	% methylation	coverage
1	0	19	0.00	19
2	0	27	0.00	27
3	0	4	0.00	4
4	1	137	0.72	138
5	1	183	0.54	184
6	1	232	0.43	233
7	2	239	0.83	241
8	2	208	0.95	210
9	0	238	0.00	238
10	1	233	0.43	234
11	0	225	0.00	225
12	0	204	0.00	204
13	1	194	0.51	195
14	0	205	0.00	205
15	0	242	0.00	242
16	0	239	0.00	239
17	2	226	0.88	228
18	0	273	0.00	273
19	1	197	0.51	198
20	0	163	0.00	163
21	1	219	0.45	220
22	0	243	0.00	243
23	1	192	0.52	193
24	1	189	0.53	190
25	2	230	0.86	232
26	0	187	0.00	187
27	0	260	0.00	260
28	0	257	0.00	257
29	2	195	1.02	197
30	1	187	0.53	188
31	0	270	0.00	270
32	0	193	0.00	193
33	0	238	0.00	238
34	2	221	0.90	223
35	2	233	0.85	235
36	0	221	0.00	221
37	0	197	0.00	197
38	1	200	0.50	201
39	1	240	0.41	241
40	1	216	0.46	217
41	0	273	0.00	273
42	1	197	0.51	198
43	0	212	0.00	212
44	0	265	0.00	265
45	1	179	0.56	180
46	1	228	0.44	229
47	0	208	0.00	208
48	0	204	0.00	204
49	3	218	1.36	221
50	1	191	0.52	192
51	2	220	0.90	222
52	2	215	0.92	217
53	0	201	0.00	201
54	0	212	0.00	212
55	2	183	1.08	185
56	0	199	0.00	199
57	0	196	0.00	196
58	1	221	0.45	222
59	1	171	0.58	172
60	1	156	0.64	157
61	0	186	0.00	186
62	2	164	1.20	166
63	1	193	0.52	194
64	2	217	0.91	219
65	0	178	0.00	178
66	0	171	0.00	171
67	0	198	0.00	198
68	1	183	0.54	184
69	1	204	0.49	205
70	1	198	0.50	199
71	1	176	0.56	177
72	0	152	0.00	152
73	1	184	0.54	185
74	1	168	0.59	169
75	0	141	0.00	141
76	1	180	0.55	181
77	0	187	0.00	187
78	0	160	0.00	160
79	0	170	0.00	170
80	1	119	0.83	120
81	0	194	0.00	194
82	1	129	0.77	130
83	0	130	0.00	130
84	0	122	0.00	122
85	1	123	0.81	124
86	1	142	0.70	143
87	1	100	0.99	101
88	0	136	0.00	136
89	0	147	0.00	147
90	0	103	0.00	103
91	0	125	0.00	125
92	0	116	0.00	116
93	0	79	0.00	79
94	1	101	0.98	102
95	0	101	0.00	101
96	0	118	0.00	118
97	0	137	0.00	137
98	1	80	1.23	81
99	0	44	0.00	44
100	0	5	0.00	5
101	0	6	0.00	6
102	0	7	0.00	7
103	0	3	0.00	3
104	0	2	0.00	2
105	0	3	0.00	3
106	0	9	0.00	9
107	0	5	0.00	5
108	0	4	0.00	4
109	0	2	0.00	2
110	0	2	0.00	2
111	0	6	0.00	6
112	0	2	0.00	2
113	0	2	0.00	2
114	0	1	0.00	1
115	0	1	0.00	1
116	0	3	0.00	3
117	0	4	0.00	4
118	0	3	0.00	3
119	0	1	0.00	1
120	0	1	0.00	1
121	0	4	0.00	4
122	0	2	0.00	2
123	0	1	0.00	1
124	0	2	0.00	2
125	0	0		0
126	0	1	0.00	1
127	0	1	0.00	1
128	0	1	0.00	1
129	0	0		0
130	0	3	0.00	3
131	0	0		0
132	0	0		0
133	0	1	0.00	1
134	0	0		0
135	0	1	0.00	1
136	0	3	0.00	3
137	0	1	0.00	1
138	0	0		0
139	0	3	0.00	3
140	0	0		0
141	0	0		0
142	0	0		0
143	0	0		0
144	0	0		0
145	0	0		0
146	0	0		0
147	0	0		0
148	0	1	0.00	1

CHH context (R1)
================
position	count methylated	count unmethylated	% methylation	coverage
1	2	33	5.71	35
2	0	23	0.00	23
3	0	15	0.00	15
4	2	363	0.55	365
5	1	388	0.26	389
6	2	428	0.47	430
7	2	398	0.50	400
8	1	345	0.29	346
9	0	308	0.00	308
10	1	303	0.33	304
11	2	315	0.63	317
12	3	340	0.87	343
13	1	380	0.26	381
14	0	377	0.00	377
15	1	358	0.28	359
16	2	368	0.54	370
17	1	335	0.30	336
18	2	282	0.70	284
19	0	303	0.00	303
20	0	312	0.00	312
21	2	323	0.62	325
22	1	354	0.28	355
23	0	345	0.00	345
24	3	367	0.81	370
25	2	390	0.51	392
26	0	383	0.00	383
27	0	386	0.00	386
28	0	353	0.00	353
29	0	331	0.00	331
30	2	405	0.49	407
31	1	330	0.30	331
32	2	373	0.53	375
33	3	326	0.91	329
34	0	343	0.00	343
35	2	299	0.66	301
36	1	361	0.28	362
37	0	362	0.00	362
38	1	359	0.28	360
39	0	337	0.00	337
40	3	317	0.94	320
41	1	345	0.29	346
42	2	338	0.59	340
43	0	351	0.00	351
44	1	322	0.31	323
45	0	277	0.00	277
46	2	360	0.55	362
47	1	327	0.30	328
48	1	341	0.29	342
49	0	350	0.00	350
50	0	375	0.00	375
51	1	387	0.26	388
52	0	363	0.00	363
53	1	340	0.29	341
54	1	332	0.30	333
55	0	292	0.00	292
56	1	289	0.34	290
57	2	297	0.67	299
58	2	314	0.63	316
59	0	312	0.00	312
60	3	299	0.99	302
61	1	357	0.28	358
62	1	360	0.28	361
63	1	328	0.30	329
64	0	360	0.00	360
65	1	297	0.34	298
66	0	287	0.00	287
67	0	336	0.00	336
68	1	352	0.28	353
69	2	299	0.66	301
70	1	295	0.34	296
71	1	266	0.37	267
72	5	275	1.79	280
73	1	328	0.30	329
74	0	271	0.00	271
75	0	307	0.00	307
76	2	331	0.60	333
77	0	268	0.00	268
78	0	264	0.00	264
79	1	274	0.36	275
80	2	288	0.69	290
81	3	255	1.16	258
82	0	279	0.00	279
83	1	245	0.41	246
84	0	250	0.00	250
85	0	278	0.00	278
86	0	275	0.00	275
87	1	211	0.47	212
88	0	273	0.00	273
89	2	191	1.04	193
90	0	200	0.00	200
91	0	189	0.00	189
92	0	201	0.00	201
93	1	182	0.55	183
94	0	157	0.00	157
95	1	171	0.58	172
96	1	159	0.62	160
97	1	156	0.64	157
98	1	161	0.62	162
99	0	70	0.00	70
100	0	14	0.00	14
101	0	9	0.00	9
102	0	7	0.00	7
103	0	7	0.00	7
104	0	7	0.00	7
105	0	13	0.00	13
106	0	12	0.00	12
107	1	10	9.09	11
108	0	5	0.00	5
109	0	4	0.00	4
110	0	8	0.00	8
111	0	5	0.00	5
112	0	4	0.00	4
113	0	5	0.00	5
114	0	3	0.00	3
115	0	5	0.00	5
116	0	5	0.00	5
117	0	5	0.00	5
118	0	4	0.00	4
119	0	2	0.00	2
120	0	4	0.00	4
121	0	2	0.00	2
122	0	3	0.00	3
123	0	1	0.00	1
124	0	2	0.00	2
125	0	2	0.00	2
126	0	6	0.00	6
127	0	3	0.00	3
128	0	4	0.00	4
129	0	3	0.00	3
130	0	2	0.00	2
131	0	3	0.00	3
132	0	2	0.00	2
133	0	1	0.00	1
134	0	2	0.00	2
135	0	1	0.00	1
136	0	1	0.00	1
137	0	0		0
138	0	1	0.00	1
139	0	1	0.00	1
140	0	1	0.00	1
141	0	0		0
142	0	0		0
143	0	0		0
144	0	0		0
145	0	0		0
146	0	1	0.00	1
147	0	1	0.00	1
148	0	0		0

CpG context (R2)
================
position	count methylated	count unmethylated	% methylation	coverage
1	0	25	0.00	25
2	0	10	0.00	10
3	1	79	1.25	80
4	3	86	3.37	89
5	3	105	2.78	108
6	4	88	4.35	92
7	5	120	4.00	125
8	3	74	3.90	77
9	3	68	4.23	71
10	4	90	4.26	94
11	5	68	6.85	73
12	2	61	3.17	63
13	5	80	5.88	85
14	2	58	3.33	60
15	2	66	2.94	68
16	0	64	0.00	64
17	0	39	0.00	39
18	1	56	1.75	57
19	0	41	0.00	41
20	3	45	6.25	48
21	1	40	2.44	41
22	0	35	0.00	35
23	3	34	8.11	37
24	2	56	3.45	58
25	0	34	0.00	34
26	2	28	6.67	30
27	2	39	4.88	41
28	1	27	3.57	28
29	4	38	9.52	42
30	2	29	6.45	31
31	1	40	2.44	41
32	1	18	5.26	19
33	0	16	0.00	16
34	3	29	9.38	32
35	0	12	0.00	12
36	1	15	6.25	16
37	0	31	0.00	31
38	1	21	4.55	22
39	0	14	0.00	14
40	1	8	11.11	9
41	0	7	0.00	7
42	1	9	10.00	10
43	0	15	0.00	15
44	1	15	6.25	16
45	0	4	0.00	4
46	2	15	11.76	17
47	0	10	0.00	10
48	1	13	7.14	14
49	0	13	0.00	13
50	0	8	0.00	8
51	0	4	0.00	4
52	0	8	0.00	8
53	0	3	0.00	3
54	2	6	25.00	8
55	0	3	0.00	3
56	0	2	0.00	2
57	0	2	0.00	2
58	0	6	0.00	6
59	0	4	0.00	4
60	1	3	25.00	4
61	0	3	0.00	3
62	0	1	0.00	1
63	0	2	0.00	2
64	0	2	0.00	2
65	0	1	0.00	1
66	1	2	33.33	3
67	0	1	0.00	1
68	0	1	0.00	1
69	0	1	0.00	1
70	0	0		0
71	1	2	33.33	3
72	0	1	0.00	1
73	0	1	0.00	1
74	0	0		0
75	0	2	0.00	2
76	0	3	0.00	3
77	0	2	0.00	2
78	0	1	0.00	1
79	0	1	0.00	1
80	0	0		0
81	0	2	0.00	2
82	0	1	0.00	1
83	0	1	0.00	1
84	0	0		0
85	0	0		0
86	0	1	0.00	1
87	0	0		0
88	0	0		0
89	0	0		0
90	0	0		0
91	0	1	0.00	1
92	0	0		0
93	0	0		0
94	0	2	0.00	2
95	0	1	0.00	1
96	0	1	0.00	1
97	0	2	0.00	2

CHG context (R2)
================
position	count methylated	count unmethylated	% methylation	coverage
1	15	2107	0.71	2122
2	0	25	0.00	25
3	0	4	0.00	4
4	0	41	0.00	41
5	0	51	0.00	51
6	2	77	2.53	79
7	1	73	1.35	74
8	0	93	0.00	93
9	0	87	0.00	87
10	0	64	0.00	64
11	0	81	0.00	81
12	0	43	0.00	43
13	0	50	0.00	50
14	0	61	0.00	61
15	0	47	0.00	47
16	0	41	0.00	41
17	1	61	1.61	62
18	0	42	0.00	42
19	0	56	0.00	56
20	0	47	0.00	47
21	0	46	0.00	46
22	0	53	0.00	53
23	0	29	0.00	29
24	0	24	0.00	24
25	0	30	0.00	30
26	0	24	0.00	24
27	1	15	6.25	16
28	0	20	0.00	20
29	0	19	0.00	19
30	0	24	0.00	24
31	0	25	0.00	25
32	0	24	0.00	24
33	0	24	0.00	24
34	0	24	0.00	24
35	0	28	0.00	28
36	0	18	0.00	18
37	0	13	0.00	13
38	0	11	0.00	11
39	0	19	0.00	19
40	0	19	0.00	19
41	1	17	5.56	18
42	0	3	0.00	3
43	0	8	0.00	8
44	0	5	0.00	5
45	0	5	0.00	5
46	0	3	0.00	3
47	0	7	0.00	7
48	0	8	0.00	8
49	0	9	0.00	9
50	0	9	0.00	9
51	0	5	0.00	5
52	0	9	0.00	9
53	0	1	0.00	1
54	0	1	0.00	1
55	0	8	0.00	8
56	0	5	0.00	5
57	0	1	0.00	1
58	0	2	0.00	2
59	0	0		0
60	0	4	0.00	4
61	0	3	0.00	3
62	0	0		0
63	0	4	0.00	4
64	0	3	0.00	3
65	0	0		0
66	0	0		0
67	0	1	0.00	1
68	0	1	0.00	1
69	0	0		0
70	0	3	0.00	3
71	0	0		0
72	0	2	0.00	2
73	0	3	0.00	3
74	0	1	0.00	1
75	0	1	0.00	1
76	0	0		0
77	0	0		0
78	0	1	0.00	1
79	0	0		0
80	0	1	0.00	1
81	0	0		0
82	0	0		0
83	0	0		0
84	0	0		0
85	0	0		0
86	0	1	0.00	1
87	0	1	0.00	1
88	0	0		0
89	0	0		0
90	0	0		0
91	0	0		0
92	0	1	0.00	1
93	0	0		0
94	0	0		0
95	0	1	0.00	1
96	0	0		0
97	0	1	0.00	1

CHH context (R2)
================
position	count methylated	count unmethylated	% methylation	coverage
1	0	18	0.00	18
2	6	997	0.60	1003
3	0	280	0.00	280
4	0	188	0.00	188
5	0	134	0.00	134
6	0	94	0.00	94
7	0	100	0.00	100
8	2	133	1.48	135
9	1	107	0.93	108
10	0	127	0.00	127
11	0	83	0.00	83
12	0	98	0.00	98
13	0	67	0.00	67
14	1	73	1.35	74
15	0	77	0.00	77
16	0	66	0.00	66
17	1	59	1.67	60
18	0	73	0.00	73
19	0	77	0.00	77
20	0	54	0.00	54
21	0	45	0.00	45
22	0	40	0.00	40
23	0	54	0.00	54
24	0	54	0.00	54
25	0	59	0.00	59
26	0	37	0.00	37
27	0	43	0.00	43
28	0	35	0.00	35
29	0	42	0.00	42
30	0	32	0.00	32
31	0	19	0.00	19
32	0	26	0.00	26
33	0	21	0.00	21
34	0	28	0.00	28
35	1	34	2.86	35
36	0	24	0.00	24
37	0	14	0.00	14
38	0	15	0.00	15
39	0	11	0.00	11
40	0	22	0.00	22
41	0	21	0.00	21
42	0	17	0.00	17
43	0	16	0.00	16
44	0	21	0.00	21
45	0	16	0.00	16
46	0	13	0.00	13
47	0	9	0.00	9
48	0	4	0.00	4
49	0	11	0.00	11
50	0	7	0.00	7
51	0	13	0.00	13
52	1	9	10.00	10
53	0	11	0.00	11
54	0	6	0.00	6
55	0	8	0.00	8
56	0	10	0.00	10
57	0	7	0.00	7
58	0	7	0.00	7
59	0	4	0.00	4
60	0	2	0.00	2
61	0	3	0.00	3
62	0	3	0.00	3
63	0	1	0.00	1
64	0	4	0.00	4
65	0	2	0.00	2
66	0	1	0.00	1
67	0	1	0.00	1
68	0	3	0.00	3
69	0	2	0.00	2
70	0	1	0.00	1
71	0	1	0.00	1
72	0	1	0.00	1
73	0	0		0
74	0	1	0.00	1
75	0	0		0
76	0	0		0
77	0	0		0
78	0	0		0
79	0	1	0.00	1
80	0	0		0
81	0	0		0
82	0	0		0
83	0	1	0.00	1
84	0	1	0.00	1
85	0	0		0
86	0	0		0
87	0	1	0.00	1
88	0	1	0.00	1
89	0	1	0.00	1
90	0	1	0.00	1
91	0	1	0.00	1
92	0	0		0
93	0	1	0.00	1
94	0	1	0.00	1
95	0	0		0
96	0	0		0
97	0	0		0

