CpG context (R1)
================
position	count methylated	count unmethylated	% methylation	coverage
1	220	2157	9.26	2377
2	0	13	0.00	13
3	1	11	8.33	12
4	6	185	3.14	191
5	14	188	6.93	202
6	13	254	4.87	267
7	13	219	5.60	232
8	15	283	5.03	298
9	12	232	4.92	244
10	18	223	7.47	241
11	11	259	4.07	270
12	18	264	6.38	282
13	18	279	6.06	297
14	8	274	2.84	282
15	14	241	5.49	255
16	16	277	5.46	293
17	10	227	4.22	237
18	13	264	4.69	277
19	8	271	2.87	279
20	12	225	5.06	237
21	14	214	6.14	228
22	11	295	3.59	306
23	12	245	4.67	257
24	11	247	4.26	258
25	13	286	4.35	299
26	6	284	2.07	290
27	14	270	4.93	284
28	21	243	7.95	264
29	8	250	3.10	258
30	13	287	4.33	300
31	16	279	5.42	295
32	19	280	6.35	299
33	16	223	6.69	239
34	16	259	5.82	275
35	16	258	5.84	274
36	11	203	5.14	214
37	17	247	6.44	264
38	12	247	4.63	259
39	10	240	4.00	250
40	13	261	4.74	274
41	15	248	5.70	263
42	19	283	6.29	302
43	11	251	4.20	262
44	15	249	5.68	264
45	18	290	5.84	308
46	20	230	8.00	250
47	18	267	6.32	285
48	23	240	8.75	263
49	10	239	4.02	249
50	16	236	6.35	252
51	9	231	3.75	240
52	15	235	6.00	250
53	12	215	5.29	227
54	12	238	4.80	250
55	18	260	6.47	278
56	18	208	7.96	226
57	12	226	5.04	238
58	12	240	4.76	252
59	12	248	4.62	260
60	18	235	7.11	253
61	10	217	4.41	227
62	14	226	5.83	240
63	12	198	5.71	210
64	14	233	5.67	247
65	18	243	6.90	261
66	13	234	5.26	247
67	8	204	3.77	212
68	14	187	6.97	201
69	10	204	4.67	214
70	15	231	6.10	246
71	14	236	5.60	250
72	10	251	3.83	261
73	13	216	5.68	229
74	9	189	4.55	198
75	7	188	3.59	195
76	13	177	6.84	190
77	17	205	7.66	222
78	9	185	4.64	194
79	11	220	4.76	231
80	5	181	2.69	186
81	4	189	2.07	193
82	5	171	2.84	176
83	9	136	6.21	145
84	4	157	2.48	161
85	6	181	3.21	187
86	5	162	2.99	167
87	10	160	5.88	170
88	3	121	2.42	124
89	10	167	5.65	177
90	8	138	5.48	146
91	6	161	3.59	167
92	4	147	2.65	151
93	2	150	1.32	152
94	5	133	3.62	138
95	5	114	4.20	119
96	2	107	1.83	109
97	7	142	4.70	149
98	4	96	4.00	100
99	0	43	0.00	43
100	0	10	0.00	10
101	0	4	0.00	4
102	0	6	0.00	6
103	0	3	0.00	3
104	0	4	0.00	4
105	0	4	0.00	4
106	0	2	0.00	2
107	0	4	0.00	4
108	0	4	0.00	4
109	0	3	0.00	3
110	0	4	0.00	4
111	0	3	0.00	3
112	0	2	0.00	2
113	0	2	0.00	2
114	0	5	0.00	5
115	0	3	0.00	3
116	0	4	0.00	4
117	0	3	0.00	3
118	1	1	50.00	2
119	0	1	0.00	1
120	0	1	0.00	1
121	0	3	0.00	3
122	0	2	0.00	2
123	0	2	0.00	2
124	0	3	0.00	3
125	1	0	100.00	1
126	0	4	0.00	4
127	0	0		0
128	0	2	0.00	2
129	0	0		0
130	0	1	0.00	1
131	0	2	0.00	2
132	0	1	0.00	1
133	0	1	0.00	1
134	0	1	0.00	1
135	1	0	100.00	1
136	0	0		0
137	0	5	0.00	5
138	0	0		0
139	0	2	0.00	2
140	0	1	0.00	1
141	0	0		0
142	0	0		0
143	0	0		0
144	0	4	0.00	4
145	0	0		0
146	0	0		0
147	0	0		0
148	0	0		0
149	0	0		0

CHG context (R1)
================
position	count methylated	count unmethylated	% methylation	coverage
1	0	11	0.00	11
2	0	15	0.00	15
3	0	16	0.00	16
4	0	135	0.00	135
5	0	202	0.00	202
6	0	244	0.00	244
7	1	289	0.34	290
8	1	231	0.43	232
9	1	215	0.46	216
10	2	205	0.97	207
11	0	229	0.00	229
12	1	205	0.49	206
13	1	225	0.44	226
14	0	188	0.00	188
15	4	240	1.64	244
16	0	227	0.00	227
17	1	240	0.41	241
18	2	253	0.78	255
19	3	214	1.38	217
20	0	176	0.00	176
21	0	219	0.00	219
22	0	272	0.00	272
23	2	223	0.89	225
24	1	171	0.58	172
25	0	240	0.00	240
26	0	203	0.00	203
27	0	228	0.00	228
28	1	240	0.41	241
29	0	192	0.00	192
30	0	194	0.00	194
31	1	222	0.45	223
32	1	210	0.47	211
33	1	255	0.39	256
34	2	215	0.92	217
35	1	219	0.45	220
36	0	223	0.00	223
37	0	223	0.00	223
38	1	165	0.60	166
39	0	215	0.00	215
40	0	230	0.00	230
41	1	258	0.39	259
42	2	219	0.90	221
43	1	203	0.49	204
44	1	265	0.38	266
45	0	210	0.00	210
46	0	229	0.00	229
47	1	187	0.53	188
48	1	214	0.47	215
49	1	220	0.45	221
50	1	179	0.56	180
51	1	224	0.44	225
52	0	234	0.00	234
53	0	190	0.00	190
54	0	203	0.00	203
55	0	174	0.00	174
56	1	228	0.44	229
57	0	208	0.00	208
58	2	209	0.95	211
59	0	206	0.00	206
60	1	137	0.72	138
61	1	188	0.53	189
62	0	147	0.00	147
63	2	208	0.95	210
64	3	206	1.44	209
65	1	197	0.51	198
66	0	181	0.00	181
67	1	162	0.61	163
68	0	188	0.00	188
69	1	161	0.62	162
70	3	200	1.48	203
71	0	152	0.00	152
72	0	155	0.00	155
73	2	169	1.17	171
74	1	161	0.62	162
75	2	157	1.26	159
76	0	192	0.00	192
77	1	176	0.56	177
78	0	161	0.00	161
79	0	159	0.00	159
80	0	150	0.00	150
81	0	158	0.00	158
82	0	119	0.00	119
83	1	143	0.69	144
84	0	121	0.00	121
85	0	127	0.00	127
86	0	163	0.00	163
87	0	126	0.00	126
88	0	132	0.00	132
89	1	119	0.83	120
90	1	107	0.93	108
91	1	140	0.71	141
92	0	100	0.00	100
93	0	85	0.00	85
94	0	115	0.00	115
95	0	96	0.00	96
96	0	114	0.00	114
97	0	130	0.00	130
98	0	84	0.00	84
99	0	37	0.00	37
100	0	4	0.00	4
101	0	6	0.00	6
102	0	6	0.00	6
103	0	2	0.00	2
104	0	3	0.00	3
105	0	7	0.00	7
106	0	3	0.00	3
107	0	2	0.00	2
108	0	5	0.00	5
109	0	2	0.00	2
110	0	2	0.00	2
111	0	3	0.00	3
112	0	1	0.00	1
113	0	1	0.00	1
114	0	2	0.00	2
115	0	1	0.00	1
116	0	2	0.00	2
117	0	1	0.00	1
118	0	3	0.00	3
119	0	3	0.00	3
120	0	3	0.00	3
121	0	1	0.00	1
122	0	2	0.00	2
123	0	2	0.00	2
124	0	1	0.00	1
125	0	2	0.00	2
126	0	0		0
127	0	1	0.00	1
128	0	1	0.00	1
129	0	0		0
130	0	3	0.00	3
131	0	0		0
132	0	1	0.00	1
133	0	1	0.00	1
134	0	1	0.00	1
135	0	0		0
136	0	2	0.00	2
137	0	1	0.00	1
138	0	0		0
139	0	1	0.00	1
140	0	0		0
141	0	1	0.00	1
142	0	0		0
143	0	2	0.00	2
144	0	0		0
145	0	0		0
146	0	1	0.00	1
147	0	1	0.00	1
148	0	0		0
149	0	0		0

CHH context (R1)
================
position	count methylated	count unmethylated	% methylation	coverage
1	2	29	6.45	31
2	0	36	0.00	36
3	0	19	0.00	19
4	1	334	0.30	335
5	1	445	0.22	446
6	1	428	0.23	429
7	1	382	0.26	383
8	1	336	0.30	337
9	3	347	0.86	350
10	2	330	0.60	332
11	0	319	0.00	319
12	0	332	0.00	332
13	1	374	0.27	375
14	3	388	0.77	391
15	2	371	0.54	373
16	2	322	0.62	324
17	4	324	1.22	328
18	1	311	0.32	312
19	0	316	0.00	316
20	4	346	1.14	350
21	0	307	0.00	307
22	1	334	0.30	335
23	2	331	0.60	333
24	0	373	0.00	373
25	3	366	0.81	369
26	1	336	0.30	337
27	1	402	0.25	403
28	1	373	0.27	374
29	1	336	0.30	337
30	3	385	0.77	388
31	1	328	0.30	329
32	2	367	0.54	369
33	2	345	0.58	347
34	0	293	0.00	293
35	1	327	0.30	328
36	3	407	0.73	410
37	1	361	0.28	362
38	0	356	0.00	356
39	0	349	0.00	349
40	1	348	0.29	349
41	4	311	1.27	315
42	2	300	0.66	302
43	2	312	0.64	314
44	1	301	0.33	302
45	0	294	0.00	294
46	3	335	0.89	338
47	0	320	0.00	320
48	2	319	0.62	321
49	1	365	0.27	366
50	0	416	0.00	416
51	0	444	0.00	444
52	1	349	0.29	350
53	3	352	0.85	355
54	0	315	0.00	315
55	2	332	0.60	334
56	0	291	0.00	291
57	2	301	0.66	303
58	1	309	0.32	310
59	2	291	0.68	293
60	3	302	0.98	305
61	3	327	0.91	330
62	0	346	0.00	346
63	0	301	0.00	301
64	1	338	0.29	339
65	0	303	0.00	303
66	0	279	0.00	279
67	1	333	0.30	334
68	2	314	0.63	316
69	0	316	0.00	316
70	0	252	0.00	252
71	0	274	0.00	274
72	1	268	0.37	269
73	0	316	0.00	316
74	0	246	0.00	246
75	0	316	0.00	316
76	1	268	0.37	269
77	0	246	0.00	246
78	1	265	0.38	266
79	0	284	0.00	284
80	1	283	0.35	284
81	1	264	0.38	265
82	2	285	0.70	287
83	0	265	0.00	265
84	0	243	0.00	243
85	0	258	0.00	258
86	1	269	0.37	270
87	1	225	0.44	226
88	0	261	0.00	261
89	2	213	0.93	215
90	2	196	1.01	198
91	0	163	0.00	163
92	1	205	0.49	206
93	1	173	0.57	174
94	0	170	0.00	170
95	1	186	0.53	187
96	0	155	0.00	155
97	2	146	1.35	148
98	2	198	1.00	200
99	0	73	0.00	73
100	0	7	0.00	7
101	0	5	0.00	5
102	0	6	0.00	6
103	0	3	0.00	3
104	0	8	0.00	8
105	0	8	0.00	8
106	0	7	0.00	7
107	0	5	0.00	5
108	0	5	0.00	5
109	0	3	0.00	3
110	0	9	0.00	9
111	0	4	0.00	4
112	0	4	0.00	4
113	0	1	0.00	1
114	0	7	0.00	7
115	0	2	0.00	2
116	0	4	0.00	4
117	0	6	0.00	6
118	0	2	0.00	2
119	0	3	0.00	3
120	0	4	0.00	4
121	0	1	0.00	1
122	0	4	0.00	4
123	0	2	0.00	2
124	0	2	0.00	2
125	0	1	0.00	1
126	0	4	0.00	4
127	0	1	0.00	1
128	0	1	0.00	1
129	0	1	0.00	1
130	0	1	0.00	1
131	0	2	0.00	2
132	0	3	0.00	3
133	0	5	0.00	5
134	0	3	0.00	3
135	0	2	0.00	2
136	0	2	0.00	2
137	0	1	0.00	1
138	0	0		0
139	0	0		0
140	0	0		0
141	0	0		0
142	0	0		0
143	0	1	0.00	1
144	0	0		0
145	0	0		0
146	0	2	0.00	2
147	0	1	0.00	1
148	0	0		0
149	0	2	0.00	2

CpG context (R2)
================
position	count methylated	count unmethylated	% methylation	coverage
1	0	23	0.00	23
2	1	15	6.25	16
3	1	69	1.43	70
4	2	70	2.78	72
5	4	112	3.45	116
6	10	73	12.05	83
7	3	135	2.17	138
8	1	82	1.20	83
9	2	91	2.15	93
10	3	80	3.61	83
11	7	80	8.05	87
12	5	60	7.69	65
13	2	77	2.53	79
14	2	47	4.08	49
15	4	60	6.25	64
16	0	54	0.00	54
17	2	45	4.26	47
18	2	61	3.17	63
19	0	39	0.00	39
20	1	52	1.89	53
21	1	40	2.44	41
22	2	38	5.00	40
23	0	57	0.00	57
24	3	44	6.38	47
25	3	39	7.14	42
26	0	29	0.00	29
27	3	38	7.32	41
28	2	23	8.00	25
29	0	50	0.00	50
30	3	24	11.11	27
31	5	30	14.29	35
32	2	28	6.67	30
33	2	10	16.67	12
34	1	25	3.85	26
35	2	16	11.11	18
36	1	12	7.69	13
37	0	30	0.00	30
38	2	20	9.09	22
39	0	16	0.00	16
40	1	14	6.67	15
41	0	14	0.00	14
42	1	9	10.00	10
43	2	18	10.00	20
44	0	13	0.00	13
45	0	2	0.00	2
46	1	17	5.56	18
47	0	10	0.00	10
48	1	9	10.00	10
49	0	3	0.00	3
50	2	6	25.00	8
51	0	10	0.00	10
52	0	8	0.00	8
53	0	3	0.00	3
54	0	5	0.00	5
55	1	2	33.33	3
56	1	6	14.29	7
57	0	2	0.00	2
58	0	4	0.00	4
59	0	2	0.00	2
60	0	1	0.00	1
61	0	4	0.00	4
62	0	0		0
63	1	2	33.33	3
64	0	1	0.00	1
65	1	0	100.00	1
66	0	2	0.00	2
67	0	0		0
68	0	0		0
69	0	1	0.00	1
70	0	0		0
71	0	1	0.00	1
72	0	0		0
73	0	0		0
74	0	0		0
75	0	4	0.00	4
76	0	0		0
77	0	1	0.00	1
78	0	1	0.00	1
79	0	0		0
80	0	1	0.00	1
81	0	0		0
82	0	0		0
83	0	0		0
84	0	0		0
85	0	0		0
86	0	0		0
87	0	0		0
88	0	1	0.00	1
89	0	0		0
90	0	1	0.00	1
91	0	0		0
92	0	0		0
93	0	0		0
94	0	0		0
95	0	0		0

CHG context (R2)
================
position	count methylated	count unmethylated	% methylation	coverage
1	19	2110	0.89	2129
2	0	23	0.00	23
3	0	5	0.00	5
4	1	51	1.92	52
5	0	51	0.00	51
6	0	73	0.00	73
7	1	70	1.41	71
8	1	90	1.10	91
9	0	73	0.00	73
10	0	54	0.00	54
11	0	73	0.00	73
12	0	39	0.00	39
13	0	48	0.00	48
14	1	52	1.89	53
15	0	51	0.00	51
16	1	58	1.69	59
17	1	57	1.72	58
18	0	63	0.00	63
19	0	51	0.00	51
20	0	51	0.00	51
21	0	39	0.00	39
22	0	47	0.00	47
23	1	23	4.17	24
24	0	29	0.00	29
25	0	38	0.00	38
26	0	26	0.00	26
27	0	17	0.00	17
28	0	28	0.00	28
29	0	28	0.00	28
30	0	30	0.00	30
31	0	29	0.00	29
32	1	26	3.70	27
33	0	23	0.00	23
34	0	25	0.00	25
35	0	34	0.00	34
36	0	20	0.00	20
37	0	16	0.00	16
38	0	17	0.00	17
39	0	8	0.00	8
40	0	25	0.00	25
41	0	16	0.00	16
42	0	5	0.00	5
43	0	5	0.00	5
44	0	5	0.00	5
45	0	9	0.00	9
46	0	2	0.00	2
47	0	6	0.00	6
48	0	5	0.00	5
49	0	6	0.00	6
50	0	17	0.00	17
51	0	4	0.00	4
52	0	10	0.00	10
53	0	4	0.00	4
54	0	0		0
55	0	3	0.00	3
56	0	9	0.00	9
57	0	2	0.00	2
58	0	0		0
59	0	0		0
60	0	4	0.00	4
61	0	0		0
62	0	1	0.00	1
63	0	3	0.00	3
64	0	2	0.00	2
65	0	1	0.00	1
66	0	0		0
67	0	1	0.00	1
68	0	1	0.00	1
69	0	0		0
70	0	3	0.00	3
71	0	2	0.00	2
72	0	0		0
73	0	0		0
74	0	0		0
75	0	0		0
76	0	1	0.00	1
77	0	0		0
78	0	0		0
79	0	0		0
80	0	0		0
81	0	0		0
82	0	0		0
83	0	0		0
84	0	0		0
85	0	0		0
86	0	1	0.00	1
87	0	0		0
88	0	0		0
89	0	0		0
90	0	0		0
91	0	1	0.00	1
92	0	0		0
93	0	0		0
94	0	0		0
95	0	0		0

CHH context (R2)
================
position	count methylated	count unmethylated	% methylation	coverage
1	0	16	0.00	16
2	2	947	0.21	949
3	0	275	0.00	275
4	0	196	0.00	196
5	0	157	0.00	157
6	0	128	0.00	128
7	0	102	0.00	102
8	1	151	0.66	152
9	0	111	0.00	111
10	2	129	1.53	131
11	0	90	0.00	90
12	0	85	0.00	85
13	1	62	1.59	63
14	2	79	2.47	81
15	0	80	0.00	80
16	0	68	0.00	68
17	1	60	1.64	61
18	0	81	0.00	81
19	0	87	0.00	87
20	0	56	0.00	56
21	0	57	0.00	57
22	0	38	0.00	38
23	0	40	0.00	40
24	0	40	0.00	40
25	0	50	0.00	50
26	0	36	0.00	36
27	0	41	0.00	41
28	1	38	2.56	39
29	0	35	0.00	35
30	0	39	0.00	39
31	0	40	0.00	40
32	0	41	0.00	41
33	0	27	0.00	27
34	0	23	0.00	23
35	0	27	0.00	27
36	0	29	0.00	29
37	0	17	0.00	17
38	0	24	0.00	24
39	0	9	0.00	9
40	0	24	0.00	24
41	0	19	0.00	19
42	0	16	0.00	16
43	0	14	0.00	14
44	0	25	0.00	25
45	0	17	0.00	17
46	0	20	0.00	20
47	0	17	0.00	17
48	0	4	0.00	4
49	0	11	0.00	11
50	0	8	0.00	8
51	0	19	0.00	19
52	0	14	0.00	14
53	0	13	0.00	13
54	0	9	0.00	9
55	0	7	0.00	7
56	0	14	0.00	14
57	0	6	0.00	6
58	0	5	0.00	5
59	0	3	0.00	3
60	0	1	0.00	1
61	0	2	0.00	2
62	0	1	0.00	1
63	0	1	0.00	1
64	0	0		0
65	0	0		0
66	0	0		0
67	0	1	0.00	1
68	0	3	0.00	3
69	0	1	0.00	1
70	0	0		0
71	0	2	0.00	2
72	0	0		0
73	0	1	0.00	1
74	0	0		0
75	0	0		0
76	0	0		0
77	0	0		0
78	0	1	0.00	1
79	0	0		0
80	0	0		0
81	0	0		0
82	0	1	0.00	1
83	0	1	0.00	1
84	0	0		0
85	0	0		0
86	0	0		0
87	0	0		0
88	0	0		0
89	0	0		0
90	0	0		0
91	0	0		0
92	0	1	0.00	1
93	0	0		0
94	0	1	0.00	1
95	0	1	0.00	1

