CpG context (R1)
================
position	count methylated	count unmethylated	% methylation	coverage
1	227	2149	9.55	2376
2	1	15	6.25	16
3	1	22	4.35	23
4	9	171	5.00	180
5	13	237	5.20	250
6	9	273	3.19	282
7	13	223	5.51	236
8	17	282	5.69	299
9	11	259	4.07	270
10	8	237	3.27	245
11	14	276	4.83	290
12	16	254	5.93	270
13	10	268	3.60	278
14	10	242	3.97	252
15	21	228	8.43	249
16	18	284	5.96	302
17	9	222	3.90	231
18	10	247	3.89	257
19	13	283	4.39	296
20	7	237	2.87	244
21	9	211	4.09	220
22	9	260	3.35	269
23	13	238	5.18	251
24	16	257	5.86	273
25	9	312	2.80	321
26	11	293	3.62	304
27	11	264	4.00	275
28	14	269	4.95	283
29	12	253	4.53	265
30	13	257	4.81	270
31	16	287	5.28	303
32	13	304	4.10	317
33	16	234	6.40	250
34	13	264	4.69	277
35	20	277	6.73	297
36	15	208	6.73	223
37	13	261	4.74	274
38	11	263	4.01	274
39	14	223	5.91	237
40	10	267	3.61	277
41	12	228	5.00	240
42	13	309	4.04	322
43	9	212	4.07	221
44	12	259	4.43	271
45	12	271	4.24	283
46	14	214	6.14	228
47	18	287	5.90	305
48	5	282	1.74	287
49	22	254	7.97	276
50	14	246	5.38	260
51	11	250	4.21	261
52	10	226	4.24	236
53	14	251	5.28	265
54	15	231	6.10	246
55	17	292	5.50	309
56	11	230	4.56	241
57	10	249	3.86	259
58	9	233	3.72	242
59	4	266	1.48	270
60	8	245	3.16	253
61	10	250	3.85	260
62	11	233	4.51	244
63	15	214	6.55	229
64	8	242	3.20	250
65	10	244	3.94	254
66	13	246	5.02	259
67	16	233	6.43	249
68	10	198	4.81	208
69	11	209	5.00	220
70	6	220	2.65	226
71	14	241	5.49	255
72	10	217	4.41	227
73	16	233	6.43	249
74	6	170	3.41	176
75	11	191	5.45	202
76	11	212	4.93	223
77	11	220	4.76	231
78	13	202	6.05	215
79	8	236	3.28	244
80	6	189	3.08	195
81	12	179	6.28	191
82	8	174	4.40	182
83	6	130	4.41	136
84	4	162	2.41	166
85	5	175	2.78	180
86	12	158	7.06	170
87	11	169	6.11	180
88	5	109	4.39	114
89	8	156	4.88	164
90	1	129	0.77	130
91	6	156	3.70	162
92	5	156	3.11	161
93	9	113	7.38	122
94	5	132	3.65	137
95	9	126	6.67	135
96	10	103	8.85	113
97	4	120	3.23	124
98	8	97	7.62	105
99	1	44	2.22	45
100	0	13	0.00	13
101	1	7	12.50	8
102	0	2	0.00	2
103	1	9	10.00	10
104	0	3	0.00	3
105	1	3	25.00	4
106	1	4	20.00	5
107	0	2	0.00	2
108	0	7	0.00	7
109	0	3	0.00	3
110	0	9	0.00	9
111	1	2	33.33	3
112	0	3	0.00	3
113	0	2	0.00	2
114	0	6	0.00	6
115	0	4	0.00	4
116	0	2	0.00	2
117	0	4	0.00	4
118	0	1	0.00	1
119	0	1	0.00	1
120	0	1	0.00	1
121	0	2	0.00	2
122	0	4	0.00	4
123	1	3	25.00	4
124	0	2	0.00	2
125	0	8	0.00	8
126	1	2	33.33	3
127	0	2	0.00	2
128	0	3	0.00	3
129	0	5	0.00	5
130	1	3	25.00	4
131	0	3	0.00	3
132	1	2	33.33	3
133	1	1	50.00	2
134	0	2	0.00	2
135	0	2	0.00	2
136	0	0		0
137	0	1	0.00	1
138	0	1	0.00	1
139	0	0		0
140	0	3	0.00	3
141	0	1	0.00	1
142	0	0		0
143	0	1	0.00	1
144	0	0		0
145	0	0		0
146	0	1	0.00	1
147	0	0		0
148	0	1	0.00	1
149	0	1	0.00	1

CHG context (R1)
================
position	count methylated	count unmethylated	% methylation	coverage
1	1	13	7.14	14
2	0	21	0.00	21
3	0	7	0.00	7
4	0	134	0.00	134
5	2	212	0.93	214
6	0	239	0.00	239
7	2	275	0.72	277
8	2	212	0.93	214
9	0	232	0.00	232
10	1	212	0.47	213
11	3	222	1.33	225
12	1	190	0.52	191
13	1	188	0.53	189
14	1	223	0.45	224
15	1	241	0.41	242
16	1	215	0.46	216
17	1	219	0.45	220
18	1	280	0.36	281
19	3	215	1.38	218
20	3	173	1.70	176
21	1	202	0.49	203
22	0	242	0.00	242
23	0	232	0.00	232
24	0	181	0.00	181
25	0	236	0.00	236
26	0	196	0.00	196
27	0	232	0.00	232
28	1	259	0.38	260
29	0	181	0.00	181
30	0	197	0.00	197
31	1	224	0.44	225
32	1	188	0.53	189
33	2	231	0.86	233
34	1	234	0.43	235
35	0	219	0.00	219
36	0	216	0.00	216
37	1	193	0.52	194
38	0	209	0.00	209
39	1	238	0.42	239
40	1	209	0.48	210
41	1	275	0.36	276
42	1	198	0.50	199
43	2	198	1.00	200
44	0	256	0.00	256
45	1	204	0.49	205
46	0	259	0.00	259
47	0	182	0.00	182
48	0	224	0.00	224
49	2	197	1.01	199
50	2	225	0.88	227
51	1	211	0.47	212
52	0	221	0.00	221
53	0	199	0.00	199
54	0	214	0.00	214
55	0	165	0.00	165
56	0	206	0.00	206
57	1	239	0.42	240
58	0	203	0.00	203
59	2	201	0.99	203
60	0	166	0.00	166
61	0	190	0.00	190
62	1	173	0.57	174
63	2	194	1.02	196
64	1	208	0.48	209
65	0	210	0.00	210
66	1	194	0.51	195
67	1	166	0.60	167
68	1	181	0.55	182
69	1	212	0.47	213
70	0	212	0.00	212
71	0	182	0.00	182
72	0	170	0.00	170
73	1	183	0.54	184
74	0	151	0.00	151
75	0	151	0.00	151
76	1	157	0.63	158
77	1	190	0.52	191
78	0	158	0.00	158
79	0	150	0.00	150
80	1	129	0.77	130
81	0	165	0.00	165
82	1	136	0.73	137
83	0	147	0.00	147
84	1	116	0.85	117
85	0	140	0.00	140
86	0	149	0.00	149
87	1	105	0.94	106
88	2	147	1.34	149
89	0	120	0.00	120
90	0	108	0.00	108
91	0	134	0.00	134
92	0	98	0.00	98
93	0	72	0.00	72
94	1	111	0.89	112
95	0	95	0.00	95
96	0	118	0.00	118
97	0	119	0.00	119
98	0	98	0.00	98
99	0	44	0.00	44
100	0	6	0.00	6
101	0	2	0.00	2
102	0	3	0.00	3
103	0	8	0.00	8
104	0	3	0.00	3
105	0	8	0.00	8
106	0	5	0.00	5
107	0	6	0.00	6
108	0	6	0.00	6
109	0	4	0.00	4
110	0	3	0.00	3
111	0	1	0.00	1
112	0	7	0.00	7
113	0	3	0.00	3
114	0	0		0
115	0	0		0
116	0	6	0.00	6
117	0	1	0.00	1
118	0	3	0.00	3
119	0	5	0.00	5
120	0	2	0.00	2
121	0	3	0.00	3
122	0	1	0.00	1
123	0	1	0.00	1
124	0	2	0.00	2
125	0	2	0.00	2
126	0	0		0
127	0	4	0.00	4
128	0	3	0.00	3
129	0	0		0
130	0	0		0
131	0	2	0.00	2
132	0	2	0.00	2
133	0	0		0
134	0	1	0.00	1
135	0	0		0
136	0	2	0.00	2
137	0	0		0
138	0	0		0
139	0	2	0.00	2
140	1	0	100.00	1
141	0	0		0
142	0	1	0.00	1
143	0	0		0
144	0	0		0
145	0	1	0.00	1
146	0	0		0
147	0	0		0
148	0	1	0.00	1
149	0	0		0

CHH context (R1)
================
position	count methylated	count unmethylated	% methylation	coverage
1	2	31	6.06	33
2	0	31	0.00	31
3	1	24	4.00	25
4	5	367	1.34	372
5	1	384	0.26	385
6	1	400	0.25	401
7	0	363	0.00	363
8	0	351	0.00	351
9	3	309	0.96	312
10	1	320	0.31	321
11	0	308	0.00	308
12	2	348	0.57	350
13	2	409	0.49	411
14	1	389	0.26	390
15	1	377	0.26	378
16	2	379	0.52	381
17	1	335	0.30	336
18	1	325	0.31	326
19	4	318	1.24	322
20	2	328	0.61	330
21	3	350	0.85	353
22	1	349	0.29	350
23	2	340	0.58	342
24	2	368	0.54	370
25	2	405	0.49	407
26	3	349	0.85	352
27	1	410	0.24	411
28	0	373	0.00	373
29	0	355	0.00	355
30	0	385	0.00	385
31	2	356	0.56	358
32	2	361	0.55	363
33	3	329	0.90	332
34	2	344	0.58	346
35	0	297	0.00	297
36	1	370	0.27	371
37	3	356	0.84	359
38	0	368	0.00	368
39	3	358	0.83	361
40	3	333	0.89	336
41	3	323	0.92	326
42	1	326	0.31	327
43	2	343	0.58	345
44	3	350	0.85	353
45	0	325	0.00	325
46	0	335	0.00	335
47	1	325	0.31	326
48	2	319	0.62	321
49	0	387	0.00	387
50	0	382	0.00	382
51	0	431	0.00	431
52	2	348	0.57	350
53	3	347	0.86	350
54	1	310	0.32	311
55	2	328	0.61	330
56	0	279	0.00	279
57	0	281	0.00	281
58	1	265	0.38	266
59	0	316	0.00	316
60	1	307	0.32	308
61	1	309	0.32	310
62	3	351	0.85	354
63	2	322	0.62	324
64	0	349	0.00	349
65	0	320	0.00	320
66	1	276	0.36	277
67	0	322	0.00	322
68	0	344	0.00	344
69	0	325	0.00	325
70	2	296	0.67	298
71	1	293	0.34	294
72	0	248	0.00	248
73	0	267	0.00	267
74	3	271	1.09	274
75	2	317	0.63	319
76	1	300	0.33	301
77	1	275	0.36	276
78	0	255	0.00	255
79	1	249	0.40	250
80	0	299	0.00	299
81	0	247	0.00	247
82	1	256	0.39	257
83	2	243	0.82	245
84	0	252	0.00	252
85	0	257	0.00	257
86	1	282	0.35	283
87	0	208	0.00	208
88	0	260	0.00	260
89	0	222	0.00	222
90	0	183	0.00	183
91	0	175	0.00	175
92	1	180	0.55	181
93	2	182	1.09	184
94	0	161	0.00	161
95	1	213	0.47	214
96	1	146	0.68	147
97	0	167	0.00	167
98	4	156	2.50	160
99	0	59	0.00	59
100	0	11	0.00	11
101	0	8	0.00	8
102	0	1	0.00	1
103	0	7	0.00	7
104	0	3	0.00	3
105	0	1	0.00	1
106	0	5	0.00	5
107	0	4	0.00	4
108	0	2	0.00	2
109	0	1	0.00	1
110	0	5	0.00	5
111	0	3	0.00	3
112	0	2	0.00	2
113	0	4	0.00	4
114	0	4	0.00	4
115	0	7	0.00	7
116	0	2	0.00	2
117	0	2	0.00	2
118	0	3	0.00	3
119	0	4	0.00	4
120	0	4	0.00	4
121	0	3	0.00	3
122	0	2	0.00	2
123	0	2	0.00	2
124	0	3	0.00	3
125	0	3	0.00	3
126	0	4	0.00	4
127	0	3	0.00	3
128	0	2	0.00	2
129	0	2	0.00	2
130	0	0		0
131	0	5	0.00	5
132	0	1	0.00	1
133	0	2	0.00	2
134	0	1	0.00	1
135	0	1	0.00	1
136	0	0		0
137	0	3	0.00	3
138	0	2	0.00	2
139	0	1	0.00	1
140	0	0		0
141	0	0		0
142	0	0		0
143	0	1	0.00	1
144	0	0		0
145	0	0		0
146	0	0		0
147	0	0		0
148	0	0		0
149	0	0		0

CpG context (R2)
================
position	count methylated	count unmethylated	% methylation	coverage
1	1	36	2.70	37
2	0	7	0.00	7
3	2	71	2.74	73
4	2	73	2.67	75
5	5	100	4.76	105
6	3	79	3.66	82
7	2	126	1.56	128
8	0	84	0.00	84
9	2	87	2.25	89
10	6	87	6.45	93
11	4	82	4.65	86
12	2	76	2.56	78
13	3	78	3.70	81
14	1	49	2.00	50
15	3	68	4.23	71
16	0	54	0.00	54
17	2	34	5.56	36
18	2	57	3.39	59
19	2	38	5.00	40
20	2	57	3.39	59
21	2	32	5.88	34
22	2	37	5.13	39
23	2	31	6.06	33
24	1	59	1.67	60
25	1	29	3.33	30
26	0	28	0.00	28
27	2	28	6.67	30
28	1	31	3.12	32
29	2	42	4.55	44
30	1	26	3.70	27
31	1	36	2.70	37
32	2	29	6.45	31
33	0	17	0.00	17
34	2	13	13.33	15
35	0	11	0.00	11
36	1	16	5.88	17
37	0	16	0.00	16
38	0	23	0.00	23
39	0	6	0.00	6
40	1	12	7.69	13
41	0	8	0.00	8
42	1	4	20.00	5
43	2	19	9.52	21
44	0	12	0.00	12
45	0	1	0.00	1
46	2	11	15.38	13
47	1	5	16.67	6
48	1	5	16.67	6
49	0	2	0.00	2
50	0	5	0.00	5
51	0	2	0.00	2
52	2	3	40.00	5
53	0	1	0.00	1
54	1	4	20.00	5
55	0	5	0.00	5
56	0	3	0.00	3
57	0	0		0
58	0	6	0.00	6
59	0	2	0.00	2
60	0	2	0.00	2
61	0	3	0.00	3
62	0	0		0
63	0	0		0
64	0	1	0.00	1
65	0	0		0
66	0	0		0
67	0	0		0
68	0	2	0.00	2
69	0	0		0
70	0	0		0
71	0	2	0.00	2
72	0	0		0
73	0	0		0
74	0	0		0
75	0	1	0.00	1
76	0	0		0
77	0	1	0.00	1
78	0	0		0
79	0	0		0
80	0	0		0
81	0	0		0
82	0	1	0.00	1
83	0	0		0
84	0	0		0
85	0	0		0
86	0	0		0
87	0	0		0
88	0	0		0
89	0	0		0
90	0	0		0
91	0	1	0.00	1
92	0	0		0
93	0	0		0
94	0	0		0
95	0	0		0
96	0	0		0
97	0	1	0.00	1

CHG context (R2)
================
position	count methylated	count unmethylated	% methylation	coverage
1	14	2117	0.66	2131
2	0	35	0.00	35
3	0	5	0.00	5
4	0	39	0.00	39
5	0	70	0.00	70
6	1	70	1.41	71
7	0	79	0.00	79
8	0	84	0.00	84
9	0	70	0.00	70
10	0	45	0.00	45
11	1	59	1.67	60
12	0	43	0.00	43
13	0	50	0.00	50
14	0	52	0.00	52
15	0	52	0.00	52
16	0	46	0.00	46
17	0	62	0.00	62
18	0	51	0.00	51
19	0	53	0.00	53
20	0	60	0.00	60
21	0	39	0.00	39
22	0	50	0.00	50
23	0	22	0.00	22
24	0	20	0.00	20
25	0	37	0.00	37
26	0	25	0.00	25
27	0	14	0.00	14
28	0	11	0.00	11
29	0	29	0.00	29
30	0	17	0.00	17
31	0	20	0.00	20
32	0	26	0.00	26
33	0	20	0.00	20
34	0	13	0.00	13
35	0	26	0.00	26
36	0	17	0.00	17
37	0	15	0.00	15
38	0	11	0.00	11
39	0	17	0.00	17
40	0	15	0.00	15
41	1	17	5.56	18
42	0	5	0.00	5
43	0	7	0.00	7
44	0	5	0.00	5
45	0	11	0.00	11
46	0	3	0.00	3
47	0	8	0.00	8
48	0	6	0.00	6
49	0	6	0.00	6
50	0	10	0.00	10
51	0	3	0.00	3
52	0	11	0.00	11
53	0	4	0.00	4
54	0	0		0
55	0	5	0.00	5
56	0	5	0.00	5
57	0	0		0
58	0	1	0.00	1
59	0	2	0.00	2
60	0	5	0.00	5
61	0	2	0.00	2
62	0	1	0.00	1
63	0	0		0
64	0	2	0.00	2
65	0	1	0.00	1
66	0	0		0
67	0	0		0
68	0	1	0.00	1
69	0	1	0.00	1
70	0	2	0.00	2
71	0	1	0.00	1
72	0	0		0
73	0	2	0.00	2
74	0	0		0
75	0	0		0
76	0	0		0
77	0	0		0
78	0	0		0
79	0	0		0
80	0	1	0.00	1
81	0	0		0
82	0	0		0
83	0	0		0
84	0	0		0
85	0	0		0
86	0	1	0.00	1
87	0	0		0
88	0	0		0
89	0	0		0
90	0	0		0
91	0	0		0
92	0	0		0
93	0	0		0
94	0	0		0
95	0	1	0.00	1
96	0	0		0
97	0	0		0

CHH context (R2)
================
position	count methylated	count unmethylated	% methylation	coverage
1	0	9	0.00	9
2	3	971	0.31	974
3	1	268	0.37	269
4	1	170	0.58	171
5	1	135	0.74	136
6	0	110	0.00	110
7	0	127	0.00	127
8	0	155	0.00	155
9	0	154	0.00	154
10	1	141	0.70	142
11	0	83	0.00	83
12	0	81	0.00	81
13	0	60	0.00	60
14	0	90	0.00	90
15	1	79	1.25	80
16	0	57	0.00	57
17	1	68	1.45	69
18	0	70	0.00	70
19	0	70	0.00	70
20	0	40	0.00	40
21	0	49	0.00	49
22	0	37	0.00	37
23	0	51	0.00	51
24	1	34	2.86	35
25	0	38	0.00	38
26	0	39	0.00	39
27	0	39	0.00	39
28	0	25	0.00	25
29	0	26	0.00	26
30	0	25	0.00	25
31	0	23	0.00	23
32	0	29	0.00	29
33	0	26	0.00	26
34	0	27	0.00	27
35	0	21	0.00	21
36	0	24	0.00	24
37	0	12	0.00	12
38	0	19	0.00	19
39	0	9	0.00	9
40	0	13	0.00	13
41	0	20	0.00	20
42	0	17	0.00	17
43	0	18	0.00	18
44	0	20	0.00	20
45	0	20	0.00	20
46	0	19	0.00	19
47	0	15	0.00	15
48	0	4	0.00	4
49	0	13	0.00	13
50	0	6	0.00	6
51	0	15	0.00	15
52	0	13	0.00	13
53	0	15	0.00	15
54	0	11	0.00	11
55	0	16	0.00	16
56	0	9	0.00	9
57	0	4	0.00	4
58	0	1	0.00	1
59	0	1	0.00	1
60	0	0		0
61	0	1	0.00	1
62	0	2	0.00	2
63	0	0		0
64	0	1	0.00	1
65	0	2	0.00	2
66	0	1	0.00	1
67	0	0		0
68	0	0		0
69	0	1	0.00	1
70	0	0		0
71	0	0		0
72	0	0		0
73	0	0		0
74	0	3	0.00	3
75	0	1	0.00	1
76	0	1	0.00	1
77	0	1	0.00	1
78	0	0		0
79	0	0		0
80	0	0		0
81	0	0		0
82	0	0		0
83	0	0		0
84	0	0		0
85	0	0		0
86	0	0		0
87	0	1	0.00	1
88	0	0		0
89	0	0		0
90	0	0		0
91	0	0		0
92	0	0		0
93	0	0		0
94	0	0		0
95	0	0		0
96	0	0		0
97	0	0		0

