CpG context (R1)
================
position	count methylated	count unmethylated	% methylation	coverage
1	197	2177	8.30	2374
2	0	11	0.00	11
3	3	18	14.29	21
4	3	156	1.89	159
5	14	197	6.64	211
6	12	269	4.27	281
7	14	232	5.69	246
8	15	284	5.02	299
9	11	247	4.26	258
10	9	257	3.38	266
11	13	214	5.73	227
12	13	297	4.19	310
13	16	289	5.25	305
14	12	276	4.17	288
15	9	207	4.17	216
16	16	314	4.85	330
17	7	218	3.11	225
18	11	262	4.03	273
19	17	286	5.61	303
20	8	209	3.69	217
21	13	236	5.22	249
22	14	269	4.95	283
23	14	272	4.90	286
24	13	245	5.04	258
25	14	266	5.00	280
26	11	307	3.46	318
27	9	265	3.28	274
28	20	311	6.04	331
29	13	271	4.58	284
30	9	253	3.44	262
31	12	275	4.18	287
32	13	300	4.15	313
33	11	222	4.72	233
34	14	277	4.81	291
35	15	255	5.56	270
36	10	214	4.46	224
37	16	283	5.35	299
38	10	250	3.85	260
39	15	232	6.07	247
40	12	268	4.29	280
41	11	258	4.09	269
42	18	259	6.50	277
43	18	273	6.19	291
44	7	228	2.98	235
45	11	243	4.33	254
46	20	244	7.58	264
47	21	263	7.39	284
48	17	247	6.44	264
49	17	230	6.88	247
50	9	230	3.77	239
51	15	197	7.08	212
52	12	233	4.90	245
53	6	230	2.54	236
54	12	261	4.40	273
55	15	273	5.21	288
56	11	234	4.49	245
57	10	239	4.02	249
58	10	235	4.08	245
59	17	286	5.61	303
60	11	242	4.35	253
61	18	255	6.59	273
62	14	193	6.76	207
63	11	214	4.89	225
64	12	234	4.88	246
65	10	243	3.95	253
66	9	254	3.42	263
67	19	208	8.37	227
68	9	189	4.55	198
69	9	223	3.88	232
70	15	193	7.21	208
71	12	211	5.38	223
72	15	222	6.33	237
73	7	210	3.23	217
74	11	202	5.16	213
75	11	176	5.88	187
76	11	199	5.24	210
77	19	231	7.60	250
78	13	178	6.81	191
79	11	230	4.56	241
80	8	172	4.44	180
81	7	155	4.32	162
82	11	200	5.21	211
83	10	129	7.19	139
84	12	158	7.06	170
85	5	190	2.56	195
86	9	179	4.79	188
87	11	174	5.95	185
88	5	111	4.31	116
89	14	168	7.69	182
90	3	95	3.06	98
91	9	156	5.45	165
92	10	137	6.80	147
93	6	142	4.05	148
94	7	122	5.43	129
95	6	110	5.17	116
96	4	104	3.70	108
97	5	134	3.60	139
98	6	93	6.06	99
99	4	57	6.56	61
100	0	10	0.00	10
101	1	6	14.29	7
102	0	6	0.00	6
103	1	9	10.00	10
104	0	5	0.00	5
105	0	4	0.00	4
106	0	10	0.00	10
107	1	4	20.00	5
108	0	7	0.00	7
109	3	3	50.00	6
110	0	1	0.00	1
111	1	4	20.00	5
112	1	5	16.67	6
113	0	1	0.00	1
114	1	1	50.00	2
115	1	4	20.00	5
116	2	1	66.67	3
117	0	4	0.00	4
118	0	1	0.00	1
119	0	3	0.00	3
120	0	1	0.00	1
121	1	1	50.00	2
122	0	3	0.00	3
123	1	0	100.00	1
124	0	3	0.00	3
125	0	5	0.00	5
126	0	2	0.00	2
127	0	2	0.00	2
128	2	2	50.00	4
129	0	4	0.00	4
130	0	1	0.00	1
131	0	1	0.00	1
132	0	0		0
133	1	0	100.00	1
134	1	1	50.00	2
135	0	0		0
136	0	4	0.00	4
137	0	0		0
138	0	1	0.00	1
139	0	2	0.00	2
140	0	1	0.00	1
141	1	0	100.00	1
142	0	1	0.00	1
143	0	0		0
144	0	0		0
145	0	3	0.00	3
146	0	1	0.00	1
147	0	2	0.00	2
148	0	0		0
149	0	1	0.00	1

CHG context (R1)
================
position	count methylated	count unmethylated	% methylation	coverage
1	0	13	0.00	13
2	0	30	0.00	30
3	0	7	0.00	7
4	0	143	0.00	143
5	0	225	0.00	225
6	0	252	0.00	252
7	0	262	0.00	262
8	1	216	0.46	217
9	1	245	0.41	246
10	0	213	0.00	213
11	1	232	0.43	233
12	0	203	0.00	203
13	0	201	0.00	201
14	0	199	0.00	199
15	2	282	0.70	284
16	1	201	0.50	202
17	0	227	0.00	227
18	1	248	0.40	249
19	0	188	0.00	188
20	0	196	0.00	196
21	1	204	0.49	205
22	1	248	0.40	249
23	1	210	0.47	211
24	0	164	0.00	164
25	0	246	0.00	246
26	1	204	0.49	205
27	1	221	0.45	222
28	2	268	0.74	270
29	0	162	0.00	162
30	2	220	0.90	222
31	1	244	0.41	245
32	0	202	0.00	202
33	0	242	0.00	242
34	1	227	0.44	228
35	2	200	0.99	202
36	0	213	0.00	213
37	1	218	0.46	219
38	0	177	0.00	177
39	1	239	0.42	240
40	1	213	0.47	214
41	1	238	0.42	239
42	0	234	0.00	234
43	0	206	0.00	206
44	0	250	0.00	250
45	2	217	0.91	219
46	1	212	0.47	213
47	0	190	0.00	190
48	1	188	0.53	189
49	0	188	0.00	188
50	1	207	0.48	208
51	1	220	0.45	221
52	1	241	0.41	242
53	0	214	0.00	214
54	0	170	0.00	170
55	1	178	0.56	179
56	1	227	0.44	228
57	0	206	0.00	206
58	2	217	0.91	219
59	0	170	0.00	170
60	0	148	0.00	148
61	0	196	0.00	196
62	1	178	0.56	179
63	1	185	0.54	186
64	1	182	0.55	183
65	0	212	0.00	212
66	1	193	0.52	194
67	1	179	0.56	180
68	0	198	0.00	198
69	0	196	0.00	196
70	2	211	0.94	213
71	0	183	0.00	183
72	2	165	1.20	167
73	1	192	0.52	193
74	0	167	0.00	167
75	1	138	0.72	139
76	0	200	0.00	200
77	1	170	0.58	171
78	1	153	0.65	154
79	0	154	0.00	154
80	0	136	0.00	136
81	2	201	0.99	203
82	0	127	0.00	127
83	0	141	0.00	141
84	0	121	0.00	121
85	1	128	0.78	129
86	1	167	0.60	168
87	0	117	0.00	117
88	2	142	1.39	144
89	0	114	0.00	114
90	0	108	0.00	108
91	0	139	0.00	139
92	1	110	0.90	111
93	0	97	0.00	97
94	0	101	0.00	101
95	0	102	0.00	102
96	0	106	0.00	106
97	0	107	0.00	107
98	0	102	0.00	102
99	1	44	2.22	45
100	0	8	0.00	8
101	0	8	0.00	8
102	0	8	0.00	8
103	0	6	0.00	6
104	0	2	0.00	2
105	0	6	0.00	6
106	0	1	0.00	1
107	0	3	0.00	3
108	0	4	0.00	4
109	0	4	0.00	4
110	0	4	0.00	4
111	0	3	0.00	3
112	0	3	0.00	3
113	0	1	0.00	1
114	0	3	0.00	3
115	0	3	0.00	3
116	0	4	0.00	4
117	0	1	0.00	1
118	0	4	0.00	4
119	0	1	0.00	1
120	0	2	0.00	2
121	0	2	0.00	2
122	0	2	0.00	2
123	0	3	0.00	3
124	0	3	0.00	3
125	0	2	0.00	2
126	0	0		0
127	0	4	0.00	4
128	0	2	0.00	2
129	0	1	0.00	1
130	0	1	0.00	1
131	0	0		0
132	0	1	0.00	1
133	0	1	0.00	1
134	0	1	0.00	1
135	0	1	0.00	1
136	0	2	0.00	2
137	0	0		0
138	0	0		0
139	0	0		0
140	0	3	0.00	3
141	0	1	0.00	1
142	0	1	0.00	1
143	0	0		0
144	0	1	0.00	1
145	0	1	0.00	1
146	0	0		0
147	0	1	0.00	1
148	0	1	0.00	1
149	0	2	0.00	2

CHH context (R1)
================
position	count methylated	count unmethylated	% methylation	coverage
1	1	31	3.12	32
2	0	26	0.00	26
3	0	23	0.00	23
4	1	346	0.29	347
5	0	422	0.00	422
6	1	403	0.25	404
7	2	365	0.54	367
8	0	344	0.00	344
9	0	313	0.00	313
10	1	331	0.30	332
11	1	312	0.32	313
12	0	347	0.00	347
13	2	377	0.53	379
14	0	355	0.00	355
15	1	370	0.27	371
16	0	374	0.00	374
17	1	349	0.29	350
18	1	286	0.35	287
19	1	336	0.30	337
20	2	320	0.62	322
21	1	366	0.27	367
22	0	309	0.00	309
23	1	315	0.32	316
24	3	354	0.84	357
25	1	392	0.25	393
26	2	369	0.54	371
27	1	395	0.25	396
28	0	363	0.00	363
29	1	318	0.31	319
30	3	377	0.79	380
31	1	350	0.28	351
32	1	348	0.29	349
33	0	298	0.00	298
34	0	305	0.00	305
35	0	313	0.00	313
36	1	369	0.27	370
37	1	332	0.30	333
38	2	350	0.57	352
39	0	315	0.00	315
40	2	340	0.58	342
41	0	329	0.00	329
42	0	320	0.00	320
43	0	328	0.00	328
44	4	338	1.17	342
45	1	265	0.38	266
46	1	318	0.31	319
47	0	328	0.00	328
48	2	302	0.66	304
49	0	375	0.00	375
50	0	398	0.00	398
51	0	438	0.00	438
52	3	378	0.79	381
53	5	319	1.54	324
54	0	347	0.00	347
55	1	315	0.32	316
56	0	308	0.00	308
57	3	286	1.04	289
58	0	285	0.00	285
59	1	324	0.31	325
60	1	311	0.32	312
61	2	346	0.57	348
62	2	347	0.57	349
63	0	318	0.00	318
64	2	341	0.58	343
65	2	308	0.65	310
66	0	271	0.00	271
67	1	326	0.31	327
68	2	310	0.64	312
69	4	310	1.27	314
70	0	277	0.00	277
71	1	269	0.37	270
72	1	294	0.34	295
73	2	287	0.69	289
74	0	245	0.00	245
75	0	296	0.00	296
76	1	283	0.35	284
77	1	254	0.39	255
78	1	251	0.40	252
79	2	274	0.72	276
80	0	282	0.00	282
81	2	259	0.77	261
82	0	271	0.00	271
83	1	230	0.43	231
84	4	247	1.59	251
85	0	241	0.00	241
86	0	236	0.00	236
87	0	197	0.00	197
88	0	254	0.00	254
89	0	210	0.00	210
90	0	180	0.00	180
91	0	183	0.00	183
92	2	179	1.10	181
93	2	165	1.20	167
94	0	158	0.00	158
95	0	191	0.00	191
96	0	163	0.00	163
97	1	178	0.56	179
98	0	176	0.00	176
99	2	60	3.23	62
100	0	15	0.00	15
101	0	9	0.00	9
102	0	9	0.00	9
103	0	9	0.00	9
104	0	7	0.00	7
105	0	10	0.00	10
106	0	10	0.00	10
107	0	10	0.00	10
108	0	3	0.00	3
109	0	3	0.00	3
110	0	5	0.00	5
111	0	2	0.00	2
112	0	5	0.00	5
113	0	4	0.00	4
114	0	5	0.00	5
115	0	8	0.00	8
116	0	2	0.00	2
117	0	6	0.00	6
118	0	4	0.00	4
119	0	7	0.00	7
120	0	4	0.00	4
121	0	7	0.00	7
122	0	4	0.00	4
123	0	4	0.00	4
124	0	3	0.00	3
125	0	1	0.00	1
126	0	3	0.00	3
127	0	3	0.00	3
128	0	3	0.00	3
129	0	2	0.00	2
130	0	3	0.00	3
131	0	4	0.00	4
132	0	4	0.00	4
133	0	3	0.00	3
134	0	3	0.00	3
135	0	3	0.00	3
136	0	0		0
137	0	0		0
138	0	0		0
139	0	2	0.00	2
140	0	0		0
141	0	2	0.00	2
142	0	0		0
143	0	1	0.00	1
144	0	2	0.00	2
145	0	3	0.00	3
146	0	1	0.00	1
147	0	1	0.00	1
148	0	3	0.00	3
149	0	0		0

CpG context (R2)
================
position	count methylated	count unmethylated	% methylation	coverage
1	0	35	0.00	35
2	1	18	5.26	19
3	3	70	4.11	73
4	8	65	10.96	73
5	2	120	1.64	122
6	9	92	8.91	101
7	7	126	5.26	133
8	3	80	3.61	83
9	7	68	9.33	75
10	4	96	4.00	100
11	5	60	7.69	65
12	4	62	6.06	66
13	4	71	5.33	75
14	2	41	4.65	43
15	1	60	1.64	61
16	0	57	0.00	57
17	3	43	6.52	46
18	4	43	8.51	47
19	2	39	4.88	41
20	3	32	8.57	35
21	6	42	12.50	48
22	3	35	7.89	38
23	2	40	4.76	42
24	2	52	3.70	54
25	1	26	3.70	27
26	1	32	3.03	33
27	1	29	3.33	30
28	1	26	3.70	27
29	3	41	6.82	44
30	4	24	14.29	28
31	2	32	5.88	34
32	1	25	3.85	26
33	1	16	5.88	17
34	3	30	9.09	33
35	0	10	0.00	10
36	2	14	12.50	16
37	0	22	0.00	22
38	2	21	8.70	23
39	0	11	0.00	11
40	2	4	33.33	6
41	0	14	0.00	14
42	1	8	11.11	9
43	2	17	10.53	19
44	0	24	0.00	24
45	0	3	0.00	3
46	1	9	10.00	10
47	0	8	0.00	8
48	1	10	9.09	11
49	0	9	0.00	9
50	1	7	12.50	8
51	0	8	0.00	8
52	1	5	16.67	6
53	0	4	0.00	4
54	0	3	0.00	3
55	1	6	14.29	7
56	2	4	33.33	6
57	0	4	0.00	4
58	0	4	0.00	4
59	1	2	33.33	3
60	1	1	50.00	2
61	0	4	0.00	4
62	0	0		0
63	0	3	0.00	3
64	0	3	0.00	3
65	0	1	0.00	1
66	0	2	0.00	2
67	0	3	0.00	3
68	0	1	0.00	1
69	0	2	0.00	2
70	0	0		0
71	0	3	0.00	3
72	0	2	0.00	2
73	0	1	0.00	1
74	0	1	0.00	1
75	0	2	0.00	2
76	0	1	0.00	1
77	0	2	0.00	2
78	0	1	0.00	1
79	0	0		0
80	0	3	0.00	3
81	0	0		0
82	0	1	0.00	1
83	0	1	0.00	1
84	0	0		0
85	0	0		0
86	0	1	0.00	1
87	0	0		0
88	0	1	0.00	1
89	0	0		0
90	0	0		0
91	0	1	0.00	1
92	0	0		0
93	0	0		0
94	0	1	0.00	1
95	0	1	0.00	1
96	0	0		0
97	0	2	0.00	2

CHG context (R2)
================
position	count methylated	count unmethylated	% methylation	coverage
1	13	2140	0.60	2153
2	0	37	0.00	37
3	0	7	0.00	7
4	0	42	0.00	42
5	0	62	0.00	62
6	2	79	2.47	81
7	0	68	0.00	68
8	0	97	0.00	97
9	0	76	0.00	76
10	0	63	0.00	63
11	0	76	0.00	76
12	0	43	0.00	43
13	0	52	0.00	52
14	0	48	0.00	48
15	0	54	0.00	54
16	0	42	0.00	42
17	1	58	1.69	59
18	0	44	0.00	44
19	1	47	2.08	48
20	0	50	0.00	50
21	0	32	0.00	32
22	0	59	0.00	59
23	0	28	0.00	28
24	0	26	0.00	26
25	0	48	0.00	48
26	0	18	0.00	18
27	0	17	0.00	17
28	0	20	0.00	20
29	0	23	0.00	23
30	0	28	0.00	28
31	0	27	0.00	27
32	0	24	0.00	24
33	0	21	0.00	21
34	0	24	0.00	24
35	0	29	0.00	29
36	0	25	0.00	25
37	0	18	0.00	18
38	0	9	0.00	9
39	0	16	0.00	16
40	0	10	0.00	10
41	0	13	0.00	13
42	0	5	0.00	5
43	0	6	0.00	6
44	0	7	0.00	7
45	0	13	0.00	13
46	0	1	0.00	1
47	1	3	25.00	4
48	0	7	0.00	7
49	0	13	0.00	13
50	0	12	0.00	12
51	0	4	0.00	4
52	0	8	0.00	8
53	0	6	0.00	6
54	0	0		0
55	0	0		0
56	0	8	0.00	8
57	0	0		0
58	0	4	0.00	4
59	0	0		0
60	0	5	0.00	5
61	0	2	0.00	2
62	0	0		0
63	1	2	33.33	3
64	0	4	0.00	4
65	0	2	0.00	2
66	0	0		0
67	0	0		0
68	0	2	0.00	2
69	0	0		0
70	0	2	0.00	2
71	0	2	0.00	2
72	0	1	0.00	1
73	0	3	0.00	3
74	0	0		0
75	0	1	0.00	1
76	0	0		0
77	0	0		0
78	0	1	0.00	1
79	0	0		0
80	0	1	0.00	1
81	0	0		0
82	0	0		0
83	0	0		0
84	0	0		0
85	0	0		0
86	0	2	0.00	2
87	0	1	0.00	1
88	0	0		0
89	0	0		0
90	0	0		0
91	0	0		0
92	0	0		0
93	0	0		0
94	0	0		0
95	0	1	0.00	1
96	0	0		0
97	0	0		0

CHH context (R2)
================
position	count methylated	count unmethylated	% methylation	coverage
1	0	8	0.00	8
2	2	913	0.22	915
3	3	258	1.15	261
4	0	181	0.00	181
5	0	143	0.00	143
6	0	96	0.00	96
7	0	99	0.00	99
8	0	134	0.00	134
9	0	117	0.00	117
10	0	121	0.00	121
11	0	83	0.00	83
12	0	103	0.00	103
13	0	71	0.00	71
14	0	90	0.00	90
15	0	75	0.00	75
16	0	78	0.00	78
17	0	67	0.00	67
18	1	84	1.18	85
19	1	89	1.11	90
20	0	70	0.00	70
21	0	48	0.00	48
22	0	42	0.00	42
23	0	41	0.00	41
24	0	51	0.00	51
25	0	53	0.00	53
26	0	34	0.00	34
27	1	32	3.03	33
28	0	34	0.00	34
29	0	39	0.00	39
30	0	27	0.00	27
31	0	25	0.00	25
32	0	29	0.00	29
33	0	26	0.00	26
34	0	25	0.00	25
35	0	33	0.00	33
36	0	22	0.00	22
37	0	20	0.00	20
38	0	19	0.00	19
39	0	11	0.00	11
40	0	24	0.00	24
41	0	14	0.00	14
42	0	21	0.00	21
43	0	16	0.00	16
44	0	18	0.00	18
45	0	17	0.00	17
46	1	20	4.76	21
47	0	17	0.00	17
48	0	5	0.00	5
49	0	9	0.00	9
50	0	11	0.00	11
51	0	15	0.00	15
52	0	10	0.00	10
53	0	12	0.00	12
54	0	10	0.00	10
55	0	7	0.00	7
56	0	8	0.00	8
57	0	8	0.00	8
58	0	7	0.00	7
59	0	4	0.00	4
60	0	2	0.00	2
61	0	3	0.00	3
62	0	3	0.00	3
63	0	2	0.00	2
64	0	1	0.00	1
65	0	1	0.00	1
66	0	1	0.00	1
67	0	1	0.00	1
68	0	3	0.00	3
69	0	2	0.00	2
70	0	0		0
71	1	0	100.00	1
72	0	1	0.00	1
73	0	0		0
74	0	1	0.00	1
75	0	3	0.00	3
76	0	0		0
77	0	2	0.00	2
78	0	1	0.00	1
79	0	1	0.00	1
80	0	0		0
81	0	0		0
82	0	1	0.00	1
83	0	0		0
84	0	1	0.00	1
85	0	0		0
86	0	0		0
87	0	1	0.00	1
88	0	0		0
89	0	0		0
90	0	0		0
91	0	0		0
92	0	0		0
93	0	0		0
94	0	0		0
95	0	0		0
96	0	0		0
97	0	0		0

