CpG context (R1)
================
position	count methylated	count unmethylated	% methylation	coverage
1	201	2180	8.44	2381
2	0	16	0.00	16
3	0	16	0.00	16
4	9	182	4.71	191
5	11	219	4.78	230
6	6	278	2.11	284
7	8	206	3.74	214
8	13	296	4.21	309
9	7	235	2.89	242
10	16	248	6.06	264
11	9	230	3.77	239
12	18	283	5.98	301
13	9	291	3.00	300
14	7	233	2.92	240
15	7	254	2.68	261
16	11	284	3.73	295
17	10	207	4.61	217
18	10	236	4.07	246
19	9	312	2.80	321
20	7	241	2.82	248
21	11	244	4.31	255
22	13	285	4.36	298
23	12	261	4.40	273
24	9	222	3.90	231
25	10	279	3.46	289
26	10	281	3.44	291
27	13	264	4.69	277
28	13	263	4.71	276
29	7	268	2.55	275
30	10	271	3.56	281
31	10	265	3.64	275
32	10	285	3.39	295
33	7	229	2.97	236
34	16	262	5.76	278
35	9	276	3.16	285
36	11	243	4.33	254
37	16	266	5.67	282
38	14	220	5.98	234
39	7	242	2.81	249
40	12	242	4.72	254
41	6	233	2.51	239
42	6	274	2.14	280
43	19	245	7.20	264
44	14	243	5.45	257
45	10	235	4.08	245
46	19	268	6.62	287
47	10	238	4.03	248
48	4	286	1.38	290
49	14	244	5.43	258
50	11	231	4.55	242
51	15	220	6.38	235
52	13	254	4.87	267
53	9	240	3.61	249
54	15	230	6.12	245
55	15	277	5.14	292
56	15	236	5.98	251
57	6	247	2.37	253
58	7	246	2.77	253
59	8	225	3.43	233
60	11	233	4.51	244
61	18	230	7.26	248
62	17	242	6.56	259
63	12	207	5.48	219
64	15	208	6.73	223
65	12	269	4.27	281
66	17	236	6.72	253
67	16	241	6.23	257
68	13	210	5.83	223
69	9	209	4.13	218
70	7	196	3.45	203
71	14	229	5.76	243
72	13	214	5.73	227
73	13	213	5.75	226
74	6	186	3.12	192
75	11	205	5.09	216
76	8	191	4.02	199
77	10	231	4.15	241
78	7	218	3.11	225
79	8	224	3.45	232
80	3	187	1.58	190
81	6	167	3.47	173
82	6	215	2.71	221
83	9	122	6.87	131
84	7	170	3.95	177
85	7	181	3.72	188
86	9	162	5.26	171
87	6	156	3.70	162
88	8	133	5.67	141
89	13	154	7.78	167
90	11	135	7.53	146
91	5	132	3.65	137
92	7	137	4.86	144
93	7	139	4.79	146
94	3	114	2.56	117
95	9	108	7.69	117
96	5	98	4.85	103
97	10	142	6.58	152
98	4	93	4.12	97
99	1	54	1.82	55
100	0	7	0.00	7
101	0	5	0.00	5
102	0	4	0.00	4
103	1	3	25.00	4
104	0	5	0.00	5
105	0	6	0.00	6
106	1	2	33.33	3
107	0	7	0.00	7
108	0	6	0.00	6
109	0	6	0.00	6
110	0	1	0.00	1
111	1	4	20.00	5
112	0	3	0.00	3
113	0	5	0.00	5
114	1	3	25.00	4
115	0	6	0.00	6
116	1	2	33.33	3
117	0	9	0.00	9
118	0	1	0.00	1
119	0	7	0.00	7
120	0	0		0
121	1	5	16.67	6
122	0	0		0
123	0	5	0.00	5
124	0	1	0.00	1
125	2	6	25.00	8
126	0	4	0.00	4
127	0	3	0.00	3
128	0	1	0.00	1
129	1	7	12.50	8
130	0	2	0.00	2
131	0	3	0.00	3
132	0	2	0.00	2
133	0	3	0.00	3
134	0	1	0.00	1
135	0	2	0.00	2
136	0	2	0.00	2
137	0	2	0.00	2
138	0	4	0.00	4
139	0	0		0
140	0	1	0.00	1
141	0	1	0.00	1
142	0	0		0
143	0	1	0.00	1
144	0	0		0
145	1	1	50.00	2
146	0	0		0
147	0	0		0
148	0	0		0
149	0	1	0.00	1

CHG context (R1)
================
position	count methylated	count unmethylated	% methylation	coverage
1	1	11	8.33	12
2	0	17	0.00	17
3	0	10	0.00	10
4	0	149	0.00	149
5	0	193	0.00	193
6	2	233	0.85	235
7	2	248	0.80	250
8	0	240	0.00	240
9	1	222	0.45	223
10	1	219	0.45	220
11	0	246	0.00	246
12	0	203	0.00	203
13	1	208	0.48	209
14	0	188	0.00	188
15	2	242	0.82	244
16	2	217	0.91	219
17	0	231	0.00	231
18	0	288	0.00	288
19	1	185	0.54	186
20	2	152	1.30	154
21	2	250	0.79	252
22	0	240	0.00	240
23	0	197	0.00	197
24	1	218	0.46	219
25	0	224	0.00	224
26	2	196	1.01	198
27	0	243	0.00	243
28	1	216	0.46	217
29	0	184	0.00	184
30	0	185	0.00	185
31	0	246	0.00	246
32	1	195	0.51	196
33	0	269	0.00	269
34	3	224	1.32	227
35	1	214	0.47	215
36	1	216	0.46	217
37	1	215	0.46	216
38	0	203	0.00	203
39	1	216	0.46	217
40	0	227	0.00	227
41	0	261	0.00	261
42	2	208	0.95	210
43	0	216	0.00	216
44	2	227	0.87	229
45	0	204	0.00	204
46	1	193	0.52	194
47	0	198	0.00	198
48	1	240	0.41	241
49	0	213	0.00	213
50	0	205	0.00	205
51	1	223	0.45	224
52	2	210	0.94	212
53	0	179	0.00	179
54	1	212	0.47	213
55	0	176	0.00	176
56	0	211	0.00	211
57	1	214	0.47	215
58	2	217	0.91	219
59	0	154	0.00	154
60	1	149	0.67	150
61	1	174	0.57	175
62	1	154	0.65	155
63	0	190	0.00	190
64	3	216	1.37	219
65	0	193	0.00	193
66	0	209	0.00	209
67	0	200	0.00	200
68	1	193	0.52	194
69	1	178	0.56	179
70	1	170	0.58	171
71	0	172	0.00	172
72	0	177	0.00	177
73	2	173	1.14	175
74	0	145	0.00	145
75	0	161	0.00	161
76	0	208	0.00	208
77	1	163	0.61	164
78	0	150	0.00	150
79	0	164	0.00	164
80	1	135	0.74	136
81	0	213	0.00	213
82	1	123	0.81	124
83	0	142	0.00	142
84	0	119	0.00	119
85	0	130	0.00	130
86	1	161	0.62	162
87	0	122	0.00	122
88	0	118	0.00	118
89	1	119	0.83	120
90	1	109	0.91	110
91	2	152	1.30	154
92	0	114	0.00	114
93	0	79	0.00	79
94	1	88	1.12	89
95	1	107	0.93	108
96	0	117	0.00	117
97	0	116	0.00	116
98	0	101	0.00	101
99	0	41	0.00	41
100	0	2	0.00	2
101	0	4	0.00	4
102	0	5	0.00	5
103	0	3	0.00	3
104	0	3	0.00	3
105	0	4	0.00	4
106	0	5	0.00	5
107	0	1	0.00	1
108	0	6	0.00	6
109	0	7	0.00	7
110	0	0		0
111	0	3	0.00	3
112	0	10	0.00	10
113	0	4	0.00	4
114	0	2	0.00	2
115	0	2	0.00	2
116	0	3	0.00	3
117	0	2	0.00	2
118	0	2	0.00	2
119	0	0		0
120	0	2	0.00	2
121	0	1	0.00	1
122	0	4	0.00	4
123	0	2	0.00	2
124	0	6	0.00	6
125	0	3	0.00	3
126	0	0		0
127	0	2	0.00	2
128	0	3	0.00	3
129	0	2	0.00	2
130	0	1	0.00	1
131	0	1	0.00	1
132	0	2	0.00	2
133	0	0		0
134	0	0		0
135	0	1	0.00	1
136	0	1	0.00	1
137	0	0		0
138	0	0		0
139	0	2	0.00	2
140	0	0		0
141	0	0		0
142	0	0		0
143	0	0		0
144	0	0		0
145	0	0		0
146	0	0		0
147	1	1	50.00	2
148	0	1	0.00	1
149	1	0	100.00	1

CHH context (R1)
================
position	count methylated	count unmethylated	% methylation	coverage
1	0	33	0.00	33
2	0	31	0.00	31
3	0	14	0.00	14
4	1	347	0.29	348
5	1	368	0.27	369
6	2	421	0.47	423
7	2	406	0.49	408
8	2	331	0.60	333
9	2	326	0.61	328
10	3	335	0.89	338
11	2	350	0.57	352
12	0	325	0.00	325
13	4	322	1.23	326
14	2	392	0.51	394
15	2	384	0.52	386
16	1	360	0.28	361
17	2	332	0.60	334
18	0	316	0.00	316
19	2	292	0.68	294
20	1	345	0.29	346
21	0	312	0.00	312
22	1	307	0.32	308
23	0	333	0.00	333
24	1	355	0.28	356
25	4	388	1.02	392
26	2	341	0.58	343
27	0	415	0.00	415
28	3	370	0.80	373
29	0	357	0.00	357
30	0	359	0.00	359
31	0	342	0.00	342
32	3	367	0.81	370
33	3	304	0.98	307
34	1	309	0.32	310
35	0	318	0.00	318
36	2	370	0.54	372
37	0	330	0.00	330
38	2	351	0.57	353
39	0	342	0.00	342
40	1	304	0.33	305
41	2	319	0.62	321
42	3	367	0.81	370
43	0	339	0.00	339
44	0	314	0.00	314
45	1	312	0.32	313
46	0	375	0.00	375
47	1	332	0.30	333
48	0	340	0.00	340
49	0	373	0.00	373
50	0	373	0.00	373
51	0	403	0.00	403
52	0	354	0.00	354
53	1	348	0.29	349
54	0	338	0.00	338
55	0	349	0.00	349
56	0	280	0.00	280
57	0	285	0.00	285
58	0	301	0.00	301
59	2	335	0.59	337
60	0	345	0.00	345
61	1	342	0.29	343
62	0	388	0.00	388
63	0	361	0.00	361
64	3	375	0.79	378
65	1	326	0.31	327
66	3	289	1.03	292
67	2	310	0.64	312
68	1	326	0.31	327
69	1	314	0.32	315
70	1	319	0.31	320
71	3	307	0.97	310
72	1	287	0.35	288
73	1	304	0.33	305
74	1	286	0.35	287
75	1	323	0.31	324
76	2	296	0.67	298
77	0	263	0.00	263
78	2	251	0.79	253
79	2	282	0.70	284
80	0	294	0.00	294
81	0	245	0.00	245
82	2	265	0.75	267
83	2	216	0.92	218
84	1	258	0.39	259
85	1	269	0.37	270
86	3	261	1.14	264
87	0	235	0.00	235
88	2	267	0.74	269
89	0	219	0.00	219
90	0	203	0.00	203
91	0	193	0.00	193
92	1	182	0.55	183
93	2	163	1.21	165
94	0	170	0.00	170
95	0	201	0.00	201
96	0	155	0.00	155
97	1	173	0.57	174
98	1	162	0.61	163
99	0	60	0.00	60
100	0	9	0.00	9
101	0	12	0.00	12
102	0	6	0.00	6
103	0	5	0.00	5
104	0	4	0.00	4
105	0	7	0.00	7
106	0	6	0.00	6
107	0	10	0.00	10
108	0	3	0.00	3
109	0	2	0.00	2
110	0	6	0.00	6
111	0	2	0.00	2
112	0	2	0.00	2
113	0	3	0.00	3
114	0	4	0.00	4
115	0	0		0
116	0	4	0.00	4
117	0	6	0.00	6
118	0	2	0.00	2
119	0	5	0.00	5
120	0	6	0.00	6
121	0	4	0.00	4
122	0	2	0.00	2
123	0	5	0.00	5
124	0	0		0
125	0	1	0.00	1
126	0	2	0.00	2
127	0	3	0.00	3
128	0	2	0.00	2
129	0	3	0.00	3
130	0	0		0
131	0	2	0.00	2
132	0	2	0.00	2
133	0	1	0.00	1
134	0	1	0.00	1
135	0	0		0
136	0	1	0.00	1
137	0	0		0
138	0	1	0.00	1
139	0	0		0
140	0	2	0.00	2
141	0	2	0.00	2
142	0	0		0
143	0	0		0
144	0	1	0.00	1
145	0	0		0
146	0	1	0.00	1
147	0	1	0.00	1
148	1	0	100.00	1
149	0	0		0

CpG context (R2)
================
position	count methylated	count unmethylated	% methylation	coverage
1	0	17	0.00	17
2	0	11	0.00	11
3	3	67	4.29	70
4	3	87	3.33	90
5	5	111	4.31	116
6	5	65	7.14	70
7	5	139	3.47	144
8	0	82	0.00	82
9	5	85	5.56	90
10	6	83	6.74	89
11	5	65	7.14	70
12	2	70	2.78	72
13	2	70	2.78	72
14	4	49	7.55	53
15	0	46	0.00	46
16	1	49	2.00	50
17	0	45	0.00	45
18	2	51	3.77	53
19	1	39	2.50	40
20	1	51	1.92	52
21	1	33	2.94	34
22	2	42	4.55	44
23	1	43	2.27	44
24	4	52	7.14	56
25	1	22	4.35	23
26	0	35	0.00	35
27	1	23	4.17	24
28	0	21	0.00	21
29	1	35	2.78	36
30	1	22	4.35	23
31	1	29	3.33	30
32	1	23	4.17	24
33	2	22	8.33	24
34	0	22	0.00	22
35	0	8	0.00	8
36	0	16	0.00	16
37	1	18	5.26	19
38	0	27	0.00	27
39	0	12	0.00	12
40	0	10	0.00	10
41	0	11	0.00	11
42	0	13	0.00	13
43	3	10	23.08	13
44	0	27	0.00	27
45	0	2	0.00	2
46	1	11	8.33	12
47	0	8	0.00	8
48	1	6	14.29	7
49	0	7	0.00	7
50	2	6	25.00	8
51	0	5	0.00	5
52	1	8	11.11	9
53	0	4	0.00	4
54	1	2	33.33	3
55	0	5	0.00	5
56	0	3	0.00	3
57	0	3	0.00	3
58	0	6	0.00	6
59	0	0		0
60	0	0		0
61	0	1	0.00	1
62	0	0		0
63	0	1	0.00	1
64	0	2	0.00	2
65	0	0		0
66	0	1	0.00	1
67	0	0		0
68	0	0		0
69	0	0		0
70	0	1	0.00	1
71	0	2	0.00	2
72	1	1	50.00	2
73	0	0		0
74	0	1	0.00	1
75	0	2	0.00	2
76	0	0		0
77	0	2	0.00	2
78	0	0		0
79	1	1	50.00	2
80	0	2	0.00	2
81	0	0		0
82	0	1	0.00	1
83	0	0		0
84	0	0		0
85	0	0		0
86	0	1	0.00	1
87	0	0		0
88	0	0		0
89	0	0		0
90	0	0		0
91	0	1	0.00	1
92	0	0		0
93	0	0		0
94	0	2	0.00	2
95	0	0		0
96	0	0		0
97	0	2	0.00	2

CHG context (R2)
================
position	count methylated	count unmethylated	% methylation	coverage
1	13	2134	0.61	2147
2	0	26	0.00	26
3	0	8	0.00	8
4	1	52	1.89	53
5	0	59	0.00	59
6	1	79	1.25	80
7	0	57	0.00	57
8	0	101	0.00	101
9	1	77	1.28	78
10	0	54	0.00	54
11	0	74	0.00	74
12	0	47	0.00	47
13	0	45	0.00	45
14	2	45	4.26	47
15	1	53	1.85	54
16	0	39	0.00	39
17	0	50	0.00	50
18	0	57	0.00	57
19	0	45	0.00	45
20	0	55	0.00	55
21	0	45	0.00	45
22	0	31	0.00	31
23	0	26	0.00	26
24	0	17	0.00	17
25	0	37	0.00	37
26	0	19	0.00	19
27	0	15	0.00	15
28	0	17	0.00	17
29	0	21	0.00	21
30	0	20	0.00	20
31	0	38	0.00	38
32	0	15	0.00	15
33	0	22	0.00	22
34	0	27	0.00	27
35	0	26	0.00	26
36	0	19	0.00	19
37	0	9	0.00	9
38	0	10	0.00	10
39	0	14	0.00	14
40	0	13	0.00	13
41	0	12	0.00	12
42	0	6	0.00	6
43	0	7	0.00	7
44	0	5	0.00	5
45	0	11	0.00	11
46	0	4	0.00	4
47	0	7	0.00	7
48	0	7	0.00	7
49	0	8	0.00	8
50	0	12	0.00	12
51	0	3	0.00	3
52	0	7	0.00	7
53	0	4	0.00	4
54	0	1	0.00	1
55	0	3	0.00	3
56	0	6	0.00	6
57	0	0		0
58	0	4	0.00	4
59	0	1	0.00	1
60	0	2	0.00	2
61	0	2	0.00	2
62	0	1	0.00	1
63	0	3	0.00	3
64	0	2	0.00	2
65	0	0		0
66	0	1	0.00	1
67	0	2	0.00	2
68	0	2	0.00	2
69	0	0		0
70	0	1	0.00	1
71	0	0		0
72	0	3	0.00	3
73	0	2	0.00	2
74	0	1	0.00	1
75	0	2	0.00	2
76	0	0		0
77	0	1	0.00	1
78	0	2	0.00	2
79	0	0		0
80	0	0		0
81	0	1	0.00	1
82	0	0		0
83	0	0		0
84	0	0		0
85	0	0		0
86	0	0		0
87	0	3	0.00	3
88	0	0		0
89	0	1	0.00	1
90	0	0		0
91	0	0		0
92	0	0		0
93	0	0		0
94	0	0		0
95	0	0		0
96	0	0		0
97	0	0		0

CHH context (R2)
================
position	count methylated	count unmethylated	% methylation	coverage
1	0	16	0.00	16
2	2	970	0.21	972
3	0	265	0.00	265
4	1	179	0.56	180
5	1	148	0.67	149
6	1	98	1.01	99
7	1	97	1.02	98
8	1	112	0.88	113
9	0	104	0.00	104
10	1	134	0.74	135
11	0	96	0.00	96
12	0	92	0.00	92
13	1	59	1.67	60
14	0	84	0.00	84
15	0	77	0.00	77
16	0	70	0.00	70
17	0	71	0.00	71
18	0	71	0.00	71
19	1	94	1.05	95
20	0	71	0.00	71
21	0	52	0.00	52
22	0	50	0.00	50
23	0	47	0.00	47
24	0	49	0.00	49
25	0	55	0.00	55
26	0	47	0.00	47
27	0	34	0.00	34
28	0	36	0.00	36
29	0	39	0.00	39
30	0	21	0.00	21
31	0	29	0.00	29
32	0	41	0.00	41
33	0	21	0.00	21
34	0	22	0.00	22
35	0	29	0.00	29
36	0	17	0.00	17
37	0	12	0.00	12
38	0	20	0.00	20
39	0	7	0.00	7
40	0	17	0.00	17
41	0	7	0.00	7
42	0	13	0.00	13
43	0	16	0.00	16
44	0	21	0.00	21
45	0	11	0.00	11
46	0	18	0.00	18
47	0	17	0.00	17
48	0	6	0.00	6
49	0	13	0.00	13
50	0	8	0.00	8
51	0	14	0.00	14
52	0	18	0.00	18
53	0	16	0.00	16
54	0	13	0.00	13
55	0	6	0.00	6
56	0	10	0.00	10
57	0	7	0.00	7
58	0	7	0.00	7
59	0	3	0.00	3
60	0	3	0.00	3
61	0	2	0.00	2
62	0	1	0.00	1
63	0	1	0.00	1
64	0	0		0
65	0	1	0.00	1
66	0	1	0.00	1
67	0	0		0
68	0	4	0.00	4
69	0	3	0.00	3
70	0	0		0
71	0	0		0
72	0	0		0
73	0	0		0
74	0	2	0.00	2
75	0	1	0.00	1
76	0	0		0
77	0	0		0
78	0	0		0
79	0	2	0.00	2
80	0	0		0
81	0	0		0
82	0	0		0
83	0	0		0
84	0	1	0.00	1
85	0	0		0
86	0	0		0
87	0	0		0
88	0	1	0.00	1
89	0	0		0
90	0	0		0
91	0	0		0
92	0	0		0
93	0	0		0
94	0	1	0.00	1
95	0	0		0
96	0	0		0
97	0	0		0

