CpG context (R1)
================
position	count methylated	count unmethylated	% methylation	coverage
1	210	2176	8.80	2386
2	0	11	0.00	11
3	0	13	0.00	13
4	8	186	4.12	194
5	17	178	8.72	195
6	11	257	4.10	268
7	17	229	6.91	246
8	15	282	5.05	297
9	10	270	3.57	280
10	15	233	6.05	248
11	13	211	5.80	224
12	14	279	4.78	293
13	18	277	6.10	295
14	14	258	5.15	272
15	11	249	4.23	260
16	13	307	4.06	320
17	9	234	3.70	243
18	7	272	2.51	279
19	27	292	8.46	319
20	8	240	3.23	248
21	9	211	4.09	220
22	13	279	4.45	292
23	16	243	6.18	259
24	13	238	5.18	251
25	19	292	6.11	311
26	14	309	4.33	323
27	15	278	5.12	293
28	13	259	4.78	272
29	8	273	2.85	281
30	12	268	4.29	280
31	17	295	5.45	312
32	13	303	4.11	316
33	15	212	6.61	227
34	10	265	3.64	275
35	14	266	5.00	280
36	12	225	5.06	237
37	14	272	4.90	286
38	11	234	4.49	245
39	16	260	5.80	276
40	9	270	3.23	279
41	12	263	4.36	275
42	15	277	5.14	292
43	11	237	4.44	248
44	10	243	3.95	253
45	14	254	5.22	268
46	19	243	7.25	262
47	14	265	5.02	279
48	14	248	5.34	262
49	10	248	3.88	258
50	10	239	4.02	249
51	14	231	5.71	245
52	10	253	3.80	263
53	6	241	2.43	247
54	10	241	3.98	251
55	13	295	4.22	308
56	10	222	4.31	232
57	12	221	5.15	233
58	13	261	4.74	274
59	9	279	3.12	288
60	8	266	2.92	274
61	12	239	4.78	251
62	15	231	6.10	246
63	13	211	5.80	224
64	5	246	1.99	251
65	10	249	3.86	259
66	9	254	3.42	263
67	11	232	4.53	243
68	10	204	4.67	214
69	9	221	3.91	230
70	12	235	4.86	247
71	9	231	3.75	240
72	10	229	4.18	239
73	10	207	4.61	217
74	9	190	4.52	199
75	9	180	4.76	189
76	11	200	5.21	211
77	11	218	4.80	229
78	10	196	4.85	206
79	8	225	3.43	233
80	8	197	3.90	205
81	2	181	1.09	183
82	10	189	5.03	199
83	8	126	5.97	134
84	8	167	4.57	175
85	6	183	3.17	189
86	9	179	4.79	188
87	4	189	2.07	193
88	6	144	4.00	150
89	14	148	8.64	162
90	3	120	2.44	123
91	3	150	1.96	153
92	3	138	2.13	141
93	6	120	4.76	126
94	3	141	2.08	144
95	5	121	3.97	126
96	1	112	0.88	113
97	7	121	5.47	128
98	3	111	2.63	114
99	2	43	4.44	45
100	0	11	0.00	11
101	0	4	0.00	4
102	0	3	0.00	3
103	1	13	7.14	14
104	0	1	0.00	1
105	0	3	0.00	3
106	0	7	0.00	7
107	1	1	50.00	2
108	0	7	0.00	7
109	1	3	25.00	4
110	0	2	0.00	2
111	0	4	0.00	4
112	1	2	33.33	3
113	0	4	0.00	4
114	0	2	0.00	2
115	0	6	0.00	6
116	1	1	50.00	2
117	1	4	20.00	5
118	0	1	0.00	1
119	0	3	0.00	3
120	1	2	33.33	3
121	0	1	0.00	1
122	0	3	0.00	3
123	0	1	0.00	1
124	0	3	0.00	3
125	0	4	0.00	4
126	0	1	0.00	1
127	2	1	66.67	3
128	0	2	0.00	2
129	0	4	0.00	4
130	0	1	0.00	1
131	1	2	33.33	3
132	0	1	0.00	1
133	0	0		0
134	1	0	100.00	1
135	0	0		0
136	0	2	0.00	2
137	0	2	0.00	2
138	1	1	50.00	2
139	0	1	0.00	1
140	0	0		0
141	1	1	50.00	2
142	0	2	0.00	2
143	0	1	0.00	1
144	0	1	0.00	1
145	0	1	0.00	1
146	0	0		0
147	0	1	0.00	1
148	0	0		0

CHG context (R1)
================
position	count methylated	count unmethylated	% methylation	coverage
1	0	12	0.00	12
2	0	15	0.00	15
3	0	7	0.00	7
4	0	143	0.00	143
5	1	197	0.51	198
6	1	258	0.39	259
7	0	277	0.00	277
8	0	211	0.00	211
9	0	223	0.00	223
10	0	233	0.00	233
11	0	222	0.00	222
12	1	208	0.48	209
13	0	209	0.00	209
14	1	195	0.51	196
15	0	250	0.00	250
16	2	206	0.96	208
17	1	246	0.40	247
18	3	238	1.24	241
19	1	192	0.52	193
20	0	169	0.00	169
21	4	212	1.85	216
22	2	227	0.87	229
23	0	187	0.00	187
24	1	198	0.50	199
25	0	249	0.00	249
26	0	222	0.00	222
27	1	217	0.46	218
28	0	243	0.00	243
29	1	185	0.54	186
30	1	176	0.56	177
31	0	232	0.00	232
32	0	187	0.00	187
33	1	232	0.43	233
34	1	258	0.39	259
35	0	222	0.00	222
36	1	218	0.46	219
37	1	212	0.47	213
38	0	185	0.00	185
39	0	217	0.00	217
40	0	228	0.00	228
41	3	257	1.15	260
42	1	204	0.49	205
43	1	234	0.43	235
44	0	228	0.00	228
45	0	207	0.00	207
46	1	222	0.45	223
47	0	166	0.00	166
48	0	233	0.00	233
49	0	222	0.00	222
50	1	197	0.51	198
51	1	213	0.47	214
52	2	225	0.88	227
53	0	196	0.00	196
54	0	225	0.00	225
55	0	168	0.00	168
56	2	205	0.97	207
57	1	213	0.47	214
58	0	228	0.00	228
59	0	177	0.00	177
60	0	163	0.00	163
61	0	188	0.00	188
62	0	179	0.00	179
63	0	193	0.00	193
64	0	174	0.00	174
65	0	207	0.00	207
66	0	200	0.00	200
67	1	160	0.62	161
68	0	183	0.00	183
69	0	186	0.00	186
70	1	173	0.57	174
71	0	164	0.00	164
72	0	174	0.00	174
73	0	169	0.00	169
74	1	173	0.57	174
75	4	146	2.67	150
76	0	156	0.00	156
77	1	165	0.60	166
78	0	158	0.00	158
79	1	138	0.72	139
80	0	123	0.00	123
81	1	180	0.55	181
82	0	120	0.00	120
83	0	124	0.00	124
84	0	117	0.00	117
85	0	126	0.00	126
86	0	168	0.00	168
87	0	123	0.00	123
88	1	134	0.74	135
89	0	108	0.00	108
90	1	111	0.89	112
91	1	132	0.75	133
92	0	105	0.00	105
93	0	82	0.00	82
94	0	105	0.00	105
95	0	102	0.00	102
96	1	98	1.01	99
97	1	134	0.74	135
98	0	88	0.00	88
99	0	40	0.00	40
100	0	6	0.00	6
101	0	3	0.00	3
102	0	5	0.00	5
103	0	1	0.00	1
104	0	2	0.00	2
105	0	8	0.00	8
106	0	4	0.00	4
107	0	5	0.00	5
108	0	3	0.00	3
109	0	5	0.00	5
110	0	6	0.00	6
111	1	1	50.00	2
112	0	3	0.00	3
113	0	3	0.00	3
114	0	1	0.00	1
115	0	2	0.00	2
116	0	3	0.00	3
117	0	3	0.00	3
118	0	2	0.00	2
119	0	3	0.00	3
120	0	2	0.00	2
121	0	2	0.00	2
122	0	1	0.00	1
123	0	2	0.00	2
124	0	4	0.00	4
125	0	1	0.00	1
126	0	1	0.00	1
127	0	1	0.00	1
128	0	0		0
129	0	2	0.00	2
130	0	3	0.00	3
131	0	0		0
132	0	0		0
133	0	1	0.00	1
134	0	1	0.00	1
135	0	1	0.00	1
136	0	1	0.00	1
137	0	0		0
138	0	0		0
139	0	2	0.00	2
140	0	1	0.00	1
141	0	0		0
142	0	1	0.00	1
143	0	0		0
144	0	1	0.00	1
145	0	0		0
146	0	0		0
147	0	0		0
148	0	1	0.00	1

CHH context (R1)
================
position	count methylated	count unmethylated	% methylation	coverage
1	0	33	0.00	33
2	0	24	0.00	24
3	0	23	0.00	23
4	3	332	0.90	335
5	2	378	0.53	380
6	2	401	0.50	403
7	2	376	0.53	378
8	2	329	0.60	331
9	2	327	0.61	329
10	4	296	1.33	300
11	2	315	0.63	317
12	1	326	0.31	327
13	1	383	0.26	384
14	3	410	0.73	413
15	1	364	0.27	365
16	1	354	0.28	355
17	1	320	0.31	321
18	4	303	1.30	307
19	1	314	0.32	315
20	3	351	0.85	354
21	1	328	0.30	329
22	0	330	0.00	330
23	2	349	0.57	351
24	0	371	0.00	371
25	1	385	0.26	386
26	3	318	0.93	321
27	0	386	0.00	386
28	2	339	0.59	341
29	2	317	0.63	319
30	1	351	0.28	352
31	0	313	0.00	313
32	0	373	0.00	373
33	2	336	0.59	338
34	0	324	0.00	324
35	1	311	0.32	312
36	0	353	0.00	353
37	3	353	0.84	356
38	0	369	0.00	369
39	1	362	0.28	363
40	2	362	0.55	364
41	2	307	0.65	309
42	0	333	0.00	333
43	1	324	0.31	325
44	1	343	0.29	344
45	0	306	0.00	306
46	2	354	0.56	356
47	0	334	0.00	334
48	4	295	1.34	299
49	1	361	0.28	362
50	1	382	0.26	383
51	2	390	0.51	392
52	1	354	0.28	355
53	1	307	0.32	308
54	0	294	0.00	294
55	0	312	0.00	312
56	0	310	0.00	310
57	2	301	0.66	303
58	1	293	0.34	294
59	0	302	0.00	302
60	2	269	0.74	271
61	3	317	0.94	320
62	2	341	0.58	343
63	0	324	0.00	324
64	1	348	0.29	349
65	1	331	0.30	332
66	0	311	0.00	311
67	1	305	0.33	306
68	2	324	0.61	326
69	2	325	0.61	327
70	1	293	0.34	294
71	0	288	0.00	288
72	1	274	0.36	275
73	2	320	0.62	322
74	0	238	0.00	238
75	1	285	0.35	286
76	0	297	0.00	297
77	2	280	0.71	282
78	1	272	0.37	273
79	0	278	0.00	278
80	2	273	0.73	275
81	2	245	0.81	247
82	1	264	0.38	265
83	1	236	0.42	237
84	2	245	0.81	247
85	1	288	0.35	289
86	0	275	0.00	275
87	2	197	1.01	199
88	1	234	0.43	235
89	2	199	1.00	201
90	1	200	0.50	201
91	0	178	0.00	178
92	0	193	0.00	193
93	0	188	0.00	188
94	2	165	1.20	167
95	0	181	0.00	181
96	2	157	1.26	159
97	0	166	0.00	166
98	1	174	0.57	175
99	0	76	0.00	76
100	0	5	0.00	5
101	0	11	0.00	11
102	0	8	0.00	8
103	0	6	0.00	6
104	0	7	0.00	7
105	0	9	0.00	9
106	0	4	0.00	4
107	0	2	0.00	2
108	0	2	0.00	2
109	0	3	0.00	3
110	0	2	0.00	2
111	0	3	0.00	3
112	0	5	0.00	5
113	0	3	0.00	3
114	0	5	0.00	5
115	0	4	0.00	4
116	0	6	0.00	6
117	0	3	0.00	3
118	0	5	0.00	5
119	0	3	0.00	3
120	0	4	0.00	4
121	0	4	0.00	4
122	0	4	0.00	4
123	0	5	0.00	5
124	0	0		0
125	0	3	0.00	3
126	0	2	0.00	2
127	0	3	0.00	3
128	0	5	0.00	5
129	0	2	0.00	2
130	0	1	0.00	1
131	0	3	0.00	3
132	0	2	0.00	2
133	0	0		0
134	0	1	0.00	1
135	0	2	0.00	2
136	0	1	0.00	1
137	0	0		0
138	0	1	0.00	1
139	0	0		0
140	0	0		0
141	0	0		0
142	0	0		0
143	0	1	0.00	1
144	0	0		0
145	0	1	0.00	1
146	0	1	0.00	1
147	0	1	0.00	1
148	0	1	0.00	1

CpG context (R2)
================
position	count methylated	count unmethylated	% methylation	coverage
1	0	26	0.00	26
2	1	18	5.26	19
3	2	71	2.74	73
4	3	71	4.05	74
5	8	88	8.33	96
6	8	95	7.77	103
7	4	131	2.96	135
8	3	81	3.57	84
9	3	81	3.57	84
10	2	93	2.11	95
11	3	69	4.17	72
12	6	57	9.52	63
13	7	100	6.54	107
14	1	40	2.44	41
15	7	70	9.09	77
16	2	67	2.90	69
17	2	46	4.17	48
18	3	52	5.45	55
19	0	30	0.00	30
20	6	50	10.71	56
21	0	32	0.00	32
22	6	36	14.29	42
23	2	48	4.00	50
24	3	59	4.84	62
25	2	39	4.88	41
26	0	31	0.00	31
27	4	30	11.76	34
28	1	25	3.85	26
29	3	45	6.25	48
30	4	25	13.79	29
31	0	27	0.00	27
32	1	20	4.76	21
33	3	9	25.00	12
34	3	24	11.11	27
35	0	14	0.00	14
36	1	10	9.09	11
37	2	23	8.00	25
38	2	18	10.00	20
39	0	13	0.00	13
40	0	11	0.00	11
41	0	12	0.00	12
42	0	16	0.00	16
43	1	9	10.00	10
44	0	21	0.00	21
45	1	2	33.33	3
46	3	13	18.75	16
47	0	6	0.00	6
48	1	10	9.09	11
49	0	4	0.00	4
50	1	8	11.11	9
51	0	6	0.00	6
52	0	7	0.00	7
53	0	7	0.00	7
54	0	5	0.00	5
55	0	5	0.00	5
56	0	3	0.00	3
57	0	4	0.00	4
58	0	6	0.00	6
59	0	2	0.00	2
60	0	1	0.00	1
61	0	1	0.00	1
62	0	1	0.00	1
63	1	1	50.00	2
64	0	5	0.00	5
65	0	1	0.00	1
66	0	1	0.00	1
67	0	0		0
68	0	1	0.00	1
69	0	0		0
70	0	0		0
71	0	3	0.00	3
72	0	0		0
73	0	0		0
74	0	0		0
75	0	3	0.00	3
76	0	0		0
77	0	2	0.00	2
78	0	1	0.00	1
79	0	0		0
80	0	0		0
81	0	0		0
82	0	0		0
83	0	0		0
84	0	1	0.00	1
85	0	0		0
86	0	0		0
87	0	0		0
88	0	0		0
89	0	0		0
90	0	1	0.00	1
91	0	0		0
92	0	0		0
93	0	0		0
94	0	3	0.00	3
95	0	0		0
96	0	0		0
97	0	2	0.00	2

CHG context (R2)
================
position	count methylated	count unmethylated	% methylation	coverage
1	13	2125	0.61	2138
2	0	23	0.00	23
3	0	8	0.00	8
4	0	37	0.00	37
5	1	45	2.17	46
6	2	77	2.53	79
7	0	77	0.00	77
8	0	101	0.00	101
9	0	85	0.00	85
10	0	57	0.00	57
11	0	72	0.00	72
12	0	33	0.00	33
13	0	47	0.00	47
14	0	53	0.00	53
15	1	46	2.13	47
16	0	56	0.00	56
17	0	72	0.00	72
18	0	50	0.00	50
19	0	47	0.00	47
20	0	51	0.00	51
21	0	38	0.00	38
22	0	55	0.00	55
23	0	35	0.00	35
24	0	24	0.00	24
25	0	36	0.00	36
26	0	20	0.00	20
27	0	19	0.00	19
28	0	19	0.00	19
29	0	19	0.00	19
30	0	26	0.00	26
31	0	33	0.00	33
32	0	18	0.00	18
33	0	23	0.00	23
34	1	20	4.76	21
35	0	32	0.00	32
36	0	15	0.00	15
37	0	9	0.00	9
38	0	11	0.00	11
39	0	13	0.00	13
40	0	19	0.00	19
41	0	15	0.00	15
42	0	2	0.00	2
43	0	10	0.00	10
44	0	2	0.00	2
45	0	10	0.00	10
46	0	3	0.00	3
47	0	10	0.00	10
48	0	7	0.00	7
49	0	13	0.00	13
50	1	10	9.09	11
51	0	5	0.00	5
52	0	11	0.00	11
53	0	5	0.00	5
54	0	2	0.00	2
55	0	4	0.00	4
56	0	4	0.00	4
57	0	1	0.00	1
58	0	4	0.00	4
59	0	0		0
60	0	3	0.00	3
61	0	0		0
62	0	1	0.00	1
63	0	5	0.00	5
64	0	0		0
65	0	1	0.00	1
66	0	0		0
67	0	1	0.00	1
68	0	2	0.00	2
69	0	1	0.00	1
70	0	1	0.00	1
71	0	0		0
72	0	3	0.00	3
73	0	0		0
74	0	0		0
75	0	3	0.00	3
76	0	0		0
77	0	1	0.00	1
78	0	3	0.00	3
79	0	0		0
80	0	0		0
81	0	0		0
82	0	1	0.00	1
83	0	0		0
84	0	0		0
85	0	0		0
86	0	0		0
87	0	3	0.00	3
88	0	0		0
89	0	0		0
90	0	0		0
91	0	0		0
92	0	0		0
93	0	0		0
94	0	0		0
95	0	0		0
96	0	0		0
97	0	0		0

CHH context (R2)
================
position	count methylated	count unmethylated	% methylation	coverage
1	1	11	8.33	12
2	5	960	0.52	965
3	0	277	0.00	277
4	1	202	0.49	203
5	1	138	0.72	139
6	0	94	0.00	94
7	1	101	0.98	102
8	2	121	1.63	123
9	0	133	0.00	133
10	2	115	1.71	117
11	0	67	0.00	67
12	1	88	1.12	89
13	0	62	0.00	62
14	0	81	0.00	81
15	0	79	0.00	79
16	0	67	0.00	67
17	0	71	0.00	71
18	1	86	1.15	87
19	0	86	0.00	86
20	0	53	0.00	53
21	0	46	0.00	46
22	0	44	0.00	44
23	0	44	0.00	44
24	1	43	2.27	44
25	0	40	0.00	40
26	1	32	3.03	33
27	0	26	0.00	26
28	0	30	0.00	30
29	0	39	0.00	39
30	0	22	0.00	22
31	0	25	0.00	25
32	0	34	0.00	34
33	0	24	0.00	24
34	0	19	0.00	19
35	0	30	0.00	30
36	0	29	0.00	29
37	0	20	0.00	20
38	0	15	0.00	15
39	0	4	0.00	4
40	0	21	0.00	21
41	0	17	0.00	17
42	0	12	0.00	12
43	0	13	0.00	13
44	0	24	0.00	24
45	0	13	0.00	13
46	0	15	0.00	15
47	0	9	0.00	9
48	0	9	0.00	9
49	0	8	0.00	8
50	0	7	0.00	7
51	0	12	0.00	12
52	0	8	0.00	8
53	0	6	0.00	6
54	0	10	0.00	10
55	0	7	0.00	7
56	0	11	0.00	11
57	0	6	0.00	6
58	0	5	0.00	5
59	0	2	0.00	2
60	0	5	0.00	5
61	0	4	0.00	4
62	0	2	0.00	2
63	0	0		0
64	0	1	0.00	1
65	0	1	0.00	1
66	0	1	0.00	1
67	0	1	0.00	1
68	0	4	0.00	4
69	0	2	0.00	2
70	0	0		0
71	0	2	0.00	2
72	0	0		0
73	0	0		0
74	0	1	0.00	1
75	0	1	0.00	1
76	0	1	0.00	1
77	0	1	0.00	1
78	0	0		0
79	0	3	0.00	3
80	0	0		0
81	0	0		0
82	0	0		0
83	0	0		0
84	0	0		0
85	0	0		0
86	0	0		0
87	0	1	0.00	1
88	0	0		0
89	0	0		0
90	0	0		0
91	0	0		0
92	0	0		0
93	0	1	0.00	1
94	0	0		0
95	0	0		0
96	0	0		0
97	0	0		0

