CpG context (R1)
================
position	count methylated	count unmethylated	% methylation	coverage
1	205	2170	8.63	2375
2	0	16	0.00	16
3	3	19	13.64	22
4	9	202	4.27	211
5	15	188	7.39	203
6	8	245	3.16	253
7	10	213	4.48	223
8	18	255	6.59	273
9	9	253	3.44	262
10	7	268	2.55	275
11	8	244	3.17	252
12	15	274	5.19	289
13	9	255	3.41	264
14	14	261	5.09	275
15	9	227	3.81	236
16	15	316	4.53	331
17	11	213	4.91	224
18	12	245	4.67	257
19	12	266	4.32	278
20	8	214	3.60	222
21	8	211	3.65	219
22	15	300	4.76	315
23	10	283	3.41	293
24	10	231	4.15	241
25	17	296	5.43	313
26	10	282	3.42	292
27	15	263	5.40	278
28	24	278	7.95	302
29	11	284	3.73	295
30	16	286	5.30	302
31	15	279	5.10	294
32	7	288	2.37	295
33	7	236	2.88	243
34	15	254	5.58	269
35	16	256	5.88	272
36	11	209	5.00	220
37	13	274	4.53	287
38	15	233	6.05	248
39	13	250	4.94	263
40	7	266	2.56	273
41	14	254	5.22	268
42	12	266	4.32	278
43	20	249	7.43	269
44	9	252	3.45	261
45	18	253	6.64	271
46	18	248	6.77	266
47	11	260	4.06	271
48	11	252	4.18	263
49	10	241	3.98	251
50	13	244	5.06	257
51	11	212	4.93	223
52	20	231	7.97	251
53	17	249	6.39	266
54	8	244	3.17	252
55	16	298	5.10	314
56	13	237	5.20	250
57	16	235	6.37	251
58	21	250	7.75	271
59	16	259	5.82	275
60	16	198	7.48	214
61	15	258	5.49	273
62	16	216	6.90	232
63	18	191	8.61	209
64	11	272	3.89	283
65	17	229	6.91	246
66	13	267	4.64	280
67	15	241	5.86	256
68	11	200	5.21	211
69	7	189	3.57	196
70	9	231	3.75	240
71	11	244	4.31	255
72	8	243	3.19	251
73	11	248	4.25	259
74	7	193	3.50	200
75	10	166	5.68	176
76	8	194	3.96	202
77	7	192	3.52	199
78	18	217	7.66	235
79	11	189	5.50	200
80	9	184	4.66	193
81	1	153	0.65	154
82	6	194	3.00	200
83	8	148	5.13	156
84	8	179	4.28	187
85	7	200	3.38	207
86	9	173	4.95	182
87	8	167	4.57	175
88	4	125	3.10	129
89	7	170	3.95	177
90	4	123	3.15	127
91	7	136	4.90	143
92	3	155	1.90	158
93	6	123	4.65	129
94	5	143	3.38	148
95	10	113	8.13	123
96	7	107	6.14	114
97	6	123	4.65	129
98	3	114	2.56	117
99	5	50	9.09	55
100	0	6	0.00	6
101	0	3	0.00	3
102	0	4	0.00	4
103	1	4	20.00	5
104	0	4	0.00	4
105	1	5	16.67	6
106	0	4	0.00	4
107	1	4	20.00	5
108	1	4	20.00	5
109	1	7	12.50	8
110	0	4	0.00	4
111	0	4	0.00	4
112	1	3	25.00	4
113	0	4	0.00	4
114	0	1	0.00	1
115	0	4	0.00	4
116	1	0	100.00	1
117	0	2	0.00	2
118	1	0	100.00	1
119	0	3	0.00	3
120	0	0		0
121	0	1	0.00	1
122	1	2	33.33	3
123	0	1	0.00	1
124	1	2	33.33	3
125	0	3	0.00	3
126	0	3	0.00	3
127	0	1	0.00	1
128	0	0		0
129	0	1	0.00	1
130	0	0		0
131	0	3	0.00	3
132	0	1	0.00	1
133	0	0		0
134	0	0		0
135	1	0	100.00	1
136	0	0		0
137	0	2	0.00	2
138	0	1	0.00	1
139	0	0		0
140	0	1	0.00	1
141	0	0		0
142	0	0		0
143	0	0		0
144	0	0		0
145	0	0		0
146	0	0		0
147	0	0		0
148	0	0		0
149	0	1	0.00	1

CHG context (R1)
================
position	count methylated	count unmethylated	% methylation	coverage
1	0	13	0.00	13
2	1	28	3.45	29
3	0	8	0.00	8
4	1	131	0.76	132
5	0	183	0.00	183
6	1	238	0.42	239
7	1	249	0.40	250
8	1	221	0.45	222
9	1	229	0.43	230
10	0	222	0.00	222
11	1	252	0.40	253
12	0	162	0.00	162
13	2	212	0.93	214
14	0	204	0.00	204
15	1	244	0.41	245
16	0	180	0.00	180
17	0	248	0.00	248
18	0	277	0.00	277
19	1	180	0.55	181
20	2	172	1.15	174
21	0	237	0.00	237
22	2	255	0.78	257
23	0	226	0.00	226
24	0	199	0.00	199
25	3	232	1.28	235
26	0	183	0.00	183
27	1	215	0.46	216
28	0	217	0.00	217
29	1	204	0.49	205
30	0	196	0.00	196
31	0	254	0.00	254
32	0	197	0.00	197
33	0	249	0.00	249
34	0	223	0.00	223
35	1	216	0.46	217
36	0	215	0.00	215
37	1	210	0.47	211
38	0	192	0.00	192
39	1	210	0.47	211
40	2	217	0.91	219
41	1	254	0.39	255
42	0	185	0.00	185
43	1	221	0.45	222
44	1	245	0.41	246
45	0	201	0.00	201
46	0	205	0.00	205
47	1	161	0.62	162
48	0	224	0.00	224
49	1	208	0.48	209
50	0	183	0.00	183
51	1	197	0.51	198
52	1	217	0.46	218
53	2	221	0.90	223
54	0	190	0.00	190
55	0	154	0.00	154
56	1	198	0.50	199
57	1	210	0.47	211
58	0	221	0.00	221
59	0	204	0.00	204
60	1	165	0.60	166
61	0	181	0.00	181
62	0	160	0.00	160
63	0	196	0.00	196
64	1	187	0.53	188
65	1	174	0.57	175
66	1	191	0.52	192
67	0	173	0.00	173
68	2	188	1.05	190
69	0	180	0.00	180
70	0	204	0.00	204
71	0	172	0.00	172
72	0	167	0.00	167
73	0	157	0.00	157
74	0	161	0.00	161
75	0	179	0.00	179
76	1	151	0.66	152
77	0	194	0.00	194
78	0	152	0.00	152
79	0	168	0.00	168
80	0	136	0.00	136
81	1	162	0.61	163
82	0	118	0.00	118
83	0	135	0.00	135
84	0	119	0.00	119
85	0	124	0.00	124
86	0	163	0.00	163
87	0	103	0.00	103
88	1	149	0.67	150
89	0	116	0.00	116
90	1	104	0.95	105
91	0	150	0.00	150
92	0	94	0.00	94
93	0	101	0.00	101
94	1	102	0.97	103
95	1	89	1.11	90
96	0	118	0.00	118
97	1	116	0.85	117
98	0	91	0.00	91
99	0	44	0.00	44
100	0	6	0.00	6
101	0	7	0.00	7
102	0	8	0.00	8
103	0	4	0.00	4
104	0	5	0.00	5
105	0	6	0.00	6
106	0	7	0.00	7
107	0	3	0.00	3
108	0	6	0.00	6
109	0	1	0.00	1
110	0	3	0.00	3
111	0	2	0.00	2
112	0	6	0.00	6
113	0	0		0
114	0	2	0.00	2
115	0	0		0
116	0	4	0.00	4
117	0	1	0.00	1
118	0	3	0.00	3
119	0	1	0.00	1
120	0	2	0.00	2
121	0	1	0.00	1
122	0	1	0.00	1
123	0	2	0.00	2
124	0	1	0.00	1
125	0	1	0.00	1
126	0	1	0.00	1
127	0	2	0.00	2
128	0	2	0.00	2
129	0	1	0.00	1
130	0	2	0.00	2
131	0	0		0
132	0	1	0.00	1
133	0	1	0.00	1
134	0	1	0.00	1
135	0	0		0
136	0	0		0
137	0	0		0
138	0	0		0
139	0	1	0.00	1
140	0	0		0
141	0	1	0.00	1
142	0	0		0
143	0	1	0.00	1
144	0	0		0
145	0	0		0
146	0	0		0
147	0	1	0.00	1
148	0	1	0.00	1
149	0	0		0

CHH context (R1)
================
position	count methylated	count unmethylated	% methylation	coverage
1	0	40	0.00	40
2	0	26	0.00	26
3	0	15	0.00	15
4	1	332	0.30	333
5	0	396	0.00	396
6	1	417	0.24	418
7	1	420	0.24	421
8	2	368	0.54	370
9	0	322	0.00	322
10	0	339	0.00	339
11	0	293	0.00	293
12	2	343	0.58	345
13	1	381	0.26	382
14	0	382	0.00	382
15	2	361	0.55	363
16	1	349	0.29	350
17	1	359	0.28	360
18	1	297	0.34	298
19	0	327	0.00	327
20	0	393	0.00	393
21	0	330	0.00	330
22	0	335	0.00	335
23	1	330	0.30	331
24	1	359	0.28	360
25	2	379	0.52	381
26	0	354	0.00	354
27	0	399	0.00	399
28	1	357	0.28	358
29	0	306	0.00	306
30	1	359	0.28	360
31	0	353	0.00	353
32	3	367	0.81	370
33	1	340	0.29	341
34	1	337	0.30	338
35	2	299	0.66	301
36	0	399	0.00	399
37	0	349	0.00	349
38	0	350	0.00	350
39	0	369	0.00	369
40	0	325	0.00	325
41	1	302	0.33	303
42	0	333	0.00	333
43	0	318	0.00	318
44	0	328	0.00	328
45	0	285	0.00	285
46	5	343	1.44	348
47	0	348	0.00	348
48	0	357	0.00	357
49	1	378	0.26	379
50	1	404	0.25	405
51	0	417	0.00	417
52	0	361	0.00	361
53	1	359	0.28	360
54	0	315	0.00	315
55	1	314	0.32	315
56	0	298	0.00	298
57	1	287	0.35	288
58	1	296	0.34	297
59	0	301	0.00	301
60	2	293	0.68	295
61	0	326	0.00	326
62	5	374	1.32	379
63	0	305	0.00	305
64	2	330	0.60	332
65	1	320	0.31	321
66	0	286	0.00	286
67	0	317	0.00	317
68	0	340	0.00	340
69	1	328	0.30	329
70	2	269	0.74	271
71	1	299	0.33	300
72	4	240	1.64	244
73	0	285	0.00	285
74	1	269	0.37	270
75	0	307	0.00	307
76	0	307	0.00	307
77	0	256	0.00	256
78	3	267	1.11	270
79	0	272	0.00	272
80	0	309	0.00	309
81	1	270	0.37	271
82	0	303	0.00	303
83	0	245	0.00	245
84	2	244	0.81	246
85	0	244	0.00	244
86	2	263	0.75	265
87	1	229	0.43	230
88	2	259	0.77	261
89	0	223	0.00	223
90	0	195	0.00	195
91	0	211	0.00	211
92	0	222	0.00	222
93	1	182	0.55	183
94	1	178	0.56	179
95	0	185	0.00	185
96	0	155	0.00	155
97	0	158	0.00	158
98	2	185	1.07	187
99	0	78	0.00	78
100	0	13	0.00	13
101	0	8	0.00	8
102	0	5	0.00	5
103	0	6	0.00	6
104	0	8	0.00	8
105	0	6	0.00	6
106	0	6	0.00	6
107	0	7	0.00	7
108	0	3	0.00	3
109	0	3	0.00	3
110	0	4	0.00	4
111	0	7	0.00	7
112	0	4	0.00	4
113	0	7	0.00	7
114	0	5	0.00	5
115	0	5	0.00	5
116	0	4	0.00	4
117	0	5	0.00	5
118	0	2	0.00	2
119	0	3	0.00	3
120	0	1	0.00	1
121	0	1	0.00	1
122	0	1	0.00	1
123	0	1	0.00	1
124	0	1	0.00	1
125	0	3	0.00	3
126	0	1	0.00	1
127	0	0		0
128	0	1	0.00	1
129	0	4	0.00	4
130	0	1	0.00	1
131	0	4	0.00	4
132	0	1	0.00	1
133	0	2	0.00	2
134	0	1	0.00	1
135	0	1	0.00	1
136	0	1	0.00	1
137	0	1	0.00	1
138	0	1	0.00	1
139	0	0		0
140	0	0		0
141	0	0		0
142	0	0		0
143	0	0		0
144	0	0		0
145	0	0		0
146	0	1	0.00	1
147	0	0		0
148	0	0		0
149	0	0		0

CpG context (R2)
================
position	count methylated	count unmethylated	% methylation	coverage
1	0	24	0.00	24
2	0	16	0.00	16
3	2	79	2.47	81
4	0	74	0.00	74
5	2	106	1.85	108
6	5	75	6.25	80
7	6	134	4.29	140
8	4	72	5.26	76
9	3	74	3.90	77
10	6	83	6.74	89
11	6	73	7.59	79
12	10	65	13.33	75
13	7	78	8.24	85
14	1	52	1.89	53
15	4	63	5.97	67
16	2	61	3.17	63
17	2	40	4.76	42
18	5	50	9.09	55
19	1	37	2.63	38
20	0	52	0.00	52
21	0	34	0.00	34
22	1	44	2.22	45
23	4	46	8.00	50
24	2	54	3.57	56
25	1	32	3.03	33
26	2	32	5.88	34
27	3	26	10.34	29
28	1	29	3.33	30
29	0	50	0.00	50
30	1	23	4.17	24
31	2	35	5.41	37
32	0	33	0.00	33
33	0	17	0.00	17
34	2	21	8.70	23
35	1	14	6.67	15
36	2	12	14.29	14
37	2	15	11.76	17
38	1	27	3.57	28
39	1	10	9.09	11
40	0	11	0.00	11
41	0	14	0.00	14
42	1	8	11.11	9
43	3	20	13.04	23
44	0	19	0.00	19
45	0	3	0.00	3
46	3	15	16.67	18
47	0	9	0.00	9
48	0	7	0.00	7
49	0	7	0.00	7
50	0	10	0.00	10
51	0	2	0.00	2
52	2	7	22.22	9
53	0	4	0.00	4
54	2	9	18.18	11
55	1	2	33.33	3
56	0	6	0.00	6
57	1	4	20.00	5
58	0	9	0.00	9
59	0	4	0.00	4
60	0	2	0.00	2
61	0	7	0.00	7
62	0	0		0
63	0	2	0.00	2
64	0	3	0.00	3
65	0	3	0.00	3
66	0	5	0.00	5
67	0	2	0.00	2
68	0	3	0.00	3
69	0	2	0.00	2
70	0	2	0.00	2
71	0	1	0.00	1
72	0	2	0.00	2
73	0	0		0
74	0	0		0
75	0	2	0.00	2
76	0	1	0.00	1
77	0	0		0
78	0	1	0.00	1
79	1	0	100.00	1
80	0	0		0
81	0	1	0.00	1
82	0	1	0.00	1
83	0	0		0
84	0	0		0
85	0	0		0
86	0	0		0
87	0	0		0
88	1	2	33.33	3
89	0	0		0
90	0	0		0
91	0	2	0.00	2
92	0	2	0.00	2
93	0	1	0.00	1
94	0	4	0.00	4
95	0	0		0
96	0	2	0.00	2
97	1	2	33.33	3

CHG context (R2)
================
position	count methylated	count unmethylated	% methylation	coverage
1	10	2140	0.47	2150
2	0	16	0.00	16
3	0	5	0.00	5
4	0	54	0.00	54
5	0	62	0.00	62
6	1	77	1.28	78
7	0	84	0.00	84
8	0	97	0.00	97
9	0	76	0.00	76
10	0	77	0.00	77
11	0	62	0.00	62
12	0	38	0.00	38
13	0	47	0.00	47
14	0	38	0.00	38
15	0	59	0.00	59
16	0	59	0.00	59
17	0	70	0.00	70
18	0	56	0.00	56
19	0	46	0.00	46
20	0	52	0.00	52
21	0	53	0.00	53
22	0	48	0.00	48
23	0	23	0.00	23
24	0	27	0.00	27
25	0	39	0.00	39
26	0	25	0.00	25
27	0	18	0.00	18
28	0	23	0.00	23
29	0	27	0.00	27
30	0	25	0.00	25
31	1	21	4.55	22
32	0	32	0.00	32
33	0	35	0.00	35
34	0	19	0.00	19
35	1	33	2.94	34
36	0	21	0.00	21
37	0	11	0.00	11
38	0	9	0.00	9
39	1	15	6.25	16
40	0	14	0.00	14
41	0	18	0.00	18
42	0	3	0.00	3
43	0	10	0.00	10
44	0	8	0.00	8
45	0	16	0.00	16
46	0	5	0.00	5
47	0	7	0.00	7
48	0	8	0.00	8
49	0	12	0.00	12
50	1	16	5.88	17
51	1	3	25.00	4
52	0	9	0.00	9
53	0	3	0.00	3
54	0	2	0.00	2
55	0	10	0.00	10
56	0	2	0.00	2
57	0	0		0
58	0	5	0.00	5
59	0	3	0.00	3
60	0	8	0.00	8
61	0	1	0.00	1
62	0	2	0.00	2
63	0	3	0.00	3
64	0	1	0.00	1
65	0	0		0
66	0	0		0
67	0	2	0.00	2
68	0	0		0
69	0	0		0
70	0	1	0.00	1
71	0	1	0.00	1
72	0	2	0.00	2
73	0	3	0.00	3
74	0	1	0.00	1
75	0	2	0.00	2
76	0	1	0.00	1
77	0	0		0
78	0	4	0.00	4
79	0	0		0
80	0	1	0.00	1
81	0	0		0
82	0	1	0.00	1
83	0	0		0
84	0	0		0
85	0	0		0
86	0	1	0.00	1
87	0	2	0.00	2
88	0	0		0
89	0	2	0.00	2
90	0	0		0
91	0	0		0
92	0	1	0.00	1
93	0	0		0
94	0	0		0
95	0	1	0.00	1
96	0	0		0
97	0	0		0

CHH context (R2)
================
position	count methylated	count unmethylated	% methylation	coverage
1	0	12	0.00	12
2	2	971	0.21	973
3	0	260	0.00	260
4	3	188	1.57	191
5	0	137	0.00	137
6	0	112	0.00	112
7	0	111	0.00	111
8	0	119	0.00	119
9	0	116	0.00	116
10	1	139	0.71	140
11	0	93	0.00	93
12	0	98	0.00	98
13	1	74	1.33	75
14	0	83	0.00	83
15	0	71	0.00	71
16	0	56	0.00	56
17	0	72	0.00	72
18	0	92	0.00	92
19	0	88	0.00	88
20	0	65	0.00	65
21	0	61	0.00	61
22	0	52	0.00	52
23	0	52	0.00	52
24	0	53	0.00	53
25	0	50	0.00	50
26	0	41	0.00	41
27	0	41	0.00	41
28	0	37	0.00	37
29	0	47	0.00	47
30	0	26	0.00	26
31	0	23	0.00	23
32	0	30	0.00	30
33	0	25	0.00	25
34	0	24	0.00	24
35	0	26	0.00	26
36	0	26	0.00	26
37	0	20	0.00	20
38	0	21	0.00	21
39	0	15	0.00	15
40	0	20	0.00	20
41	0	16	0.00	16
42	0	18	0.00	18
43	0	15	0.00	15
44	0	19	0.00	19
45	0	11	0.00	11
46	0	20	0.00	20
47	0	18	0.00	18
48	0	4	0.00	4
49	0	15	0.00	15
50	0	10	0.00	10
51	0	19	0.00	19
52	0	23	0.00	23
53	0	17	0.00	17
54	0	11	0.00	11
55	0	16	0.00	16
56	0	12	0.00	12
57	0	2	0.00	2
58	0	2	0.00	2
59	0	2	0.00	2
60	0	4	0.00	4
61	0	5	0.00	5
62	0	7	0.00	7
63	0	2	0.00	2
64	0	1	0.00	1
65	0	0		0
66	0	1	0.00	1
67	0	1	0.00	1
68	0	3	0.00	3
69	0	3	0.00	3
70	0	1	0.00	1
71	0	1	0.00	1
72	0	2	0.00	2
73	0	0		0
74	0	0		0
75	0	2	0.00	2
76	0	0		0
77	0	3	0.00	3
78	0	1	0.00	1
79	0	2	0.00	2
80	0	0		0
81	0	0		0
82	0	0		0
83	0	1	0.00	1
84	0	1	0.00	1
85	0	1	0.00	1
86	0	0		0
87	0	1	0.00	1
88	0	0		0
89	0	0		0
90	0	0		0
91	0	0		0
92	0	0		0
93	0	1	0.00	1
94	0	1	0.00	1
95	0	1	0.00	1
96	0	0		0
97	0	0		0

