CpG context (R1)
================
position	count methylated	count unmethylated	% methylation	coverage
1	216	2167	9.06	2383
2	0	18	0.00	18
3	0	18	0.00	18
4	14	201	6.51	215
5	16	206	7.21	222
6	7	274	2.49	281
7	10	202	4.72	212
8	20	274	6.80	294
9	9	221	3.91	230
10	18	258	6.52	276
11	17	258	6.18	275
12	11	303	3.50	314
13	15	285	5.00	300
14	13	264	4.69	277
15	11	249	4.23	260
16	22	254	7.97	276
17	8	208	3.70	216
18	10	247	3.89	257
19	18	296	5.73	314
20	4	232	1.69	236
21	13	223	5.51	236
22	14	292	4.58	306
23	13	247	5.00	260
24	16	252	5.97	268
25	15	286	4.98	301
26	13	296	4.21	309
27	11	258	4.09	269
28	16	203	7.31	219
29	8	281	2.77	289
30	11	264	4.00	275
31	17	299	5.38	316
32	11	298	3.56	309
33	13	255	4.85	268
34	4	267	1.48	271
35	15	255	5.56	270
36	9	233	3.72	242
37	17	248	6.42	265
38	16	258	5.84	274
39	12	241	4.74	253
40	10	276	3.50	286
41	16	228	6.56	244
42	14	283	4.71	297
43	9	252	3.45	261
44	10	223	4.29	233
45	19	277	6.42	296
46	17	225	7.02	242
47	14	290	4.61	304
48	14	247	5.36	261
49	11	227	4.62	238
50	9	238	3.64	247
51	11	211	4.95	222
52	8	229	3.38	237
53	13	229	5.37	242
54	7	248	2.75	255
55	11	302	3.51	313
56	16	254	5.93	270
57	6	238	2.46	244
58	13	255	4.85	268
59	16	257	5.86	273
60	10	257	3.75	267
61	13	248	4.98	261
62	19	233	7.54	252
63	14	224	5.88	238
64	20	261	7.12	281
65	8	238	3.25	246
66	18	256	6.57	274
67	8	215	3.59	223
68	11	188	5.53	199
69	6	194	3.00	200
70	11	219	4.78	230
71	10	244	3.94	254
72	10	231	4.15	241
73	8	209	3.69	217
74	7	205	3.30	212
75	7	177	3.80	184
76	9	195	4.41	204
77	11	215	4.87	226
78	4	205	1.91	209
79	15	200	6.98	215
80	11	182	5.70	193
81	10	151	6.21	161
82	13	204	5.99	217
83	5	144	3.36	149
84	10	186	5.10	196
85	12	181	6.22	193
86	8	171	4.47	179
87	14	161	8.00	175
88	5	114	4.20	119
89	6	160	3.61	166
90	3	115	2.54	118
91	9	146	5.81	155
92	5	129	3.73	134
93	6	136	4.23	142
94	2	145	1.36	147
95	8	107	6.96	115
96	10	92	9.80	102
97	8	132	5.71	140
98	5	109	4.39	114
99	2	49	3.92	51
100	1	10	9.09	11
101	0	5	0.00	5
102	0	3	0.00	3
103	2	11	15.38	13
104	0	6	0.00	6
105	1	3	25.00	4
106	0	6	0.00	6
107	1	2	33.33	3
108	0	5	0.00	5
109	1	8	11.11	9
110	0	2	0.00	2
111	1	6	14.29	7
112	0	2	0.00	2
113	0	5	0.00	5
114	0	3	0.00	3
115	0	6	0.00	6
116	1	6	14.29	7
117	0	3	0.00	3
118	0	1	0.00	1
119	0	1	0.00	1
120	0	3	0.00	3
121	1	3	25.00	4
122	0	3	0.00	3
123	0	1	0.00	1
124	0	2	0.00	2
125	0	2	0.00	2
126	0	2	0.00	2
127	0	2	0.00	2
128	0	3	0.00	3
129	0	2	0.00	2
130	0	1	0.00	1
131	0	3	0.00	3
132	1	0	100.00	1
133	0	0		0
134	1	0	100.00	1
135	0	0		0
136	0	1	0.00	1
137	0	2	0.00	2
138	0	1	0.00	1
139	0	2	0.00	2
140	0	0		0
141	1	0	100.00	1
142	0	0		0
143	0	1	0.00	1
144	0	0		0
145	0	1	0.00	1
146	0	1	0.00	1
147	0	3	0.00	3
148	0	1	0.00	1
149	0	0		0

CHG context (R1)
================
position	count methylated	count unmethylated	% methylation	coverage
1	2	17	10.53	19
2	0	22	0.00	22
3	0	7	0.00	7
4	0	118	0.00	118
5	0	201	0.00	201
6	2	226	0.88	228
7	1	256	0.39	257
8	1	206	0.48	207
9	0	249	0.00	249
10	0	207	0.00	207
11	1	226	0.44	227
12	2	190	1.04	192
13	1	208	0.48	209
14	0	215	0.00	215
15	2	221	0.90	223
16	1	204	0.49	205
17	0	239	0.00	239
18	1	263	0.38	264
19	1	214	0.47	215
20	0	170	0.00	170
21	0	215	0.00	215
22	0	243	0.00	243
23	0	228	0.00	228
24	0	193	0.00	193
25	0	217	0.00	217
26	1	212	0.47	213
27	0	229	0.00	229
28	2	237	0.84	239
29	0	178	0.00	178
30	1	202	0.49	203
31	0	250	0.00	250
32	3	182	1.62	185
33	1	226	0.44	227
34	1	212	0.47	213
35	1	244	0.41	245
36	0	225	0.00	225
37	1	191	0.52	192
38	0	189	0.00	189
39	2	242	0.82	244
40	0	202	0.00	202
41	1	255	0.39	256
42	0	212	0.00	212
43	0	205	0.00	205
44	0	254	0.00	254
45	0	192	0.00	192
46	2	217	0.91	219
47	0	179	0.00	179
48	0	217	0.00	217
49	0	216	0.00	216
50	0	192	0.00	192
51	1	206	0.48	207
52	1	235	0.42	236
53	1	190	0.52	191
54	2	205	0.97	207
55	2	187	1.06	189
56	0	202	0.00	202
57	2	199	1.00	201
58	1	213	0.47	214
59	1	176	0.56	177
60	1	163	0.61	164
61	1	200	0.50	201
62	1	168	0.59	169
63	0	187	0.00	187
64	1	206	0.48	207
65	0	211	0.00	211
66	0	176	0.00	176
67	0	175	0.00	175
68	0	201	0.00	201
69	0	180	0.00	180
70	0	197	0.00	197
71	0	169	0.00	169
72	0	162	0.00	162
73	1	163	0.61	164
74	2	145	1.36	147
75	1	127	0.78	128
76	0	172	0.00	172
77	0	179	0.00	179
78	0	155	0.00	155
79	0	171	0.00	171
80	0	147	0.00	147
81	2	193	1.03	195
82	0	119	0.00	119
83	0	154	0.00	154
84	1	140	0.71	141
85	1	127	0.78	128
86	0	147	0.00	147
87	1	115	0.86	116
88	1	140	0.71	141
89	1	111	0.89	112
90	0	123	0.00	123
91	0	142	0.00	142
92	1	108	0.92	109
93	0	100	0.00	100
94	0	97	0.00	97
95	0	107	0.00	107
96	0	131	0.00	131
97	1	118	0.84	119
98	0	109	0.00	109
99	0	47	0.00	47
100	0	2	0.00	2
101	0	2	0.00	2
102	0	8	0.00	8
103	0	3	0.00	3
104	0	2	0.00	2
105	0	8	0.00	8
106	0	3	0.00	3
107	0	0		0
108	0	4	0.00	4
109	0	6	0.00	6
110	0	6	0.00	6
111	0	1	0.00	1
112	0	5	0.00	5
113	0	1	0.00	1
114	0	2	0.00	2
115	0	6	0.00	6
116	0	3	0.00	3
117	0	1	0.00	1
118	0	5	0.00	5
119	0	2	0.00	2
120	0	1	0.00	1
121	0	1	0.00	1
122	0	0		0
123	0	3	0.00	3
124	0	4	0.00	4
125	0	3	0.00	3
126	0	1	0.00	1
127	0	0		0
128	0	0		0
129	0	1	0.00	1
130	0	5	0.00	5
131	0	1	0.00	1
132	0	1	0.00	1
133	0	0		0
134	0	2	0.00	2
135	0	1	0.00	1
136	0	1	0.00	1
137	0	0		0
138	0	2	0.00	2
139	0	0		0
140	0	1	0.00	1
141	0	1	0.00	1
142	0	1	0.00	1
143	0	0		0
144	0	2	0.00	2
145	0	1	0.00	1
146	0	1	0.00	1
147	0	0		0
148	0	0		0
149	0	0		0

CHH context (R1)
================
position	count methylated	count unmethylated	% methylation	coverage
1	2	19	9.52	21
2	0	22	0.00	22
3	0	19	0.00	19
4	1	327	0.30	328
5	0	381	0.00	381
6	4	409	0.97	413
7	0	377	0.00	377
8	1	373	0.27	374
9	3	315	0.94	318
10	0	322	0.00	322
11	2	309	0.64	311
12	1	334	0.30	335
13	0	381	0.00	381
14	3	363	0.82	366
15	2	387	0.51	389
16	0	360	0.00	360
17	0	353	0.00	353
18	1	310	0.32	311
19	0	320	0.00	320
20	2	375	0.53	377
21	3	348	0.85	351
22	1	336	0.30	337
23	0	303	0.00	303
24	1	354	0.28	355
25	0	390	0.00	390
26	2	361	0.55	363
27	0	413	0.00	413
28	3	374	0.80	377
29	2	341	0.58	343
30	1	385	0.26	386
31	0	349	0.00	349
32	1	351	0.28	352
33	4	313	1.26	317
34	2	341	0.58	343
35	0	305	0.00	305
36	3	383	0.78	386
37	0	328	0.00	328
38	0	363	0.00	363
39	2	342	0.58	344
40	1	328	0.30	329
41	0	307	0.00	307
42	0	337	0.00	337
43	1	322	0.31	323
44	0	325	0.00	325
45	1	315	0.32	316
46	3	348	0.85	351
47	1	327	0.30	328
48	1	336	0.30	337
49	0	384	0.00	384
50	0	366	0.00	366
51	2	445	0.45	447
52	2	368	0.54	370
53	1	331	0.30	332
54	0	295	0.00	295
55	1	293	0.34	294
56	0	285	0.00	285
57	2	323	0.62	325
58	1	303	0.33	304
59	0	318	0.00	318
60	2	306	0.65	308
61	0	348	0.00	348
62	2	354	0.56	356
63	0	321	0.00	321
64	5	321	1.53	326
65	0	289	0.00	289
66	1	278	0.36	279
67	3	317	0.94	320
68	1	328	0.30	329
69	0	309	0.00	309
70	1	262	0.38	263
71	2	261	0.76	263
72	0	290	0.00	290
73	0	274	0.00	274
74	1	257	0.39	258
75	2	320	0.62	322
76	2	305	0.65	307
77	2	261	0.76	263
78	1	273	0.36	274
79	0	281	0.00	281
80	0	292	0.00	292
81	1	244	0.41	245
82	1	276	0.36	277
83	3	224	1.32	227
84	1	243	0.41	244
85	1	241	0.41	242
86	1	248	0.40	249
87	0	211	0.00	211
88	0	266	0.00	266
89	1	212	0.47	213
90	1	200	0.50	201
91	0	174	0.00	174
92	0	184	0.00	184
93	2	164	1.20	166
94	0	159	0.00	159
95	0	204	0.00	204
96	1	148	0.67	149
97	0	179	0.00	179
98	1	162	0.61	163
99	1	78	1.27	79
100	0	9	0.00	9
101	0	5	0.00	5
102	0	12	0.00	12
103	0	4	0.00	4
104	0	6	0.00	6
105	0	4	0.00	4
106	0	5	0.00	5
107	0	5	0.00	5
108	0	5	0.00	5
109	0	3	0.00	3
110	0	1	0.00	1
111	0	1	0.00	1
112	0	1	0.00	1
113	0	4	0.00	4
114	0	7	0.00	7
115	0	2	0.00	2
116	0	1	0.00	1
117	0	4	0.00	4
118	0	7	0.00	7
119	0	5	0.00	5
120	0	5	0.00	5
121	0	5	0.00	5
122	0	5	0.00	5
123	0	5	0.00	5
124	0	2	0.00	2
125	0	1	0.00	1
126	0	1	0.00	1
127	0	4	0.00	4
128	0	3	0.00	3
129	0	4	0.00	4
130	0	1	0.00	1
131	0	3	0.00	3
132	0	1	0.00	1
133	0	1	0.00	1
134	0	1	0.00	1
135	0	0		0
136	0	0		0
137	0	1	0.00	1
138	0	0		0
139	0	0		0
140	0	0		0
141	0	1	0.00	1
142	0	1	0.00	1
143	0	3	0.00	3
144	0	1	0.00	1
145	0	1	0.00	1
146	0	0		0
147	0	0		0
148	0	0		0
149	0	1	0.00	1

CpG context (R2)
================
position	count methylated	count unmethylated	% methylation	coverage
1	0	30	0.00	30
2	0	18	0.00	18
3	3	75	3.85	78
4	2	66	2.94	68
5	4	107	3.60	111
6	1	97	1.02	98
7	8	120	6.25	128
8	1	81	1.22	82
9	5	66	7.04	71
10	11	78	12.36	89
11	6	80	6.98	86
12	3	68	4.23	71
13	8	81	8.99	89
14	2	44	4.35	46
15	2	65	2.99	67
16	3	61	4.69	64
17	3	33	8.33	36
18	5	52	8.77	57
19	2	40	4.76	42
20	3	42	6.67	45
21	2	23	8.00	25
22	2	41	4.65	43
23	0	43	0.00	43
24	3	67	4.29	70
25	1	33	2.94	34
26	0	22	0.00	22
27	3	36	7.69	39
28	0	24	0.00	24
29	3	38	7.32	41
30	2	30	6.25	32
31	1	30	3.23	31
32	2	23	8.00	25
33	2	17	10.53	19
34	3	25	10.71	28
35	0	10	0.00	10
36	1	18	5.26	19
37	1	26	3.70	27
38	0	16	0.00	16
39	1	16	5.88	17
40	0	9	0.00	9
41	0	16	0.00	16
42	0	11	0.00	11
43	3	12	20.00	15
44	0	16	0.00	16
45	1	1	50.00	2
46	1	18	5.26	19
47	0	8	0.00	8
48	1	11	8.33	12
49	1	6	14.29	7
50	1	9	10.00	10
51	0	10	0.00	10
52	1	4	20.00	5
53	0	4	0.00	4
54	0	5	0.00	5
55	1	4	20.00	5
56	0	0		0
57	0	3	0.00	3
58	1	9	10.00	10
59	0	6	0.00	6
60	1	1	50.00	2
61	0	3	0.00	3
62	0	0		0
63	1	2	33.33	3
64	0	5	0.00	5
65	1	0	100.00	1
66	0	1	0.00	1
67	0	1	0.00	1
68	0	2	0.00	2
69	0	1	0.00	1
70	0	2	0.00	2
71	0	3	0.00	3
72	0	1	0.00	1
73	0	2	0.00	2
74	0	0		0
75	0	0		0
76	0	2	0.00	2
77	0	0		0
78	0	0		0
79	0	0		0
80	0	0		0
81	0	1	0.00	1
82	0	0		0
83	0	0		0
84	0	0		0
85	0	0		0
86	0	0		0
87	0	0		0
88	0	0		0
89	0	0		0
90	0	0		0
91	0	0		0
92	0	1	0.00	1
93	0	0		0
94	0	1	0.00	1
95	0	0		0
96	0	0		0
97	0	2	0.00	2

CHG context (R2)
================
position	count methylated	count unmethylated	% methylation	coverage
1	24	2078	1.14	2102
2	0	32	0.00	32
3	0	5	0.00	5
4	0	47	0.00	47
5	2	62	3.12	64
6	0	78	0.00	78
7	0	76	0.00	76
8	0	94	0.00	94
9	0	82	0.00	82
10	0	61	0.00	61
11	1	50	1.96	51
12	0	54	0.00	54
13	0	56	0.00	56
14	0	59	0.00	59
15	0	47	0.00	47
16	1	41	2.38	42
17	0	57	0.00	57
18	0	39	0.00	39
19	0	41	0.00	41
20	0	57	0.00	57
21	1	43	2.27	44
22	0	47	0.00	47
23	0	30	0.00	30
24	0	24	0.00	24
25	0	42	0.00	42
26	0	19	0.00	19
27	0	16	0.00	16
28	1	25	3.85	26
29	0	24	0.00	24
30	0	21	0.00	21
31	0	28	0.00	28
32	0	12	0.00	12
33	1	26	3.70	27
34	0	24	0.00	24
35	0	30	0.00	30
36	0	18	0.00	18
37	0	7	0.00	7
38	0	16	0.00	16
39	0	12	0.00	12
40	0	16	0.00	16
41	0	16	0.00	16
42	0	5	0.00	5
43	0	6	0.00	6
44	0	8	0.00	8
45	0	11	0.00	11
46	0	2	0.00	2
47	0	11	0.00	11
48	0	9	0.00	9
49	0	9	0.00	9
50	0	6	0.00	6
51	0	4	0.00	4
52	0	12	0.00	12
53	0	9	0.00	9
54	0	0		0
55	0	5	0.00	5
56	0	8	0.00	8
57	0	0		0
58	0	4	0.00	4
59	0	0		0
60	1	6	14.29	7
61	0	1	0.00	1
62	0	1	0.00	1
63	0	1	0.00	1
64	0	2	0.00	2
65	0	2	0.00	2
66	0	2	0.00	2
67	0	0		0
68	0	0		0
69	0	1	0.00	1
70	0	1	0.00	1
71	0	0		0
72	0	2	0.00	2
73	0	1	0.00	1
74	0	1	0.00	1
75	0	1	0.00	1
76	0	0		0
77	0	0		0
78	0	1	0.00	1
79	0	0		0
80	0	0		0
81	0	0		0
82	0	0		0
83	0	0		0
84	0	0		0
85	0	0		0
86	0	0		0
87	0	1	0.00	1
88	0	0		0
89	0	0		0
90	0	0		0
91	0	0		0
92	0	1	0.00	1
93	0	0		0
94	0	0		0
95	0	0		0
96	0	0		0
97	0	0		0

CHH context (R2)
================
position	count methylated	count unmethylated	% methylation	coverage
1	0	14	0.00	14
2	1	978	0.10	979
3	0	239	0.00	239
4	0	199	0.00	199
5	1	135	0.74	136
6	0	94	0.00	94
7	1	109	0.91	110
8	3	114	2.56	117
9	0	111	0.00	111
10	0	122	0.00	122
11	0	74	0.00	74
12	0	74	0.00	74
13	0	63	0.00	63
14	0	84	0.00	84
15	0	82	0.00	82
16	0	63	0.00	63
17	0	65	0.00	65
18	0	86	0.00	86
19	0	85	0.00	85
20	0	63	0.00	63
21	0	56	0.00	56
22	0	41	0.00	41
23	1	50	1.96	51
24	0	43	0.00	43
25	0	57	0.00	57
26	1	37	2.63	38
27	0	37	0.00	37
28	0	36	0.00	36
29	0	46	0.00	46
30	0	31	0.00	31
31	0	33	0.00	33
32	0	41	0.00	41
33	0	24	0.00	24
34	0	31	0.00	31
35	0	28	0.00	28
36	0	21	0.00	21
37	0	15	0.00	15
38	0	17	0.00	17
39	0	7	0.00	7
40	0	17	0.00	17
41	0	15	0.00	15
42	0	24	0.00	24
43	0	18	0.00	18
44	0	20	0.00	20
45	0	22	0.00	22
46	0	18	0.00	18
47	0	8	0.00	8
48	0	7	0.00	7
49	0	10	0.00	10
50	0	5	0.00	5
51	0	9	0.00	9
52	0	8	0.00	8
53	0	12	0.00	12
54	0	12	0.00	12
55	0	16	0.00	16
56	0	9	0.00	9
57	0	5	0.00	5
58	0	3	0.00	3
59	0	1	0.00	1
60	0	1	0.00	1
61	0	4	0.00	4
62	0	3	0.00	3
63	0	1	0.00	1
64	0	0		0
65	0	0		0
66	0	0		0
67	0	1	0.00	1
68	0	2	0.00	2
69	0	1	0.00	1
70	0	1	0.00	1
71	0	0		0
72	0	0		0
73	0	2	0.00	2
74	0	3	0.00	3
75	0	2	0.00	2
76	0	1	0.00	1
77	0	2	0.00	2
78	0	1	0.00	1
79	0	1	0.00	1
80	0	0		0
81	0	0		0
82	0	0		0
83	0	1	0.00	1
84	0	0		0
85	0	1	0.00	1
86	0	0		0
87	0	0		0
88	0	0		0
89	0	0		0
90	0	0		0
91	0	0		0
92	0	0		0
93	0	1	0.00	1
94	0	1	0.00	1
95	0	0		0
96	0	0		0
97	0	0		0

