CpG context (R1)
================
position	count methylated	count unmethylated	% methylation	coverage
1	214	2160	9.01	2374
2	0	18	0.00	18
3	2	12	14.29	14
4	13	182	6.67	195
5	9	220	3.93	229
6	11	270	3.91	281
7	9	225	3.85	234
8	22	275	7.41	297
9	7	242	2.81	249
10	17	240	6.61	257
11	6	263	2.23	269
12	23	272	7.80	295
13	18	289	5.86	307
14	17	237	6.69	254
15	17	224	7.05	241
16	10	306	3.16	316
17	11	211	4.95	222
18	10	243	3.95	253
19	11	315	3.37	326
20	6	220	2.65	226
21	17	267	5.99	284
22	16	286	5.30	302
23	14	256	5.19	270
24	11	231	4.55	242
25	16	284	5.33	300
26	15	275	5.17	290
27	13	266	4.66	279
28	20	291	6.43	311
29	9	271	3.21	280
30	12	245	4.67	257
31	15	292	4.89	307
32	14	292	4.58	306
33	16	213	6.99	229
34	9	271	3.21	280
35	15	279	5.10	294
36	9	239	3.63	248
37	10	249	3.86	259
38	17	256	6.23	273
39	8	247	3.14	255
40	15	277	5.14	292
41	15	243	5.81	258
42	17	282	5.69	299
43	14	264	5.04	278
44	10	265	3.64	275
45	22	267	7.61	289
46	17	247	6.44	264
47	15	292	4.89	307
48	19	262	6.76	281
49	17	213	7.39	230
50	10	227	4.22	237
51	11	228	4.60	239
52	14	253	5.24	267
53	13	230	5.35	243
54	19	269	6.60	288
55	15	277	5.14	292
56	21	240	8.05	261
57	7	247	2.76	254
58	12	243	4.71	255
59	17	270	5.92	287
60	12	224	5.08	236
61	16	249	6.04	265
62	20	230	8.00	250
63	13	201	6.07	214
64	17	257	6.20	274
65	12	267	4.30	279
66	17	230	6.88	247
67	15	203	6.88	218
68	11	198	5.26	209
69	11	203	5.14	214
70	12	218	5.22	230
71	12	237	4.82	249
72	7	271	2.52	278
73	13	203	6.02	216
74	6	196	2.97	202
75	11	178	5.82	189
76	11	171	6.04	182
77	8	234	3.31	242
78	12	205	5.53	217
79	14	199	6.57	213
80	9	201	4.29	210
81	9	175	4.89	184
82	10	157	5.99	167
83	7	147	4.55	154
84	11	185	5.61	196
85	5	195	2.50	200
86	11	175	5.91	186
87	14	175	7.41	189
88	8	114	6.56	122
89	15	162	8.47	177
90	6	128	4.48	134
91	8	138	5.48	146
92	10	151	6.21	161
93	7	152	4.40	159
94	8	123	6.11	131
95	11	101	9.82	112
96	9	110	7.56	119
97	6	125	4.58	131
98	5	102	4.67	107
99	2	48	4.00	50
100	2	9	18.18	11
101	0	5	0.00	5
102	1	3	25.00	4
103	0	8	0.00	8
104	0	7	0.00	7
105	0	5	0.00	5
106	0	3	0.00	3
107	0	5	0.00	5
108	2	7	22.22	9
109	0	3	0.00	3
110	0	4	0.00	4
111	0	7	0.00	7
112	0	4	0.00	4
113	1	3	25.00	4
114	0	3	0.00	3
115	1	5	16.67	6
116	0	5	0.00	5
117	0	4	0.00	4
118	0	2	0.00	2
119	0	5	0.00	5
120	1	2	33.33	3
121	1	6	14.29	7
122	0	0		0
123	1	2	33.33	3
124	0	0		0
125	1	2	33.33	3
126	2	1	66.67	3
127	1	1	50.00	2
128	0	2	0.00	2
129	1	4	20.00	5
130	0	1	0.00	1
131	1	1	50.00	2
132	0	1	0.00	1
133	0	2	0.00	2
134	0	0		0
135	1	0	100.00	1
136	0	1	0.00	1
137	0	0		0
138	1	2	33.33	3
139	0	0		0
140	0	0		0
141	0	2	0.00	2
142	0	1	0.00	1
143	0	0		0
144	0	0		0
145	0	0		0
146	0	0		0
147	0	0		0
148	0	0		0
149	0	0		0

CHG context (R1)
================
position	count methylated	count unmethylated	% methylation	coverage
1	0	21	0.00	21
2	0	20	0.00	20
3	0	13	0.00	13
4	0	133	0.00	133
5	0	190	0.00	190
6	0	230	0.00	230
7	2	249	0.80	251
8	0	214	0.00	214
9	1	254	0.39	255
10	1	213	0.47	214
11	1	238	0.42	239
12	0	188	0.00	188
13	0	209	0.00	209
14	1	189	0.53	190
15	1	241	0.41	242
16	0	211	0.00	211
17	0	230	0.00	230
18	0	260	0.00	260
19	1	191	0.52	192
20	0	170	0.00	170
21	1	213	0.47	214
22	0	211	0.00	211
23	1	204	0.49	205
24	1	200	0.50	201
25	0	244	0.00	244
26	1	207	0.48	208
27	1	230	0.43	231
28	0	227	0.00	227
29	1	171	0.58	172
30	0	184	0.00	184
31	0	249	0.00	249
32	1	203	0.49	204
33	0	237	0.00	237
34	1	220	0.45	221
35	0	248	0.00	248
36	0	219	0.00	219
37	1	193	0.52	194
38	0	180	0.00	180
39	0	227	0.00	227
40	0	214	0.00	214
41	3	254	1.17	257
42	0	235	0.00	235
43	0	196	0.00	196
44	0	214	0.00	214
45	0	205	0.00	205
46	1	232	0.43	233
47	0	208	0.00	208
48	0	232	0.00	232
49	0	212	0.00	212
50	0	224	0.00	224
51	2	219	0.90	221
52	0	196	0.00	196
53	1	217	0.46	218
54	0	207	0.00	207
55	0	166	0.00	166
56	0	204	0.00	204
57	2	190	1.04	192
58	2	234	0.85	236
59	0	172	0.00	172
60	0	144	0.00	144
61	0	173	0.00	173
62	2	164	1.20	166
63	0	183	0.00	183
64	1	205	0.49	206
65	0	187	0.00	187
66	2	171	1.16	173
67	1	180	0.55	181
68	2	208	0.95	210
69	1	207	0.48	208
70	0	179	0.00	179
71	0	187	0.00	187
72	1	148	0.67	149
73	2	175	1.13	177
74	0	162	0.00	162
75	1	150	0.66	151
76	1	192	0.52	193
77	0	164	0.00	164
78	0	140	0.00	140
79	0	153	0.00	153
80	1	160	0.62	161
81	0	174	0.00	174
82	0	108	0.00	108
83	0	150	0.00	150
84	0	125	0.00	125
85	1	139	0.71	140
86	1	167	0.60	168
87	0	115	0.00	115
88	0	143	0.00	143
89	0	119	0.00	119
90	2	94	2.08	96
91	1	128	0.78	129
92	0	104	0.00	104
93	0	96	0.00	96
94	1	89	1.11	90
95	0	111	0.00	111
96	0	111	0.00	111
97	0	129	0.00	129
98	0	93	0.00	93
99	0	43	0.00	43
100	0	3	0.00	3
101	0	5	0.00	5
102	0	7	0.00	7
103	0	3	0.00	3
104	0	3	0.00	3
105	0	5	0.00	5
106	0	7	0.00	7
107	0	4	0.00	4
108	0	2	0.00	2
109	0	5	0.00	5
110	0	5	0.00	5
111	0	4	0.00	4
112	0	6	0.00	6
113	0	1	0.00	1
114	0	4	0.00	4
115	0	1	0.00	1
116	0	3	0.00	3
117	0	3	0.00	3
118	0	2	0.00	2
119	0	3	0.00	3
120	0	4	0.00	4
121	0	4	0.00	4
122	0	1	0.00	1
123	0	1	0.00	1
124	0	1	0.00	1
125	0	2	0.00	2
126	0	2	0.00	2
127	0	0		0
128	0	1	0.00	1
129	0	0		0
130	0	1	0.00	1
131	0	0		0
132	0	1	0.00	1
133	0	0		0
134	0	1	0.00	1
135	0	3	0.00	3
136	0	0		0
137	0	0		0
138	0	0		0
139	0	0		0
140	0	1	0.00	1
141	0	0		0
142	0	0		0
143	0	0		0
144	0	0		0
145	0	0		0
146	0	0		0
147	0	0		0
148	0	0		0
149	0	1	0.00	1

CHH context (R1)
================
position	count methylated	count unmethylated	% methylation	coverage
1	2	23	8.00	25
2	0	21	0.00	21
3	0	21	0.00	21
4	1	332	0.30	333
5	1	411	0.24	412
6	0	420	0.00	420
7	0	398	0.00	398
8	2	357	0.56	359
9	0	325	0.00	325
10	1	346	0.29	347
11	0	344	0.00	344
12	0	344	0.00	344
13	1	370	0.27	371
14	3	384	0.78	387
15	0	390	0.00	390
16	1	385	0.26	386
17	2	361	0.55	363
18	1	298	0.33	299
19	3	332	0.90	335
20	1	345	0.29	346
21	0	314	0.00	314
22	1	336	0.30	337
23	0	378	0.00	378
24	0	372	0.00	372
25	1	416	0.24	417
26	1	382	0.26	383
27	2	409	0.49	411
28	1	353	0.28	354
29	0	360	0.00	360
30	0	370	0.00	370
31	0	358	0.00	358
32	1	399	0.25	400
33	2	320	0.62	322
34	0	336	0.00	336
35	1	314	0.32	315
36	2	376	0.53	378
37	2	326	0.61	328
38	1	355	0.28	356
39	0	364	0.00	364
40	2	325	0.61	327
41	1	335	0.30	336
42	1	349	0.29	350
43	0	344	0.00	344
44	1	342	0.29	343
45	1	332	0.30	333
46	0	338	0.00	338
47	1	308	0.32	309
48	2	316	0.63	318
49	3	380	0.78	383
50	1	370	0.27	371
51	2	410	0.49	412
52	2	386	0.52	388
53	2	351	0.57	353
54	1	311	0.32	312
55	0	345	0.00	345
56	0	335	0.00	335
57	0	313	0.00	313
58	1	282	0.35	283
59	0	343	0.00	343
60	3	349	0.85	352
61	2	348	0.57	350
62	2	368	0.54	370
63	0	310	0.00	310
64	2	352	0.56	354
65	1	321	0.31	322
66	1	276	0.36	277
67	0	314	0.00	314
68	1	342	0.29	343
69	1	299	0.33	300
70	4	274	1.44	278
71	0	290	0.00	290
72	0	315	0.00	315
73	0	330	0.00	330
74	0	293	0.00	293
75	0	339	0.00	339
76	1	327	0.30	328
77	2	270	0.74	272
78	0	266	0.00	266
79	3	285	1.04	288
80	0	291	0.00	291
81	0	250	0.00	250
82	1	281	0.35	282
83	0	217	0.00	217
84	0	251	0.00	251
85	0	250	0.00	250
86	0	243	0.00	243
87	1	203	0.49	204
88	0	235	0.00	235
89	2	203	0.98	205
90	1	210	0.47	211
91	2	184	1.08	186
92	0	209	0.00	209
93	0	167	0.00	167
94	0	195	0.00	195
95	0	200	0.00	200
96	0	184	0.00	184
97	0	155	0.00	155
98	0	175	0.00	175
99	0	73	0.00	73
100	0	9	0.00	9
101	0	8	0.00	8
102	0	9	0.00	9
103	0	6	0.00	6
104	0	13	0.00	13
105	0	7	0.00	7
106	0	8	0.00	8
107	0	5	0.00	5
108	0	7	0.00	7
109	0	9	0.00	9
110	0	6	0.00	6
111	0	2	0.00	2
112	0	4	0.00	4
113	0	6	0.00	6
114	0	7	0.00	7
115	0	2	0.00	2
116	0	3	0.00	3
117	0	7	0.00	7
118	0	6	0.00	6
119	0	4	0.00	4
120	0	1	0.00	1
121	0	5	0.00	5
122	0	3	0.00	3
123	0	2	0.00	2
124	0	3	0.00	3
125	0	2	0.00	2
126	0	3	0.00	3
127	0	2	0.00	2
128	0	3	0.00	3
129	0	1	0.00	1
130	0	1	0.00	1
131	0	5	0.00	5
132	0	2	0.00	2
133	0	0		0
134	0	2	0.00	2
135	0	0		0
136	0	0		0
137	0	0		0
138	0	1	0.00	1
139	0	2	0.00	2
140	0	2	0.00	2
141	0	0		0
142	0	0		0
143	0	0		0
144	0	0		0
145	0	1	0.00	1
146	0	1	0.00	1
147	0	0		0
148	0	3	0.00	3
149	0	1	0.00	1

CpG context (R2)
================
position	count methylated	count unmethylated	% methylation	coverage
1	0	20	0.00	20
2	0	18	0.00	18
3	6	69	8.00	75
4	2	70	2.78	72
5	3	111	2.63	114
6	4	74	5.13	78
7	5	127	3.79	132
8	2	86	2.27	88
9	6	80	6.98	86
10	8	87	8.42	95
11	4	90	4.26	94
12	5	61	7.58	66
13	4	94	4.08	98
14	1	47	2.08	48
15	5	72	6.49	77
16	3	71	4.05	74
17	2	46	4.17	48
18	5	44	10.20	49
19	3	42	6.67	45
20	1	50	1.96	51
21	3	34	8.11	37
22	1	40	2.44	41
23	3	35	7.89	38
24	5	56	8.20	61
25	1	35	2.78	36
26	0	38	0.00	38
27	6	31	16.22	37
28	3	29	9.38	32
29	2	34	5.56	36
30	3	22	12.00	25
31	1	29	3.33	30
32	2	24	7.69	26
33	0	15	0.00	15
34	2	24	7.69	26
35	0	18	0.00	18
36	0	16	0.00	16
37	1	25	3.85	26
38	0	23	0.00	23
39	0	10	0.00	10
40	0	4	0.00	4
41	0	14	0.00	14
42	0	8	0.00	8
43	1	13	7.14	14
44	0	18	0.00	18
45	0	3	0.00	3
46	0	20	0.00	20
47	0	8	0.00	8
48	0	10	0.00	10
49	1	7	12.50	8
50	1	6	14.29	7
51	0	7	0.00	7
52	0	6	0.00	6
53	0	2	0.00	2
54	0	6	0.00	6
55	0	4	0.00	4
56	1	4	20.00	5
57	0	2	0.00	2
58	0	5	0.00	5
59	0	3	0.00	3
60	0	3	0.00	3
61	0	4	0.00	4
62	0	1	0.00	1
63	0	1	0.00	1
64	0	3	0.00	3
65	0	0		0
66	0	2	0.00	2
67	0	1	0.00	1
68	0	2	0.00	2
69	0	2	0.00	2
70	0	0		0
71	0	2	0.00	2
72	0	1	0.00	1
73	0	0		0
74	0	0		0
75	0	3	0.00	3
76	0	0		0
77	0	3	0.00	3
78	0	0		0
79	0	2	0.00	2
80	0	1	0.00	1
81	0	0		0
82	0	3	0.00	3
83	0	1	0.00	1
84	0	0		0
85	0	0		0
86	0	1	0.00	1
87	0	1	0.00	1
88	0	1	0.00	1
89	0	0		0
90	0	1	0.00	1
91	1	2	33.33	3
92	0	0		0
93	0	0		0
94	0	1	0.00	1
95	0	0		0
96	0	0		0
97	0	3	0.00	3

CHG context (R2)
================
position	count methylated	count unmethylated	% methylation	coverage
1	15	2111	0.71	2126
2	0	22	0.00	22
3	0	6	0.00	6
4	1	52	1.89	53
5	0	59	0.00	59
6	0	69	0.00	69
7	0	71	0.00	71
8	0	95	0.00	95
9	0	77	0.00	77
10	0	73	0.00	73
11	1	75	1.32	76
12	1	43	2.27	44
13	0	35	0.00	35
14	0	54	0.00	54
15	0	47	0.00	47
16	0	47	0.00	47
17	0	60	0.00	60
18	0	43	0.00	43
19	0	46	0.00	46
20	0	43	0.00	43
21	0	42	0.00	42
22	0	47	0.00	47
23	0	28	0.00	28
24	0	26	0.00	26
25	0	41	0.00	41
26	0	19	0.00	19
27	0	21	0.00	21
28	0	27	0.00	27
29	0	28	0.00	28
30	0	28	0.00	28
31	0	35	0.00	35
32	0	18	0.00	18
33	0	23	0.00	23
34	0	18	0.00	18
35	0	26	0.00	26
36	0	19	0.00	19
37	0	13	0.00	13
38	0	9	0.00	9
39	0	17	0.00	17
40	0	20	0.00	20
41	0	23	0.00	23
42	0	2	0.00	2
43	0	8	0.00	8
44	0	5	0.00	5
45	0	11	0.00	11
46	0	1	0.00	1
47	0	11	0.00	11
48	0	6	0.00	6
49	0	11	0.00	11
50	0	13	0.00	13
51	0	3	0.00	3
52	0	12	0.00	12
53	0	5	0.00	5
54	0	0		0
55	0	7	0.00	7
56	0	5	0.00	5
57	0	1	0.00	1
58	0	3	0.00	3
59	0	2	0.00	2
60	0	6	0.00	6
61	0	2	0.00	2
62	0	1	0.00	1
63	0	0		0
64	0	1	0.00	1
65	0	0		0
66	0	0		0
67	0	2	0.00	2
68	0	2	0.00	2
69	0	1	0.00	1
70	0	4	0.00	4
71	0	1	0.00	1
72	0	1	0.00	1
73	0	1	0.00	1
74	0	0		0
75	0	1	0.00	1
76	0	2	0.00	2
77	0	1	0.00	1
78	0	1	0.00	1
79	0	0		0
80	0	2	0.00	2
81	0	0		0
82	0	0		0
83	0	1	0.00	1
84	0	1	0.00	1
85	0	0		0
86	0	4	0.00	4
87	0	1	0.00	1
88	0	0		0
89	0	0		0
90	0	1	0.00	1
91	0	1	0.00	1
92	0	0		0
93	0	0		0
94	0	0		0
95	0	2	0.00	2
96	0	0		0
97	0	0		0

CHH context (R2)
================
position	count methylated	count unmethylated	% methylation	coverage
1	0	11	0.00	11
2	4	954	0.42	958
3	1	266	0.37	267
4	1	189	0.53	190
5	0	157	0.00	157
6	1	92	1.08	93
7	2	120	1.64	122
8	0	135	0.00	135
9	0	127	0.00	127
10	0	135	0.00	135
11	0	93	0.00	93
12	1	106	0.93	107
13	0	80	0.00	80
14	0	80	0.00	80
15	0	73	0.00	73
16	0	59	0.00	59
17	0	71	0.00	71
18	1	74	1.33	75
19	0	78	0.00	78
20	0	51	0.00	51
21	0	49	0.00	49
22	0	39	0.00	39
23	0	45	0.00	45
24	0	37	0.00	37
25	0	40	0.00	40
26	0	35	0.00	35
27	0	28	0.00	28
28	0	21	0.00	21
29	0	35	0.00	35
30	0	28	0.00	28
31	0	25	0.00	25
32	0	29	0.00	29
33	0	27	0.00	27
34	0	23	0.00	23
35	0	27	0.00	27
36	1	19	5.00	20
37	0	11	0.00	11
38	0	15	0.00	15
39	0	10	0.00	10
40	0	17	0.00	17
41	0	14	0.00	14
42	0	20	0.00	20
43	0	12	0.00	12
44	1	16	5.88	17
45	0	15	0.00	15
46	0	20	0.00	20
47	0	9	0.00	9
48	0	5	0.00	5
49	0	8	0.00	8
50	0	12	0.00	12
51	0	18	0.00	18
52	0	13	0.00	13
53	0	10	0.00	10
54	0	7	0.00	7
55	1	9	10.00	10
56	0	7	0.00	7
57	0	8	0.00	8
58	0	5	0.00	5
59	0	6	0.00	6
60	0	2	0.00	2
61	0	3	0.00	3
62	0	4	0.00	4
63	0	1	0.00	1
64	0	3	0.00	3
65	0	1	0.00	1
66	0	2	0.00	2
67	0	0		0
68	0	0		0
69	0	2	0.00	2
70	0	1	0.00	1
71	0	3	0.00	3
72	0	0		0
73	0	3	0.00	3
74	0	0		0
75	0	0		0
76	0	0		0
77	0	0		0
78	0	2	0.00	2
79	0	2	0.00	2
80	0	0		0
81	0	0		0
82	0	1	0.00	1
83	0	1	0.00	1
84	0	0		0
85	0	1	0.00	1
86	0	0		0
87	0	2	0.00	2
88	0	0		0
89	0	1	0.00	1
90	0	0		0
91	0	0		0
92	0	1	0.00	1
93	0	0		0
94	0	2	0.00	2
95	0	1	0.00	1
96	0	0		0
97	0	0		0

