CpG context (R1)
================
position	count methylated	count unmethylated	% methylation	coverage
1	202	2175	8.50	2377
2	1	24	4.00	25
3	2	10	16.67	12
4	9	182	4.71	191
5	15	184	7.54	199
6	9	257	3.38	266
7	14	248	5.34	262
8	22	308	6.67	330
9	11	273	3.87	284
10	12	255	4.49	267
11	9	239	3.63	248
12	17	295	5.45	312
13	18	267	6.32	285
14	13	226	5.44	239
15	13	282	4.41	295
16	14	263	5.05	277
17	12	214	5.31	226
18	7	258	2.64	265
19	20	285	6.56	305
20	15	225	6.25	240
21	13	209	5.86	222
22	12	273	4.21	285
23	14	241	5.49	255
24	17	240	6.61	257
25	9	304	2.88	313
26	15	286	4.98	301
27	15	239	5.91	254
28	20	268	6.94	288
29	11	266	3.97	277
30	9	284	3.07	293
31	15	265	5.36	280
32	15	295	4.84	310
33	17	226	7.00	243
34	9	229	3.78	238
35	14	286	4.67	300
36	15	214	6.55	229
37	17	246	6.46	263
38	15	248	5.70	263
39	16	244	6.15	260
40	11	255	4.14	266
41	13	244	5.06	257
42	16	312	4.88	328
43	12	229	4.98	241
44	12	254	4.51	266
45	15	268	5.30	283
46	20	215	8.51	235
47	16	253	5.95	269
48	10	244	3.94	254
49	18	238	7.03	256
50	11	255	4.14	266
51	16	226	6.61	242
52	10	232	4.13	242
53	10	217	4.41	227
54	11	245	4.30	256
55	15	283	5.03	298
56	15	232	6.07	247
57	14	256	5.19	270
58	13	271	4.58	284
59	15	265	5.36	280
60	17	237	6.69	254
61	9	253	3.44	262
62	20	256	7.25	276
63	11	241	4.37	252
64	19	240	7.34	259
65	12	253	4.53	265
66	17	251	6.34	268
67	17	216	7.30	233
68	6	198	2.94	204
69	17	196	7.98	213
70	7	237	2.87	244
71	8	252	3.08	260
72	10	239	4.02	249
73	12	207	5.48	219
74	8	207	3.72	215
75	13	168	7.18	181
76	13	204	5.99	217
77	10	205	4.65	215
78	9	182	4.71	191
79	4	212	1.85	216
80	10	166	5.68	176
81	4	172	2.27	176
82	12	195	5.80	207
83	5	133	3.62	138
84	5	174	2.79	179
85	9	170	5.03	179
86	13	144	8.28	157
87	8	184	4.17	192
88	9	138	6.12	147
89	9	141	6.00	150
90	3	137	2.14	140
91	6	134	4.29	140
92	9	150	5.66	159
93	8	139	5.44	147
94	5	134	3.60	139
95	7	108	6.09	115
96	5	92	5.15	97
97	4	126	3.08	130
98	5	94	5.05	99
99	6	50	10.71	56
100	0	11	0.00	11
101	1	6	14.29	7
102	0	3	0.00	3
103	0	8	0.00	8
104	0	3	0.00	3
105	0	7	0.00	7
106	0	2	0.00	2
107	0	2	0.00	2
108	0	9	0.00	9
109	1	5	16.67	6
110	0	3	0.00	3
111	1	4	20.00	5
112	0	7	0.00	7
113	0	4	0.00	4
114	0	4	0.00	4
115	0	6	0.00	6
116	0	5	0.00	5
117	0	3	0.00	3
118	1	1	50.00	2
119	0	2	0.00	2
120	0	2	0.00	2
121	1	2	33.33	3
122	0	1	0.00	1
123	0	2	0.00	2
124	0	0		0
125	0	3	0.00	3
126	0	2	0.00	2
127	0	1	0.00	1
128	0	2	0.00	2
129	0	3	0.00	3
130	0	2	0.00	2
131	0	1	0.00	1
132	1	1	50.00	2
133	0	1	0.00	1
134	0	2	0.00	2
135	0	1	0.00	1
136	0	1	0.00	1
137	0	3	0.00	3
138	0	1	0.00	1
139	0	3	0.00	3
140	0	2	0.00	2
141	0	0		0
142	0	0		0
143	0	0		0
144	0	1	0.00	1
145	0	1	0.00	1
146	0	0		0
147	0	0		0
148	0	4	0.00	4
149	0	0		0

CHG context (R1)
================
position	count methylated	count unmethylated	% methylation	coverage
1	2	12	14.29	14
2	0	17	0.00	17
3	0	10	0.00	10
4	0	128	0.00	128
5	1	214	0.47	215
6	1	256	0.39	257
7	3	266	1.12	269
8	0	202	0.00	202
9	1	228	0.44	229
10	0	199	0.00	199
11	1	231	0.43	232
12	0	219	0.00	219
13	0	191	0.00	191
14	0	209	0.00	209
15	2	250	0.79	252
16	0	220	0.00	220
17	1	240	0.41	241
18	1	249	0.40	250
19	0	188	0.00	188
20	1	187	0.53	188
21	0	197	0.00	197
22	0	238	0.00	238
23	2	217	0.91	219
24	0	192	0.00	192
25	0	233	0.00	233
26	0	194	0.00	194
27	0	238	0.00	238
28	1	262	0.38	263
29	2	195	1.02	197
30	1	168	0.59	169
31	1	262	0.38	263
32	3	198	1.49	201
33	0	232	0.00	232
34	1	218	0.46	219
35	0	242	0.00	242
36	0	198	0.00	198
37	0	236	0.00	236
38	1	204	0.49	205
39	0	200	0.00	200
40	2	230	0.86	232
41	0	232	0.00	232
42	0	219	0.00	219
43	1	213	0.47	214
44	0	238	0.00	238
45	0	197	0.00	197
46	0	253	0.00	253
47	1	208	0.48	209
48	0	220	0.00	220
49	1	229	0.43	230
50	0	196	0.00	196
51	2	217	0.91	219
52	1	229	0.43	230
53	2	205	0.97	207
54	0	209	0.00	209
55	0	178	0.00	178
56	0	184	0.00	184
57	1	226	0.44	227
58	0	220	0.00	220
59	1	161	0.62	162
60	0	133	0.00	133
61	0	186	0.00	186
62	0	181	0.00	181
63	0	175	0.00	175
64	2	208	0.95	210
65	1	206	0.48	207
66	0	171	0.00	171
67	0	178	0.00	178
68	1	196	0.51	197
69	1	202	0.49	203
70	0	193	0.00	193
71	1	161	0.62	162
72	0	159	0.00	159
73	3	171	1.72	174
74	0	153	0.00	153
75	1	148	0.67	149
76	0	176	0.00	176
77	0	154	0.00	154
78	1	150	0.66	151
79	1	132	0.75	133
80	0	148	0.00	148
81	1	192	0.52	193
82	0	106	0.00	106
83	0	137	0.00	137
84	0	129	0.00	129
85	0	139	0.00	139
86	0	150	0.00	150
87	1	118	0.84	119
88	1	129	0.77	130
89	0	109	0.00	109
90	0	125	0.00	125
91	1	149	0.67	150
92	0	90	0.00	90
93	0	84	0.00	84
94	2	101	1.94	103
95	0	103	0.00	103
96	0	112	0.00	112
97	1	120	0.83	121
98	0	105	0.00	105
99	0	38	0.00	38
100	0	4	0.00	4
101	0	4	0.00	4
102	0	6	0.00	6
103	0	6	0.00	6
104	0	6	0.00	6
105	0	5	0.00	5
106	0	5	0.00	5
107	0	3	0.00	3
108	0	4	0.00	4
109	0	5	0.00	5
110	0	4	0.00	4
111	0	4	0.00	4
112	1	5	16.67	6
113	0	4	0.00	4
114	0	3	0.00	3
115	0	5	0.00	5
116	0	0		0
117	0	1	0.00	1
118	0	3	0.00	3
119	0	1	0.00	1
120	0	1	0.00	1
121	0	0		0
122	0	3	0.00	3
123	0	0		0
124	0	3	0.00	3
125	0	1	0.00	1
126	0	0		0
127	0	1	0.00	1
128	0	2	0.00	2
129	0	0		0
130	0	0		0
131	0	3	0.00	3
132	0	0		0
133	0	0		0
134	0	3	0.00	3
135	0	1	0.00	1
136	0	3	0.00	3
137	0	0		0
138	0	2	0.00	2
139	0	1	0.00	1
140	0	0		0
141	0	2	0.00	2
142	0	0		0
143	0	0		0
144	0	3	0.00	3
145	0	0		0
146	0	0		0
147	0	1	0.00	1
148	0	0		0
149	0	1	0.00	1

CHH context (R1)
================
position	count methylated	count unmethylated	% methylation	coverage
1	1	34	2.86	35
2	1	35	2.78	36
3	0	22	0.00	22
4	2	357	0.56	359
5	1	401	0.25	402
6	1	433	0.23	434
7	1	360	0.28	361
8	0	344	0.00	344
9	1	314	0.32	315
10	2	333	0.60	335
11	1	310	0.32	311
12	2	338	0.59	340
13	2	393	0.51	395
14	1	384	0.26	385
15	1	352	0.28	353
16	4	333	1.19	337
17	1	322	0.31	323
18	1	303	0.33	304
19	1	338	0.29	339
20	2	328	0.61	330
21	1	377	0.26	378
22	1	333	0.30	334
23	0	332	0.00	332
24	1	364	0.27	365
25	0	394	0.00	394
26	1	345	0.29	346
27	2	437	0.46	439
28	2	380	0.52	382
29	0	300	0.00	300
30	0	393	0.00	393
31	1	354	0.28	355
32	0	360	0.00	360
33	3	339	0.88	342
34	1	341	0.29	342
35	0	321	0.00	321
36	1	372	0.27	373
37	2	345	0.58	347
38	0	323	0.00	323
39	2	333	0.60	335
40	0	317	0.00	317
41	0	307	0.00	307
42	2	316	0.63	318
43	0	345	0.00	345
44	7	320	2.14	327
45	1	313	0.32	314
46	0	343	0.00	343
47	0	325	0.00	325
48	0	323	0.00	323
49	3	374	0.80	377
50	1	359	0.28	360
51	1	390	0.26	391
52	0	329	0.00	329
53	0	328	0.00	328
54	1	304	0.33	305
55	1	325	0.31	326
56	3	290	1.02	293
57	2	307	0.65	309
58	2	295	0.67	297
59	0	297	0.00	297
60	2	316	0.63	318
61	1	321	0.31	322
62	2	315	0.63	317
63	0	306	0.00	306
64	2	322	0.62	324
65	0	308	0.00	308
66	2	283	0.70	285
67	0	326	0.00	326
68	1	317	0.31	318
69	3	292	1.02	295
70	3	281	1.06	284
71	0	289	0.00	289
72	0	265	0.00	265
73	2	307	0.65	309
74	3	256	1.16	259
75	0	315	0.00	315
76	2	273	0.73	275
77	1	259	0.38	260
78	0	259	0.00	259
79	0	301	0.00	301
80	2	303	0.66	305
81	1	241	0.41	242
82	1	257	0.39	258
83	1	217	0.46	218
84	0	236	0.00	236
85	0	251	0.00	251
86	0	259	0.00	259
87	1	190	0.52	191
88	0	243	0.00	243
89	1	191	0.52	192
90	2	185	1.07	187
91	0	173	0.00	173
92	0	173	0.00	173
93	0	185	0.00	185
94	0	162	0.00	162
95	0	207	0.00	207
96	0	173	0.00	173
97	1	157	0.63	158
98	1	168	0.59	169
99	0	70	0.00	70
100	0	8	0.00	8
101	0	7	0.00	7
102	0	6	0.00	6
103	0	2	0.00	2
104	0	6	0.00	6
105	0	4	0.00	4
106	0	14	0.00	14
107	0	6	0.00	6
108	0	8	0.00	8
109	0	6	0.00	6
110	0	5	0.00	5
111	0	2	0.00	2
112	0	5	0.00	5
113	0	6	0.00	6
114	0	4	0.00	4
115	0	1	0.00	1
116	0	4	0.00	4
117	0	4	0.00	4
118	0	7	0.00	7
119	0	3	0.00	3
120	0	3	0.00	3
121	0	4	0.00	4
122	0	2	0.00	2
123	0	3	0.00	3
124	0	3	0.00	3
125	0	2	0.00	2
126	0	1	0.00	1
127	0	4	0.00	4
128	0	2	0.00	2
129	0	2	0.00	2
130	0	4	0.00	4
131	0	2	0.00	2
132	0	3	0.00	3
133	0	4	0.00	4
134	0	1	0.00	1
135	0	1	0.00	1
136	0	0		0
137	0	0		0
138	0	1	0.00	1
139	0	0		0
140	0	1	0.00	1
141	0	3	0.00	3
142	0	2	0.00	2
143	0	2	0.00	2
144	0	0		0
145	0	0		0
146	0	1	0.00	1
147	0	1	0.00	1
148	0	0		0
149	0	1	0.00	1

CpG context (R2)
================
position	count methylated	count unmethylated	% methylation	coverage
1	0	31	0.00	31
2	0	17	0.00	17
3	6	59	9.23	65
4	3	81	3.57	84
5	3	108	2.70	111
6	2	92	2.13	94
7	5	127	3.79	132
8	2	74	2.63	76
9	1	80	1.23	81
10	3	92	3.16	95
11	5	74	6.33	79
12	2	67	2.90	69
13	5	78	6.02	83
14	1	45	2.17	46
15	2	44	4.35	46
16	0	63	0.00	63
17	3	42	6.67	45
18	2	47	4.08	49
19	2	32	5.88	34
20	1	45	2.17	46
21	2	30	6.25	32
22	0	35	0.00	35
23	2	38	5.00	40
24	4	52	7.14	56
25	0	32	0.00	32
26	3	29	9.38	32
27	2	32	5.88	34
28	3	24	11.11	27
29	0	54	0.00	54
30	3	21	12.50	24
31	5	27	15.62	32
32	0	29	0.00	29
33	2	12	14.29	14
34	2	27	6.90	29
35	1	10	9.09	11
36	1	26	3.70	27
37	0	20	0.00	20
38	2	19	9.52	21
39	1	9	10.00	10
40	0	10	0.00	10
41	0	8	0.00	8
42	0	10	0.00	10
43	3	12	20.00	15
44	0	17	0.00	17
45	0	1	0.00	1
46	3	15	16.67	18
47	1	7	12.50	8
48	0	7	0.00	7
49	0	8	0.00	8
50	1	5	16.67	6
51	0	6	0.00	6
52	2	6	25.00	8
53	0	2	0.00	2
54	2	4	33.33	6
55	0	2	0.00	2
56	0	2	0.00	2
57	1	3	25.00	4
58	0	5	0.00	5
59	0	3	0.00	3
60	0	2	0.00	2
61	0	3	0.00	3
62	0	1	0.00	1
63	0	1	0.00	1
64	0	2	0.00	2
65	0	1	0.00	1
66	0	1	0.00	1
67	0	1	0.00	1
68	0	0		0
69	0	2	0.00	2
70	0	1	0.00	1
71	0	1	0.00	1
72	0	2	0.00	2
73	0	0		0
74	0	0		0
75	0	1	0.00	1
76	0	0		0
77	0	1	0.00	1
78	0	0		0
79	0	0		0
80	0	1	0.00	1
81	0	0		0
82	0	0		0
83	0	1	0.00	1
84	0	0		0
85	0	0		0
86	0	0		0
87	0	1	0.00	1
88	0	0		0
89	0	0		0
90	0	0		0
91	0	0		0
92	0	0		0
93	0	0		0
94	0	1	0.00	1
95	0	2	0.00	2
96	0	0		0
97	0	1	0.00	1

CHG context (R2)
================
position	count methylated	count unmethylated	% methylation	coverage
1	11	2118	0.52	2129
2	0	27	0.00	27
3	0	6	0.00	6
4	0	34	0.00	34
5	0	64	0.00	64
6	0	86	0.00	86
7	0	75	0.00	75
8	2	90	2.17	92
9	0	73	0.00	73
10	0	57	0.00	57
11	1	79	1.25	80
12	0	41	0.00	41
13	0	59	0.00	59
14	1	51	1.92	52
15	0	33	0.00	33
16	0	43	0.00	43
17	0	64	0.00	64
18	0	43	0.00	43
19	0	54	0.00	54
20	0	56	0.00	56
21	0	33	0.00	33
22	0	47	0.00	47
23	0	22	0.00	22
24	0	15	0.00	15
25	0	43	0.00	43
26	1	27	3.57	28
27	0	21	0.00	21
28	0	21	0.00	21
29	0	26	0.00	26
30	0	29	0.00	29
31	0	19	0.00	19
32	0	25	0.00	25
33	0	24	0.00	24
34	0	16	0.00	16
35	0	23	0.00	23
36	0	26	0.00	26
37	0	13	0.00	13
38	0	12	0.00	12
39	0	17	0.00	17
40	0	16	0.00	16
41	0	21	0.00	21
42	0	7	0.00	7
43	0	11	0.00	11
44	0	6	0.00	6
45	0	11	0.00	11
46	0	2	0.00	2
47	0	9	0.00	9
48	1	6	14.29	7
49	0	10	0.00	10
50	0	12	0.00	12
51	0	2	0.00	2
52	0	11	0.00	11
53	0	6	0.00	6
54	0	0		0
55	0	4	0.00	4
56	0	6	0.00	6
57	0	0		0
58	0	1	0.00	1
59	0	2	0.00	2
60	0	6	0.00	6
61	0	1	0.00	1
62	0	2	0.00	2
63	0	3	0.00	3
64	0	2	0.00	2
65	0	0		0
66	0	0		0
67	0	1	0.00	1
68	0	1	0.00	1
69	0	0		0
70	0	1	0.00	1
71	0	0		0
72	0	1	0.00	1
73	0	2	0.00	2
74	0	0		0
75	0	1	0.00	1
76	0	0		0
77	0	2	0.00	2
78	0	1	0.00	1
79	0	0		0
80	0	0		0
81	0	0		0
82	0	0		0
83	0	0		0
84	0	1	0.00	1
85	0	0		0
86	0	0		0
87	0	1	0.00	1
88	0	0		0
89	0	0		0
90	0	0		0
91	0	0		0
92	0	0		0
93	0	0		0
94	0	0		0
95	0	0		0
96	0	0		0
97	0	0		0

CHH context (R2)
================
position	count methylated	count unmethylated	% methylation	coverage
1	0	11	0.00	11
2	4	961	0.41	965
3	0	280	0.00	280
4	0	182	0.00	182
5	1	127	0.78	128
6	0	89	0.00	89
7	0	107	0.00	107
8	0	126	0.00	126
9	0	111	0.00	111
10	1	139	0.71	140
11	0	73	0.00	73
12	0	102	0.00	102
13	1	81	1.22	82
14	0	106	0.00	106
15	0	101	0.00	101
16	0	66	0.00	66
17	0	65	0.00	65
18	0	73	0.00	73
19	0	87	0.00	87
20	0	67	0.00	67
21	0	72	0.00	72
22	0	42	0.00	42
23	0	68	0.00	68
24	0	44	0.00	44
25	0	43	0.00	43
26	0	35	0.00	35
27	0	33	0.00	33
28	0	30	0.00	30
29	0	35	0.00	35
30	0	37	0.00	37
31	0	32	0.00	32
32	0	35	0.00	35
33	0	24	0.00	24
34	0	27	0.00	27
35	0	27	0.00	27
36	0	27	0.00	27
37	0	22	0.00	22
38	0	25	0.00	25
39	0	4	0.00	4
40	0	17	0.00	17
41	1	15	6.25	16
42	0	25	0.00	25
43	0	14	0.00	14
44	0	21	0.00	21
45	0	13	0.00	13
46	0	16	0.00	16
47	0	12	0.00	12
48	0	7	0.00	7
49	0	10	0.00	10
50	0	8	0.00	8
51	0	13	0.00	13
52	0	10	0.00	10
53	0	14	0.00	14
54	1	7	12.50	8
55	0	13	0.00	13
56	0	14	0.00	14
57	0	4	0.00	4
58	1	5	16.67	6
59	0	3	0.00	3
60	0	1	0.00	1
61	0	2	0.00	2
62	0	3	0.00	3
63	0	1	0.00	1
64	0	0		0
65	0	0		0
66	0	0		0
67	0	0		0
68	0	3	0.00	3
69	0	3	0.00	3
70	0	0		0
71	0	1	0.00	1
72	0	2	0.00	2
73	0	1	0.00	1
74	0	1	0.00	1
75	0	1	0.00	1
76	0	0		0
77	0	1	0.00	1
78	0	1	0.00	1
79	0	2	0.00	2
80	0	0		0
81	0	0		0
82	0	0		0
83	0	0		0
84	0	2	0.00	2
85	0	1	0.00	1
86	0	0		0
87	0	0		0
88	0	0		0
89	0	0		0
90	0	0		0
91	0	0		0
92	0	0		0
93	0	0		0
94	0	0		0
95	0	0		0
96	0	0		0
97	0	0		0

