CpG context (R1)
================
position	count methylated	count unmethylated	% methylation	coverage
1	177	2199	7.45	2376
2	0	17	0.00	17
3	0	17	0.00	17
4	13	178	6.81	191
5	16	198	7.48	214
6	7	265	2.57	272
7	9	229	3.78	238
8	14	254	5.22	268
9	10	237	4.05	247
10	16	267	5.65	283
11	12	250	4.58	262
12	14	287	4.65	301
13	13	290	4.29	303
14	8	246	3.15	254
15	9	243	3.57	252
16	18	266	6.34	284
17	8	242	3.20	250
18	8	274	2.84	282
19	11	296	3.58	307
20	7	221	3.07	228
21	11	227	4.62	238
22	11	255	4.14	266
23	7	266	2.56	273
24	16	234	6.40	250
25	8	294	2.65	302
26	11	290	3.65	301
27	13	264	4.69	277
28	24	265	8.30	289
29	9	287	3.04	296
30	10	241	3.98	251
31	10	306	3.16	316
32	25	285	8.06	310
33	5	216	2.26	221
34	16	254	5.93	270
35	16	257	5.86	273
36	13	193	6.31	206
37	13	251	4.92	264
38	12	257	4.46	269
39	16	221	6.75	237
40	11	276	3.83	287
41	10	247	3.89	257
42	15	274	5.19	289
43	10	226	4.24	236
44	13	238	5.18	251
45	18	256	6.57	274
46	16	230	6.50	246
47	22	281	7.26	303
48	14	224	5.88	238
49	14	238	5.56	252
50	7	234	2.90	241
51	14	222	5.93	236
52	15	226	6.22	241
53	10	222	4.31	232
54	7	242	2.81	249
55	15	274	5.19	289
56	13	233	5.28	246
57	12	254	4.51	266
58	21	216	8.86	237
59	14	269	4.95	283
60	10	244	3.94	254
61	10	207	4.61	217
62	11	263	4.01	274
63	11	197	5.29	208
64	24	231	9.41	255
65	14	251	5.28	265
66	13	223	5.51	236
67	17	203	7.73	220
68	11	196	5.31	207
69	9	183	4.69	192
70	10	259	3.72	269
71	13	250	4.94	263
72	7	229	2.97	236
73	16	225	6.64	241
74	11	202	5.16	213
75	7	171	3.93	178
76	10	189	5.03	199
77	8	223	3.46	231
78	7	188	3.59	195
79	7	211	3.21	218
80	12	196	5.77	208
81	9	162	5.26	171
82	9	220	3.93	229
83	11	142	7.19	153
84	3	171	1.72	174
85	8	190	4.04	198
86	14	165	7.82	179
87	4	190	2.06	194
88	5	122	3.94	127
89	11	133	7.64	144
90	5	124	3.88	129
91	9	131	6.43	140
92	2	144	1.37	146
93	8	140	5.41	148
94	4	140	2.78	144
95	7	113	5.83	120
96	4	102	3.77	106
97	5	122	3.94	127
98	5	106	4.50	111
99	2	52	3.70	54
100	1	13	7.14	14
101	1	4	20.00	5
102	0	8	0.00	8
103	0	4	0.00	4
104	1	3	25.00	4
105	1	6	14.29	7
106	1	5	16.67	6
107	1	4	20.00	5
108	1	4	20.00	5
109	0	8	0.00	8
110	0	3	0.00	3
111	2	7	22.22	9
112	1	4	20.00	5
113	0	3	0.00	3
114	0	3	0.00	3
115	0	6	0.00	6
116	0	3	0.00	3
117	1	4	20.00	5
118	0	1	0.00	1
119	0	3	0.00	3
120	0	2	0.00	2
121	0	5	0.00	5
122	1	0	100.00	1
123	0	1	0.00	1
124	1	1	50.00	2
125	0	4	0.00	4
126	0	3	0.00	3
127	0	1	0.00	1
128	0	1	0.00	1
129	0	1	0.00	1
130	0	1	0.00	1
131	0	1	0.00	1
132	0	3	0.00	3
133	0	1	0.00	1
134	0	0		0
135	0	2	0.00	2
136	0	0		0
137	0	1	0.00	1
138	0	0		0
139	0	0		0
140	0	1	0.00	1
141	0	0		0
142	0	0		0
143	0	1	0.00	1
144	0	0		0
145	0	1	0.00	1

CHG context (R1)
================
position	count methylated	count unmethylated	% methylation	coverage
1	0	20	0.00	20
2	0	21	0.00	21
3	0	12	0.00	12
4	1	137	0.72	138
5	0	194	0.00	194
6	2	246	0.81	248
7	0	248	0.00	248
8	1	226	0.44	227
9	2	239	0.83	241
10	0	208	0.00	208
11	1	236	0.42	237
12	1	201	0.50	202
13	1	199	0.50	200
14	0	210	0.00	210
15	0	252	0.00	252
16	1	211	0.47	212
17	1	242	0.41	243
18	1	257	0.39	258
19	0	217	0.00	217
20	1	178	0.56	179
21	1	198	0.50	199
22	0	244	0.00	244
23	2	232	0.85	234
24	2	189	1.05	191
25	2	232	0.85	234
26	0	200	0.00	200
27	1	214	0.47	215
28	0	271	0.00	271
29	0	183	0.00	183
30	0	177	0.00	177
31	0	246	0.00	246
32	0	182	0.00	182
33	0	215	0.00	215
34	0	221	0.00	221
35	0	244	0.00	244
36	0	216	0.00	216
37	1	215	0.46	216
38	0	202	0.00	202
39	1	229	0.43	230
40	2	202	0.98	204
41	0	271	0.00	271
42	2	196	1.01	198
43	1	197	0.51	198
44	2	236	0.84	238
45	1	198	0.50	199
46	0	257	0.00	257
47	0	173	0.00	173
48	0	206	0.00	206
49	0	221	0.00	221
50	3	216	1.37	219
51	1	226	0.44	227
52	0	228	0.00	228
53	1	205	0.49	206
54	0	216	0.00	216
55	0	166	0.00	166
56	0	204	0.00	204
57	1	231	0.43	232
58	0	242	0.00	242
59	0	186	0.00	186
60	0	137	0.00	137
61	0	212	0.00	212
62	0	167	0.00	167
63	0	174	0.00	174
64	0	199	0.00	199
65	0	197	0.00	197
66	0	183	0.00	183
67	0	199	0.00	199
68	0	175	0.00	175
69	0	214	0.00	214
70	2	196	1.01	198
71	0	166	0.00	166
72	0	168	0.00	168
73	2	177	1.12	179
74	0	147	0.00	147
75	0	173	0.00	173
76	1	169	0.59	170
77	0	176	0.00	176
78	0	156	0.00	156
79	1	151	0.66	152
80	0	140	0.00	140
81	0	198	0.00	198
82	0	122	0.00	122
83	0	115	0.00	115
84	0	130	0.00	130
85	0	120	0.00	120
86	0	148	0.00	148
87	0	110	0.00	110
88	0	130	0.00	130
89	0	115	0.00	115
90	0	96	0.00	96
91	0	157	0.00	157
92	1	86	1.15	87
93	0	83	0.00	83
94	0	111	0.00	111
95	1	91	1.09	92
96	0	106	0.00	106
97	0	120	0.00	120
98	0	94	0.00	94
99	0	53	0.00	53
100	0	5	0.00	5
101	0	6	0.00	6
102	0	4	0.00	4
103	0	5	0.00	5
104	0	6	0.00	6
105	0	5	0.00	5
106	0	6	0.00	6
107	0	1	0.00	1
108	0	7	0.00	7
109	0	2	0.00	2
110	0	2	0.00	2
111	0	3	0.00	3
112	0	4	0.00	4
113	0	1	0.00	1
114	0	3	0.00	3
115	0	2	0.00	2
116	0	2	0.00	2
117	0	1	0.00	1
118	0	2	0.00	2
119	0	3	0.00	3
120	0	3	0.00	3
121	0	3	0.00	3
122	0	1	0.00	1
123	0	1	0.00	1
124	0	1	0.00	1
125	0	0		0
126	0	0		0
127	0	1	0.00	1
128	0	0		0
129	0	1	0.00	1
130	0	0		0
131	0	0		0
132	0	1	0.00	1
133	0	0		0
134	0	0		0
135	0	1	0.00	1
136	0	0		0
137	0	0		0
138	0	0		0
139	0	1	0.00	1
140	0	0		0
141	0	0		0
142	0	0		0
143	0	0		0
144	0	0		0
145	0	0		0

CHH context (R1)
================
position	count methylated	count unmethylated	% methylation	coverage
1	0	29	0.00	29
2	0	28	0.00	28
3	0	18	0.00	18
4	1	318	0.31	319
5	1	391	0.26	392
6	1	408	0.24	409
7	0	425	0.00	425
8	0	373	0.00	373
9	2	334	0.60	336
10	2	317	0.63	319
11	0	340	0.00	340
12	1	360	0.28	361
13	0	375	0.00	375
14	2	386	0.52	388
15	0	353	0.00	353
16	1	376	0.27	377
17	2	325	0.61	327
18	2	292	0.68	294
19	1	344	0.29	345
20	3	373	0.80	376
21	1	317	0.31	318
22	0	347	0.00	347
23	3	357	0.83	360
24	2	354	0.56	356
25	1	378	0.26	379
26	0	338	0.00	338
27	0	428	0.00	428
28	0	376	0.00	376
29	2	362	0.55	364
30	2	390	0.51	392
31	0	356	0.00	356
32	2	374	0.53	376
33	1	311	0.32	312
34	1	324	0.31	325
35	1	322	0.31	323
36	1	388	0.26	389
37	2	320	0.62	322
38	0	363	0.00	363
39	1	344	0.29	345
40	0	307	0.00	307
41	3	328	0.91	331
42	2	335	0.59	337
43	1	353	0.28	354
44	1	355	0.28	356
45	1	332	0.30	333
46	0	357	0.00	357
47	1	306	0.33	307
48	1	355	0.28	356
49	4	351	1.13	355
50	1	397	0.25	398
51	1	431	0.23	432
52	0	346	0.00	346
53	3	357	0.83	360
54	0	294	0.00	294
55	2	335	0.59	337
56	0	325	0.00	325
57	1	296	0.34	297
58	1	258	0.39	259
59	2	312	0.64	314
60	1	308	0.32	309
61	4	344	1.15	348
62	0	334	0.00	334
63	0	310	0.00	310
64	1	350	0.28	351
65	2	308	0.65	310
66	1	324	0.31	325
67	1	357	0.28	358
68	1	382	0.26	383
69	0	317	0.00	317
70	2	254	0.78	256
71	0	297	0.00	297
72	0	278	0.00	278
73	2	323	0.62	325
74	0	249	0.00	249
75	0	292	0.00	292
76	1	307	0.32	308
77	0	266	0.00	266
78	2	303	0.66	305
79	0	284	0.00	284
80	1	285	0.35	286
81	5	251	1.95	256
82	0	250	0.00	250
83	0	254	0.00	254
84	0	243	0.00	243
85	1	287	0.35	288
86	1	257	0.39	258
87	0	191	0.00	191
88	0	232	0.00	232
89	0	208	0.00	208
90	0	183	0.00	183
91	0	198	0.00	198
92	1	171	0.58	172
93	0	177	0.00	177
94	0	171	0.00	171
95	0	171	0.00	171
96	0	153	0.00	153
97	0	162	0.00	162
98	0	161	0.00	161
99	1	68	1.45	69
100	0	6	0.00	6
101	0	9	0.00	9
102	0	9	0.00	9
103	0	8	0.00	8
104	0	11	0.00	11
105	0	7	0.00	7
106	1	8	11.11	9
107	0	9	0.00	9
108	0	6	0.00	6
109	0	4	0.00	4
110	0	6	0.00	6
111	0	3	0.00	3
112	0	4	0.00	4
113	0	5	0.00	5
114	0	3	0.00	3
115	0	6	0.00	6
116	0	3	0.00	3
117	0	3	0.00	3
118	0	5	0.00	5
119	0	4	0.00	4
120	0	2	0.00	2
121	0	2	0.00	2
122	0	3	0.00	3
123	0	3	0.00	3
124	0	3	0.00	3
125	0	0		0
126	0	1	0.00	1
127	0	2	0.00	2
128	0	1	0.00	1
129	0	1	0.00	1
130	0	0		0
131	0	2	0.00	2
132	0	0		0
133	0	0		0
134	0	1	0.00	1
135	0	0		0
136	0	0		0
137	0	1	0.00	1
138	0	2	0.00	2
139	0	1	0.00	1
140	0	1	0.00	1
141	0	1	0.00	1
142	0	0		0
143	0	0		0
144	0	0		0
145	0	0		0

CpG context (R2)
================
position	count methylated	count unmethylated	% methylation	coverage
1	0	15	0.00	15
2	0	10	0.00	10
3	5	60	7.69	65
4	5	72	6.49	77
5	4	92	4.17	96
6	6	80	6.98	86
7	4	115	3.36	119
8	0	71	0.00	71
9	3	79	3.66	82
10	6	82	6.82	88
11	7	55	11.29	62
12	3	63	4.55	66
13	4	68	5.56	72
14	1	33	2.94	34
15	4	52	7.14	56
16	1	45	2.17	46
17	1	41	2.38	42
18	1	37	2.63	38
19	1	44	2.22	45
20	1	49	2.00	50
21	0	35	0.00	35
22	1	42	2.33	43
23	5	35	12.50	40
24	4	61	6.15	65
25	1	34	2.86	35
26	1	31	3.12	32
27	1	40	2.44	41
28	1	25	3.85	26
29	0	40	0.00	40
30	0	20	0.00	20
31	2	29	6.45	31
32	1	26	3.70	27
33	1	19	5.00	20
34	1	20	4.76	21
35	1	8	11.11	9
36	1	20	4.76	21
37	1	24	4.00	25
38	0	14	0.00	14
39	1	12	7.69	13
40	1	8	11.11	9
41	0	17	0.00	17
42	1	8	11.11	9
43	0	13	0.00	13
44	1	21	4.55	22
45	1	2	33.33	3
46	3	14	17.65	17
47	1	12	7.69	13
48	2	8	20.00	10
49	1	4	20.00	5
50	3	5	37.50	8
51	0	9	0.00	9
52	2	5	28.57	7
53	0	4	0.00	4
54	0	8	0.00	8
55	1	2	33.33	3
56	0	1	0.00	1
57	2	1	66.67	3
58	0	6	0.00	6
59	0	2	0.00	2
60	2	2	50.00	4
61	0	3	0.00	3
62	0	0		0
63	0	4	0.00	4
64	0	1	0.00	1
65	0	3	0.00	3
66	1	2	33.33	3
67	0	0		0
68	0	0		0
69	0	0		0
70	0	0		0
71	1	0	100.00	1
72	0	0		0

CHG context (R2)
================
position	count methylated	count unmethylated	% methylation	coverage
1	8	2149	0.37	2157
2	0	20	0.00	20
3	0	5	0.00	5
4	0	42	0.00	42
5	0	51	0.00	51
6	1	80	1.23	81
7	0	69	0.00	69
8	0	88	0.00	88
9	0	72	0.00	72
10	2	60	3.23	62
11	0	62	0.00	62
12	0	44	0.00	44
13	0	50	0.00	50
14	0	45	0.00	45
15	0	49	0.00	49
16	0	44	0.00	44
17	0	62	0.00	62
18	0	54	0.00	54
19	0	41	0.00	41
20	1	61	1.61	62
21	0	46	0.00	46
22	0	37	0.00	37
23	0	24	0.00	24
24	0	24	0.00	24
25	0	55	0.00	55
26	0	18	0.00	18
27	0	7	0.00	7
28	0	20	0.00	20
29	0	26	0.00	26
30	0	29	0.00	29
31	0	30	0.00	30
32	0	18	0.00	18
33	0	18	0.00	18
34	0	25	0.00	25
35	0	31	0.00	31
36	0	23	0.00	23
37	0	14	0.00	14
38	0	10	0.00	10
39	0	10	0.00	10
40	0	19	0.00	19
41	0	22	0.00	22
42	0	11	0.00	11
43	0	5	0.00	5
44	0	5	0.00	5
45	0	14	0.00	14
46	0	3	0.00	3
47	0	8	0.00	8
48	0	8	0.00	8
49	0	9	0.00	9
50	0	10	0.00	10
51	0	6	0.00	6
52	0	10	0.00	10
53	0	5	0.00	5
54	0	1	0.00	1
55	0	5	0.00	5
56	0	4	0.00	4
57	0	0		0
58	0	1	0.00	1
59	0	0		0
60	0	3	0.00	3
61	0	2	0.00	2
62	0	0		0
63	0	4	0.00	4
64	0	1	0.00	1
65	0	0		0
66	0	0		0
67	0	0		0
68	0	0		0
69	0	0		0
70	0	0		0
71	0	2	0.00	2
72	0	1	0.00	1

CHH context (R2)
================
position	count methylated	count unmethylated	% methylation	coverage
1	1	10	9.09	11
2	2	980	0.20	982
3	2	282	0.70	284
4	1	197	0.51	198
5	2	135	1.46	137
6	1	94	1.05	95
7	0	100	0.00	100
8	0	116	0.00	116
9	0	116	0.00	116
10	1	108	0.92	109
11	0	69	0.00	69
12	0	84	0.00	84
13	1	70	1.41	71
14	0	99	0.00	99
15	0	76	0.00	76
16	0	59	0.00	59
17	0	56	0.00	56
18	0	78	0.00	78
19	1	69	1.43	70
20	0	54	0.00	54
21	0	56	0.00	56
22	0	43	0.00	43
23	0	32	0.00	32
24	0	32	0.00	32
25	0	41	0.00	41
26	0	31	0.00	31
27	1	34	2.86	35
28	0	28	0.00	28
29	0	28	0.00	28
30	0	39	0.00	39
31	0	44	0.00	44
32	0	54	0.00	54
33	0	23	0.00	23
34	0	26	0.00	26
35	1	34	2.86	35
36	1	28	3.45	29
37	0	21	0.00	21
38	0	33	0.00	33
39	0	10	0.00	10
40	0	20	0.00	20
41	0	15	0.00	15
42	0	29	0.00	29
43	0	27	0.00	27
44	0	21	0.00	21
45	0	13	0.00	13
46	0	18	0.00	18
47	0	9	0.00	9
48	0	6	0.00	6
49	0	13	0.00	13
50	0	8	0.00	8
51	0	15	0.00	15
52	0	17	0.00	17
53	0	13	0.00	13
54	0	11	0.00	11
55	0	10	0.00	10
56	0	9	0.00	9
57	0	8	0.00	8
58	0	5	0.00	5
59	0	4	0.00	4
60	0	1	0.00	1
61	0	1	0.00	1
62	0	2	0.00	2
63	0	1	0.00	1
64	0	1	0.00	1
65	0	0		0
66	0	0		0
67	0	0		0
68	0	1	0.00	1
69	0	0		0
70	0	0		0
71	0	0		0
72	0	0		0

