CpG context (R1)
================
position	count methylated	count unmethylated	% methylation	coverage
1	204	2179	8.56	2383
2	0	15	0.00	15
3	1	9	10.00	10
4	16	170	8.60	186
5	8	207	3.72	215
6	10	290	3.33	300
7	8	216	3.57	224
8	17	282	5.69	299
9	8	270	2.88	278
10	15	226	6.22	241
11	7	259	2.63	266
12	18	280	6.04	298
13	16	257	5.86	273
14	12	245	4.67	257
15	12	244	4.69	256
16	16	280	5.41	296
17	9	207	4.17	216
18	9	233	3.72	242
19	18	318	5.36	336
20	10	203	4.69	213
21	14	211	6.22	225
22	14	262	5.07	276
23	17	260	6.14	277
24	15	246	5.75	261
25	8	309	2.52	317
26	12	280	4.11	292
27	10	255	3.77	265
28	23	269	7.88	292
29	8	255	3.04	263
30	7	278	2.46	285
31	14	257	5.17	271
32	10	293	3.30	303
33	7	235	2.89	242
34	13	288	4.32	301
35	19	233	7.54	252
36	16	221	6.75	237
37	15	268	5.30	283
38	19	239	7.36	258
39	7	234	2.90	241
40	12	261	4.40	273
41	14	229	5.76	243
42	13	311	4.01	324
43	14	239	5.53	253
44	18	228	7.32	246
45	16	290	5.23	306
46	10	232	4.13	242
47	17	250	6.37	267
48	10	268	3.60	278
49	18	208	7.96	226
50	18	247	6.79	265
51	18	230	7.26	248
52	16	241	6.23	257
53	13	214	5.73	227
54	7	249	2.73	256
55	14	295	4.53	309
56	5	235	2.08	240
57	13	234	5.26	247
58	12	235	4.86	247
59	14	278	4.79	292
60	12	245	4.67	257
61	13	242	5.10	255
62	21	239	8.08	260
63	22	210	9.48	232
64	8	239	3.24	247
65	18	263	6.41	281
66	10	244	3.94	254
67	20	226	8.13	246
68	9	205	4.21	214
69	3	199	1.49	202
70	13	224	5.49	237
71	12	266	4.32	278
72	7	233	2.92	240
73	8	226	3.42	234
74	16	206	7.21	222
75	13	180	6.74	193
76	11	176	5.88	187
77	7	205	3.30	212
78	9	195	4.41	204
79	9	191	4.50	200
80	2	188	1.05	190
81	6	155	3.73	161
82	12	171	6.56	183
83	9	134	6.29	143
84	4	160	2.44	164
85	7	183	3.68	190
86	7	192	3.52	199
87	7	182	3.70	189
88	2	136	1.45	138
89	9	134	6.29	143
90	4	138	2.82	142
91	8	125	6.02	133
92	5	122	3.94	127
93	7	149	4.49	156
94	4	121	3.20	125
95	5	100	4.76	105
96	6	113	5.04	119
97	2	120	1.64	122
98	6	102	5.56	108
99	5	50	9.09	55
100	0	12	0.00	12
101	0	6	0.00	6
102	0	1	0.00	1
103	0	9	0.00	9
104	0	5	0.00	5
105	0	1	0.00	1
106	0	9	0.00	9
107	1	5	16.67	6
108	0	7	0.00	7
109	0	3	0.00	3
110	0	6	0.00	6
111	0	5	0.00	5
112	0	5	0.00	5
113	1	4	20.00	5
114	0	7	0.00	7
115	0	4	0.00	4
116	0	2	0.00	2
117	1	7	12.50	8
118	0	3	0.00	3
119	0	2	0.00	2
120	0	4	0.00	4
121	0	0		0
122	1	1	50.00	2
123	0	3	0.00	3
124	0	6	0.00	6
125	0	5	0.00	5
126	0	2	0.00	2
127	0	0		0
128	0	4	0.00	4
129	0	3	0.00	3
130	0	1	0.00	1
131	0	6	0.00	6
132	0	2	0.00	2
133	0	3	0.00	3
134	0	2	0.00	2
135	0	0		0
136	0	4	0.00	4
137	0	1	0.00	1
138	0	0		0
139	0	3	0.00	3
140	0	3	0.00	3
141	0	1	0.00	1
142	0	1	0.00	1
143	0	0		0
144	0	0		0
145	0	4	0.00	4
146	0	0		0
147	0	2	0.00	2
148	0	4	0.00	4
149	0	1	0.00	1

CHG context (R1)
================
position	count methylated	count unmethylated	% methylation	coverage
1	0	22	0.00	22
2	1	15	6.25	16
3	0	14	0.00	14
4	1	150	0.66	151
5	0	213	0.00	213
6	0	222	0.00	222
7	1	256	0.39	257
8	0	241	0.00	241
9	4	203	1.93	207
10	1	205	0.49	206
11	0	245	0.00	245
12	1	219	0.45	220
13	1	177	0.56	178
14	1	197	0.51	198
15	1	217	0.46	218
16	0	218	0.00	218
17	1	235	0.42	236
18	0	259	0.00	259
19	1	209	0.48	210
20	0	178	0.00	178
21	0	200	0.00	200
22	0	251	0.00	251
23	1	193	0.52	194
24	1	181	0.55	182
25	0	213	0.00	213
26	0	206	0.00	206
27	0	234	0.00	234
28	0	240	0.00	240
29	0	172	0.00	172
30	1	186	0.53	187
31	4	230	1.71	234
32	1	179	0.56	180
33	0	249	0.00	249
34	3	205	1.44	208
35	1	204	0.49	205
36	1	234	0.43	235
37	0	198	0.00	198
38	1	193	0.52	194
39	0	237	0.00	237
40	1	211	0.47	212
41	1	251	0.40	252
42	0	253	0.00	253
43	2	208	0.95	210
44	1	235	0.42	236
45	2	196	1.01	198
46	2	213	0.93	215
47	1	189	0.53	190
48	0	196	0.00	196
49	1	201	0.50	202
50	1	211	0.47	212
51	0	213	0.00	213
52	1	219	0.45	220
53	0	199	0.00	199
54	1	214	0.47	215
55	0	151	0.00	151
56	1	223	0.45	224
57	2	208	0.95	210
58	0	229	0.00	229
59	2	183	1.08	185
60	2	161	1.23	163
61	1	190	0.52	191
62	0	167	0.00	167
63	1	177	0.56	178
64	0	207	0.00	207
65	0	199	0.00	199
66	1	173	0.57	174
67	1	182	0.55	183
68	0	188	0.00	188
69	0	175	0.00	175
70	0	190	0.00	190
71	0	182	0.00	182
72	1	161	0.62	162
73	2	156	1.27	158
74	0	156	0.00	156
75	2	154	1.28	156
76	0	154	0.00	154
77	0	198	0.00	198
78	1	153	0.65	154
79	1	148	0.67	149
80	0	117	0.00	117
81	0	194	0.00	194
82	1	137	0.72	138
83	0	134	0.00	134
84	1	132	0.75	133
85	0	127	0.00	127
86	0	159	0.00	159
87	0	110	0.00	110
88	1	124	0.80	125
89	0	138	0.00	138
90	1	106	0.93	107
91	1	113	0.88	114
92	0	98	0.00	98
93	0	89	0.00	89
94	0	122	0.00	122
95	0	87	0.00	87
96	0	122	0.00	122
97	0	111	0.00	111
98	0	95	0.00	95
99	0	40	0.00	40
100	0	14	0.00	14
101	0	7	0.00	7
102	0	5	0.00	5
103	0	8	0.00	8
104	0	6	0.00	6
105	0	5	0.00	5
106	0	6	0.00	6
107	0	3	0.00	3
108	0	3	0.00	3
109	0	4	0.00	4
110	0	5	0.00	5
111	0	2	0.00	2
112	0	4	0.00	4
113	0	5	0.00	5
114	0	1	0.00	1
115	0	4	0.00	4
116	0	4	0.00	4
117	0	1	0.00	1
118	0	2	0.00	2
119	0	3	0.00	3
120	0	5	0.00	5
121	0	3	0.00	3
122	0	4	0.00	4
123	0	5	0.00	5
124	0	1	0.00	1
125	0	2	0.00	2
126	0	2	0.00	2
127	0	5	0.00	5
128	0	2	0.00	2
129	0	0		0
130	0	2	0.00	2
131	0	1	0.00	1
132	0	0		0
133	0	2	0.00	2
134	0	0		0
135	0	3	0.00	3
136	0	1	0.00	1
137	0	1	0.00	1
138	0	0		0
139	0	4	0.00	4
140	0	1	0.00	1
141	0	1	0.00	1
142	0	1	0.00	1
143	0	0		0
144	0	2	0.00	2
145	0	1	0.00	1
146	0	0		0
147	0	3	0.00	3
148	0	0		0
149	0	0		0

CHH context (R1)
================
position	count methylated	count unmethylated	% methylation	coverage
1	1	24	4.00	25
2	0	30	0.00	30
3	0	17	0.00	17
4	4	364	1.09	368
5	0	412	0.00	412
6	1	422	0.24	423
7	3	381	0.78	384
8	1	360	0.28	361
9	1	321	0.31	322
10	3	324	0.92	327
11	2	331	0.60	333
12	1	318	0.31	319
13	1	377	0.26	378
14	1	371	0.27	372
15	0	387	0.00	387
16	4	364	1.09	368
17	5	286	1.72	291
18	0	315	0.00	315
19	0	306	0.00	306
20	1	337	0.30	338
21	1	339	0.29	340
22	0	323	0.00	323
23	1	339	0.29	340
24	0	358	0.00	358
25	2	376	0.53	378
26	4	365	1.08	369
27	1	411	0.24	412
28	1	352	0.28	353
29	1	349	0.29	350
30	0	366	0.00	366
31	2	365	0.54	367
32	0	376	0.00	376
33	3	303	0.98	306
34	1	329	0.30	330
35	1	327	0.30	328
36	2	370	0.54	372
37	4	340	1.16	344
38	1	339	0.29	340
39	1	319	0.31	320
40	3	334	0.89	337
41	0	349	0.00	349
42	1	318	0.31	319
43	1	312	0.32	313
44	2	337	0.59	339
45	2	309	0.64	311
46	1	361	0.28	362
47	0	340	0.00	340
48	2	366	0.54	368
49	3	395	0.75	398
50	1	388	0.26	389
51	1	412	0.24	413
52	1	397	0.25	398
53	1	344	0.29	345
54	0	323	0.00	323
55	0	341	0.00	341
56	1	315	0.32	316
57	0	306	0.00	306
58	0	300	0.00	300
59	0	345	0.00	345
60	0	315	0.00	315
61	0	333	0.00	333
62	1	314	0.32	315
63	0	327	0.00	327
64	0	375	0.00	375
65	0	275	0.00	275
66	2	283	0.70	285
67	0	301	0.00	301
68	2	356	0.56	358
69	0	330	0.00	330
70	0	257	0.00	257
71	1	266	0.37	267
72	1	257	0.39	258
73	0	274	0.00	274
74	1	249	0.40	250
75	0	293	0.00	293
76	2	293	0.68	295
77	0	273	0.00	273
78	0	287	0.00	287
79	1	304	0.33	305
80	1	303	0.33	304
81	2	297	0.67	299
82	0	313	0.00	313
83	1	248	0.40	249
84	1	241	0.41	242
85	0	270	0.00	270
86	1	229	0.43	230
87	1	198	0.50	199
88	1	242	0.41	243
89	0	197	0.00	197
90	0	194	0.00	194
91	0	222	0.00	222
92	0	206	0.00	206
93	1	192	0.52	193
94	0	165	0.00	165
95	1	196	0.51	197
96	1	158	0.63	159
97	0	159	0.00	159
98	0	186	0.00	186
99	1	62	1.59	63
100	0	9	0.00	9
101	0	14	0.00	14
102	0	10	0.00	10
103	0	8	0.00	8
104	0	11	0.00	11
105	0	9	0.00	9
106	0	8	0.00	8
107	0	8	0.00	8
108	0	4	0.00	4
109	0	7	0.00	7
110	0	9	0.00	9
111	0	4	0.00	4
112	0	7	0.00	7
113	0	4	0.00	4
114	0	5	0.00	5
115	0	3	0.00	3
116	0	2	0.00	2
117	0	5	0.00	5
118	0	4	0.00	4
119	0	5	0.00	5
120	0	4	0.00	4
121	0	8	0.00	8
122	0	5	0.00	5
123	0	1	0.00	1
124	0	2	0.00	2
125	0	2	0.00	2
126	0	5	0.00	5
127	0	3	0.00	3
128	0	4	0.00	4
129	0	5	0.00	5
130	0	4	0.00	4
131	0	2	0.00	2
132	0	4	0.00	4
133	0	4	0.00	4
134	0	5	0.00	5
135	0	2	0.00	2
136	0	1	0.00	1
137	0	3	0.00	3
138	0	3	0.00	3
139	0	0		0
140	0	2	0.00	2
141	0	2	0.00	2
142	0	1	0.00	1
143	0	1	0.00	1
144	0	2	0.00	2
145	0	1	0.00	1
146	0	0		0
147	0	0		0
148	0	1	0.00	1
149	0	0		0

CpG context (R2)
================
position	count methylated	count unmethylated	% methylation	coverage
1	0	24	0.00	24
2	0	19	0.00	19
3	3	84	3.45	87
4	2	70	2.78	72
5	6	100	5.66	106
6	4	78	4.88	82
7	8	105	7.08	113
8	2	82	2.38	84
9	9	85	9.57	94
10	2	105	1.87	107
11	7	64	9.86	71
12	1	60	1.64	61
13	4	68	5.56	72
14	2	55	3.51	57
15	1	66	1.49	67
16	0	54	0.00	54
17	0	38	0.00	38
18	2	49	3.92	51
19	1	35	2.78	36
20	1	41	2.38	42
21	3	34	8.11	37
22	2	48	4.00	50
23	4	37	9.76	41
24	1	68	1.45	69
25	0	33	0.00	33
26	1	30	3.23	31
27	1	38	2.56	39
28	0	34	0.00	34
29	1	39	2.50	40
30	1	26	3.70	27
31	1	32	3.03	33
32	0	29	0.00	29
33	1	16	5.88	17
34	4	28	12.50	32
35	2	12	14.29	14
36	2	13	13.33	15
37	0	33	0.00	33
38	1	31	3.12	32
39	0	12	0.00	12
40	0	10	0.00	10
41	1	13	7.14	14
42	1	11	8.33	12
43	3	22	12.00	25
44	0	18	0.00	18
45	0	5	0.00	5
46	5	17	22.73	22
47	0	8	0.00	8
48	0	12	0.00	12
49	0	5	0.00	5
50	1	9	10.00	10
51	0	8	0.00	8
52	1	7	12.50	8
53	0	5	0.00	5
54	2	7	22.22	9
55	0	7	0.00	7
56	0	7	0.00	7
57	0	1	0.00	1
58	1	6	14.29	7
59	0	3	0.00	3
60	0	1	0.00	1
61	0	4	0.00	4
62	0	1	0.00	1
63	0	1	0.00	1
64	0	3	0.00	3
65	0	0		0
66	0	3	0.00	3
67	0	1	0.00	1
68	0	0		0
69	0	1	0.00	1
70	0	0		0
71	0	2	0.00	2
72	0	0		0
73	0	0		0
74	0	1	0.00	1
75	0	0		0
76	0	4	0.00	4
77	0	0		0
78	0	0		0
79	0	0		0
80	0	2	0.00	2
81	0	5	0.00	5
82	0	0		0
83	0	1	0.00	1
84	0	0		0
85	0	0		0
86	1	0	100.00	1
87	0	0		0
88	0	0		0
89	0	1	0.00	1
90	0	1	0.00	1
91	0	0		0
92	0	0		0
93	0	0		0
94	0	2	0.00	2
95	0	2	0.00	2
96	0	1	0.00	1
97	0	1	0.00	1

CHG context (R2)
================
position	count methylated	count unmethylated	% methylation	coverage
1	14	2127	0.65	2141
2	0	22	0.00	22
3	0	5	0.00	5
4	1	32	3.03	33
5	0	51	0.00	51
6	0	77	0.00	77
7	0	67	0.00	67
8	0	91	0.00	91
9	0	78	0.00	78
10	0	53	0.00	53
11	0	71	0.00	71
12	0	39	0.00	39
13	0	52	0.00	52
14	0	53	0.00	53
15	0	57	0.00	57
16	0	47	0.00	47
17	0	66	0.00	66
18	0	48	0.00	48
19	0	49	0.00	49
20	0	51	0.00	51
21	0	38	0.00	38
22	0	58	0.00	58
23	0	28	0.00	28
24	0	25	0.00	25
25	0	39	0.00	39
26	0	21	0.00	21
27	0	14	0.00	14
28	0	15	0.00	15
29	0	20	0.00	20
30	0	26	0.00	26
31	0	30	0.00	30
32	0	20	0.00	20
33	0	20	0.00	20
34	0	22	0.00	22
35	0	36	0.00	36
36	0	26	0.00	26
37	0	10	0.00	10
38	0	11	0.00	11
39	0	22	0.00	22
40	0	28	0.00	28
41	0	17	0.00	17
42	0	5	0.00	5
43	0	11	0.00	11
44	0	6	0.00	6
45	0	8	0.00	8
46	0	4	0.00	4
47	0	10	0.00	10
48	0	5	0.00	5
49	1	11	8.33	12
50	0	13	0.00	13
51	0	7	0.00	7
52	0	7	0.00	7
53	0	7	0.00	7
54	0	0		0
55	0	7	0.00	7
56	0	5	0.00	5
57	0	0		0
58	0	2	0.00	2
59	0	1	0.00	1
60	0	3	0.00	3
61	0	0		0
62	0	0		0
63	0	2	0.00	2
64	0	1	0.00	1
65	0	1	0.00	1
66	0	0		0
67	0	0		0
68	0	2	0.00	2
69	0	0		0
70	0	0		0
71	0	1	0.00	1
72	0	1	0.00	1
73	0	1	0.00	1
74	0	3	0.00	3
75	0	1	0.00	1
76	0	0		0
77	0	0		0
78	0	1	0.00	1
79	0	0		0
80	0	0		0
81	0	0		0
82	0	0		0
83	0	2	0.00	2
84	0	0		0
85	0	0		0
86	0	0		0
87	0	2	0.00	2
88	0	0		0
89	0	0		0
90	0	1	0.00	1
91	0	2	0.00	2
92	0	2	0.00	2
93	0	0		0
94	0	0		0
95	0	0		0
96	0	2	0.00	2
97	0	1	0.00	1

CHH context (R2)
================
position	count methylated	count unmethylated	% methylation	coverage
1	0	10	0.00	10
2	1	984	0.10	985
3	2	241	0.82	243
4	0	195	0.00	195
5	0	148	0.00	148
6	1	117	0.85	118
7	1	113	0.88	114
8	1	133	0.75	134
9	0	114	0.00	114
10	1	124	0.80	125
11	0	86	0.00	86
12	0	75	0.00	75
13	0	62	0.00	62
14	0	93	0.00	93
15	0	74	0.00	74
16	0	64	0.00	64
17	0	67	0.00	67
18	1	80	1.23	81
19	0	78	0.00	78
20	0	66	0.00	66
21	0	63	0.00	63
22	0	49	0.00	49
23	1	44	2.22	45
24	0	47	0.00	47
25	0	43	0.00	43
26	0	38	0.00	38
27	0	40	0.00	40
28	1	36	2.70	37
29	0	41	0.00	41
30	0	24	0.00	24
31	0	31	0.00	31
32	0	41	0.00	41
33	0	22	0.00	22
34	0	22	0.00	22
35	0	28	0.00	28
36	0	20	0.00	20
37	0	21	0.00	21
38	0	23	0.00	23
39	0	12	0.00	12
40	0	21	0.00	21
41	0	16	0.00	16
42	0	20	0.00	20
43	0	18	0.00	18
44	0	15	0.00	15
45	0	12	0.00	12
46	1	21	4.55	22
47	0	11	0.00	11
48	0	6	0.00	6
49	0	7	0.00	7
50	0	5	0.00	5
51	0	18	0.00	18
52	0	18	0.00	18
53	1	13	7.14	14
54	0	8	0.00	8
55	0	12	0.00	12
56	0	6	0.00	6
57	0	8	0.00	8
58	0	3	0.00	3
59	0	1	0.00	1
60	0	2	0.00	2
61	0	3	0.00	3
62	0	1	0.00	1
63	0	0		0
64	0	2	0.00	2
65	0	2	0.00	2
66	0	0		0
67	0	0		0
68	0	1	0.00	1
69	0	0		0
70	0	0		0
71	0	0		0
72	0	0		0
73	0	2	0.00	2
74	0	0		0
75	0	0		0
76	0	0		0
77	0	0		0
78	0	0		0
79	0	1	0.00	1
80	0	0		0
81	0	0		0
82	0	0		0
83	0	2	0.00	2
84	0	0		0
85	0	0		0
86	0	0		0
87	0	0		0
88	0	1	0.00	1
89	0	0		0
90	0	1	0.00	1
91	0	1	0.00	1
92	0	1	0.00	1
93	0	5	0.00	5
94	0	3	0.00	3
95	0	0		0
96	0	0		0
97	0	0		0

