CpG context (R1)
================
position	count methylated	count unmethylated	% methylation	coverage
1	204	2179	8.56	2383
2	0	18	0.00	18
3	4	10	28.57	14
4	8	153	4.97	161
5	16	224	6.67	240
6	19	257	6.88	276
7	13	236	5.22	249
8	11	275	3.85	286
9	14	218	6.03	232
10	18	234	7.14	252
11	13	236	5.22	249
12	16	264	5.71	280
13	10	278	3.47	288
14	7	262	2.60	269
15	8	217	3.56	225
16	14	311	4.31	325
17	12	241	4.74	253
18	10	242	3.97	252
19	16	310	4.91	326
20	14	203	6.45	217
21	12	225	5.06	237
22	9	256	3.40	265
23	5	250	1.96	255
24	13	249	4.96	262
25	12	271	4.24	283
26	9	286	3.05	295
27	18	267	6.32	285
28	21	257	7.55	278
29	11	275	3.85	286
30	15	261	5.43	276
31	11	282	3.75	293
32	11	262	4.03	273
33	11	230	4.56	241
34	14	263	5.05	277
35	16	284	5.33	300
36	16	225	6.64	241
37	22	282	7.24	304
38	8	229	3.38	237
39	12	219	5.19	231
40	11	271	3.90	282
41	17	234	6.77	251
42	11	298	3.56	309
43	11	265	3.99	276
44	16	257	5.86	273
45	12	258	4.44	270
46	19	213	8.19	232
47	13	285	4.36	298
48	20	236	7.81	256
49	13	235	5.24	248
50	12	243	4.71	255
51	12	232	4.92	244
52	15	232	6.07	247
53	3	207	1.43	210
54	7	222	3.06	229
55	20	279	6.69	299
56	9	242	3.59	251
57	10	214	4.46	224
58	15	248	5.70	263
59	7	227	2.99	234
60	15	213	6.58	228
61	7	274	2.49	281
62	14	234	5.65	248
63	10	220	4.35	230
64	17	239	6.64	256
65	12	254	4.51	266
66	9	254	3.42	263
67	18	218	7.63	236
68	7	215	3.15	222
69	10	195	4.88	205
70	10	214	4.46	224
71	11	231	4.55	242
72	9	261	3.33	270
73	11	217	4.82	228
74	12	193	5.85	205
75	12	197	5.74	209
76	15	220	6.38	235
77	9	230	3.77	239
78	10	208	4.59	218
79	11	212	4.93	223
80	4	174	2.25	178
81	9	165	5.17	174
82	6	202	2.88	208
83	7	132	5.04	139
84	4	179	2.19	183
85	1	201	0.50	202
86	19	180	9.55	199
87	10	151	6.21	161
88	4	124	3.12	128
89	6	158	3.66	164
90	6	115	4.96	121
91	4	146	2.67	150
92	6	140	4.11	146
93	9	145	5.84	154
94	4	128	3.03	132
95	6	116	4.92	122
96	3	90	3.23	93
97	7	117	5.65	124
98	6	102	5.56	108
99	2	47	4.08	49
100	0	8	0.00	8
101	0	5	0.00	5
102	0	6	0.00	6
103	0	6	0.00	6
104	0	6	0.00	6
105	0	0		0
106	0	4	0.00	4
107	0	4	0.00	4
108	0	3	0.00	3
109	0	4	0.00	4
110	0	3	0.00	3
111	0	6	0.00	6
112	0	5	0.00	5
113	0	3	0.00	3
114	0	2	0.00	2
115	0	3	0.00	3
116	1	2	33.33	3
117	0	5	0.00	5
118	0	0		0
119	0	6	0.00	6
120	0	2	0.00	2
121	0	1	0.00	1
122	0	2	0.00	2
123	0	4	0.00	4
124	0	1	0.00	1
125	0	1	0.00	1
126	0	2	0.00	2
127	0	0		0
128	0	2	0.00	2
129	0	2	0.00	2
130	0	0		0
131	0	3	0.00	3
132	1	1	50.00	2
133	0	3	0.00	3
134	0	0		0
135	0	2	0.00	2
136	0	1	0.00	1
137	0	2	0.00	2
138	0	3	0.00	3
139	0	1	0.00	1
140	0	1	0.00	1
141	0	1	0.00	1
142	0	2	0.00	2
143	0	0		0
144	1	1	50.00	2
145	0	0		0
146	0	0		0
147	0	0		0
148	0	1	0.00	1
149	0	3	0.00	3

CHG context (R1)
================
position	count methylated	count unmethylated	% methylation	coverage
1	0	16	0.00	16
2	0	26	0.00	26
3	0	7	0.00	7
4	0	122	0.00	122
5	0	206	0.00	206
6	1	221	0.45	222
7	2	254	0.78	256
8	0	199	0.00	199
9	1	248	0.40	249
10	0	207	0.00	207
11	0	240	0.00	240
12	1	220	0.45	221
13	0	208	0.00	208
14	0	207	0.00	207
15	2	251	0.79	253
16	1	207	0.48	208
17	0	240	0.00	240
18	0	268	0.00	268
19	3	195	1.52	198
20	0	165	0.00	165
21	1	220	0.45	221
22	1	250	0.40	251
23	0	220	0.00	220
24	2	175	1.13	177
25	2	254	0.78	256
26	0	215	0.00	215
27	1	221	0.45	222
28	3	217	1.36	220
29	0	178	0.00	178
30	0	187	0.00	187
31	0	220	0.00	220
32	0	206	0.00	206
33	1	231	0.43	232
34	1	242	0.41	243
35	2	220	0.90	222
36	0	219	0.00	219
37	1	194	0.51	195
38	0	208	0.00	208
39	0	227	0.00	227
40	1	219	0.45	220
41	2	243	0.82	245
42	1	218	0.46	219
43	0	193	0.00	193
44	1	253	0.39	254
45	0	186	0.00	186
46	2	232	0.85	234
47	0	188	0.00	188
48	0	197	0.00	197
49	0	222	0.00	222
50	1	215	0.46	216
51	1	214	0.47	215
52	1	213	0.47	214
53	0	229	0.00	229
54	0	197	0.00	197
55	0	188	0.00	188
56	1	207	0.48	208
57	2	228	0.87	230
58	0	182	0.00	182
59	0	159	0.00	159
60	2	163	1.21	165
61	1	188	0.53	189
62	1	166	0.60	167
63	1	191	0.52	192
64	0	195	0.00	195
65	0	199	0.00	199
66	2	185	1.07	187
67	1	193	0.52	194
68	0	215	0.00	215
69	0	196	0.00	196
70	0	183	0.00	183
71	0	175	0.00	175
72	0	167	0.00	167
73	0	166	0.00	166
74	0	163	0.00	163
75	0	172	0.00	172
76	0	193	0.00	193
77	0	177	0.00	177
78	0	166	0.00	166
79	0	154	0.00	154
80	1	156	0.64	157
81	0	202	0.00	202
82	0	128	0.00	128
83	0	145	0.00	145
84	0	148	0.00	148
85	0	120	0.00	120
86	0	184	0.00	184
87	0	107	0.00	107
88	0	133	0.00	133
89	0	126	0.00	126
90	0	94	0.00	94
91	0	133	0.00	133
92	0	93	0.00	93
93	1	89	1.11	90
94	0	96	0.00	96
95	3	95	3.06	98
96	0	126	0.00	126
97	0	131	0.00	131
98	1	97	1.02	98
99	0	44	0.00	44
100	0	7	0.00	7
101	0	4	0.00	4
102	0	5	0.00	5
103	0	2	0.00	2
104	0	2	0.00	2
105	0	3	0.00	3
106	0	4	0.00	4
107	0	1	0.00	1
108	0	7	0.00	7
109	0	2	0.00	2
110	0	4	0.00	4
111	0	2	0.00	2
112	0	3	0.00	3
113	0	1	0.00	1
114	0	5	0.00	5
115	0	2	0.00	2
116	0	0		0
117	0	1	0.00	1
118	0	5	0.00	5
119	0	0		0
120	0	2	0.00	2
121	0	4	0.00	4
122	0	0		0
123	0	1	0.00	1
124	0	1	0.00	1
125	0	1	0.00	1
126	0	0		0
127	0	1	0.00	1
128	0	1	0.00	1
129	0	0		0
130	0	1	0.00	1
131	0	1	0.00	1
132	0	2	0.00	2
133	0	0		0
134	0	1	0.00	1
135	0	0		0
136	0	1	0.00	1
137	0	0		0
138	0	0		0
139	0	1	0.00	1
140	0	0		0
141	0	2	0.00	2
142	0	1	0.00	1
143	0	0		0
144	0	0		0
145	0	0		0
146	0	0		0
147	0	0		0
148	0	3	0.00	3
149	0	0		0

CHH context (R1)
================
position	count methylated	count unmethylated	% methylation	coverage
1	0	33	0.00	33
2	0	24	0.00	24
3	0	15	0.00	15
4	0	355	0.00	355
5	1	412	0.24	413
6	2	430	0.46	432
7	1	401	0.25	402
8	1	375	0.27	376
9	1	323	0.31	324
10	0	348	0.00	348
11	3	330	0.90	333
12	0	343	0.00	343
13	0	385	0.00	385
14	1	360	0.28	361
15	2	370	0.54	372
16	1	333	0.30	334
17	0	335	0.00	335
18	0	286	0.00	286
19	0	318	0.00	318
20	3	349	0.85	352
21	2	319	0.62	321
22	1	321	0.31	322
23	0	345	0.00	345
24	1	360	0.28	361
25	2	393	0.51	395
26	0	362	0.00	362
27	0	379	0.00	379
28	2	357	0.56	359
29	0	337	0.00	337
30	1	355	0.28	356
31	1	325	0.31	326
32	1	356	0.28	357
33	0	314	0.00	314
34	3	334	0.89	337
35	1	299	0.33	300
36	0	380	0.00	380
37	3	342	0.87	345
38	0	336	0.00	336
39	1	348	0.29	349
40	3	304	0.98	307
41	1	326	0.31	327
42	0	331	0.00	331
43	0	327	0.00	327
44	3	366	0.81	369
45	1	305	0.33	306
46	1	348	0.29	349
47	2	321	0.62	323
48	2	316	0.63	318
49	0	382	0.00	382
50	2	366	0.54	368
51	1	401	0.25	402
52	1	358	0.28	359
53	2	357	0.56	359
54	2	328	0.61	330
55	0	339	0.00	339
56	0	305	0.00	305
57	0	271	0.00	271
58	0	284	0.00	284
59	0	323	0.00	323
60	3	316	0.94	319
61	3	313	0.95	316
62	1	346	0.29	347
63	2	296	0.67	298
64	0	348	0.00	348
65	0	298	0.00	298
66	0	289	0.00	289
67	2	365	0.54	367
68	2	323	0.62	325
69	1	305	0.33	306
70	1	290	0.34	291
71	1	276	0.36	277
72	1	279	0.36	280
73	1	279	0.36	280
74	1	271	0.37	272
75	0	338	0.00	338
76	1	302	0.33	303
77	0	249	0.00	249
78	0	249	0.00	249
79	1	261	0.38	262
80	0	327	0.00	327
81	1	233	0.43	234
82	0	256	0.00	256
83	0	237	0.00	237
84	3	241	1.23	244
85	0	251	0.00	251
86	1	248	0.40	249
87	0	217	0.00	217
88	2	252	0.79	254
89	0	221	0.00	221
90	1	190	0.52	191
91	0	203	0.00	203
92	0	212	0.00	212
93	1	168	0.59	169
94	1	162	0.61	163
95	0	195	0.00	195
96	0	162	0.00	162
97	1	166	0.60	167
98	0	159	0.00	159
99	0	77	0.00	77
100	0	9	0.00	9
101	0	6	0.00	6
102	0	3	0.00	3
103	0	3	0.00	3
104	0	7	0.00	7
105	0	5	0.00	5
106	0	8	0.00	8
107	0	9	0.00	9
108	0	7	0.00	7
109	0	4	0.00	4
110	0	5	0.00	5
111	0	4	0.00	4
112	0	5	0.00	5
113	0	4	0.00	4
114	0	3	0.00	3
115	0	5	0.00	5
116	0	0		0
117	0	3	0.00	3
118	0	1	0.00	1
119	0	1	0.00	1
120	0	2	0.00	2
121	0	1	0.00	1
122	0	2	0.00	2
123	0	1	0.00	1
124	0	5	0.00	5
125	0	2	0.00	2
126	0	4	0.00	4
127	0	2	0.00	2
128	0	1	0.00	1
129	0	1	0.00	1
130	0	1	0.00	1
131	0	1	0.00	1
132	0	1	0.00	1
133	0	1	0.00	1
134	0	1	0.00	1
135	0	2	0.00	2
136	0	0		0
137	0	0		0
138	0	0		0
139	0	0		0
140	0	1	0.00	1
141	0	0		0
142	0	0		0
143	0	2	0.00	2
144	0	0		0
145	0	1	0.00	1
146	0	2	0.00	2
147	0	2	0.00	2
148	0	1	0.00	1
149	0	2	0.00	2

CpG context (R2)
================
position	count methylated	count unmethylated	% methylation	coverage
1	0	20	0.00	20
2	0	14	0.00	14
3	2	64	3.03	66
4	2	86	2.27	88
5	3	120	2.44	123
6	4	90	4.26	94
7	3	138	2.13	141
8	2	82	2.38	84
9	3	79	3.66	82
10	6	65	8.45	71
11	1	77	1.28	78
12	7	69	9.21	76
13	3	66	4.35	69
14	3	43	6.52	46
15	4	78	4.88	82
16	0	54	0.00	54
17	1	35	2.78	36
18	4	37	9.76	41
19	2	43	4.44	45
20	7	41	14.58	48
21	2	40	4.76	42
22	4	50	7.41	54
23	2	43	4.44	45
24	2	47	4.08	49
25	0	35	0.00	35
26	0	34	0.00	34
27	3	38	7.32	41
28	1	25	3.85	26
29	1	30	3.23	31
30	3	22	12.00	25
31	1	27	3.57	28
32	0	32	0.00	32
33	2	11	15.38	13
34	4	21	16.00	25
35	0	17	0.00	17
36	0	17	0.00	17
37	0	27	0.00	27
38	1	13	7.14	14
39	0	13	0.00	13
40	0	4	0.00	4
41	0	9	0.00	9
42	1	11	8.33	12
43	1	15	6.25	16
44	1	6	14.29	7
45	0	6	0.00	6
46	2	9	18.18	11
47	0	6	0.00	6
48	1	7	12.50	8
49	0	6	0.00	6
50	1	6	14.29	7
51	0	4	0.00	4
52	0	8	0.00	8
53	0	6	0.00	6
54	0	7	0.00	7
55	0	5	0.00	5
56	0	9	0.00	9
57	0	3	0.00	3
58	0	4	0.00	4
59	0	4	0.00	4
60	0	2	0.00	2
61	0	1	0.00	1
62	0	0		0
63	1	4	20.00	5
64	0	1	0.00	1
65	1	1	50.00	2
66	0	6	0.00	6
67	0	1	0.00	1
68	0	0		0
69	0	2	0.00	2
70	0	0		0
71	0	0		0
72	0	0		0
73	0	0		0
74	0	0		0
75	0	1	0.00	1
76	0	0		0
77	0	0		0
78	0	0		0
79	0	0		0
80	0	1	0.00	1
81	0	0		0
82	0	0		0
83	0	1	0.00	1
84	0	0		0
85	0	0		0
86	0	0		0
87	0	0		0
88	0	0		0
89	0	0		0
90	0	0		0
91	0	0		0
92	0	0		0
93	0	0		0
94	0	1	0.00	1
95	0	0		0
96	0	0		0
97	0	1	0.00	1

CHG context (R2)
================
position	count methylated	count unmethylated	% methylation	coverage
1	15	2123	0.70	2138
2	0	23	0.00	23
3	0	5	0.00	5
4	0	47	0.00	47
5	0	62	0.00	62
6	0	81	0.00	81
7	0	73	0.00	73
8	1	98	1.01	99
9	0	85	0.00	85
10	0	59	0.00	59
11	0	71	0.00	71
12	0	38	0.00	38
13	0	46	0.00	46
14	0	55	0.00	55
15	0	48	0.00	48
16	0	52	0.00	52
17	1	43	2.27	44
18	0	61	0.00	61
19	0	48	0.00	48
20	0	60	0.00	60
21	0	31	0.00	31
22	1	36	2.70	37
23	0	27	0.00	27
24	0	21	0.00	21
25	0	45	0.00	45
26	0	17	0.00	17
27	0	19	0.00	19
28	0	20	0.00	20
29	0	28	0.00	28
30	0	21	0.00	21
31	0	25	0.00	25
32	0	23	0.00	23
33	0	26	0.00	26
34	0	14	0.00	14
35	0	26	0.00	26
36	0	13	0.00	13
37	0	12	0.00	12
38	0	8	0.00	8
39	0	10	0.00	10
40	0	19	0.00	19
41	1	13	7.14	14
42	0	8	0.00	8
43	0	4	0.00	4
44	0	5	0.00	5
45	0	1	0.00	1
46	0	3	0.00	3
47	0	5	0.00	5
48	0	5	0.00	5
49	0	5	0.00	5
50	1	11	8.33	12
51	0	2	0.00	2
52	0	5	0.00	5
53	0	2	0.00	2
54	0	4	0.00	4
55	0	5	0.00	5
56	0	8	0.00	8
57	0	1	0.00	1
58	0	4	0.00	4
59	0	2	0.00	2
60	0	7	0.00	7
61	0	1	0.00	1
62	0	0		0
63	0	2	0.00	2
64	0	4	0.00	4
65	0	0		0
66	0	0		0
67	0	3	0.00	3
68	0	0		0
69	0	0		0
70	0	3	0.00	3
71	0	1	0.00	1
72	0	1	0.00	1
73	0	2	0.00	2
74	0	0		0
75	0	1	0.00	1
76	0	0		0
77	0	0		0
78	0	2	0.00	2
79	0	0		0
80	0	1	0.00	1
81	0	0		0
82	0	0		0
83	0	1	0.00	1
84	0	0		0
85	0	0		0
86	0	0		0
87	0	1	0.00	1
88	0	0		0
89	0	0		0
90	0	0		0
91	0	0		0
92	0	0		0
93	0	0		0
94	0	0		0
95	0	0		0
96	0	0		0
97	0	0		0

CHH context (R2)
================
position	count methylated	count unmethylated	% methylation	coverage
1	0	14	0.00	14
2	3	951	0.31	954
3	0	272	0.00	272
4	0	177	0.00	177
5	1	138	0.72	139
6	0	95	0.00	95
7	0	112	0.00	112
8	0	134	0.00	134
9	0	121	0.00	121
10	0	129	0.00	129
11	0	89	0.00	89
12	0	90	0.00	90
13	1	63	1.56	64
14	0	85	0.00	85
15	0	81	0.00	81
16	0	53	0.00	53
17	0	78	0.00	78
18	1	75	1.32	76
19	0	91	0.00	91
20	0	59	0.00	59
21	0	47	0.00	47
22	0	45	0.00	45
23	0	50	0.00	50
24	0	31	0.00	31
25	0	42	0.00	42
26	0	35	0.00	35
27	0	27	0.00	27
28	0	37	0.00	37
29	0	29	0.00	29
30	0	27	0.00	27
31	0	24	0.00	24
32	0	30	0.00	30
33	1	18	5.26	19
34	0	26	0.00	26
35	0	25	0.00	25
36	0	19	0.00	19
37	0	15	0.00	15
38	0	21	0.00	21
39	0	12	0.00	12
40	0	19	0.00	19
41	0	12	0.00	12
42	0	12	0.00	12
43	0	15	0.00	15
44	0	18	0.00	18
45	0	14	0.00	14
46	0	14	0.00	14
47	0	16	0.00	16
48	0	2	0.00	2
49	0	6	0.00	6
50	0	9	0.00	9
51	0	14	0.00	14
52	0	10	0.00	10
53	0	9	0.00	9
54	0	9	0.00	9
55	0	4	0.00	4
56	0	7	0.00	7
57	0	7	0.00	7
58	0	3	0.00	3
59	0	0		0
60	0	4	0.00	4
61	0	6	0.00	6
62	0	5	0.00	5
63	0	0		0
64	0	0		0
65	0	2	0.00	2
66	0	0		0
67	0	0		0
68	0	2	0.00	2
69	0	1	0.00	1
70	0	0		0
71	0	0		0
72	0	0		0
73	0	0		0
74	0	2	0.00	2
75	0	0		0
76	0	0		0
77	0	0		0
78	0	0		0
79	0	1	0.00	1
80	0	0		0
81	0	0		0
82	0	0		0
83	0	0		0
84	0	1	0.00	1
85	0	0		0
86	0	0		0
87	0	0		0
88	0	0		0
89	0	0		0
90	0	0		0
91	0	0		0
92	0	0		0
93	0	0		0
94	0	0		0
95	0	0		0
96	0	0		0
97	0	0		0

