CpG context (R1)
================
position	count methylated	count unmethylated	% methylation	coverage
1	193	2191	8.10	2384
2	0	19	0.00	19
3	4	18	18.18	22
4	13	196	6.22	209
5	13	195	6.25	208
6	12	267	4.30	279
7	8	222	3.48	230
8	12	267	4.30	279
9	12	231	4.94	243
10	19	256	6.91	275
11	6	235	2.49	241
12	12	288	4.00	300
13	7	283	2.41	290
14	17	254	6.27	271
15	13	223	5.51	236
16	6	261	2.25	267
17	6	228	2.56	234
18	14	218	6.03	232
19	13	300	4.15	313
20	12	223	5.11	235
21	6	232	2.52	238
22	14	283	4.71	297
23	11	277	3.82	288
24	13	251	4.92	264
25	15	330	4.35	345
26	19	256	6.91	275
27	5	257	1.91	262
28	15	260	5.45	275
29	10	250	3.85	260
30	17	241	6.59	258
31	14	293	4.56	307
32	7	271	2.52	278
33	9	221	3.91	230
34	16	246	6.11	262
35	15	270	5.26	285
36	11	229	4.58	240
37	15	286	4.98	301
38	14	224	5.88	238
39	11	219	4.78	230
40	14	280	4.76	294
41	11	211	4.95	222
42	11	294	3.61	305
43	13	271	4.58	284
44	12	261	4.40	273
45	10	285	3.39	295
46	10	247	3.89	257
47	21	276	7.07	297
48	8	247	3.14	255
49	15	236	5.98	251
50	5	248	1.98	253
51	17	245	6.49	262
52	11	219	4.78	230
53	3	236	1.26	239
54	18	231	7.23	249
55	16	279	5.42	295
56	13	201	6.07	214
57	13	245	5.04	258
58	11	236	4.45	247
59	9	306	2.86	315
60	6	221	2.64	227
61	12	265	4.33	277
62	16	208	7.14	224
63	15	196	7.11	211
64	7	232	2.93	239
65	10	283	3.41	293
66	8	257	3.02	265
67	12	221	5.15	233
68	13	190	6.40	203
69	6	179	3.24	185
70	8	211	3.65	219
71	18	241	6.95	259
72	10	248	3.88	258
73	9	219	3.95	228
74	8	208	3.70	216
75	9	179	4.79	188
76	8	197	3.90	205
77	7	226	3.00	233
78	9	228	3.80	237
79	9	211	4.09	220
80	6	170	3.41	176
81	9	171	5.00	180
82	9	214	4.04	223
83	9	140	6.04	149
84	3	160	1.84	163
85	8	167	4.57	175
86	3	156	1.89	159
87	7	173	3.89	180
88	2	140	1.41	142
89	6	147	3.92	153
90	7	113	5.83	120
91	6	152	3.80	158
92	3	118	2.48	121
93	8	125	6.02	133
94	7	137	4.86	144
95	5	117	4.10	122
96	7	104	6.31	111
97	3	116	2.52	119
98	7	96	6.80	103
99	6	33	15.38	39
100	2	11	15.38	13
101	0	3	0.00	3
102	0	6	0.00	6
103	0	7	0.00	7
104	0	4	0.00	4
105	1	4	20.00	5
106	0	3	0.00	3
107	2	5	28.57	7
108	0	2	0.00	2
109	0	7	0.00	7
110	0	3	0.00	3
111	0	6	0.00	6
112	0	3	0.00	3
113	0	5	0.00	5
114	0	3	0.00	3
115	0	2	0.00	2
116	0	4	0.00	4
117	0	4	0.00	4
118	0	2	0.00	2
119	0	2	0.00	2
120	0	5	0.00	5
121	0	1	0.00	1
122	0	2	0.00	2
123	0	5	0.00	5
124	0	0		0
125	0	4	0.00	4
126	0	4	0.00	4
127	0	1	0.00	1
128	1	0	100.00	1
129	0	1	0.00	1
130	2	1	66.67	3
131	0	1	0.00	1
132	1	2	33.33	3
133	0	1	0.00	1
134	0	0		0
135	0	2	0.00	2
136	0	3	0.00	3
137	1	1	50.00	2
138	0	3	0.00	3
139	0	0		0
140	0	0		0
141	0	1	0.00	1
142	0	0		0
143	0	0		0
144	1	1	50.00	2
145	0	1	0.00	1
146	0	0		0
147	0	0		0
148	0	0		0
149	0	2	0.00	2

CHG context (R1)
================
position	count methylated	count unmethylated	% methylation	coverage
1	0	21	0.00	21
2	0	20	0.00	20
3	0	6	0.00	6
4	0	125	0.00	125
5	0	189	0.00	189
6	1	239	0.42	240
7	2	240	0.83	242
8	2	210	0.94	212
9	0	263	0.00	263
10	0	184	0.00	184
11	1	233	0.43	234
12	1	192	0.52	193
13	0	209	0.00	209
14	1	195	0.51	196
15	0	250	0.00	250
16	0	216	0.00	216
17	1	223	0.45	224
18	0	238	0.00	238
19	0	223	0.00	223
20	1	144	0.69	145
21	0	225	0.00	225
22	1	245	0.41	246
23	0	194	0.00	194
24	0	190	0.00	190
25	0	240	0.00	240
26	0	200	0.00	200
27	0	241	0.00	241
28	1	242	0.41	243
29	0	196	0.00	196
30	1	222	0.45	223
31	2	239	0.83	241
32	0	188	0.00	188
33	0	210	0.00	210
34	0	235	0.00	235
35	1	225	0.44	226
36	0	218	0.00	218
37	0	199	0.00	199
38	1	201	0.50	202
39	0	229	0.00	229
40	0	188	0.00	188
41	5	262	1.87	267
42	0	228	0.00	228
43	3	214	1.38	217
44	1	240	0.41	241
45	1	198	0.50	199
46	0	234	0.00	234
47	0	173	0.00	173
48	1	219	0.45	220
49	4	191	2.05	195
50	0	231	0.00	231
51	1	205	0.49	206
52	0	195	0.00	195
53	1	207	0.48	208
54	2	204	0.97	206
55	1	181	0.55	182
56	0	237	0.00	237
57	0	216	0.00	216
58	0	199	0.00	199
59	0	163	0.00	163
60	0	150	0.00	150
61	1	199	0.50	200
62	0	182	0.00	182
63	0	196	0.00	196
64	2	200	0.99	202
65	0	199	0.00	199
66	0	148	0.00	148
67	1	201	0.50	202
68	0	200	0.00	200
69	0	185	0.00	185
70	0	179	0.00	179
71	0	178	0.00	178
72	0	155	0.00	155
73	1	168	0.59	169
74	1	151	0.66	152
75	3	156	1.89	159
76	0	183	0.00	183
77	1	180	0.55	181
78	0	144	0.00	144
79	0	149	0.00	149
80	3	145	2.03	148
81	1	176	0.56	177
82	1	132	0.75	133
83	0	132	0.00	132
84	1	116	0.85	117
85	0	135	0.00	135
86	1	154	0.65	155
87	0	101	0.00	101
88	6	133	4.32	139
89	0	107	0.00	107
90	1	116	0.85	117
91	0	140	0.00	140
92	1	82	1.20	83
93	0	101	0.00	101
94	0	86	0.00	86
95	0	89	0.00	89
96	0	108	0.00	108
97	0	112	0.00	112
98	0	88	0.00	88
99	0	43	0.00	43
100	1	8	11.11	9
101	0	10	0.00	10
102	0	7	0.00	7
103	0	2	0.00	2
104	0	7	0.00	7
105	0	7	0.00	7
106	0	10	0.00	10
107	1	1	50.00	2
108	0	6	0.00	6
109	0	1	0.00	1
110	0	1	0.00	1
111	0	3	0.00	3
112	0	4	0.00	4
113	0	1	0.00	1
114	1	1	50.00	2
115	0	6	0.00	6
116	0	2	0.00	2
117	0	2	0.00	2
118	0	3	0.00	3
119	0	2	0.00	2
120	0	1	0.00	1
121	0	0		0
122	0	2	0.00	2
123	0	0		0
124	0	0		0
125	0	0		0
126	0	1	0.00	1
127	0	2	0.00	2
128	0	0		0
129	0	2	0.00	2
130	0	2	0.00	2
131	0	0		0
132	0	2	0.00	2
133	0	1	0.00	1
134	0	2	0.00	2
135	0	0		0
136	0	0		0
137	0	0		0
138	0	0		0
139	0	0		0
140	0	1	0.00	1
141	0	0		0
142	0	0		0
143	0	1	0.00	1
144	0	0		0
145	0	1	0.00	1
146	0	0		0
147	0	2	0.00	2
148	0	3	0.00	3
149	0	0		0

CHH context (R1)
================
position	count methylated	count unmethylated	% methylation	coverage
1	0	28	0.00	28
2	0	27	0.00	27
3	0	25	0.00	25
4	1	344	0.29	345
5	1	398	0.25	399
6	1	412	0.24	413
7	2	375	0.53	377
8	1	363	0.27	364
9	1	282	0.35	283
10	2	326	0.61	328
11	2	311	0.64	313
12	0	354	0.00	354
13	3	371	0.80	374
14	0	342	0.00	342
15	2	362	0.55	364
16	4	352	1.12	356
17	0	295	0.00	295
18	0	286	0.00	286
19	1	316	0.32	317
20	0	366	0.00	366
21	2	341	0.58	343
22	1	322	0.31	323
23	2	334	0.60	336
24	0	327	0.00	327
25	2	378	0.53	380
26	5	346	1.42	351
27	1	406	0.25	407
28	0	375	0.00	375
29	1	328	0.30	329
30	0	343	0.00	343
31	1	316	0.32	317
32	1	346	0.29	347
33	2	321	0.62	323
34	1	317	0.31	318
35	1	309	0.32	310
36	1	386	0.26	387
37	2	340	0.58	342
38	1	362	0.28	363
39	2	332	0.60	334
40	1	352	0.28	353
41	2	338	0.59	340
42	3	320	0.93	323
43	2	317	0.63	319
44	1	335	0.30	336
45	0	312	0.00	312
46	0	325	0.00	325
47	0	312	0.00	312
48	3	315	0.94	318
49	1	368	0.27	369
50	2	400	0.50	402
51	0	366	0.00	366
52	0	355	0.00	355
53	0	327	0.00	327
54	0	325	0.00	325
55	2	360	0.55	362
56	3	300	0.99	303
57	1	323	0.31	324
58	2	260	0.76	262
59	0	311	0.00	311
60	1	316	0.32	317
61	0	344	0.00	344
62	4	334	1.18	338
63	0	316	0.00	316
64	0	333	0.00	333
65	0	276	0.00	276
66	0	258	0.00	258
67	1	329	0.30	330
68	2	343	0.58	345
69	2	273	0.73	275
70	0	273	0.00	273
71	1	298	0.33	299
72	1	304	0.33	305
73	0	284	0.00	284
74	1	247	0.40	248
75	2	313	0.63	315
76	0	299	0.00	299
77	0	242	0.00	242
78	2	245	0.81	247
79	0	244	0.00	244
80	1	273	0.36	274
81	3	235	1.26	238
82	4	250	1.57	254
83	2	235	0.84	237
84	0	260	0.00	260
85	0	264	0.00	264
86	1	262	0.38	263
87	3	179	1.65	182
88	1	251	0.40	252
89	0	225	0.00	225
90	3	178	1.66	181
91	1	202	0.49	203
92	0	195	0.00	195
93	1	162	0.61	163
94	1	139	0.71	140
95	1	164	0.61	165
96	1	148	0.67	149
97	1	150	0.66	151
98	0	165	0.00	165
99	0	62	0.00	62
100	0	8	0.00	8
101	0	10	0.00	10
102	0	6	0.00	6
103	0	7	0.00	7
104	0	8	0.00	8
105	0	10	0.00	10
106	0	4	0.00	4
107	0	3	0.00	3
108	0	2	0.00	2
109	0	3	0.00	3
110	0	8	0.00	8
111	0	4	0.00	4
112	0	6	0.00	6
113	0	3	0.00	3
114	1	5	16.67	6
115	0	6	0.00	6
116	0	2	0.00	2
117	0	5	0.00	5
118	0	3	0.00	3
119	0	0		0
120	0	0		0
121	0	5	0.00	5
122	0	4	0.00	4
123	0	2	0.00	2
124	0	2	0.00	2
125	0	4	0.00	4
126	0	5	0.00	5
127	0	2	0.00	2
128	0	1	0.00	1
129	0	4	0.00	4
130	0	0		0
131	0	2	0.00	2
132	0	2	0.00	2
133	0	3	0.00	3
134	0	3	0.00	3
135	0	2	0.00	2
136	0	0		0
137	0	0		0
138	0	0		0
139	0	1	0.00	1
140	0	0		0
141	0	0		0
142	0	0		0
143	0	2	0.00	2
144	0	1	0.00	1
145	0	0		0
146	0	1	0.00	1
147	0	0		0
148	0	1	0.00	1
149	0	0		0

CpG context (R2)
================
position	count methylated	count unmethylated	% methylation	coverage
1	0	33	0.00	33
2	1	11	8.33	12
3	3	78	3.70	81
4	4	64	5.88	68
5	5	102	4.67	107
6	6	89	6.32	95
7	4	123	3.15	127
8	3	78	3.70	81
9	6	85	6.59	91
10	4	76	5.00	80
11	6	64	8.57	70
12	4	65	5.80	69
13	4	75	5.06	79
14	2	48	4.00	50
15	2	62	3.12	64
16	1	65	1.52	66
17	1	47	2.08	48
18	1	52	1.89	53
19	2	46	4.17	48
20	7	46	13.21	53
21	1	35	2.78	36
22	1	52	1.89	53
23	3	36	7.69	39
24	4	64	5.88	68
25	1	34	2.86	35
26	2	31	6.06	33
27	0	28	0.00	28
28	1	21	4.55	22
29	3	35	7.89	38
30	0	25	0.00	25
31	2	30	6.25	32
32	1	27	3.57	28
33	2	13	13.33	15
34	3	19	13.64	22
35	1	12	7.69	13
36	1	12	7.69	13
37	2	15	11.76	17
38	0	21	0.00	21
39	0	12	0.00	12
40	0	4	0.00	4
41	0	6	0.00	6
42	2	11	15.38	13
43	1	12	7.69	13
44	0	14	0.00	14
45	1	2	33.33	3
46	2	10	16.67	12
47	0	8	0.00	8
48	0	7	0.00	7
49	2	3	40.00	5
50	0	7	0.00	7
51	0	4	0.00	4
52	0	4	0.00	4
53	0	2	0.00	2
54	3	1	75.00	4
55	0	3	0.00	3
56	0	4	0.00	4
57	1	0	100.00	1
58	1	7	12.50	8
59	0	4	0.00	4
60	1	1	50.00	2
61	0	5	0.00	5
62	0	0		0
63	0	3	0.00	3
64	0	1	0.00	1
65	1	0	100.00	1
66	0	2	0.00	2
67	0	0		0
68	0	2	0.00	2
69	0	0		0
70	0	0		0
71	0	1	0.00	1
72	0	0		0
73	0	1	0.00	1
74	0	0		0
75	0	0		0
76	0	0		0
77	0	0		0
78	0	0		0
79	0	1	0.00	1
80	0	0		0
81	0	0		0
82	0	1	0.00	1
83	0	0		0
84	0	0		0
85	0	0		0
86	0	0		0
87	0	0		0
88	0	0		0
89	0	0		0
90	0	0		0
91	0	1	0.00	1
92	0	0		0
93	0	0		0
94	0	0		0
95	0	0		0
96	0	0		0
97	1	0	100.00	1

CHG context (R2)
================
position	count methylated	count unmethylated	% methylation	coverage
1	11	2144	0.51	2155
2	1	30	3.23	31
3	0	4	0.00	4
4	1	50	1.96	51
5	0	51	0.00	51
6	0	69	0.00	69
7	0	80	0.00	80
8	1	93	1.06	94
9	0	67	0.00	67
10	0	62	0.00	62
11	0	73	0.00	73
12	0	36	0.00	36
13	0	52	0.00	52
14	1	48	2.04	49
15	0	49	0.00	49
16	0	51	0.00	51
17	1	63	1.56	64
18	0	51	0.00	51
19	0	39	0.00	39
20	0	59	0.00	59
21	0	37	0.00	37
22	0	46	0.00	46
23	0	34	0.00	34
24	0	13	0.00	13
25	0	40	0.00	40
26	0	25	0.00	25
27	1	11	8.33	12
28	1	12	7.69	13
29	0	26	0.00	26
30	0	24	0.00	24
31	0	24	0.00	24
32	0	21	0.00	21
33	0	25	0.00	25
34	0	23	0.00	23
35	0	32	0.00	32
36	0	14	0.00	14
37	0	8	0.00	8
38	0	11	0.00	11
39	0	15	0.00	15
40	0	19	0.00	19
41	0	8	0.00	8
42	0	3	0.00	3
43	0	5	0.00	5
44	0	10	0.00	10
45	0	6	0.00	6
46	0	1	0.00	1
47	0	5	0.00	5
48	0	8	0.00	8
49	1	10	9.09	11
50	0	8	0.00	8
51	0	2	0.00	2
52	0	5	0.00	5
53	0	6	0.00	6
54	0	0		0
55	0	2	0.00	2
56	0	4	0.00	4
57	0	0		0
58	0	0		0
59	0	0		0
60	0	3	0.00	3
61	0	1	0.00	1
62	0	2	0.00	2
63	0	2	0.00	2
64	0	3	0.00	3
65	0	1	0.00	1
66	0	0		0
67	0	1	0.00	1
68	0	0		0
69	0	1	0.00	1
70	0	0		0
71	0	2	0.00	2
72	0	0		0
73	0	0		0
74	0	1	0.00	1
75	0	0		0
76	0	0		0
77	0	0		0
78	0	0		0
79	0	0		0
80	0	1	0.00	1
81	0	0		0
82	0	0		0
83	0	0		0
84	0	0		0
85	0	0		0
86	0	1	0.00	1
87	0	0		0
88	0	0		0
89	0	0		0
90	0	0		0
91	0	0		0
92	0	0		0
93	0	0		0
94	0	0		0
95	0	1	0.00	1
96	0	0		0
97	0	0		0

CHH context (R2)
================
position	count methylated	count unmethylated	% methylation	coverage
1	1	15	6.25	16
2	3	981	0.30	984
3	2	273	0.73	275
4	1	187	0.53	188
5	0	154	0.00	154
6	0	79	0.00	79
7	1	91	1.09	92
8	0	122	0.00	122
9	0	115	0.00	115
10	1	133	0.75	134
11	0	94	0.00	94
12	0	92	0.00	92
13	1	75	1.32	76
14	1	84	1.18	85
15	0	82	0.00	82
16	0	78	0.00	78
17	0	64	0.00	64
18	0	80	0.00	80
19	0	78	0.00	78
20	1	66	1.49	67
21	0	54	0.00	54
22	0	57	0.00	57
23	0	40	0.00	40
24	1	46	2.13	47
25	0	35	0.00	35
26	0	39	0.00	39
27	0	37	0.00	37
28	0	24	0.00	24
29	0	39	0.00	39
30	0	33	0.00	33
31	0	25	0.00	25
32	1	25	3.85	26
33	0	20	0.00	20
34	0	21	0.00	21
35	0	23	0.00	23
36	0	28	0.00	28
37	0	14	0.00	14
38	0	16	0.00	16
39	0	8	0.00	8
40	0	16	0.00	16
41	0	12	0.00	12
42	0	14	0.00	14
43	0	12	0.00	12
44	0	15	0.00	15
45	0	17	0.00	17
46	0	15	0.00	15
47	0	12	0.00	12
48	0	5	0.00	5
49	0	9	0.00	9
50	0	7	0.00	7
51	0	10	0.00	10
52	0	9	0.00	9
53	0	10	0.00	10
54	0	10	0.00	10
55	0	10	0.00	10
56	0	6	0.00	6
57	0	4	0.00	4
58	0	3	0.00	3
59	0	1	0.00	1
60	0	0		0
61	0	1	0.00	1
62	0	2	0.00	2
63	0	0		0
64	0	1	0.00	1
65	0	0		0
66	0	1	0.00	1
67	0	0		0
68	0	2	0.00	2
69	0	0		0
70	0	0		0
71	0	0		0
72	0	0		0
73	0	0		0
74	0	1	0.00	1
75	0	1	0.00	1
76	0	1	0.00	1
77	0	1	0.00	1
78	0	0		0
79	0	0		0
80	0	0		0
81	0	0		0
82	0	0		0
83	0	0		0
84	0	0		0
85	0	0		0
86	0	0		0
87	0	1	0.00	1
88	0	0		0
89	0	0		0
90	0	0		0
91	0	0		0
92	0	0		0
93	0	0		0
94	0	0		0
95	0	0		0
96	0	0		0
97	0	0		0

