CpG context (R1)
================
position	count methylated	count unmethylated	% methylation	coverage
1	204	2157	8.64	2361
2	0	22	0.00	22
3	3	18	14.29	21
4	7	196	3.45	203
5	6	191	3.05	197
6	10	253	3.80	263
7	13	219	5.60	232
8	12	295	3.91	307
9	16	226	6.61	242
10	11	276	3.83	287
11	9	244	3.56	253
12	9	279	3.12	288
13	14	305	4.39	319
14	12	238	4.80	250
15	11	242	4.35	253
16	15	307	4.66	322
17	8	253	3.07	261
18	5	251	1.95	256
19	17	317	5.09	334
20	8	218	3.54	226
21	10	214	4.46	224
22	13	277	4.48	290
23	14	271	4.91	285
24	11	222	4.72	233
25	11	284	3.73	295
26	9	287	3.04	296
27	11	244	4.31	255
28	19	273	6.51	292
29	10	249	3.86	259
30	11	283	3.74	294
31	14	301	4.44	315
32	15	275	5.17	290
33	15	235	6.00	250
34	17	248	6.42	265
35	15	261	5.43	276
36	17	239	6.64	256
37	8	269	2.89	277
38	15	216	6.49	231
39	11	248	4.25	259
40	9	267	3.26	276
41	12	229	4.98	241
42	12	295	3.91	307
43	15	247	5.73	262
44	15	257	5.51	272
45	13	281	4.42	294
46	18	252	6.67	270
47	16	253	5.95	269
48	12	250	4.58	262
49	11	235	4.47	246
50	11	240	4.38	251
51	12	239	4.78	251
52	14	238	5.56	252
53	10	252	3.82	262
54	13	254	4.87	267
55	13	248	4.98	261
56	10	246	3.91	256
57	8	240	3.23	248
58	11	249	4.23	260
59	8	267	2.91	275
60	10	227	4.22	237
61	16	257	5.86	273
62	24	241	9.06	265
63	11	204	5.12	215
64	10	260	3.70	270
65	9	235	3.69	244
66	16	229	6.53	245
67	15	227	6.20	242
68	12	230	4.96	242
69	12	222	5.13	234
70	9	204	4.23	213
71	17	267	5.99	284
72	8	222	3.48	230
73	10	199	4.78	209
74	9	201	4.29	210
75	15	183	7.58	198
76	13	180	6.74	193
77	8	240	3.23	248
78	10	173	5.46	183
79	3	233	1.27	236
80	7	183	3.68	190
81	7	165	4.07	172
82	4	194	2.02	198
83	5	141	3.42	146
84	4	176	2.22	180
85	5	196	2.49	201
86	9	147	5.77	156
87	10	157	5.99	167
88	5	130	3.70	135
89	16	144	10.00	160
90	3	127	2.31	130
91	6	153	3.77	159
92	9	130	6.47	139
93	5	132	3.65	137
94	4	114	3.39	118
95	7	113	5.83	120
96	8	110	6.78	118
97	6	130	4.41	136
98	9	109	7.63	118
99	2	49	3.92	51
100	1	12	7.69	13
101	0	5	0.00	5
102	1	2	33.33	3
103	0	6	0.00	6
104	0	2	0.00	2
105	2	3	40.00	5
106	0	3	0.00	3
107	1	3	25.00	4
108	0	5	0.00	5
109	0	6	0.00	6
110	0	3	0.00	3
111	0	4	0.00	4
112	0	5	0.00	5
113	0	3	0.00	3
114	0	6	0.00	6
115	1	2	33.33	3
116	0	0		0
117	0	3	0.00	3
118	0	2	0.00	2
119	1	0	100.00	1
120	0	2	0.00	2
121	0	0		0
122	0	2	0.00	2
123	0	3	0.00	3
124	0	0		0
125	0	3	0.00	3
126	0	1	0.00	1
127	0	1	0.00	1
128	0	3	0.00	3
129	0	5	0.00	5
130	0	3	0.00	3
131	1	2	33.33	3
132	0	1	0.00	1
133	0	2	0.00	2
134	1	1	50.00	2
135	0	1	0.00	1
136	0	1	0.00	1
137	0	3	0.00	3
138	0	2	0.00	2
139	0	1	0.00	1
140	0	2	0.00	2
141	0	3	0.00	3
142	0	1	0.00	1
143	0	1	0.00	1
144	0	1	0.00	1
145	0	0		0
146	0	0		0
147	0	0		0
148	0	0		0
149	0	1	0.00	1

CHG context (R1)
================
position	count methylated	count unmethylated	% methylation	coverage
1	1	24	4.00	25
2	0	25	0.00	25
3	0	11	0.00	11
4	1	109	0.91	110
5	1	199	0.50	200
6	2	231	0.86	233
7	1	285	0.35	286
8	1	196	0.51	197
9	1	243	0.41	244
10	2	207	0.96	209
11	1	218	0.46	219
12	1	226	0.44	227
13	1	207	0.48	208
14	0	204	0.00	204
15	0	245	0.00	245
16	1	229	0.43	230
17	2	210	0.94	212
18	1	281	0.35	282
19	0	200	0.00	200
20	1	175	0.57	176
21	0	206	0.00	206
22	1	244	0.41	245
23	0	184	0.00	184
24	0	191	0.00	191
25	0	231	0.00	231
26	1	197	0.51	198
27	1	243	0.41	244
28	0	244	0.00	244
29	2	176	1.12	178
30	1	209	0.48	210
31	1	230	0.43	231
32	1	191	0.52	192
33	0	274	0.00	274
34	2	214	0.93	216
35	2	214	0.93	216
36	0	198	0.00	198
37	3	200	1.48	203
38	0	182	0.00	182
39	0	251	0.00	251
40	1	183	0.54	184
41	0	257	0.00	257
42	1	236	0.42	237
43	1	187	0.53	188
44	0	229	0.00	229
45	1	217	0.46	218
46	2	229	0.87	231
47	0	193	0.00	193
48	2	187	1.06	189
49	1	195	0.51	196
50	0	216	0.00	216
51	1	220	0.45	221
52	1	202	0.49	203
53	1	189	0.53	190
54	0	193	0.00	193
55	0	178	0.00	178
56	1	238	0.42	239
57	1	207	0.48	208
58	0	216	0.00	216
59	0	179	0.00	179
60	2	134	1.47	136
61	0	205	0.00	205
62	0	164	0.00	164
63	0	184	0.00	184
64	1	194	0.51	195
65	1	186	0.53	187
66	0	208	0.00	208
67	1	208	0.48	209
68	1	202	0.49	203
69	0	170	0.00	170
70	2	209	0.95	211
71	1	161	0.62	162
72	0	158	0.00	158
73	0	169	0.00	169
74	0	143	0.00	143
75	0	170	0.00	170
76	2	187	1.06	189
77	1	146	0.68	147
78	0	170	0.00	170
79	0	160	0.00	160
80	2	122	1.61	124
81	1	181	0.55	182
82	2	108	1.82	110
83	1	144	0.69	145
84	0	120	0.00	120
85	0	112	0.00	112
86	1	156	0.64	157
87	0	123	0.00	123
88	0	126	0.00	126
89	1	100	0.99	101
90	0	136	0.00	136
91	0	125	0.00	125
92	0	87	0.00	87
93	0	87	0.00	87
94	0	94	0.00	94
95	2	96	2.04	98
96	0	119	0.00	119
97	0	122	0.00	122
98	0	87	0.00	87
99	0	50	0.00	50
100	0	5	0.00	5
101	0	3	0.00	3
102	0	4	0.00	4
103	0	1	0.00	1
104	0	3	0.00	3
105	0	5	0.00	5
106	0	2	0.00	2
107	0	2	0.00	2
108	0	6	0.00	6
109	0	5	0.00	5
110	0	0		0
111	0	1	0.00	1
112	1	3	25.00	4
113	0	6	0.00	6
114	0	1	0.00	1
115	0	0		0
116	0	1	0.00	1
117	0	4	0.00	4
118	0	1	0.00	1
119	0	1	0.00	1
120	0	1	0.00	1
121	0	3	0.00	3
122	0	5	0.00	5
123	0	0		0
124	0	0		0
125	0	1	0.00	1
126	0	0		0
127	0	2	0.00	2
128	0	3	0.00	3
129	0	0		0
130	0	1	0.00	1
131	0	1	0.00	1
132	0	1	0.00	1
133	0	0		0
134	0	0		0
135	0	1	0.00	1
136	0	4	0.00	4
137	0	0		0
138	0	0		0
139	0	2	0.00	2
140	0	1	0.00	1
141	0	0		0
142	0	0		0
143	0	1	0.00	1
144	0	0		0
145	0	0		0
146	0	1	0.00	1
147	0	0		0
148	0	2	0.00	2
149	1	3	25.00	4

CHH context (R1)
================
position	count methylated	count unmethylated	% methylation	coverage
1	0	30	0.00	30
2	0	30	0.00	30
3	0	21	0.00	21
4	0	333	0.00	333
5	2	401	0.50	403
6	3	444	0.67	447
7	0	374	0.00	374
8	1	381	0.26	382
9	3	298	1.00	301
10	0	320	0.00	320
11	3	300	0.99	303
12	0	333	0.00	333
13	2	376	0.53	378
14	3	372	0.80	375
15	1	340	0.29	341
16	1	312	0.32	313
17	1	328	0.30	329
18	1	275	0.36	276
19	0	330	0.00	330
20	2	335	0.59	337
21	2	340	0.58	342
22	1	327	0.30	328
23	2	359	0.55	361
24	1	372	0.27	373
25	3	415	0.72	418
26	0	374	0.00	374
27	1	392	0.25	393
28	1	396	0.25	397
29	0	340	0.00	340
30	0	344	0.00	344
31	1	325	0.31	326
32	1	349	0.29	350
33	2	319	0.62	321
34	0	332	0.00	332
35	0	319	0.00	319
36	1	382	0.26	383
37	1	345	0.29	346
38	0	357	0.00	357
39	1	334	0.30	335
40	0	307	0.00	307
41	0	320	0.00	320
42	2	360	0.55	362
43	2	332	0.60	334
44	0	330	0.00	330
45	1	281	0.35	282
46	4	324	1.22	328
47	0	301	0.00	301
48	1	341	0.29	342
49	1	386	0.26	387
50	2	403	0.49	405
51	0	425	0.00	425
52	4	367	1.08	371
53	1	341	0.29	342
54	0	326	0.00	326
55	1	325	0.31	326
56	1	291	0.34	292
57	2	285	0.70	287
58	0	279	0.00	279
59	1	296	0.34	297
60	0	326	0.00	326
61	4	321	1.23	325
62	0	353	0.00	353
63	0	319	0.00	319
64	2	331	0.60	333
65	0	315	0.00	315
66	0	284	0.00	284
67	1	287	0.35	288
68	1	315	0.32	316
69	0	309	0.00	309
70	0	297	0.00	297
71	0	298	0.00	298
72	1	281	0.35	282
73	0	319	0.00	319
74	1	253	0.39	254
75	0	291	0.00	291
76	1	295	0.34	296
77	1	279	0.36	280
78	2	249	0.80	251
79	1	254	0.39	255
80	1	292	0.34	293
81	1	248	0.40	249
82	1	276	0.36	277
83	1	218	0.46	219
84	0	245	0.00	245
85	1	245	0.41	246
86	1	267	0.37	268
87	1	228	0.44	229
88	2	231	0.86	233
89	0	189	0.00	189
90	2	174	1.14	176
91	0	191	0.00	191
92	0	201	0.00	201
93	1	155	0.64	156
94	0	178	0.00	178
95	0	199	0.00	199
96	1	148	0.67	149
97	0	146	0.00	146
98	0	156	0.00	156
99	0	62	0.00	62
100	0	6	0.00	6
101	0	7	0.00	7
102	0	7	0.00	7
103	0	6	0.00	6
104	0	6	0.00	6
105	0	6	0.00	6
106	0	9	0.00	9
107	0	6	0.00	6
108	0	6	0.00	6
109	0	6	0.00	6
110	0	6	0.00	6
111	0	3	0.00	3
112	0	4	0.00	4
113	0	3	0.00	3
114	0	0		0
115	0	2	0.00	2
116	0	4	0.00	4
117	0	4	0.00	4
118	0	2	0.00	2
119	0	1	0.00	1
120	0	4	0.00	4
121	0	1	0.00	1
122	0	1	0.00	1
123	0	3	0.00	3
124	0	2	0.00	2
125	0	3	0.00	3
126	0	5	0.00	5
127	0	1	0.00	1
128	0	1	0.00	1
129	0	0		0
130	0	0		0
131	0	1	0.00	1
132	0	1	0.00	1
133	0	3	0.00	3
134	0	4	0.00	4
135	0	1	0.00	1
136	0	0		0
137	0	1	0.00	1
138	0	0		0
139	0	0		0
140	0	0		0
141	0	0		0
142	0	0		0
143	0	0		0
144	0	0		0
145	0	0		0
146	0	0		0
147	0	3	0.00	3
148	1	4	20.00	5
149	0	1	0.00	1

CpG context (R2)
================
position	count methylated	count unmethylated	% methylation	coverage
1	0	30	0.00	30
2	0	14	0.00	14
3	6	70	7.89	76
4	4	82	4.65	86
5	5	90	5.26	95
6	5	98	4.85	103
7	3	115	2.54	118
8	4	79	4.82	83
9	3	84	3.45	87
10	6	90	6.25	96
11	10	68	12.82	78
12	3	64	4.48	67
13	7	72	8.86	79
14	1	36	2.70	37
15	4	52	7.14	56
16	2	58	3.33	60
17	0	34	0.00	34
18	3	51	5.56	54
19	2	39	4.88	41
20	1	44	2.22	45
21	0	37	0.00	37
22	1	34	2.86	35
23	4	33	10.81	37
24	3	69	4.17	72
25	0	30	0.00	30
26	1	29	3.33	30
27	4	34	10.53	38
28	2	22	8.33	24
29	1	43	2.27	44
30	2	24	7.69	26
31	4	35	10.26	39
32	1	29	3.33	30
33	2	13	13.33	15
34	3	22	12.00	25
35	0	10	0.00	10
36	0	14	0.00	14
37	1	18	5.26	19
38	2	24	7.69	26
39	0	12	0.00	12
40	0	8	0.00	8
41	1	14	6.67	15
42	2	12	14.29	14
43	1	17	5.56	18
44	0	14	0.00	14
45	0	0		0
46	7	23	23.33	30
47	0	8	0.00	8
48	0	10	0.00	10
49	0	5	0.00	5
50	0	7	0.00	7
51	0	7	0.00	7
52	1	8	11.11	9
53	0	4	0.00	4
54	0	8	0.00	8
55	1	7	12.50	8
56	0	1	0.00	1
57	0	1	0.00	1
58	1	6	14.29	7
59	0	4	0.00	4
60	0	3	0.00	3
61	0	8	0.00	8
62	0	1	0.00	1
63	0	4	0.00	4
64	0	1	0.00	1
65	0	0		0
66	0	4	0.00	4
67	0	1	0.00	1
68	0	4	0.00	4
69	0	0		0
70	0	1	0.00	1
71	0	2	0.00	2
72	0	0		0
73	0	0		0
74	0	0		0
75	0	1	0.00	1
76	0	0		0
77	0	2	0.00	2
78	0	0		0
79	0	1	0.00	1
80	0	0		0
81	0	3	0.00	3
82	0	1	0.00	1
83	0	2	0.00	2
84	0	0		0
85	0	1	0.00	1
86	0	0		0
87	0	1	0.00	1
88	0	0		0
89	0	0		0
90	0	0		0
91	0	1	0.00	1
92	0	0		0
93	0	0		0
94	0	0		0
95	0	0		0
96	0	0		0
97	0	1	0.00	1

CHG context (R2)
================
position	count methylated	count unmethylated	% methylation	coverage
1	8	2134	0.37	2142
2	0	28	0.00	28
3	0	5	0.00	5
4	0	50	0.00	50
5	1	65	1.52	66
6	1	64	1.54	65
7	1	73	1.35	74
8	1	84	1.18	85
9	1	75	1.32	76
10	0	61	0.00	61
11	1	61	1.61	62
12	0	43	0.00	43
13	0	64	0.00	64
14	0	48	0.00	48
15	1	37	2.63	38
16	0	44	0.00	44
17	2	60	3.23	62
18	0	34	0.00	34
19	0	58	0.00	58
20	1	45	2.17	46
21	0	29	0.00	29
22	0	52	0.00	52
23	0	26	0.00	26
24	0	16	0.00	16
25	0	43	0.00	43
26	0	21	0.00	21
27	0	12	0.00	12
28	0	21	0.00	21
29	0	24	0.00	24
30	0	23	0.00	23
31	0	29	0.00	29
32	0	21	0.00	21
33	0	22	0.00	22
34	0	20	0.00	20
35	0	20	0.00	20
36	0	24	0.00	24
37	0	28	0.00	28
38	0	10	0.00	10
39	0	15	0.00	15
40	0	13	0.00	13
41	0	16	0.00	16
42	0	6	0.00	6
43	0	14	0.00	14
44	0	7	0.00	7
45	0	9	0.00	9
46	0	3	0.00	3
47	0	13	0.00	13
48	0	10	0.00	10
49	0	9	0.00	9
50	0	4	0.00	4
51	0	2	0.00	2
52	0	11	0.00	11
53	0	9	0.00	9
54	0	2	0.00	2
55	0	8	0.00	8
56	0	7	0.00	7
57	0	0		0
58	0	3	0.00	3
59	0	2	0.00	2
60	0	6	0.00	6
61	0	3	0.00	3
62	0	2	0.00	2
63	0	2	0.00	2
64	0	5	0.00	5
65	0	2	0.00	2
66	0	0		0
67	0	1	0.00	1
68	0	2	0.00	2
69	0	2	0.00	2
70	0	1	0.00	1
71	0	3	0.00	3
72	0	0		0
73	0	1	0.00	1
74	0	0		0
75	0	1	0.00	1
76	0	1	0.00	1
77	0	0		0
78	0	0		0
79	0	0		0
80	0	1	0.00	1
81	0	0		0
82	0	0		0
83	0	0		0
84	0	0		0
85	0	0		0
86	0	1	0.00	1
87	0	0		0
88	0	0		0
89	0	0		0
90	0	0		0
91	0	0		0
92	0	0		0
93	0	0		0
94	0	0		0
95	0	1	0.00	1
96	0	0		0
97	0	0		0

CHH context (R2)
================
position	count methylated	count unmethylated	% methylation	coverage
1	0	13	0.00	13
2	4	947	0.42	951
3	1	236	0.42	237
4	0	164	0.00	164
5	2	134	1.47	136
6	0	99	0.00	99
7	1	111	0.89	112
8	0	120	0.00	120
9	0	123	0.00	123
10	1	108	0.92	109
11	1	74	1.33	75
12	0	82	0.00	82
13	1	63	1.56	64
14	0	96	0.00	96
15	0	73	0.00	73
16	0	70	0.00	70
17	0	66	0.00	66
18	0	74	0.00	74
19	0	74	0.00	74
20	0	60	0.00	60
21	0	56	0.00	56
22	0	47	0.00	47
23	0	49	0.00	49
24	0	50	0.00	50
25	0	41	0.00	41
26	0	35	0.00	35
27	0	35	0.00	35
28	0	30	0.00	30
29	0	29	0.00	29
30	1	22	4.35	23
31	0	23	0.00	23
32	0	27	0.00	27
33	0	18	0.00	18
34	0	29	0.00	29
35	0	29	0.00	29
36	0	19	0.00	19
37	0	17	0.00	17
38	0	16	0.00	16
39	0	7	0.00	7
40	0	17	0.00	17
41	0	18	0.00	18
42	0	15	0.00	15
43	0	21	0.00	21
44	1	27	3.57	28
45	0	14	0.00	14
46	0	11	0.00	11
47	0	10	0.00	10
48	0	9	0.00	9
49	0	15	0.00	15
50	0	10	0.00	10
51	0	11	0.00	11
52	0	12	0.00	12
53	0	16	0.00	16
54	0	11	0.00	11
55	0	8	0.00	8
56	0	4	0.00	4
57	0	8	0.00	8
58	0	4	0.00	4
59	0	2	0.00	2
60	0	1	0.00	1
61	0	3	0.00	3
62	0	4	0.00	4
63	0	1	0.00	1
64	0	1	0.00	1
65	0	1	0.00	1
66	0	1	0.00	1
67	0	0		0
68	0	2	0.00	2
69	0	3	0.00	3
70	0	2	0.00	2
71	0	0		0
72	0	0		0
73	0	0		0
74	0	2	0.00	2
75	0	1	0.00	1
76	0	1	0.00	1
77	0	1	0.00	1
78	0	0		0
79	0	0		0
80	0	0		0
81	0	0		0
82	0	0		0
83	0	0		0
84	0	0		0
85	0	0		0
86	0	0		0
87	0	1	0.00	1
88	0	0		0
89	0	0		0
90	0	0		0
91	0	0		0
92	0	0		0
93	0	0		0
94	0	0		0
95	0	0		0
96	0	0		0
97	0	0		0

