CpG context (R1)
================
position	count methylated	count unmethylated	% methylation	coverage
1	199	2182	8.36	2381
2	0	17	0.00	17
3	2	15	11.76	17
4	12	186	6.06	198
5	14	203	6.45	217
6	11	246	4.28	257
7	12	232	4.92	244
8	12	262	4.38	274
9	10	253	3.80	263
10	14	256	5.19	270
11	8	247	3.14	255
12	16	304	5.00	320
13	12	280	4.11	292
14	15	259	5.47	274
15	11	232	4.53	243
16	11	297	3.57	308
17	5	262	1.87	267
18	6	255	2.30	261
19	15	294	4.85	309
20	13	207	5.91	220
21	14	246	5.38	260
22	15	294	4.85	309
23	17	257	6.20	274
24	17	238	6.67	255
25	14	298	4.49	312
26	10	309	3.13	319
27	10	252	3.82	262
28	24	264	8.33	288
29	6	294	2.00	300
30	15	284	5.02	299
31	9	280	3.11	289
32	14	288	4.64	302
33	7	217	3.12	224
34	17	275	5.82	292
35	12	260	4.41	272
36	8	210	3.67	218
37	7	252	2.70	259
38	15	240	5.88	255
39	10	239	4.02	249
40	16	250	6.02	266
41	15	215	6.52	230
42	10	270	3.57	280
43	17	240	6.61	257
44	15	243	5.81	258
45	14	282	4.73	296
46	15	214	6.55	229
47	15	283	5.03	298
48	13	261	4.74	274
49	14	217	6.06	231
50	12	259	4.43	271
51	18	249	6.74	267
52	17	246	6.46	263
53	7	250	2.72	257
54	14	226	5.83	240
55	9	264	3.30	273
56	9	240	3.61	249
57	7	214	3.17	221
58	13	242	5.10	255
59	7	266	2.56	273
60	19	219	7.98	238
61	9	240	3.61	249
62	13	208	5.88	221
63	11	206	5.07	217
64	10	257	3.75	267
65	13	243	5.08	256
66	12	248	4.62	260
67	13	231	5.33	244
68	10	207	4.61	217
69	13	202	6.05	215
70	10	201	4.74	211
71	8	265	2.93	273
72	12	228	5.00	240
73	10	219	4.37	229
74	13	207	5.91	220
75	6	180	3.23	186
76	4	205	1.91	209
77	9	208	4.15	217
78	12	208	5.45	220
79	13	200	6.10	213
80	8	181	4.23	189
81	5	168	2.89	173
82	5	195	2.50	200
83	4	130	2.99	134
84	4	152	2.56	156
85	9	185	4.64	194
86	11	169	6.11	180
87	12	143	7.74	155
88	5	133	3.62	138
89	10	152	6.17	162
90	2	127	1.55	129
91	8	134	5.63	142
92	4	146	2.67	150
93	5	131	3.68	136
94	7	150	4.46	157
95	6	102	5.56	108
96	4	103	3.74	107
97	6	127	4.51	133
98	6	98	5.77	104
99	0	62	0.00	62
100	0	9	0.00	9
101	0	4	0.00	4
102	0	5	0.00	5
103	1	7	12.50	8
104	0	8	0.00	8
105	0	5	0.00	5
106	0	4	0.00	4
107	2	4	33.33	6
108	1	2	33.33	3
109	1	10	9.09	11
110	0	4	0.00	4
111	2	3	40.00	5
112	2	7	22.22	9
113	1	4	20.00	5
114	0	2	0.00	2
115	0	3	0.00	3
116	0	4	0.00	4
117	0	2	0.00	2
118	1	1	50.00	2
119	0	4	0.00	4
120	1	1	50.00	2
121	1	0	100.00	1
122	1	3	25.00	4
123	0	2	0.00	2
124	2	1	66.67	3
125	0	1	0.00	1
126	1	1	50.00	2
127	0	0		0
128	0	2	0.00	2
129	1	2	33.33	3
130	0	0		0
131	0	3	0.00	3
132	1	0	100.00	1
133	0	1	0.00	1
134	0	1	0.00	1
135	0	0		0
136	1	0	100.00	1
137	0	1	0.00	1
138	0	1	0.00	1
139	1	0	100.00	1
140	0	2	0.00	2
141	0	0		0
142	0	0		0
143	0	0		0
144	0	0		0
145	1	0	100.00	1
146	0	0		0
147	0	0		0
148	0	1	0.00	1
149	0	1	0.00	1

CHG context (R1)
================
position	count methylated	count unmethylated	% methylation	coverage
1	0	9	0.00	9
2	0	25	0.00	25
3	0	10	0.00	10
4	0	146	0.00	146
5	0	202	0.00	202
6	3	256	1.16	259
7	0	249	0.00	249
8	0	217	0.00	217
9	1	230	0.43	231
10	1	200	0.50	201
11	0	216	0.00	216
12	0	196	0.00	196
13	2	217	0.91	219
14	1	194	0.51	195
15	3	222	1.33	225
16	3	237	1.25	240
17	0	224	0.00	224
18	2	259	0.77	261
19	2	198	1.00	200
20	0	198	0.00	198
21	1	216	0.46	217
22	0	270	0.00	270
23	0	224	0.00	224
24	0	186	0.00	186
25	0	238	0.00	238
26	0	196	0.00	196
27	0	214	0.00	214
28	0	247	0.00	247
29	0	187	0.00	187
30	0	165	0.00	165
31	0	278	0.00	278
32	1	198	0.50	199
33	0	237	0.00	237
34	0	235	0.00	235
35	1	212	0.47	213
36	0	213	0.00	213
37	1	227	0.44	228
38	0	198	0.00	198
39	1	216	0.46	217
40	2	196	1.01	198
41	1	256	0.39	257
42	1	224	0.44	225
43	0	215	0.00	215
44	1	248	0.40	249
45	3	198	1.49	201
46	1	225	0.44	226
47	2	190	1.04	192
48	0	204	0.00	204
49	1	231	0.43	232
50	0	200	0.00	200
51	1	225	0.44	226
52	2	232	0.85	234
53	0	213	0.00	213
54	1	196	0.51	197
55	0	182	0.00	182
56	2	205	0.97	207
57	0	224	0.00	224
58	1	216	0.46	217
59	0	176	0.00	176
60	2	140	1.41	142
61	2	176	1.12	178
62	0	172	0.00	172
63	0	165	0.00	165
64	3	209	1.42	212
65	0	192	0.00	192
66	1	169	0.59	170
67	0	188	0.00	188
68	0	202	0.00	202
69	0	151	0.00	151
70	4	191	2.05	195
71	0	163	0.00	163
72	2	131	1.50	133
73	2	170	1.16	172
74	1	136	0.73	137
75	0	149	0.00	149
76	0	160	0.00	160
77	1	175	0.57	176
78	0	145	0.00	145
79	0	149	0.00	149
80	1	123	0.81	124
81	2	164	1.20	166
82	0	121	0.00	121
83	0	134	0.00	134
84	0	123	0.00	123
85	0	121	0.00	121
86	0	145	0.00	145
87	0	120	0.00	120
88	1	128	0.78	129
89	0	121	0.00	121
90	0	114	0.00	114
91	0	119	0.00	119
92	0	95	0.00	95
93	0	86	0.00	86
94	0	80	0.00	80
95	0	103	0.00	103
96	0	122	0.00	122
97	0	103	0.00	103
98	0	90	0.00	90
99	0	51	0.00	51
100	0	5	0.00	5
101	0	6	0.00	6
102	0	8	0.00	8
103	0	2	0.00	2
104	0	1	0.00	1
105	0	6	0.00	6
106	0	5	0.00	5
107	0	4	0.00	4
108	0	8	0.00	8
109	0	3	0.00	3
110	0	3	0.00	3
111	0	6	0.00	6
112	0	8	0.00	8
113	0	2	0.00	2
114	0	0		0
115	0	4	0.00	4
116	0	4	0.00	4
117	0	2	0.00	2
118	0	2	0.00	2
119	0	1	0.00	1
120	0	3	0.00	3
121	0	4	0.00	4
122	0	1	0.00	1
123	0	1	0.00	1
124	0	2	0.00	2
125	0	0		0
126	0	2	0.00	2
127	0	2	0.00	2
128	0	0		0
129	0	0		0
130	0	2	0.00	2
131	0	0		0
132	0	1	0.00	1
133	0	2	0.00	2
134	0	0		0
135	0	1	0.00	1
136	0	1	0.00	1
137	0	1	0.00	1
138	0	0		0
139	0	3	0.00	3
140	0	0		0
141	0	1	0.00	1
142	0	0		0
143	0	0		0
144	0	1	0.00	1
145	0	0		0
146	0	0		0
147	0	1	0.00	1
148	0	1	0.00	1
149	0	0		0

CHH context (R1)
================
position	count methylated	count unmethylated	% methylation	coverage
1	1	31	3.12	32
2	0	27	0.00	27
3	0	21	0.00	21
4	3	323	0.92	326
5	1	409	0.24	410
6	5	405	1.22	410
7	1	398	0.25	399
8	1	364	0.27	365
9	1	338	0.29	339
10	3	350	0.85	353
11	1	329	0.30	330
12	0	352	0.00	352
13	1	380	0.26	381
14	1	375	0.27	376
15	2	389	0.51	391
16	1	381	0.26	382
17	1	321	0.31	322
18	1	296	0.34	297
19	2	312	0.64	314
20	1	337	0.30	338
21	1	345	0.29	346
22	1	318	0.31	319
23	1	333	0.30	334
24	2	363	0.55	365
25	1	371	0.27	372
26	1	359	0.28	360
27	0	409	0.00	409
28	0	383	0.00	383
29	2	346	0.57	348
30	1	410	0.24	411
31	1	361	0.28	362
32	1	395	0.25	396
33	1	313	0.32	314
34	2	329	0.60	331
35	0	339	0.00	339
36	1	380	0.26	381
37	2	346	0.57	348
38	2	344	0.58	346
39	0	312	0.00	312
40	1	347	0.29	348
41	0	328	0.00	328
42	1	351	0.28	352
43	0	349	0.00	349
44	0	353	0.00	353
45	1	323	0.31	324
46	0	338	0.00	338
47	2	304	0.65	306
48	4	322	1.23	326
49	0	362	0.00	362
50	3	382	0.78	385
51	1	408	0.24	409
52	1	356	0.28	357
53	3	336	0.88	339
54	2	321	0.62	323
55	1	338	0.29	339
56	3	297	1.00	300
57	0	291	0.00	291
58	0	282	0.00	282
59	2	295	0.67	297
60	0	297	0.00	297
61	2	331	0.60	333
62	4	323	1.22	327
63	0	344	0.00	344
64	4	338	1.17	342
65	0	319	0.00	319
66	1	270	0.37	271
67	1	307	0.32	308
68	2	313	0.63	315
69	1	301	0.33	302
70	4	270	1.46	274
71	2	283	0.70	285
72	2	269	0.74	271
73	0	284	0.00	284
74	1	249	0.40	250
75	0	319	0.00	319
76	0	320	0.00	320
77	0	261	0.00	261
78	1	256	0.39	257
79	1	274	0.36	275
80	0	291	0.00	291
81	2	236	0.84	238
82	1	272	0.37	273
83	1	239	0.42	240
84	1	252	0.40	253
85	2	284	0.70	286
86	0	263	0.00	263
87	0	209	0.00	209
88	0	236	0.00	236
89	0	193	0.00	193
90	1	191	0.52	192
91	0	187	0.00	187
92	1	201	0.50	202
93	1	167	0.60	168
94	1	162	0.61	163
95	0	191	0.00	191
96	0	147	0.00	147
97	2	155	1.27	157
98	0	162	0.00	162
99	1	69	1.43	70
100	0	11	0.00	11
101	0	10	0.00	10
102	0	6	0.00	6
103	0	9	0.00	9
104	0	11	0.00	11
105	0	11	0.00	11
106	0	5	0.00	5
107	0	6	0.00	6
108	0	4	0.00	4
109	0	2	0.00	2
110	0	8	0.00	8
111	0	6	0.00	6
112	0	1	0.00	1
113	0	1	0.00	1
114	0	2	0.00	2
115	0	6	0.00	6
116	0	3	0.00	3
117	0	5	0.00	5
118	0	3	0.00	3
119	0	4	0.00	4
120	0	3	0.00	3
121	0	4	0.00	4
122	0	3	0.00	3
123	0	5	0.00	5
124	0	2	0.00	2
125	0	4	0.00	4
126	0	3	0.00	3
127	0	4	0.00	4
128	0	1	0.00	1
129	0	3	0.00	3
130	0	1	0.00	1
131	0	1	0.00	1
132	0	3	0.00	3
133	0	0		0
134	0	3	0.00	3
135	0	0		0
136	0	2	0.00	2
137	0	2	0.00	2
138	0	3	0.00	3
139	0	0		0
140	0	1	0.00	1
141	0	0		0
142	0	0		0
143	0	1	0.00	1
144	0	0		0
145	0	1	0.00	1
146	0	1	0.00	1
147	0	2	0.00	2
148	0	0		0
149	0	1	0.00	1

CpG context (R2)
================
position	count methylated	count unmethylated	% methylation	coverage
1	0	17	0.00	17
2	0	20	0.00	20
3	2	72	2.70	74
4	3	77	3.75	80
5	5	115	4.17	120
6	4	84	4.55	88
7	3	119	2.46	122
8	1	93	1.06	94
9	4	79	4.82	83
10	3	86	3.37	89
11	5	62	7.46	67
12	1	70	1.41	71
13	4	67	5.63	71
14	2	46	4.17	48
15	1	66	1.49	67
16	2	63	3.08	65
17	3	34	8.11	37
18	1	52	1.89	53
19	1	38	2.56	39
20	1	51	1.92	52
21	1	36	2.70	37
22	1	50	1.96	51
23	3	27	10.00	30
24	1	62	1.59	63
25	0	29	0.00	29
26	0	34	0.00	34
27	0	28	0.00	28
28	3	29	9.38	32
29	0	31	0.00	31
30	0	26	0.00	26
31	1	28	3.45	29
32	2	29	6.45	31
33	3	13	18.75	16
34	0	19	0.00	19
35	0	13	0.00	13
36	0	10	0.00	10
37	0	22	0.00	22
38	2	20	9.09	22
39	0	7	0.00	7
40	0	9	0.00	9
41	0	11	0.00	11
42	1	8	11.11	9
43	0	16	0.00	16
44	1	14	6.67	15
45	0	0		0
46	1	11	8.33	12
47	0	9	0.00	9
48	1	8	11.11	9
49	2	6	25.00	8
50	1	4	20.00	5
51	0	1	0.00	1
52	2	4	33.33	6
53	0	5	0.00	5
54	0	3	0.00	3
55	1	2	33.33	3
56	1	3	25.00	4
57	0	0		0
58	1	8	11.11	9
59	0	2	0.00	2
60	0	0		0
61	0	7	0.00	7
62	0	0		0
63	0	3	0.00	3
64	0	0		0
65	0	1	0.00	1
66	0	1	0.00	1
67	0	0		0
68	0	1	0.00	1
69	0	0		0
70	0	1	0.00	1
71	0	1	0.00	1
72	0	0		0
73	0	0		0
74	0	0		0
75	0	1	0.00	1
76	0	0		0
77	0	1	0.00	1
78	0	0		0
79	0	0		0
80	0	0		0
81	0	0		0
82	0	0		0
83	0	0		0
84	0	0		0
85	0	0		0
86	0	0		0
87	0	0		0
88	0	1	0.00	1
89	0	0		0
90	0	0		0
91	0	0		0
92	0	1	0.00	1
93	0	0		0
94	0	1	0.00	1
95	0	1	0.00	1
96	0	1	0.00	1

CHG context (R2)
================
position	count methylated	count unmethylated	% methylation	coverage
1	14	2158	0.64	2172
2	0	21	0.00	21
3	0	13	0.00	13
4	0	37	0.00	37
5	0	52	0.00	52
6	0	76	0.00	76
7	1	57	1.72	58
8	0	86	0.00	86
9	0	74	0.00	74
10	0	59	0.00	59
11	0	76	0.00	76
12	0	29	0.00	29
13	0	51	0.00	51
14	0	57	0.00	57
15	0	35	0.00	35
16	0	48	0.00	48
17	1	56	1.75	57
18	0	48	0.00	48
19	0	40	0.00	40
20	0	55	0.00	55
21	1	34	2.86	35
22	0	38	0.00	38
23	0	25	0.00	25
24	0	18	0.00	18
25	1	46	2.13	47
26	0	17	0.00	17
27	0	18	0.00	18
28	0	14	0.00	14
29	0	26	0.00	26
30	0	20	0.00	20
31	0	19	0.00	19
32	0	18	0.00	18
33	0	22	0.00	22
34	0	16	0.00	16
35	0	25	0.00	25
36	0	21	0.00	21
37	0	10	0.00	10
38	0	8	0.00	8
39	0	11	0.00	11
40	0	19	0.00	19
41	0	14	0.00	14
42	0	3	0.00	3
43	0	5	0.00	5
44	0	7	0.00	7
45	0	11	0.00	11
46	0	2	0.00	2
47	0	6	0.00	6
48	0	8	0.00	8
49	0	12	0.00	12
50	0	8	0.00	8
51	0	4	0.00	4
52	0	7	0.00	7
53	0	4	0.00	4
54	0	0		0
55	0	4	0.00	4
56	0	5	0.00	5
57	0	1	0.00	1
58	0	2	0.00	2
59	0	0		0
60	0	4	0.00	4
61	0	1	0.00	1
62	0	1	0.00	1
63	0	3	0.00	3
64	0	2	0.00	2
65	0	0		0
66	0	0		0
67	0	0		0
68	0	1	0.00	1
69	0	0		0
70	0	0		0
71	0	1	0.00	1
72	0	0		0
73	0	0		0
74	0	0		0
75	0	0		0
76	0	0		0
77	0	0		0
78	0	1	0.00	1
79	0	0		0
80	0	0		0
81	0	0		0
82	0	0		0
83	0	0		0
84	0	0		0
85	0	0		0
86	0	0		0
87	0	0		0
88	0	0		0
89	0	1	0.00	1
90	0	0		0
91	0	0		0
92	0	0		0
93	0	0		0
94	0	0		0
95	0	0		0
96	0	0		0

CHH context (R2)
================
position	count methylated	count unmethylated	% methylation	coverage
1	0	10	0.00	10
2	0	1000	0.00	1000
3	1	266	0.37	267
4	1	184	0.54	185
5	0	142	0.00	142
6	0	101	0.00	101
7	0	102	0.00	102
8	0	129	0.00	129
9	0	109	0.00	109
10	0	138	0.00	138
11	0	81	0.00	81
12	0	94	0.00	94
13	0	72	0.00	72
14	0	105	0.00	105
15	0	81	0.00	81
16	1	68	1.45	69
17	0	59	0.00	59
18	0	80	0.00	80
19	0	75	0.00	75
20	0	53	0.00	53
21	0	49	0.00	49
22	0	46	0.00	46
23	0	56	0.00	56
24	0	41	0.00	41
25	0	42	0.00	42
26	0	44	0.00	44
27	0	31	0.00	31
28	0	35	0.00	35
29	0	46	0.00	46
30	0	37	0.00	37
31	0	28	0.00	28
32	0	21	0.00	21
33	0	16	0.00	16
34	0	25	0.00	25
35	0	29	0.00	29
36	0	25	0.00	25
37	1	20	4.76	21
38	0	13	0.00	13
39	0	7	0.00	7
40	0	13	0.00	13
41	0	11	0.00	11
42	0	16	0.00	16
43	0	19	0.00	19
44	0	14	0.00	14
45	0	9	0.00	9
46	0	15	0.00	15
47	0	13	0.00	13
48	0	1	0.00	1
49	0	9	0.00	9
50	0	8	0.00	8
51	0	18	0.00	18
52	0	12	0.00	12
53	0	16	0.00	16
54	0	5	0.00	5
55	0	15	0.00	15
56	0	8	0.00	8
57	0	6	0.00	6
58	0	3	0.00	3
59	0	3	0.00	3
60	0	1	0.00	1
61	0	2	0.00	2
62	0	1	0.00	1
63	0	0		0
64	0	1	0.00	1
65	0	1	0.00	1
66	0	1	0.00	1
67	0	0		0
68	0	1	0.00	1
69	0	2	0.00	2
70	0	0		0
71	0	0		0
72	0	2	0.00	2
73	0	0		0
74	0	0		0
75	0	0		0
76	0	0		0
77	0	0		0
78	0	0		0
79	0	0		0
80	0	0		0
81	0	0		0
82	0	0		0
83	0	0		0
84	0	1	0.00	1
85	0	0		0
86	0	0		0
87	0	0		0
88	0	0		0
89	0	0		0
90	0	0		0
91	0	0		0
92	0	0		0
93	0	0		0
94	0	0		0
95	0	0		0
96	0	0		0

