CpG context (R1)
================
position	count methylated	count unmethylated	% methylation	coverage
1	191	2217	7.93	2408
2	0	16	0.00	16
3	0	11	0.00	11
4	11	182	5.70	193
5	9	244	3.56	253
6	9	237	3.66	246
7	10	229	4.18	239
8	17	286	5.61	303
9	9	230	3.77	239
10	15	230	6.12	245
11	9	253	3.44	262
12	17	288	5.57	305
13	14	295	4.53	309
14	13	234	5.26	247
15	10	196	4.85	206
16	13	297	4.19	310
17	4	252	1.56	256
18	5	270	1.82	275
19	16	277	5.46	293
20	9	218	3.96	227
21	11	240	4.38	251
22	10	272	3.55	282
23	13	275	4.51	288
24	6	242	2.42	248
25	7	264	2.58	271
26	15	286	4.98	301
27	15	265	5.36	280
28	21	236	8.17	257
29	12	254	4.51	266
30	9	235	3.69	244
31	9	281	3.10	290
32	14	284	4.70	298
33	15	238	5.93	253
34	15	250	5.66	265
35	10	263	3.66	273
36	9	224	3.86	233
37	10	245	3.92	255
38	12	227	5.02	239
39	7	240	2.83	247
40	11	252	4.18	263
41	10	244	3.94	254
42	15	274	5.19	289
43	9	239	3.63	248
44	13	239	5.16	252
45	12	285	4.04	297
46	13	222	5.53	235
47	22	266	7.64	288
48	9	252	3.45	261
49	20	232	7.94	252
50	15	272	5.23	287
51	10	223	4.29	233
52	10	213	4.48	223
53	7	241	2.82	248
54	8	245	3.16	253
55	11	301	3.53	312
56	8	228	3.39	236
57	12	235	4.86	247
58	8	252	3.08	260
59	10	264	3.65	274
60	9	218	3.96	227
61	5	257	1.91	262
62	13	225	5.46	238
63	16	231	6.48	247
64	18	271	6.23	289
65	14	251	5.28	265
66	20	253	7.33	273
67	10	224	4.27	234
68	10	214	4.46	224
69	7	183	3.68	190
70	14	203	6.45	217
71	13	259	4.78	272
72	9	247	3.52	256
73	8	213	3.62	221
74	8	198	3.88	206
75	11	193	5.39	204
76	12	195	5.80	207
77	6	223	2.62	229
78	8	188	4.08	196
79	11	238	4.42	249
80	5	169	2.87	174
81	5	159	3.05	164
82	5	194	2.51	199
83	13	143	8.33	156
84	5	180	2.70	185
85	3	199	1.49	202
86	8	171	4.47	179
87	11	182	5.70	193
88	2	108	1.82	110
89	8	155	4.91	163
90	7	118	5.60	125
91	9	156	5.45	165
92	5	140	3.45	145
93	4	139	2.80	143
94	3	132	2.22	135
95	5	125	3.85	130
96	3	99	2.94	102
97	3	140	2.10	143
98	5	86	5.49	91
99	4	58	6.45	62
100	1	8	11.11	9
101	0	4	0.00	4
102	0	5	0.00	5
103	0	4	0.00	4
104	1	8	11.11	9
105	0	1	0.00	1
106	0	2	0.00	2
107	2	5	28.57	7
108	1	4	20.00	5
109	0	7	0.00	7
110	0	2	0.00	2
111	0	4	0.00	4
112	0	4	0.00	4
113	0	5	0.00	5
114	0	2	0.00	2
115	0	3	0.00	3
116	0	2	0.00	2
117	1	2	33.33	3
118	0	4	0.00	4
119	0	4	0.00	4
120	0	0		0
121	0	1	0.00	1
122	0	3	0.00	3
123	0	3	0.00	3
124	0	1	0.00	1
125	0	3	0.00	3
126	0	2	0.00	2
127	0	1	0.00	1
128	1	3	25.00	4
129	0	0		0
130	0	1	0.00	1
131	0	3	0.00	3
132	0	0		0
133	0	2	0.00	2
134	0	1	0.00	1
135	0	1	0.00	1
136	0	3	0.00	3
137	0	1	0.00	1
138	0	3	0.00	3
139	0	0		0
140	0	3	0.00	3
141	0	2	0.00	2
142	1	1	50.00	2
143	0	0		0
144	1	2	33.33	3
145	0	1	0.00	1
146	0	0		0
147	0	1	0.00	1
148	0	2	0.00	2

CHG context (R1)
================
position	count methylated	count unmethylated	% methylation	coverage
1	0	13	0.00	13
2	0	18	0.00	18
3	0	7	0.00	7
4	0	130	0.00	130
5	1	203	0.49	204
6	1	207	0.48	208
7	1	269	0.37	270
8	0	226	0.00	226
9	1	211	0.47	212
10	0	192	0.00	192
11	1	241	0.41	242
12	1	197	0.51	198
13	0	203	0.00	203
14	0	200	0.00	200
15	1	275	0.36	276
16	2	211	0.94	213
17	2	233	0.85	235
18	2	250	0.79	252
19	0	191	0.00	191
20	0	179	0.00	179
21	2	197	1.01	199
22	1	271	0.37	272
23	1	195	0.51	196
24	0	192	0.00	192
25	2	260	0.76	262
26	1	197	0.51	198
27	0	232	0.00	232
28	0	246	0.00	246
29	1	186	0.53	187
30	2	192	1.03	194
31	1	241	0.41	242
32	1	194	0.51	195
33	0	248	0.00	248
34	0	215	0.00	215
35	1	241	0.41	242
36	0	237	0.00	237
37	1	201	0.50	202
38	2	216	0.92	218
39	0	227	0.00	227
40	1	223	0.45	224
41	1	263	0.38	264
42	1	235	0.42	236
43	1	205	0.49	206
44	0	246	0.00	246
45	0	185	0.00	185
46	2	250	0.79	252
47	1	180	0.55	181
48	0	229	0.00	229
49	1	222	0.45	223
50	0	224	0.00	224
51	1	198	0.50	199
52	1	191	0.52	192
53	0	219	0.00	219
54	1	218	0.46	219
55	3	175	1.69	178
56	0	217	0.00	217
57	1	197	0.51	198
58	0	210	0.00	210
59	0	170	0.00	170
60	0	155	0.00	155
61	0	166	0.00	166
62	0	162	0.00	162
63	0	202	0.00	202
64	2	186	1.06	188
65	2	200	0.99	202
66	0	182	0.00	182
67	1	192	0.52	193
68	2	167	1.18	169
69	1	208	0.48	209
70	1	188	0.53	189
71	0	167	0.00	167
72	0	166	0.00	166
73	4	163	2.40	167
74	1	166	0.60	167
75	0	136	0.00	136
76	0	167	0.00	167
77	1	174	0.57	175
78	0	152	0.00	152
79	0	154	0.00	154
80	1	140	0.71	141
81	1	180	0.55	181
82	1	119	0.83	120
83	0	136	0.00	136
84	0	130	0.00	130
85	1	119	0.83	120
86	2	171	1.16	173
87	0	120	0.00	120
88	1	133	0.75	134
89	0	122	0.00	122
90	0	110	0.00	110
91	0	148	0.00	148
92	0	97	0.00	97
93	1	76	1.30	77
94	1	111	0.89	112
95	0	97	0.00	97
96	0	99	0.00	99
97	0	99	0.00	99
98	0	86	0.00	86
99	0	56	0.00	56
100	0	5	0.00	5
101	0	6	0.00	6
102	0	3	0.00	3
103	0	5	0.00	5
104	0	3	0.00	3
105	0	4	0.00	4
106	0	7	0.00	7
107	0	1	0.00	1
108	0	3	0.00	3
109	0	4	0.00	4
110	0	4	0.00	4
111	0	1	0.00	1
112	0	2	0.00	2
113	0	3	0.00	3
114	0	1	0.00	1
115	0	1	0.00	1
116	0	3	0.00	3
117	0	3	0.00	3
118	0	2	0.00	2
119	0	0		0
120	0	4	0.00	4
121	0	3	0.00	3
122	0	1	0.00	1
123	0	0		0
124	0	0		0
125	0	1	0.00	1
126	0	2	0.00	2
127	0	1	0.00	1
128	0	1	0.00	1
129	0	2	0.00	2
130	0	4	0.00	4
131	0	0		0
132	0	0		0
133	0	3	0.00	3
134	0	0		0
135	0	1	0.00	1
136	0	0		0
137	0	0		0
138	0	0		0
139	0	4	0.00	4
140	0	3	0.00	3
141	0	2	0.00	2
142	0	2	0.00	2
143	0	0		0
144	0	1	0.00	1
145	0	0		0
146	0	0		0
147	0	0		0
148	0	1	0.00	1

CHH context (R1)
================
position	count methylated	count unmethylated	% methylation	coverage
1	1	30	3.23	31
2	0	26	0.00	26
3	0	18	0.00	18
4	3	314	0.95	317
5	3	391	0.76	394
6	0	399	0.00	399
7	1	394	0.25	395
8	1	354	0.28	355
9	0	324	0.00	324
10	1	348	0.29	349
11	3	300	0.99	303
12	0	332	0.00	332
13	0	355	0.00	355
14	3	370	0.80	373
15	3	354	0.84	357
16	1	329	0.30	330
17	0	312	0.00	312
18	3	273	1.09	276
19	0	334	0.00	334
20	1	334	0.30	335
21	2	323	0.62	325
22	1	316	0.32	317
23	1	332	0.30	333
24	1	364	0.27	365
25	0	380	0.00	380
26	3	362	0.82	365
27	0	375	0.00	375
28	2	376	0.53	378
29	2	385	0.52	387
30	0	392	0.00	392
31	2	365	0.54	367
32	2	383	0.52	385
33	1	329	0.30	330
34	1	335	0.30	336
35	2	321	0.62	323
36	2	369	0.54	371
37	1	348	0.29	349
38	0	360	0.00	360
39	3	324	0.92	327
40	0	334	0.00	334
41	1	315	0.32	316
42	0	369	0.00	369
43	1	336	0.30	337
44	1	355	0.28	356
45	0	305	0.00	305
46	2	371	0.54	373
47	1	338	0.29	339
48	0	311	0.00	311
49	0	336	0.00	336
50	1	375	0.27	376
51	1	384	0.26	385
52	0	332	0.00	332
53	1	339	0.29	340
54	2	304	0.65	306
55	0	325	0.00	325
56	1	257	0.39	258
57	0	317	0.00	317
58	0	284	0.00	284
59	0	312	0.00	312
60	2	302	0.66	304
61	0	358	0.00	358
62	2	341	0.58	343
63	0	308	0.00	308
64	2	300	0.66	302
65	0	333	0.00	333
66	0	273	0.00	273
67	1	282	0.35	283
68	2	317	0.63	319
69	0	295	0.00	295
70	0	286	0.00	286
71	0	311	0.00	311
72	1	283	0.35	284
73	0	306	0.00	306
74	1	275	0.36	276
75	2	302	0.66	304
76	1	291	0.34	292
77	2	295	0.67	297
78	0	265	0.00	265
79	2	256	0.78	258
80	3	278	1.07	281
81	2	262	0.76	264
82	0	307	0.00	307
83	1	256	0.39	257
84	1	232	0.43	233
85	0	259	0.00	259
86	0	274	0.00	274
87	2	249	0.80	251
88	3	255	1.16	258
89	1	226	0.44	227
90	0	193	0.00	193
91	0	188	0.00	188
92	1	202	0.49	203
93	1	171	0.58	172
94	0	176	0.00	176
95	1	202	0.49	203
96	0	163	0.00	163
97	0	165	0.00	165
98	0	204	0.00	204
99	1	69	1.43	70
100	0	5	0.00	5
101	0	7	0.00	7
102	0	10	0.00	10
103	1	8	11.11	9
104	0	9	0.00	9
105	0	4	0.00	4
106	0	5	0.00	5
107	0	8	0.00	8
108	0	4	0.00	4
109	0	3	0.00	3
110	0	3	0.00	3
111	0	4	0.00	4
112	0	5	0.00	5
113	0	3	0.00	3
114	0	3	0.00	3
115	0	6	0.00	6
116	0	5	0.00	5
117	0	5	0.00	5
118	0	0		0
119	0	4	0.00	4
120	0	5	0.00	5
121	0	1	0.00	1
122	0	0		0
123	0	2	0.00	2
124	0	2	0.00	2
125	0	2	0.00	2
126	0	2	0.00	2
127	0	1	0.00	1
128	0	3	0.00	3
129	0	3	0.00	3
130	0	1	0.00	1
131	0	1	0.00	1
132	0	4	0.00	4
133	0	0		0
134	0	2	0.00	2
135	0	1	0.00	1
136	0	1	0.00	1
137	0	1	0.00	1
138	0	2	0.00	2
139	0	0		0
140	0	1	0.00	1
141	0	0		0
142	0	0		0
143	0	1	0.00	1
144	0	0		0
145	0	0		0
146	0	1	0.00	1
147	0	1	0.00	1
148	0	1	0.00	1

CpG context (R2)
================
position	count methylated	count unmethylated	% methylation	coverage
1	0	23	0.00	23
2	0	17	0.00	17
3	1	74	1.33	75
4	6	86	6.52	92
5	5	95	5.00	100
6	2	96	2.04	98
7	4	128	3.03	132
8	4	93	4.12	97
9	4	86	4.44	90
10	7	78	8.24	85
11	0	84	0.00	84
12	2	62	3.12	64
13	1	78	1.27	79
14	3	46	6.12	49
15	6	68	8.11	74
16	1	65	1.52	66
17	0	38	0.00	38
18	4	68	5.56	72
19	1	31	3.12	32
20	1	48	2.04	49
21	2	39	4.88	41
22	1	43	2.27	44
23	0	40	0.00	40
24	3	74	3.90	77
25	1	41	2.38	42
26	1	29	3.33	30
27	0	35	0.00	35
28	2	30	6.25	32
29	1	36	2.70	37
30	2	28	6.67	30
31	0	30	0.00	30
32	0	25	0.00	25
33	3	15	16.67	18
34	0	22	0.00	22
35	1	13	7.14	14
36	0	9	0.00	9
37	2	31	6.06	33
38	2	25	7.41	27
39	0	9	0.00	9
40	0	13	0.00	13
41	1	12	7.69	13
42	0	12	0.00	12
43	1	12	7.69	13
44	2	20	9.09	22
45	0	3	0.00	3
46	0	12	0.00	12
47	0	9	0.00	9
48	0	12	0.00	12
49	0	5	0.00	5
50	0	10	0.00	10
51	0	9	0.00	9
52	0	8	0.00	8
53	0	6	0.00	6
54	0	8	0.00	8
55	0	6	0.00	6
56	0	6	0.00	6
57	0	3	0.00	3
58	0	3	0.00	3
59	0	7	0.00	7
60	0	2	0.00	2
61	0	1	0.00	1
62	0	1	0.00	1
63	0	3	0.00	3
64	0	1	0.00	1
65	0	1	0.00	1
66	0	2	0.00	2
67	0	2	0.00	2
68	0	0		0
69	0	1	0.00	1
70	0	0		0
71	0	4	0.00	4
72	0	1	0.00	1
73	0	0		0
74	0	0		0
75	0	2	0.00	2
76	0	1	0.00	1
77	0	3	0.00	3
78	0	0		0
79	0	1	0.00	1
80	0	0		0
81	0	1	0.00	1
82	0	0		0
83	0	0		0
84	0	0		0
85	0	0		0
86	0	1	0.00	1
87	0	0		0
88	0	0		0
89	0	0		0
90	0	0		0
91	0	0		0
92	0	0		0
93	0	0		0
94	0	1	0.00	1
95	0	0		0
96	0	0		0
97	0	1	0.00	1

CHG context (R2)
================
position	count methylated	count unmethylated	% methylation	coverage
1	13	2136	0.60	2149
2	0	29	0.00	29
3	0	4	0.00	4
4	1	45	2.17	46
5	0	63	0.00	63
6	0	73	0.00	73
7	0	71	0.00	71
8	0	88	0.00	88
9	0	92	0.00	92
10	0	64	0.00	64
11	2	60	3.23	62
12	0	43	0.00	43
13	0	48	0.00	48
14	0	55	0.00	55
15	0	54	0.00	54
16	0	58	0.00	58
17	0	60	0.00	60
18	0	48	0.00	48
19	0	48	0.00	48
20	0	50	0.00	50
21	0	45	0.00	45
22	0	56	0.00	56
23	0	24	0.00	24
24	0	28	0.00	28
25	0	34	0.00	34
26	0	25	0.00	25
27	0	18	0.00	18
28	0	22	0.00	22
29	0	25	0.00	25
30	0	21	0.00	21
31	0	36	0.00	36
32	0	20	0.00	20
33	0	24	0.00	24
34	0	23	0.00	23
35	0	30	0.00	30
36	0	21	0.00	21
37	0	12	0.00	12
38	0	13	0.00	13
39	0	18	0.00	18
40	0	17	0.00	17
41	0	24	0.00	24
42	0	3	0.00	3
43	0	12	0.00	12
44	0	3	0.00	3
45	0	15	0.00	15
46	0	6	0.00	6
47	0	8	0.00	8
48	0	10	0.00	10
49	0	7	0.00	7
50	0	12	0.00	12
51	1	7	12.50	8
52	0	7	0.00	7
53	0	7	0.00	7
54	0	0		0
55	0	6	0.00	6
56	0	8	0.00	8
57	0	2	0.00	2
58	0	3	0.00	3
59	0	3	0.00	3
60	0	6	0.00	6
61	0	1	0.00	1
62	0	0		0
63	0	3	0.00	3
64	0	2	0.00	2
65	0	0		0
66	0	0		0
67	0	0		0
68	0	2	0.00	2
69	0	0		0
70	0	1	0.00	1
71	0	1	0.00	1
72	0	1	0.00	1
73	0	1	0.00	1
74	0	1	0.00	1
75	0	1	0.00	1
76	0	0		0
77	0	0		0
78	0	1	0.00	1
79	0	0		0
80	0	0		0
81	0	0		0
82	0	0		0
83	0	0		0
84	0	0		0
85	0	0		0
86	0	0		0
87	0	1	0.00	1
88	0	0		0
89	0	0		0
90	0	0		0
91	0	0		0
92	0	1	0.00	1
93	0	0		0
94	0	0		0
95	0	0		0
96	0	0		0
97	0	0		0

CHH context (R2)
================
position	count methylated	count unmethylated	% methylation	coverage
1	0	13	0.00	13
2	4	959	0.42	963
3	2	261	0.76	263
4	0	203	0.00	203
5	0	158	0.00	158
6	2	111	1.77	113
7	0	105	0.00	105
8	1	127	0.78	128
9	0	110	0.00	110
10	1	118	0.84	119
11	0	80	0.00	80
12	0	86	0.00	86
13	0	75	0.00	75
14	2	87	2.25	89
15	0	87	0.00	87
16	0	80	0.00	80
17	0	77	0.00	77
18	1	92	1.08	93
19	0	71	0.00	71
20	0	53	0.00	53
21	0	48	0.00	48
22	1	43	2.27	44
23	0	43	0.00	43
24	0	42	0.00	42
25	1	45	2.17	46
26	0	41	0.00	41
27	0	41	0.00	41
28	0	25	0.00	25
29	0	33	0.00	33
30	0	29	0.00	29
31	0	28	0.00	28
32	2	30	6.25	32
33	0	21	0.00	21
34	0	26	0.00	26
35	0	25	0.00	25
36	0	28	0.00	28
37	1	15	6.25	16
38	0	30	0.00	30
39	0	14	0.00	14
40	0	19	0.00	19
41	0	17	0.00	17
42	0	26	0.00	26
43	0	17	0.00	17
44	0	22	0.00	22
45	0	24	0.00	24
46	0	20	0.00	20
47	0	13	0.00	13
48	0	7	0.00	7
49	0	13	0.00	13
50	0	12	0.00	12
51	0	16	0.00	16
52	1	16	5.88	17
53	0	10	0.00	10
54	0	12	0.00	12
55	0	7	0.00	7
56	0	7	0.00	7
57	0	10	0.00	10
58	0	4	0.00	4
59	0	3	0.00	3
60	0	1	0.00	1
61	0	5	0.00	5
62	0	0		0
63	0	1	0.00	1
64	0	2	0.00	2
65	0	1	0.00	1
66	0	0		0
67	0	0		0
68	0	1	0.00	1
69	0	2	0.00	2
70	0	0		0
71	0	0		0
72	0	0		0
73	0	0		0
74	0	0		0
75	0	0		0
76	0	0		0
77	0	0		0
78	0	0		0
79	0	1	0.00	1
80	0	0		0
81	0	0		0
82	0	0		0
83	0	1	0.00	1
84	0	0		0
85	0	0		0
86	0	0		0
87	0	0		0
88	0	0		0
89	0	1	0.00	1
90	0	0		0
91	0	0		0
92	0	0		0
93	0	1	0.00	1
94	0	1	0.00	1
95	0	0		0
96	0	0		0
97	0	0		0

