CpG context (R1)
================
position	count methylated	count unmethylated	% methylation	coverage
1	219	2156	9.22	2375
2	0	26	0.00	26
3	0	11	0.00	11
4	9	176	4.86	185
5	10	198	4.81	208
6	15	250	5.66	265
7	12	220	5.17	232
8	13	281	4.42	294
9	10	236	4.07	246
10	13	253	4.89	266
11	7	257	2.65	264
12	15	277	5.14	292
13	18	271	6.23	289
14	14	269	4.95	283
15	19	205	8.48	224
16	12	292	3.95	304
17	11	239	4.40	250
18	9	234	3.70	243
19	16	310	4.91	326
20	6	223	2.62	229
21	10	205	4.65	215
22	11	301	3.53	312
23	12	267	4.30	279
24	12	245	4.67	257
25	10	301	3.22	311
26	12	291	3.96	303
27	12	254	4.51	266
28	17	275	5.82	292
29	8	266	2.92	274
30	19	241	7.31	260
31	14	305	4.39	319
32	17	272	5.88	289
33	10	230	4.17	240
34	17	290	5.54	307
35	17	282	5.69	299
36	13	238	5.18	251
37	15	265	5.36	280
38	16	256	5.88	272
39	13	229	5.37	242
40	8	236	3.28	244
41	14	245	5.41	259
42	14	300	4.46	314
43	12	244	4.69	256
44	9	252	3.45	261
45	10	263	3.66	273
46	13	237	5.20	250
47	18	259	6.50	277
48	13	244	5.06	257
49	16	236	6.35	252
50	11	235	4.47	246
51	10	227	4.22	237
52	13	225	5.46	238
53	6	237	2.47	243
54	12	239	4.78	251
55	18	282	6.00	300
56	8	228	3.39	236
57	17	245	6.49	262
58	9	229	3.78	238
59	7	245	2.78	252
60	12	249	4.60	261
61	15	219	6.41	234
62	14	230	5.74	244
63	23	224	9.31	247
64	14	242	5.47	256
65	13	253	4.89	266
66	6	248	2.36	254
67	12	228	5.00	240
68	7	200	3.38	207
69	7	185	3.65	192
70	8	224	3.45	232
71	13	271	4.58	284
72	10	232	4.13	242
73	10	227	4.22	237
74	12	207	5.48	219
75	15	176	7.85	191
76	13	192	6.34	205
77	14	187	6.97	201
78	15	184	7.54	199
79	9	233	3.72	242
80	11	185	5.61	196
81	7	159	4.22	166
82	9	188	4.57	197
83	8	133	5.67	141
84	6	137	4.20	143
85	9	188	4.57	197
86	17	176	8.81	193
87	8	161	4.73	169
88	3	118	2.48	121
89	9	141	6.00	150
90	6	118	4.84	124
91	14	132	9.59	146
92	7	137	4.86	144
93	11	143	7.14	154
94	6	120	4.76	126
95	9	103	8.04	112
96	6	109	5.22	115
97	3	124	2.36	127
98	6	95	5.94	101
99	4	57	6.56	61
100	0	8	0.00	8
101	0	6	0.00	6
102	0	6	0.00	6
103	0	6	0.00	6
104	0	2	0.00	2
105	0	1	0.00	1
106	0	7	0.00	7
107	1	0	100.00	1
108	0	3	0.00	3
109	0	5	0.00	5
110	0	3	0.00	3
111	0	3	0.00	3
112	0	4	0.00	4
113	0	4	0.00	4
114	0	3	0.00	3
115	0	2	0.00	2
116	0	1	0.00	1
117	0	5	0.00	5
118	0	0		0
119	0	3	0.00	3
120	0	1	0.00	1
121	1	1	50.00	2
122	0	2	0.00	2
123	0	2	0.00	2
124	0	2	0.00	2
125	0	5	0.00	5
126	2	0	100.00	2
127	0	1	0.00	1
128	0	1	0.00	1
129	0	2	0.00	2
130	0	2	0.00	2
131	0	0		0
132	1	0	100.00	1
133	0	1	0.00	1
134	0	2	0.00	2
135	0	3	0.00	3
136	0	1	0.00	1
137	0	1	0.00	1
138	0	3	0.00	3
139	0	0		0
140	0	1	0.00	1
141	0	2	0.00	2
142	0	0		0
143	0	0		0
144	0	0		0
145	0	1	0.00	1
146	0	0		0
147	0	1	0.00	1
148	0	1	0.00	1
149	0	2	0.00	2

CHG context (R1)
================
position	count methylated	count unmethylated	% methylation	coverage
1	0	21	0.00	21
2	0	15	0.00	15
3	0	11	0.00	11
4	0	154	0.00	154
5	0	205	0.00	205
6	0	228	0.00	228
7	0	252	0.00	252
8	0	225	0.00	225
9	3	230	1.29	233
10	1	225	0.44	226
11	0	229	0.00	229
12	0	205	0.00	205
13	0	203	0.00	203
14	0	205	0.00	205
15	1	229	0.43	230
16	2	204	0.97	206
17	0	230	0.00	230
18	2	255	0.78	257
19	2	201	0.99	203
20	2	169	1.17	171
21	1	217	0.46	218
22	0	237	0.00	237
23	1	206	0.48	207
24	0	188	0.00	188
25	2	245	0.81	247
26	0	189	0.00	189
27	0	229	0.00	229
28	0	244	0.00	244
29	1	176	0.56	177
30	0	187	0.00	187
31	1	227	0.44	228
32	1	180	0.55	181
33	0	232	0.00	232
34	0	228	0.00	228
35	2	222	0.89	224
36	1	227	0.44	228
37	0	200	0.00	200
38	0	217	0.00	217
39	0	223	0.00	223
40	1	222	0.45	223
41	0	260	0.00	260
42	0	206	0.00	206
43	0	193	0.00	193
44	3	254	1.17	257
45	2	204	0.97	206
46	1	221	0.45	222
47	2	192	1.03	194
48	0	216	0.00	216
49	0	229	0.00	229
50	1	225	0.44	226
51	0	204	0.00	204
52	2	185	1.07	187
53	0	207	0.00	207
54	1	229	0.43	230
55	0	183	0.00	183
56	0	199	0.00	199
57	3	202	1.46	205
58	1	212	0.47	213
59	1	193	0.52	194
60	0	166	0.00	166
61	1	176	0.56	177
62	0	162	0.00	162
63	0	200	0.00	200
64	2	213	0.93	215
65	0	193	0.00	193
66	0	163	0.00	163
67	0	191	0.00	191
68	0	189	0.00	189
69	1	191	0.52	192
70	2	180	1.10	182
71	1	157	0.63	158
72	1	143	0.69	144
73	0	173	0.00	173
74	0	160	0.00	160
75	1	157	0.63	158
76	1	161	0.62	162
77	1	176	0.56	177
78	0	158	0.00	158
79	0	153	0.00	153
80	0	139	0.00	139
81	0	185	0.00	185
82	1	120	0.83	121
83	0	144	0.00	144
84	0	131	0.00	131
85	2	145	1.36	147
86	1	141	0.70	142
87	1	119	0.83	120
88	2	133	1.48	135
89	1	117	0.85	118
90	1	90	1.10	91
91	0	155	0.00	155
92	0	82	0.00	82
93	0	71	0.00	71
94	3	109	2.68	112
95	1	87	1.14	88
96	0	118	0.00	118
97	0	126	0.00	126
98	1	95	1.04	96
99	1	48	2.04	49
100	0	3	0.00	3
101	0	9	0.00	9
102	0	6	0.00	6
103	0	2	0.00	2
104	0	6	0.00	6
105	0	7	0.00	7
106	0	5	0.00	5
107	0	2	0.00	2
108	0	4	0.00	4
109	0	2	0.00	2
110	0	3	0.00	3
111	0	1	0.00	1
112	0	2	0.00	2
113	0	1	0.00	1
114	0	1	0.00	1
115	0	1	0.00	1
116	0	4	0.00	4
117	0	0		0
118	0	1	0.00	1
119	0	1	0.00	1
120	0	1	0.00	1
121	0	0		0
122	0	1	0.00	1
123	0	2	0.00	2
124	0	1	0.00	1
125	0	1	0.00	1
126	0	1	0.00	1
127	0	1	0.00	1
128	0	1	0.00	1
129	0	0		0
130	0	1	0.00	1
131	0	1	0.00	1
132	0	1	0.00	1
133	0	1	0.00	1
134	0	1	0.00	1
135	0	0		0
136	0	1	0.00	1
137	0	0		0
138	0	0		0
139	0	0		0
140	0	1	0.00	1
141	0	1	0.00	1
142	0	0		0
143	0	0		0
144	0	1	0.00	1
145	0	0		0
146	0	0		0
147	0	0		0
148	0	2	0.00	2
149	0	0		0

CHH context (R1)
================
position	count methylated	count unmethylated	% methylation	coverage
1	0	29	0.00	29
2	0	30	0.00	30
3	0	26	0.00	26
4	1	340	0.29	341
5	0	360	0.00	360
6	1	427	0.23	428
7	1	402	0.25	403
8	0	350	0.00	350
9	1	322	0.31	323
10	0	321	0.00	321
11	1	314	0.32	315
12	2	338	0.59	340
13	1	338	0.29	339
14	2	370	0.54	372
15	0	378	0.00	378
16	5	374	1.32	379
17	3	313	0.95	316
18	1	319	0.31	320
19	0	296	0.00	296
20	1	334	0.30	335
21	0	364	0.00	364
22	2	360	0.55	362
23	2	350	0.57	352
24	0	358	0.00	358
25	2	374	0.53	376
26	2	364	0.55	366
27	0	396	0.00	396
28	2	351	0.57	353
29	2	353	0.56	355
30	0	367	0.00	367
31	2	348	0.57	350
32	0	345	0.00	345
33	4	315	1.25	319
34	0	338	0.00	338
35	1	284	0.35	285
36	1	361	0.28	362
37	2	321	0.62	323
38	0	328	0.00	328
39	1	339	0.29	340
40	1	336	0.30	337
41	3	332	0.90	335
42	2	338	0.59	340
43	2	332	0.60	334
44	1	336	0.30	337
45	2	324	0.61	326
46	2	333	0.60	335
47	1	314	0.32	315
48	6	334	1.76	340
49	2	368	0.54	370
50	1	405	0.25	406
51	0	444	0.00	444
52	1	366	0.27	367
53	2	333	0.60	335
54	1	303	0.33	304
55	1	293	0.34	294
56	1	281	0.35	282
57	1	297	0.34	298
58	1	295	0.34	296
59	2	323	0.62	325
60	2	314	0.63	316
61	2	338	0.59	340
62	2	337	0.59	339
63	0	298	0.00	298
64	0	318	0.00	318
65	1	283	0.35	284
66	0	277	0.00	277
67	0	325	0.00	325
68	1	345	0.29	346
69	2	291	0.68	293
70	0	278	0.00	278
71	3	285	1.04	288
72	2	273	0.73	275
73	0	286	0.00	286
74	0	256	0.00	256
75	0	276	0.00	276
76	0	304	0.00	304
77	0	228	0.00	228
78	0	252	0.00	252
79	1	251	0.40	252
80	0	254	0.00	254
81	2	264	0.75	266
82	0	268	0.00	268
83	1	215	0.46	216
84	3	258	1.15	261
85	2	254	0.78	256
86	0	238	0.00	238
87	0	207	0.00	207
88	1	255	0.39	256
89	2	200	0.99	202
90	2	200	0.99	202
91	0	178	0.00	178
92	0	195	0.00	195
93	2	160	1.23	162
94	0	158	0.00	158
95	1	224	0.44	225
96	0	161	0.00	161
97	3	169	1.74	172
98	1	167	0.60	168
99	1	57	1.72	58
100	0	6	0.00	6
101	0	9	0.00	9
102	0	8	0.00	8
103	0	8	0.00	8
104	0	8	0.00	8
105	0	6	0.00	6
106	0	7	0.00	7
107	0	8	0.00	8
108	0	4	0.00	4
109	0	3	0.00	3
110	0	6	0.00	6
111	0	7	0.00	7
112	0	5	0.00	5
113	0	3	0.00	3
114	0	3	0.00	3
115	0	4	0.00	4
116	0	6	0.00	6
117	0	6	0.00	6
118	0	1	0.00	1
119	0	4	0.00	4
120	0	2	0.00	2
121	0	6	0.00	6
122	0	4	0.00	4
123	0	2	0.00	2
124	0	0		0
125	0	1	0.00	1
126	0	0		0
127	0	3	0.00	3
128	0	2	0.00	2
129	0	2	0.00	2
130	0	0		0
131	0	1	0.00	1
132	0	1	0.00	1
133	0	1	0.00	1
134	0	1	0.00	1
135	0	0		0
136	0	1	0.00	1
137	0	0		0
138	0	0		0
139	0	0		0
140	0	0		0
141	0	0		0
142	0	0		0
143	0	1	0.00	1
144	0	0		0
145	0	0		0
146	0	0		0
147	0	0		0
148	0	0		0
149	0	0		0

CpG context (R2)
================
position	count methylated	count unmethylated	% methylation	coverage
1	0	26	0.00	26
2	0	15	0.00	15
3	1	66	1.49	67
4	10	79	11.24	89
5	7	87	7.45	94
6	5	81	5.81	86
7	5	136	3.55	141
8	3	80	3.61	83
9	1	78	1.27	79
10	4	88	4.35	92
11	6	62	8.82	68
12	3	65	4.41	68
13	6	84	6.67	90
14	1	35	2.78	36
15	5	50	9.09	55
16	1	63	1.56	64
17	4	32	11.11	36
18	3	54	5.26	57
19	5	44	10.20	49
20	1	47	2.08	48
21	1	36	2.70	37
22	2	49	3.92	51
23	1	42	2.33	43
24	1	59	1.67	60
25	1	36	2.70	37
26	1	31	3.12	32
27	0	33	0.00	33
28	1	22	4.35	23
29	1	30	3.23	31
30	1	22	4.35	23
31	0	25	0.00	25
32	0	25	0.00	25
33	1	23	4.17	24
34	0	20	0.00	20
35	0	15	0.00	15
36	0	23	0.00	23
37	0	29	0.00	29
38	1	16	5.88	17
39	0	12	0.00	12
40	0	3	0.00	3
41	0	10	0.00	10
42	1	11	8.33	12
43	1	9	10.00	10
44	1	14	6.67	15
45	1	3	25.00	4
46	0	9	0.00	9
47	0	4	0.00	4
48	0	11	0.00	11
49	0	4	0.00	4
50	2	12	14.29	14
51	0	6	0.00	6
52	1	2	33.33	3
53	0	7	0.00	7
54	1	2	33.33	3
55	0	2	0.00	2
56	0	4	0.00	4
57	1	3	25.00	4
58	0	4	0.00	4
59	0	0		0
60	0	4	0.00	4
61	0	0		0
62	0	1	0.00	1
63	0	3	0.00	3
64	0	2	0.00	2
65	0	1	0.00	1
66	0	1	0.00	1
67	0	3	0.00	3
68	0	1	0.00	1
69	0	1	0.00	1
70	0	0		0
71	0	2	0.00	2
72	0	1	0.00	1
73	0	0		0
74	0	0		0
75	0	3	0.00	3
76	0	0		0
77	0	3	0.00	3
78	0	1	0.00	1
79	0	1	0.00	1
80	0	0		0
81	0	1	0.00	1
82	0	1	0.00	1
83	0	0		0
84	0	0		0
85	0	0		0
86	0	1	0.00	1
87	0	0		0
88	0	0		0
89	0	0		0
90	0	0		0
91	0	1	0.00	1
92	0	0		0
93	0	0		0
94	0	0		0
95	0	0		0
96	0	0		0
97	0	1	0.00	1

CHG context (R2)
================
position	count methylated	count unmethylated	% methylation	coverage
1	20	2106	0.94	2126
2	0	30	0.00	30
3	0	5	0.00	5
4	0	39	0.00	39
5	0	69	0.00	69
6	0	69	0.00	69
7	0	75	0.00	75
8	0	98	0.00	98
9	0	75	0.00	75
10	0	59	0.00	59
11	1	64	1.54	65
12	0	31	0.00	31
13	0	55	0.00	55
14	0	46	0.00	46
15	0	44	0.00	44
16	0	44	0.00	44
17	1	61	1.61	62
18	0	31	0.00	31
19	0	44	0.00	44
20	0	48	0.00	48
21	0	44	0.00	44
22	0	48	0.00	48
23	0	30	0.00	30
24	0	23	0.00	23
25	0	34	0.00	34
26	1	25	3.85	26
27	0	11	0.00	11
28	1	23	4.17	24
29	0	37	0.00	37
30	0	22	0.00	22
31	0	29	0.00	29
32	0	19	0.00	19
33	1	23	4.17	24
34	0	20	0.00	20
35	0	27	0.00	27
36	0	19	0.00	19
37	0	12	0.00	12
38	0	13	0.00	13
39	0	13	0.00	13
40	0	15	0.00	15
41	0	15	0.00	15
42	0	6	0.00	6
43	0	7	0.00	7
44	0	2	0.00	2
45	0	8	0.00	8
46	0	5	0.00	5
47	0	5	0.00	5
48	0	5	0.00	5
49	0	9	0.00	9
50	0	6	0.00	6
51	0	9	0.00	9
52	0	5	0.00	5
53	0	4	0.00	4
54	0	1	0.00	1
55	0	3	0.00	3
56	0	7	0.00	7
57	0	0		0
58	1	1	50.00	2
59	0	3	0.00	3
60	0	1	0.00	1
61	0	4	0.00	4
62	0	0		0
63	0	1	0.00	1
64	0	1	0.00	1
65	0	0		0
66	0	0		0
67	0	1	0.00	1
68	0	3	0.00	3
69	0	0		0
70	0	3	0.00	3
71	0	0		0
72	0	0		0
73	0	2	0.00	2
74	0	1	0.00	1
75	0	0		0
76	0	0		0
77	0	1	0.00	1
78	0	0		0
79	0	0		0
80	0	1	0.00	1
81	0	0		0
82	0	1	0.00	1
83	0	0		0
84	0	0		0
85	0	1	0.00	1
86	0	1	0.00	1
87	0	0		0
88	0	0		0
89	0	0		0
90	0	0		0
91	0	0		0
92	0	0		0
93	0	0		0
94	0	0		0
95	0	1	0.00	1
96	0	0		0
97	0	0		0

CHH context (R2)
================
position	count methylated	count unmethylated	% methylation	coverage
1	0	10	0.00	10
2	2	953	0.21	955
3	1	231	0.43	232
4	0	180	0.00	180
5	1	128	0.78	129
6	0	96	0.00	96
7	0	98	0.00	98
8	0	129	0.00	129
9	0	120	0.00	120
10	0	121	0.00	121
11	0	75	0.00	75
12	0	90	0.00	90
13	0	67	0.00	67
14	1	86	1.15	87
15	0	74	0.00	74
16	0	60	0.00	60
17	0	70	0.00	70
18	0	81	0.00	81
19	0	75	0.00	75
20	0	61	0.00	61
21	0	39	0.00	39
22	0	35	0.00	35
23	0	51	0.00	51
24	0	39	0.00	39
25	1	59	1.67	60
26	0	42	0.00	42
27	1	32	3.03	33
28	0	31	0.00	31
29	0	30	0.00	30
30	0	29	0.00	29
31	0	25	0.00	25
32	0	35	0.00	35
33	0	21	0.00	21
34	0	25	0.00	25
35	0	35	0.00	35
36	0	19	0.00	19
37	0	12	0.00	12
38	1	22	4.35	23
39	0	9	0.00	9
40	0	19	0.00	19
41	0	12	0.00	12
42	0	26	0.00	26
43	0	15	0.00	15
44	0	22	0.00	22
45	0	17	0.00	17
46	0	21	0.00	21
47	0	12	0.00	12
48	0	11	0.00	11
49	0	6	0.00	6
50	0	7	0.00	7
51	0	8	0.00	8
52	0	11	0.00	11
53	0	9	0.00	9
54	0	11	0.00	11
55	0	5	0.00	5
56	0	5	0.00	5
57	0	6	0.00	6
58	0	2	0.00	2
59	0	3	0.00	3
60	0	1	0.00	1
61	0	1	0.00	1
62	1	3	25.00	4
63	0	1	0.00	1
64	0	3	0.00	3
65	0	3	0.00	3
66	0	2	0.00	2
67	0	1	0.00	1
68	0	2	0.00	2
69	0	5	0.00	5
70	0	1	0.00	1
71	0	1	0.00	1
72	0	0		0
73	0	0		0
74	0	1	0.00	1
75	0	0		0
76	0	0		0
77	0	0		0
78	0	1	0.00	1
79	0	0		0
80	0	0		0
81	0	0		0
82	0	0		0
83	0	0		0
84	0	0		0
85	0	0		0
86	0	0		0
87	0	1	0.00	1
88	0	0		0
89	0	1	0.00	1
90	0	0		0
91	0	0		0
92	0	0		0
93	0	0		0
94	0	0		0
95	0	0		0
96	0	0		0
97	0	0		0

