CpG context (R1)
================
position	count methylated	count unmethylated	% methylation	coverage
1	206	2182	8.63	2388
2	0	16	0.00	16
3	1	11	8.33	12
4	6	213	2.74	219
5	15	199	7.01	214
6	9	272	3.20	281
7	15	195	7.14	210
8	14	294	4.55	308
9	11	219	4.78	230
10	19	245	7.20	264
11	12	265	4.33	277
12	10	270	3.57	280
13	11	277	3.82	288
14	16	223	6.69	239
15	12	231	4.94	243
16	9	282	3.09	291
17	9	237	3.66	246
18	8	226	3.42	234
19	17	314	5.14	331
20	6	217	2.69	223
21	17	220	7.17	237
22	17	302	5.33	319
23	17	234	6.77	251
24	12	228	5.00	240
25	17	290	5.54	307
26	13	311	4.01	324
27	9	255	3.41	264
28	14	254	5.22	268
29	6	266	2.21	272
30	18	258	6.52	276
31	18	282	6.00	300
32	17	281	5.70	298
33	13	240	5.14	253
34	17	261	6.12	278
35	11	254	4.15	265
36	15	209	6.70	224
37	15	255	5.56	270
38	10	210	4.55	220
39	9	249	3.49	258
40	12	274	4.20	286
41	10	241	3.98	251
42	13	296	4.21	309
43	14	230	5.74	244
44	13	253	4.89	266
45	17	292	5.50	309
46	11	227	4.62	238
47	17	300	5.36	317
48	13	222	5.53	235
49	20	235	7.84	255
50	10	227	4.22	237
51	10	240	4.00	250
52	12	253	4.53	265
53	15	237	5.95	252
54	12	258	4.44	270
55	8	287	2.71	295
56	11	225	4.66	236
57	13	235	5.24	248
58	12	267	4.30	279
59	11	260	4.06	271
60	10	225	4.26	235
61	11	244	4.31	255
62	17	233	6.80	250
63	13	232	5.31	245
64	10	238	4.03	248
65	10	254	3.79	264
66	13	245	5.04	258
67	18	231	7.23	249
68	9	203	4.25	212
69	8	185	4.15	193
70	8	222	3.48	230
71	12	234	4.88	246
72	5	248	1.98	253
73	12	187	6.03	199
74	3	218	1.36	221
75	7	168	4.00	175
76	12	174	6.45	186
77	13	222	5.53	235
78	7	206	3.29	213
79	7	205	3.30	212
80	4	189	2.07	193
81	8	156	4.88	164
82	7	194	3.48	201
83	9	117	7.14	126
84	6	158	3.66	164
85	13	172	7.03	185
86	5	161	3.01	166
87	11	170	6.08	181
88	3	137	2.14	140
89	6	143	4.03	149
90	8	130	5.80	138
91	5	148	3.27	153
92	3	118	2.48	121
93	7	136	4.90	143
94	6	123	4.65	129
95	9	123	6.82	132
96	5	96	4.95	101
97	4	118	3.28	122
98	3	98	2.97	101
99	3	49	5.77	52
100	0	5	0.00	5
101	0	6	0.00	6
102	0	4	0.00	4
103	1	10	9.09	11
104	1	4	20.00	5
105	0	1	0.00	1
106	0	1	0.00	1
107	1	2	33.33	3
108	0	5	0.00	5
109	0	8	0.00	8
110	0	0		0
111	0	7	0.00	7
112	0	1	0.00	1
113	0	5	0.00	5
114	0	3	0.00	3
115	0	6	0.00	6
116	0	2	0.00	2
117	0	2	0.00	2
118	1	2	33.33	3
119	0	3	0.00	3
120	0	4	0.00	4
121	0	2	0.00	2
122	0	2	0.00	2
123	0	3	0.00	3
124	2	1	66.67	3
125	1	4	20.00	5
126	0	4	0.00	4
127	0	0		0
128	0	2	0.00	2
129	1	4	20.00	5
130	0	0		0
131	0	4	0.00	4
132	1	2	33.33	3
133	1	1	50.00	2
134	0	0		0
135	0	1	0.00	1
136	0	2	0.00	2
137	0	0		0
138	0	1	0.00	1
139	1	1	50.00	2
140	0	2	0.00	2
141	0	1	0.00	1
142	0	1	0.00	1
143	0	0		0
144	0	1	0.00	1
145	1	1	50.00	2
146	0	1	0.00	1
147	0	1	0.00	1
148	0	3	0.00	3
149	0	1	0.00	1

CHG context (R1)
================
position	count methylated	count unmethylated	% methylation	coverage
1	0	16	0.00	16
2	0	21	0.00	21
3	0	8	0.00	8
4	1	122	0.81	123
5	0	212	0.00	212
6	0	244	0.00	244
7	1	260	0.38	261
8	0	224	0.00	224
9	1	223	0.45	224
10	1	208	0.48	209
11	1	242	0.41	243
12	1	204	0.49	205
13	0	178	0.00	178
14	0	196	0.00	196
15	0	262	0.00	262
16	1	215	0.46	216
17	2	223	0.89	225
18	1	241	0.41	242
19	0	215	0.00	215
20	0	176	0.00	176
21	0	238	0.00	238
22	0	209	0.00	209
23	1	201	0.50	202
24	0	194	0.00	194
25	1	242	0.41	243
26	3	186	1.59	189
27	1	214	0.47	215
28	2	215	0.92	217
29	0	179	0.00	179
30	1	176	0.56	177
31	0	249	0.00	249
32	1	167	0.60	168
33	0	237	0.00	237
34	1	229	0.43	230
35	1	232	0.43	233
36	1	225	0.44	226
37	1	193	0.52	194
38	0	195	0.00	195
39	0	231	0.00	231
40	2	228	0.87	230
41	0	256	0.00	256
42	2	203	0.98	205
43	1	196	0.51	197
44	0	262	0.00	262
45	2	204	0.97	206
46	1	217	0.46	218
47	0	193	0.00	193
48	0	231	0.00	231
49	1	222	0.45	223
50	1	172	0.58	173
51	1	221	0.45	222
52	1	234	0.43	235
53	1	184	0.54	185
54	3	202	1.46	205
55	0	142	0.00	142
56	0	217	0.00	217
57	1	222	0.45	223
58	1	200	0.50	201
59	1	195	0.51	196
60	0	183	0.00	183
61	1	175	0.57	176
62	2	166	1.19	168
63	1	172	0.58	173
64	1	195	0.51	196
65	1	201	0.50	202
66	0	195	0.00	195
67	0	195	0.00	195
68	0	185	0.00	185
69	0	216	0.00	216
70	0	181	0.00	181
71	0	165	0.00	165
72	0	173	0.00	173
73	1	178	0.56	179
74	0	154	0.00	154
75	1	144	0.69	145
76	0	172	0.00	172
77	0	171	0.00	171
78	0	162	0.00	162
79	0	152	0.00	152
80	1	143	0.69	144
81	0	195	0.00	195
82	0	124	0.00	124
83	1	122	0.81	123
84	0	136	0.00	136
85	1	116	0.85	117
86	1	164	0.61	165
87	0	127	0.00	127
88	0	120	0.00	120
89	0	109	0.00	109
90	0	110	0.00	110
91	0	132	0.00	132
92	1	92	1.08	93
93	0	91	0.00	91
94	0	103	0.00	103
95	0	102	0.00	102
96	0	97	0.00	97
97	0	129	0.00	129
98	0	89	0.00	89
99	0	51	0.00	51
100	0	9	0.00	9
101	0	6	0.00	6
102	0	5	0.00	5
103	0	5	0.00	5
104	0	3	0.00	3
105	0	7	0.00	7
106	0	5	0.00	5
107	0	1	0.00	1
108	0	10	0.00	10
109	0	2	0.00	2
110	0	3	0.00	3
111	0	5	0.00	5
112	0	5	0.00	5
113	0	2	0.00	2
114	0	0		0
115	0	2	0.00	2
116	0	0		0
117	0	6	0.00	6
118	0	4	0.00	4
119	0	1	0.00	1
120	0	2	0.00	2
121	0	4	0.00	4
122	0	1	0.00	1
123	0	1	0.00	1
124	0	1	0.00	1
125	0	0		0
126	0	1	0.00	1
127	0	2	0.00	2
128	0	4	0.00	4
129	0	0		0
130	0	3	0.00	3
131	0	1	0.00	1
132	0	0		0
133	0	0		0
134	0	1	0.00	1
135	0	3	0.00	3
136	0	2	0.00	2
137	0	0		0
138	0	0		0
139	0	1	0.00	1
140	0	1	0.00	1
141	0	0		0
142	0	1	0.00	1
143	0	0		0
144	0	0		0
145	0	0		0
146	0	0		0
147	0	2	0.00	2
148	0	2	0.00	2
149	0	0		0

CHH context (R1)
================
position	count methylated	count unmethylated	% methylation	coverage
1	2	31	6.06	33
2	1	25	3.85	26
3	0	20	0.00	20
4	0	320	0.00	320
5	2	370	0.54	372
6	1	411	0.24	412
7	0	386	0.00	386
8	2	357	0.56	359
9	2	348	0.57	350
10	0	318	0.00	318
11	1	310	0.32	311
12	3	318	0.93	321
13	0	380	0.00	380
14	2	401	0.50	403
15	5	370	1.33	375
16	3	349	0.85	352
17	2	331	0.60	333
18	2	320	0.62	322
19	0	336	0.00	336
20	2	345	0.58	347
21	1	351	0.28	352
22	2	325	0.61	327
23	0	346	0.00	346
24	1	368	0.27	369
25	0	354	0.00	354
26	0	329	0.00	329
27	1	420	0.24	421
28	1	395	0.25	396
29	0	350	0.00	350
30	2	388	0.51	390
31	0	359	0.00	359
32	4	366	1.08	370
33	2	317	0.63	319
34	2	320	0.62	322
35	0	332	0.00	332
36	0	372	0.00	372
37	3	367	0.81	370
38	2	380	0.52	382
39	0	365	0.00	365
40	1	301	0.33	302
41	3	308	0.96	311
42	1	349	0.29	350
43	2	367	0.54	369
44	0	313	0.00	313
45	2	285	0.70	287
46	1	351	0.28	352
47	2	308	0.65	310
48	2	340	0.58	342
49	0	365	0.00	365
50	0	397	0.00	397
51	1	410	0.24	411
52	2	368	0.54	370
53	2	328	0.61	330
54	0	311	0.00	311
55	1	312	0.32	313
56	1	304	0.33	305
57	2	285	0.70	287
58	0	298	0.00	298
59	3	319	0.93	322
60	0	291	0.00	291
61	2	317	0.63	319
62	0	321	0.00	321
63	0	316	0.00	316
64	1	340	0.29	341
65	1	294	0.34	295
66	1	271	0.37	272
67	0	322	0.00	322
68	1	325	0.31	326
69	0	303	0.00	303
70	1	262	0.38	263
71	1	268	0.37	269
72	2	272	0.73	274
73	0	303	0.00	303
74	1	261	0.38	262
75	0	316	0.00	316
76	0	309	0.00	309
77	1	254	0.39	255
78	1	256	0.39	257
79	0	296	0.00	296
80	0	301	0.00	301
81	0	261	0.00	261
82	1	278	0.36	279
83	0	255	0.00	255
84	2	246	0.81	248
85	1	267	0.37	268
86	1	251	0.40	252
87	0	216	0.00	216
88	2	262	0.76	264
89	0	226	0.00	226
90	1	184	0.54	185
91	0	188	0.00	188
92	0	202	0.00	202
93	2	192	1.03	194
94	1	156	0.64	157
95	1	167	0.60	168
96	2	156	1.27	158
97	1	165	0.60	166
98	0	165	0.00	165
99	0	73	0.00	73
100	0	6	0.00	6
101	0	8	0.00	8
102	0	7	0.00	7
103	1	5	16.67	6
104	0	9	0.00	9
105	0	11	0.00	11
106	0	8	0.00	8
107	0	12	0.00	12
108	0	3	0.00	3
109	0	5	0.00	5
110	0	7	0.00	7
111	0	7	0.00	7
112	0	2	0.00	2
113	0	4	0.00	4
114	0	5	0.00	5
115	0	1	0.00	1
116	0	1	0.00	1
117	0	3	0.00	3
118	0	3	0.00	3
119	0	2	0.00	2
120	0	1	0.00	1
121	0	2	0.00	2
122	0	2	0.00	2
123	0	1	0.00	1
124	0	2	0.00	2
125	0	1	0.00	1
126	0	2	0.00	2
127	0	5	0.00	5
128	0	2	0.00	2
129	0	2	0.00	2
130	0	0		0
131	0	1	0.00	1
132	0	1	0.00	1
133	0	2	0.00	2
134	0	8	0.00	8
135	0	2	0.00	2
136	0	0		0
137	0	0		0
138	0	0		0
139	0	0		0
140	0	0		0
141	0	0		0
142	0	0		0
143	0	0		0
144	0	1	0.00	1
145	0	1	0.00	1
146	0	0		0
147	0	0		0
148	0	0		0
149	0	0		0

CpG context (R2)
================
position	count methylated	count unmethylated	% methylation	coverage
1	0	18	0.00	18
2	0	15	0.00	15
3	3	69	4.17	72
4	4	70	5.41	74
5	6	97	5.83	103
6	4	92	4.17	96
7	0	134	0.00	134
8	0	87	0.00	87
9	3	75	3.85	78
10	1	102	0.97	103
11	3	67	4.29	70
12	0	72	0.00	72
13	5	82	5.75	87
14	3	35	7.89	38
15	6	58	9.38	64
16	0	60	0.00	60
17	0	40	0.00	40
18	3	49	5.77	52
19	2	41	4.65	43
20	1	40	2.44	41
21	1	35	2.78	36
22	3	41	6.82	44
23	1	51	1.92	52
24	5	57	8.06	62
25	0	36	0.00	36
26	0	31	0.00	31
27	2	31	6.06	33
28	0	26	0.00	26
29	1	40	2.44	41
30	3	27	10.00	30
31	1	26	3.70	27
32	0	28	0.00	28
33	2	15	11.76	17
34	0	21	0.00	21
35	0	21	0.00	21
36	1	11	8.33	12
37	0	23	0.00	23
38	0	22	0.00	22
39	0	13	0.00	13
40	0	5	0.00	5
41	0	9	0.00	9
42	0	15	0.00	15
43	1	8	11.11	9
44	0	8	0.00	8
45	0	4	0.00	4
46	5	20	20.00	25
47	0	6	0.00	6
48	1	7	12.50	8
49	0	10	0.00	10
50	3	7	30.00	10
51	0	7	0.00	7
52	2	11	15.38	13
53	1	3	25.00	4
54	0	8	0.00	8
55	1	2	33.33	3
56	0	5	0.00	5
57	0	1	0.00	1
58	0	4	0.00	4
59	0	4	0.00	4
60	1	2	33.33	3
61	0	2	0.00	2
62	0	1	0.00	1
63	0	2	0.00	2
64	0	0		0
65	0	1	0.00	1
66	0	0		0
67	0	1	0.00	1
68	1	0	100.00	1
69	0	1	0.00	1
70	0	0		0
71	0	0		0
72	0	1	0.00	1
73	0	0		0
74	0	1	0.00	1
75	0	0		0
76	0	1	0.00	1
77	0	1	0.00	1
78	0	0		0
79	0	1	0.00	1
80	0	0		0
81	0	0		0
82	0	1	0.00	1
83	0	0		0
84	0	0		0
85	0	0		0
86	0	1	0.00	1
87	0	0		0
88	0	0		0
89	0	0		0
90	0	0		0
91	0	1	0.00	1
92	0	0		0
93	0	0		0
94	0	0		0
95	0	1	0.00	1
96	0	0		0
97	0	1	0.00	1

CHG context (R2)
================
position	count methylated	count unmethylated	% methylation	coverage
1	10	2124	0.47	2134
2	0	21	0.00	21
3	0	5	0.00	5
4	0	41	0.00	41
5	0	56	0.00	56
6	1	69	1.43	70
7	0	60	0.00	60
8	0	87	0.00	87
9	0	85	0.00	85
10	1	72	1.37	73
11	0	86	0.00	86
12	0	43	0.00	43
13	0	43	0.00	43
14	0	59	0.00	59
15	0	47	0.00	47
16	0	48	0.00	48
17	0	61	0.00	61
18	0	52	0.00	52
19	0	51	0.00	51
20	0	57	0.00	57
21	0	37	0.00	37
22	0	40	0.00	40
23	1	32	3.03	33
24	0	26	0.00	26
25	0	46	0.00	46
26	0	19	0.00	19
27	0	18	0.00	18
28	0	18	0.00	18
29	0	29	0.00	29
30	1	25	3.85	26
31	0	30	0.00	30
32	0	19	0.00	19
33	1	28	3.45	29
34	0	18	0.00	18
35	0	20	0.00	20
36	0	18	0.00	18
37	0	19	0.00	19
38	0	14	0.00	14
39	0	17	0.00	17
40	0	17	0.00	17
41	0	19	0.00	19
42	0	6	0.00	6
43	0	10	0.00	10
44	0	4	0.00	4
45	0	8	0.00	8
46	0	3	0.00	3
47	0	16	0.00	16
48	1	9	10.00	10
49	0	9	0.00	9
50	0	12	0.00	12
51	0	3	0.00	3
52	0	8	0.00	8
53	0	9	0.00	9
54	0	1	0.00	1
55	0	10	0.00	10
56	0	3	0.00	3
57	0	1	0.00	1
58	0	2	0.00	2
59	0	0		0
60	0	7	0.00	7
61	0	2	0.00	2
62	0	0		0
63	0	5	0.00	5
64	0	2	0.00	2
65	0	0		0
66	0	0		0
67	0	0		0
68	0	0		0
69	0	0		0
70	1	1	50.00	2
71	0	1	0.00	1
72	0	0		0
73	0	2	0.00	2
74	0	1	0.00	1
75	0	0		0
76	0	0		0
77	0	0		0
78	0	0		0
79	0	0		0
80	0	1	0.00	1
81	0	0		0
82	0	0		0
83	0	0		0
84	0	0		0
85	0	0		0
86	0	1	0.00	1
87	0	0		0
88	0	0		0
89	0	0		0
90	0	0		0
91	0	0		0
92	0	0		0
93	0	0		0
94	0	0		0
95	0	1	0.00	1
96	0	0		0
97	0	0		0

CHH context (R2)
================
position	count methylated	count unmethylated	% methylation	coverage
1	1	12	7.69	13
2	2	985	0.20	987
3	1	247	0.40	248
4	0	207	0.00	207
5	0	144	0.00	144
6	1	92	1.08	93
7	0	109	0.00	109
8	0	117	0.00	117
9	0	108	0.00	108
10	0	115	0.00	115
11	0	78	0.00	78
12	1	101	0.98	102
13	0	61	0.00	61
14	0	103	0.00	103
15	0	71	0.00	71
16	0	56	0.00	56
17	0	60	0.00	60
18	0	65	0.00	65
19	0	74	0.00	74
20	0	57	0.00	57
21	0	48	0.00	48
22	0	31	0.00	31
23	0	44	0.00	44
24	0	47	0.00	47
25	0	44	0.00	44
26	0	34	0.00	34
27	0	30	0.00	30
28	0	22	0.00	22
29	0	32	0.00	32
30	0	24	0.00	24
31	0	28	0.00	28
32	0	25	0.00	25
33	0	24	0.00	24
34	1	33	2.94	34
35	0	40	0.00	40
36	0	22	0.00	22
37	0	16	0.00	16
38	0	24	0.00	24
39	0	11	0.00	11
40	0	15	0.00	15
41	0	16	0.00	16
42	0	18	0.00	18
43	0	20	0.00	20
44	0	27	0.00	27
45	0	22	0.00	22
46	0	17	0.00	17
47	0	10	0.00	10
48	0	10	0.00	10
49	0	8	0.00	8
50	0	5	0.00	5
51	0	17	0.00	17
52	0	14	0.00	14
53	0	12	0.00	12
54	1	16	5.88	17
55	0	11	0.00	11
56	0	10	0.00	10
57	0	5	0.00	5
58	1	6	14.29	7
59	0	3	0.00	3
60	0	2	0.00	2
61	0	2	0.00	2
62	0	3	0.00	3
63	0	0		0
64	0	3	0.00	3
65	0	2	0.00	2
66	0	2	0.00	2
67	0	1	0.00	1
68	0	6	0.00	6
69	0	1	0.00	1
70	0	0		0
71	0	0		0
72	0	1	0.00	1
73	0	0		0
74	0	1	0.00	1
75	0	1	0.00	1
76	0	1	0.00	1
77	0	1	0.00	1
78	0	0		0
79	0	0		0
80	0	0		0
81	0	0		0
82	0	1	0.00	1
83	0	0		0
84	0	1	0.00	1
85	0	0		0
86	0	0		0
87	0	1	0.00	1
88	0	0		0
89	0	1	0.00	1
90	0	0		0
91	0	0		0
92	0	0		0
93	0	0		0
94	0	0		0
95	0	0		0
96	0	0		0
97	0	0		0

