CpG context (R1)
================
position	count methylated	count unmethylated	% methylation	coverage
1	209	2174	8.77	2383
2	1	16	5.88	17
3	1	18	5.26	19
4	13	189	6.44	202
5	11	220	4.76	231
6	13	275	4.51	288
7	8	227	3.40	235
8	11	285	3.72	296
9	8	259	3.00	267
10	14	228	5.79	242
11	9	276	3.16	285
12	14	278	4.79	292
13	16	266	5.67	282
14	12	258	4.44	270
15	9	269	3.24	278
16	14	305	4.39	319
17	7	222	3.06	229
18	12	271	4.24	283
19	13	295	4.22	308
20	7	227	2.99	234
21	11	210	4.98	221
22	12	265	4.33	277
23	20	252	7.35	272
24	10	216	4.42	226
25	18	299	5.68	317
26	14	298	4.49	312
27	20	282	6.62	302
28	22	239	8.43	261
29	8	250	3.10	258
30	11	278	3.81	289
31	17	256	6.23	273
32	14	290	4.61	304
33	10	202	4.72	212
34	16	282	5.37	298
35	17	277	5.78	294
36	9	235	3.69	244
37	13	266	4.66	279
38	15	239	5.91	254
39	17	260	6.14	277
40	13	259	4.78	272
41	14	275	4.84	289
42	9	277	3.15	286
43	15	263	5.40	278
44	17	246	6.46	263
45	14	269	4.95	283
46	18	225	7.41	243
47	19	261	6.79	280
48	18	255	6.59	273
49	26	253	9.32	279
50	14	212	6.19	226
51	23	245	8.58	268
52	10	215	4.44	225
53	11	217	4.82	228
54	12	245	4.67	257
55	18	310	5.49	328
56	8	249	3.11	257
57	14	234	5.65	248
58	15	258	5.49	273
59	16	256	5.88	272
60	14	268	4.96	282
61	9	234	3.70	243
62	18	264	6.38	282
63	10	221	4.33	231
64	15	250	5.66	265
65	14	241	5.49	255
66	14	252	5.26	266
67	18	236	7.09	254
68	6	222	2.63	228
69	10	216	4.42	226
70	12	230	4.96	242
71	14	229	5.76	243
72	9	249	3.49	258
73	11	220	4.76	231
74	9	189	4.55	198
75	9	190	4.52	199
76	17	204	7.69	221
77	14	237	5.58	251
78	6	203	2.87	209
79	10	217	4.41	227
80	10	188	5.05	198
81	5	178	2.73	183
82	5	194	2.51	199
83	8	131	5.76	139
84	5	170	2.86	175
85	6	207	2.82	213
86	7	149	4.49	156
87	8	176	4.35	184
88	2	105	1.87	107
89	9	171	5.00	180
90	4	126	3.08	130
91	4	117	3.31	121
92	6	154	3.75	160
93	8	142	5.33	150
94	4	125	3.10	129
95	8	106	7.02	114
96	5	89	5.32	94
97	6	94	6.00	100
98	6	99	5.71	105
99	7	51	12.07	58
100	0	5	0.00	5
101	0	5	0.00	5
102	1	3	25.00	4
103	0	8	0.00	8
104	1	5	16.67	6
105	0	2	0.00	2
106	0	5	0.00	5
107	0	6	0.00	6
108	0	3	0.00	3
109	0	9	0.00	9
110	1	0	100.00	1
111	0	5	0.00	5
112	0	2	0.00	2
113	0	3	0.00	3
114	0	3	0.00	3
115	0	4	0.00	4
116	0	2	0.00	2
117	0	5	0.00	5
118	0	1	0.00	1
119	0	2	0.00	2
120	1	5	16.67	6
121	1	1	50.00	2
122	0	3	0.00	3
123	0	3	0.00	3
124	0	2	0.00	2
125	0	5	0.00	5
126	0	1	0.00	1
127	0	4	0.00	4
128	0	3	0.00	3
129	0	5	0.00	5
130	0	0		0
131	1	4	20.00	5
132	0	0		0
133	0	2	0.00	2
134	0	3	0.00	3
135	0	1	0.00	1
136	0	3	0.00	3
137	0	0		0
138	0	5	0.00	5
139	0	2	0.00	2
140	0	0		0
141	0	5	0.00	5
142	0	2	0.00	2
143	0	1	0.00	1
144	0	0		0
145	1	1	50.00	2
146	0	0		0
147	0	1	0.00	1
148	0	0		0
149	0	1	0.00	1

CHG context (R1)
================
position	count methylated	count unmethylated	% methylation	coverage
1	0	9	0.00	9
2	0	22	0.00	22
3	0	9	0.00	9
4	1	139	0.71	140
5	2	214	0.93	216
6	1	236	0.42	237
7	1	244	0.41	245
8	0	214	0.00	214
9	0	223	0.00	223
10	2	225	0.88	227
11	3	246	1.20	249
12	0	190	0.00	190
13	1	212	0.47	213
14	2	209	0.95	211
15	2	243	0.82	245
16	0	205	0.00	205
17	1	236	0.42	237
18	0	237	0.00	237
19	3	192	1.54	195
20	2	190	1.04	192
21	4	183	2.14	187
22	1	242	0.41	243
23	0	205	0.00	205
24	0	188	0.00	188
25	0	259	0.00	259
26	0	221	0.00	221
27	0	224	0.00	224
28	0	235	0.00	235
29	0	201	0.00	201
30	2	197	1.01	199
31	1	265	0.38	266
32	1	184	0.54	185
33	2	246	0.81	248
34	1	236	0.42	237
35	0	220	0.00	220
36	2	220	0.90	222
37	0	205	0.00	205
38	3	209	1.42	212
39	0	223	0.00	223
40	2	231	0.86	233
41	2	259	0.77	261
42	1	203	0.49	204
43	1	221	0.45	222
44	0	246	0.00	246
45	2	209	0.95	211
46	0	218	0.00	218
47	0	200	0.00	200
48	2	228	0.87	230
49	1	193	0.52	194
50	0	191	0.00	191
51	0	208	0.00	208
52	2	221	0.90	223
53	0	215	0.00	215
54	2	214	0.93	216
55	0	188	0.00	188
56	1	214	0.47	215
57	0	196	0.00	196
58	0	195	0.00	195
59	1	186	0.53	187
60	0	152	0.00	152
61	0	202	0.00	202
62	0	195	0.00	195
63	0	205	0.00	205
64	1	206	0.48	207
65	0	211	0.00	211
66	1	187	0.53	188
67	0	156	0.00	156
68	0	193	0.00	193
69	0	203	0.00	203
70	0	200	0.00	200
71	1	203	0.49	204
72	0	150	0.00	150
73	0	176	0.00	176
74	1	160	0.62	161
75	1	151	0.66	152
76	0	179	0.00	179
77	0	182	0.00	182
78	1	151	0.66	152
79	0	175	0.00	175
80	1	144	0.69	145
81	0	152	0.00	152
82	0	101	0.00	101
83	0	129	0.00	129
84	0	148	0.00	148
85	1	113	0.88	114
86	0	150	0.00	150
87	2	107	1.83	109
88	0	151	0.00	151
89	2	132	1.49	134
90	0	99	0.00	99
91	0	173	0.00	173
92	0	121	0.00	121
93	0	68	0.00	68
94	0	115	0.00	115
95	0	112	0.00	112
96	0	87	0.00	87
97	0	117	0.00	117
98	0	104	0.00	104
99	0	43	0.00	43
100	0	5	0.00	5
101	0	4	0.00	4
102	0	5	0.00	5
103	0	5	0.00	5
104	0	3	0.00	3
105	0	6	0.00	6
106	0	7	0.00	7
107	0	4	0.00	4
108	1	3	25.00	4
109	0	2	0.00	2
110	0	5	0.00	5
111	0	4	0.00	4
112	0	2	0.00	2
113	0	1	0.00	1
114	0	1	0.00	1
115	0	2	0.00	2
116	0	4	0.00	4
117	0	3	0.00	3
118	0	3	0.00	3
119	0	2	0.00	2
120	0	3	0.00	3
121	0	1	0.00	1
122	0	2	0.00	2
123	0	3	0.00	3
124	0	0		0
125	0	2	0.00	2
126	0	1	0.00	1
127	0	1	0.00	1
128	0	5	0.00	5
129	0	2	0.00	2
130	0	3	0.00	3
131	0	1	0.00	1
132	0	0		0
133	0	1	0.00	1
134	0	1	0.00	1
135	0	2	0.00	2
136	0	1	0.00	1
137	0	0		0
138	0	0		0
139	0	0		0
140	0	1	0.00	1
141	0	0		0
142	0	0		0
143	0	0		0
144	0	1	0.00	1
145	0	0		0
146	0	0		0
147	0	0		0
148	0	2	0.00	2
149	0	1	0.00	1

CHH context (R1)
================
position	count methylated	count unmethylated	% methylation	coverage
1	1	29	3.33	30
2	1	24	4.00	25
3	0	22	0.00	22
4	0	334	0.00	334
5	1	405	0.25	406
6	2	413	0.48	415
7	1	366	0.27	367
8	2	364	0.55	366
9	0	320	0.00	320
10	1	316	0.32	317
11	1	321	0.31	322
12	3	325	0.91	328
13	1	404	0.25	405
14	4	370	1.07	374
15	0	367	0.00	367
16	1	345	0.29	346
17	2	323	0.62	325
18	1	301	0.33	302
19	0	321	0.00	321
20	3	388	0.77	391
21	1	343	0.29	344
22	0	353	0.00	353
23	1	357	0.28	358
24	0	394	0.00	394
25	1	395	0.25	396
26	2	360	0.55	362
27	3	378	0.79	381
28	2	354	0.56	356
29	1	332	0.30	333
30	1	373	0.27	374
31	1	329	0.30	330
32	2	383	0.52	385
33	3	291	1.02	294
34	1	322	0.31	323
35	0	308	0.00	308
36	3	371	0.80	374
37	2	358	0.56	360
38	0	363	0.00	363
39	2	355	0.56	357
40	1	312	0.32	313
41	0	346	0.00	346
42	0	319	0.00	319
43	1	341	0.29	342
44	3	339	0.88	342
45	0	302	0.00	302
46	1	352	0.28	353
47	1	335	0.30	336
48	2	300	0.66	302
49	2	360	0.55	362
50	2	363	0.55	365
51	0	401	0.00	401
52	0	343	0.00	343
53	3	354	0.84	357
54	1	312	0.32	313
55	0	351	0.00	351
56	1	277	0.36	278
57	1	291	0.34	292
58	0	319	0.00	319
59	0	314	0.00	314
60	0	342	0.00	342
61	1	330	0.30	331
62	0	345	0.00	345
63	0	302	0.00	302
64	3	361	0.82	364
65	1	296	0.34	297
66	0	282	0.00	282
67	2	308	0.65	310
68	1	346	0.29	347
69	2	305	0.65	307
70	2	292	0.68	294
71	0	280	0.00	280
72	0	273	0.00	273
73	0	283	0.00	283
74	1	296	0.34	297
75	0	319	0.00	319
76	0	314	0.00	314
77	2	287	0.69	289
78	0	272	0.00	272
79	0	264	0.00	264
80	0	270	0.00	270
81	1	232	0.43	233
82	1	278	0.36	279
83	1	252	0.40	253
84	1	245	0.41	246
85	0	254	0.00	254
86	1	234	0.43	235
87	0	224	0.00	224
88	1	233	0.43	234
89	0	193	0.00	193
90	0	155	0.00	155
91	0	190	0.00	190
92	3	197	1.50	200
93	3	154	1.91	157
94	0	149	0.00	149
95	0	179	0.00	179
96	0	171	0.00	171
97	3	183	1.61	186
98	0	161	0.00	161
99	0	63	0.00	63
100	0	10	0.00	10
101	0	7	0.00	7
102	0	8	0.00	8
103	0	7	0.00	7
104	0	6	0.00	6
105	0	5	0.00	5
106	0	8	0.00	8
107	0	7	0.00	7
108	0	1	0.00	1
109	0	1	0.00	1
110	0	2	0.00	2
111	0	3	0.00	3
112	0	0		0
113	0	5	0.00	5
114	0	1	0.00	1
115	0	4	0.00	4
116	0	1	0.00	1
117	0	6	0.00	6
118	0	3	0.00	3
119	0	4	0.00	4
120	0	0		0
121	0	2	0.00	2
122	0	3	0.00	3
123	0	2	0.00	2
124	0	2	0.00	2
125	0	2	0.00	2
126	0	3	0.00	3
127	0	3	0.00	3
128	0	3	0.00	3
129	0	2	0.00	2
130	0	0		0
131	0	2	0.00	2
132	0	3	0.00	3
133	0	1	0.00	1
134	0	2	0.00	2
135	0	2	0.00	2
136	0	1	0.00	1
137	0	3	0.00	3
138	0	3	0.00	3
139	0	0		0
140	0	2	0.00	2
141	0	0		0
142	0	0		0
143	0	2	0.00	2
144	0	0		0
145	0	0		0
146	0	0		0
147	0	1	0.00	1
148	0	1	0.00	1
149	0	0		0

CpG context (R2)
================
position	count methylated	count unmethylated	% methylation	coverage
1	0	18	0.00	18
2	0	14	0.00	14
3	5	73	6.41	78
4	4	71	5.33	75
5	8	115	6.50	123
6	5	60	7.69	65
7	4	133	2.92	137
8	2	78	2.50	80
9	4	79	4.82	83
10	6	88	6.38	94
11	6	83	6.74	89
12	6	68	8.11	74
13	6	70	7.89	76
14	3	49	5.77	52
15	2	85	2.30	87
16	2	58	3.33	60
17	3	49	5.77	52
18	2	40	4.76	42
19	6	44	12.00	50
20	1	60	1.64	61
21	2	34	5.56	36
22	6	28	17.65	34
23	6	44	12.00	50
24	3	72	4.00	75
25	1	32	3.03	33
26	0	52	0.00	52
27	3	38	7.32	41
28	2	26	7.14	28
29	0	41	0.00	41
30	3	14	17.65	17
31	0	43	0.00	43
32	2	25	7.41	27
33	2	27	6.90	29
34	1	19	5.00	20
35	1	13	7.14	14
36	0	15	0.00	15
37	1	24	4.00	25
38	1	17	5.56	18
39	0	9	0.00	9
40	0	12	0.00	12
41	1	12	7.69	13
42	0	13	0.00	13
43	1	10	9.09	11
44	1	13	7.14	14
45	0	6	0.00	6
46	4	11	26.67	15
47	0	9	0.00	9
48	0	4	0.00	4
49	0	5	0.00	5
50	0	6	0.00	6
51	0	8	0.00	8
52	2	3	40.00	5
53	0	3	0.00	3
54	0	9	0.00	9
55	0	5	0.00	5
56	0	3	0.00	3
57	0	4	0.00	4
58	0	6	0.00	6
59	0	1	0.00	1
60	0	3	0.00	3
61	0	2	0.00	2
62	0	0		0
63	0	5	0.00	5
64	0	2	0.00	2
65	0	1	0.00	1
66	0	1	0.00	1
67	0	1	0.00	1
68	0	1	0.00	1
69	0	1	0.00	1
70	0	0		0
71	0	2	0.00	2
72	0	1	0.00	1
73	0	0		0
74	0	1	0.00	1
75	1	0	100.00	1
76	0	1	0.00	1
77	0	2	0.00	2
78	0	1	0.00	1
79	0	1	0.00	1
80	0	1	0.00	1
81	0	0		0
82	0	1	0.00	1
83	0	1	0.00	1
84	0	1	0.00	1
85	0	0		0
86	0	0		0
87	0	0		0
88	0	0		0
89	0	0		0
90	0	0		0
91	0	0		0
92	0	0		0
93	0	0		0
94	0	2	0.00	2
95	0	1	0.00	1
96	0	0		0
97	0	2	0.00	2

CHG context (R2)
================
position	count methylated	count unmethylated	% methylation	coverage
1	15	2140	0.70	2155
2	0	23	0.00	23
3	0	5	0.00	5
4	0	58	0.00	58
5	1	60	1.64	61
6	0	72	0.00	72
7	0	55	0.00	55
8	0	96	0.00	96
9	0	74	0.00	74
10	1	57	1.72	58
11	1	72	1.37	73
12	0	41	0.00	41
13	0	44	0.00	44
14	0	39	0.00	39
15	0	48	0.00	48
16	0	48	0.00	48
17	1	59	1.67	60
18	0	63	0.00	63
19	0	38	0.00	38
20	0	56	0.00	56
21	0	45	0.00	45
22	0	42	0.00	42
23	0	30	0.00	30
24	0	22	0.00	22
25	0	30	0.00	30
26	0	25	0.00	25
27	0	16	0.00	16
28	0	23	0.00	23
29	0	28	0.00	28
30	0	20	0.00	20
31	0	27	0.00	27
32	0	26	0.00	26
33	0	12	0.00	12
34	1	25	3.85	26
35	0	27	0.00	27
36	0	26	0.00	26
37	0	11	0.00	11
38	0	15	0.00	15
39	0	10	0.00	10
40	0	16	0.00	16
41	0	26	0.00	26
42	0	6	0.00	6
43	0	4	0.00	4
44	0	3	0.00	3
45	0	12	0.00	12
46	0	1	0.00	1
47	0	8	0.00	8
48	0	7	0.00	7
49	0	10	0.00	10
50	0	12	0.00	12
51	0	3	0.00	3
52	0	8	0.00	8
53	0	4	0.00	4
54	0	1	0.00	1
55	0	7	0.00	7
56	0	4	0.00	4
57	0	2	0.00	2
58	0	4	0.00	4
59	0	1	0.00	1
60	0	7	0.00	7
61	0	3	0.00	3
62	0	0		0
63	0	1	0.00	1
64	0	7	0.00	7
65	0	1	0.00	1
66	0	0		0
67	0	1	0.00	1
68	0	1	0.00	1
69	0	0		0
70	0	3	0.00	3
71	0	0		0
72	0	2	0.00	2
73	0	5	0.00	5
74	0	0		0
75	0	2	0.00	2
76	0	0		0
77	0	0		0
78	0	2	0.00	2
79	0	1	0.00	1
80	0	1	0.00	1
81	0	0		0
82	0	0		0
83	0	0		0
84	0	0		0
85	0	0		0
86	0	1	0.00	1
87	0	2	0.00	2
88	0	0		0
89	0	0		0
90	0	0		0
91	0	0		0
92	0	0		0
93	0	0		0
94	0	0		0
95	0	0		0
96	0	0		0
97	0	0		0

CHH context (R2)
================
position	count methylated	count unmethylated	% methylation	coverage
1	0	10	0.00	10
2	4	983	0.41	987
3	3	265	1.12	268
4	0	175	0.00	175
5	1	162	0.61	163
6	0	107	0.00	107
7	0	106	0.00	106
8	0	130	0.00	130
9	0	115	0.00	115
10	0	120	0.00	120
11	0	73	0.00	73
12	0	81	0.00	81
13	0	56	0.00	56
14	1	73	1.35	74
15	0	67	0.00	67
16	0	46	0.00	46
17	0	58	0.00	58
18	0	73	0.00	73
19	1	74	1.33	75
20	0	56	0.00	56
21	0	50	0.00	50
22	0	43	0.00	43
23	0	45	0.00	45
24	0	38	0.00	38
25	0	48	0.00	48
26	0	28	0.00	28
27	0	38	0.00	38
28	0	43	0.00	43
29	0	48	0.00	48
30	0	26	0.00	26
31	0	26	0.00	26
32	2	32	5.88	34
33	0	27	0.00	27
34	0	22	0.00	22
35	0	34	0.00	34
36	1	16	5.88	17
37	0	18	0.00	18
38	0	20	0.00	20
39	0	8	0.00	8
40	0	24	0.00	24
41	0	13	0.00	13
42	0	23	0.00	23
43	0	20	0.00	20
44	0	28	0.00	28
45	0	12	0.00	12
46	1	20	4.76	21
47	0	12	0.00	12
48	0	6	0.00	6
49	0	12	0.00	12
50	0	7	0.00	7
51	0	15	0.00	15
52	0	10	0.00	10
53	0	9	0.00	9
54	0	9	0.00	9
55	0	10	0.00	10
56	1	8	11.11	9
57	0	5	0.00	5
58	0	3	0.00	3
59	0	1	0.00	1
60	0	2	0.00	2
61	0	3	0.00	3
62	0	2	0.00	2
63	0	1	0.00	1
64	0	0		0
65	0	3	0.00	3
66	0	0		0
67	0	1	0.00	1
68	0	0		0
69	0	2	0.00	2
70	0	0		0
71	0	0		0
72	0	1	0.00	1
73	0	0		0
74	0	3	0.00	3
75	0	1	0.00	1
76	0	0		0
77	0	1	0.00	1
78	0	1	0.00	1
79	0	2	0.00	2
80	0	0		0
81	0	0		0
82	0	0		0
83	0	0		0
84	0	1	0.00	1
85	0	0		0
86	0	0		0
87	0	0		0
88	0	0		0
89	0	0		0
90	0	0		0
91	0	0		0
92	0	0		0
93	0	0		0
94	0	0		0
95	0	0		0
96	0	0		0
97	0	0		0

