CpG context (R1)
================
position	count methylated	count unmethylated	% methylation	coverage
1	200	2173	8.43	2373
2	0	14	0.00	14
3	2	18	10.00	20
4	8	198	3.88	206
5	10	188	5.05	198
6	10	245	3.92	255
7	11	233	4.51	244
8	12	281	4.10	293
9	12	238	4.80	250
10	20	255	7.27	275
11	9	219	3.95	228
12	15	296	4.82	311
13	17	284	5.65	301
14	12	256	4.48	268
15	14	260	5.11	274
16	17	295	5.45	312
17	13	227	5.42	240
18	8	251	3.09	259
19	22	324	6.36	346
20	12	209	5.43	221
21	8	247	3.14	255
22	14	294	4.55	308
23	12	240	4.76	252
24	16	216	6.90	232
25	19	274	6.48	293
26	17	305	5.28	322
27	3	269	1.10	272
28	18	254	6.62	272
29	9	267	3.26	276
30	14	261	5.09	275
31	8	286	2.72	294
32	14	295	4.53	309
33	7	212	3.20	219
34	14	249	5.32	263
35	15	282	5.05	297
36	20	244	7.58	264
37	14	255	5.20	269
38	16	242	6.20	258
39	14	233	5.67	247
40	11	240	4.38	251
41	15	229	6.15	244
42	15	299	4.78	314
43	12	260	4.41	272
44	15	257	5.51	272
45	17	258	6.18	275
46	23	215	9.66	238
47	15	278	5.12	293
48	17	254	6.27	271
49	13	244	5.06	257
50	13	198	6.16	211
51	11	226	4.64	237
52	12	230	4.96	242
53	8	231	3.35	239
54	18	267	6.32	285
55	11	290	3.65	301
56	9	245	3.54	254
57	21	228	8.43	249
58	14	237	5.58	251
59	16	277	5.46	293
60	16	243	6.18	259
61	14	245	5.41	259
62	9	262	3.32	271
63	18	210	7.89	228
64	16	263	5.73	279
65	10	247	3.89	257
66	17	270	5.92	287
67	16	212	7.02	228
68	11	209	5.00	220
69	9	216	4.00	225
70	13	220	5.58	233
71	13	255	4.85	268
72	7	239	2.85	246
73	9	247	3.52	256
74	6	192	3.03	198
75	8	164	4.65	172
76	9	171	5.00	180
77	10	215	4.44	225
78	8	216	3.57	224
79	6	201	2.90	207
80	8	185	4.15	193
81	5	150	3.23	155
82	9	202	4.27	211
83	12	145	7.64	157
84	3	175	1.69	178
85	7	187	3.61	194
86	10	175	5.41	185
87	5	152	3.18	157
88	5	122	3.94	127
89	8	149	5.10	157
90	3	123	2.38	126
91	4	152	2.56	156
92	5	132	3.65	137
93	6	140	4.11	146
94	6	123	4.65	129
95	3	110	2.65	113
96	3	100	2.91	103
97	4	144	2.70	148
98	4	101	3.81	105
99	4	43	8.51	47
100	1	9	10.00	10
101	0	5	0.00	5
102	1	4	20.00	5
103	0	8	0.00	8
104	0	6	0.00	6
105	1	0	100.00	1
106	2	3	40.00	5
107	2	2	50.00	4
108	0	2	0.00	2
109	1	8	11.11	9
110	0	1	0.00	1
111	2	1	66.67	3
112	0	5	0.00	5
113	0	2	0.00	2
114	0	3	0.00	3
115	0	1	0.00	1
116	0	2	0.00	2
117	0	3	0.00	3
118	0	2	0.00	2
119	0	2	0.00	2
120	0	1	0.00	1
121	0	3	0.00	3
122	0	2	0.00	2
123	2	3	40.00	5
124	0	1	0.00	1
125	0	2	0.00	2
126	1	1	50.00	2
127	0	1	0.00	1
128	0	1	0.00	1
129	1	1	50.00	2
130	0	1	0.00	1
131	0	1	0.00	1
132	1	2	33.33	3
133	0	0		0
134	0	1	0.00	1
135	0	0		0
136	0	0		0
137	0	0		0
138	0	1	0.00	1
139	0	1	0.00	1
140	0	1	0.00	1
141	0	0		0
142	0	0		0
143	0	0		0
144	0	1	0.00	1
145	0	1	0.00	1
146	0	0		0
147	0	0		0
148	0	2	0.00	2
149	0	0		0

CHG context (R1)
================
position	count methylated	count unmethylated	% methylation	coverage
1	0	15	0.00	15
2	0	19	0.00	19
3	0	7	0.00	7
4	1	134	0.74	135
5	1	199	0.50	200
6	1	237	0.42	238
7	4	249	1.58	253
8	1	247	0.40	248
9	0	244	0.00	244
10	0	190	0.00	190
11	3	238	1.24	241
12	0	192	0.00	192
13	1	204	0.49	205
14	0	225	0.00	225
15	0	257	0.00	257
16	0	198	0.00	198
17	1	229	0.43	230
18	1	257	0.39	258
19	1	211	0.47	212
20	2	172	1.15	174
21	1	213	0.47	214
22	1	220	0.45	221
23	1	201	0.50	202
24	1	224	0.44	225
25	0	257	0.00	257
26	0	201	0.00	201
27	0	199	0.00	199
28	2	233	0.85	235
29	2	172	1.15	174
30	0	172	0.00	172
31	0	252	0.00	252
32	0	196	0.00	196
33	1	245	0.41	246
34	0	224	0.00	224
35	2	244	0.81	246
36	0	185	0.00	185
37	0	203	0.00	203
38	0	203	0.00	203
39	0	185	0.00	185
40	1	193	0.52	194
41	2	305	0.65	307
42	1	204	0.49	205
43	1	168	0.59	169
44	1	272	0.37	273
45	1	188	0.53	189
46	0	224	0.00	224
47	0	192	0.00	192
48	0	212	0.00	212
49	0	213	0.00	213
50	2	207	0.96	209
51	1	237	0.42	238
52	1	217	0.46	218
53	1	197	0.51	198
54	1	189	0.53	190
55	1	167	0.60	168
56	0	232	0.00	232
57	1	200	0.50	201
58	2	199	1.00	201
59	0	191	0.00	191
60	1	155	0.64	156
61	1	191	0.52	192
62	2	176	1.12	178
63	1	174	0.57	175
64	0	198	0.00	198
65	2	235	0.84	237
66	0	197	0.00	197
67	0	172	0.00	172
68	0	173	0.00	173
69	0	191	0.00	191
70	0	208	0.00	208
71	2	167	1.18	169
72	0	165	0.00	165
73	0	153	0.00	153
74	0	141	0.00	141
75	0	159	0.00	159
76	0	161	0.00	161
77	1	170	0.58	171
78	1	167	0.60	168
79	2	150	1.32	152
80	1	153	0.65	154
81	0	159	0.00	159
82	0	126	0.00	126
83	1	143	0.69	144
84	0	127	0.00	127
85	1	118	0.84	119
86	1	147	0.68	148
87	0	135	0.00	135
88	2	131	1.50	133
89	0	127	0.00	127
90	1	106	0.93	107
91	1	139	0.71	140
92	1	103	0.96	104
93	1	80	1.23	81
94	1	95	1.04	96
95	0	84	0.00	84
96	0	126	0.00	126
97	0	128	0.00	128
98	0	102	0.00	102
99	1	45	2.17	46
100	0	7	0.00	7
101	0	5	0.00	5
102	0	3	0.00	3
103	0	4	0.00	4
104	0	3	0.00	3
105	0	8	0.00	8
106	0	5	0.00	5
107	0	0		0
108	0	7	0.00	7
109	0	6	0.00	6
110	0	4	0.00	4
111	0	1	0.00	1
112	0	2	0.00	2
113	0	2	0.00	2
114	0	0		0
115	0	1	0.00	1
116	0	3	0.00	3
117	0	1	0.00	1
118	0	4	0.00	4
119	0	1	0.00	1
120	0	4	0.00	4
121	0	2	0.00	2
122	0	1	0.00	1
123	0	0		0
124	0	1	0.00	1
125	0	1	0.00	1
126	0	1	0.00	1
127	0	3	0.00	3
128	0	1	0.00	1
129	0	1	0.00	1
130	0	1	0.00	1
131	0	1	0.00	1
132	0	0		0
133	0	1	0.00	1
134	0	0		0
135	0	1	0.00	1
136	0	1	0.00	1
137	0	0		0
138	0	0		0
139	0	0		0
140	0	0		0
141	0	1	0.00	1
142	0	0		0
143	0	0		0
144	0	0		0
145	0	0		0
146	0	0		0
147	0	1	0.00	1
148	0	0		0
149	0	1	0.00	1

CHH context (R1)
================
position	count methylated	count unmethylated	% methylation	coverage
1	1	32	3.03	33
2	0	37	0.00	37
3	0	19	0.00	19
4	2	356	0.56	358
5	2	398	0.50	400
6	3	425	0.70	428
7	1	419	0.24	420
8	1	382	0.26	383
9	1	312	0.32	313
10	1	337	0.30	338
11	2	334	0.60	336
12	1	334	0.30	335
13	2	363	0.55	365
14	3	365	0.82	368
15	1	324	0.31	325
16	0	340	0.00	340
17	0	331	0.00	331
18	1	294	0.34	295
19	1	308	0.32	309
20	2	364	0.55	366
21	0	320	0.00	320
22	0	309	0.00	309
23	1	353	0.28	354
24	3	354	0.84	357
25	4	389	1.02	393
26	3	346	0.86	349
27	1	390	0.26	391
28	2	360	0.55	362
29	1	364	0.27	365
30	0	384	0.00	384
31	0	357	0.00	357
32	2	363	0.55	365
33	0	338	0.00	338
34	0	316	0.00	316
35	2	293	0.68	295
36	1	365	0.27	366
37	1	326	0.31	327
38	1	317	0.31	318
39	2	348	0.57	350
40	1	373	0.27	374
41	2	316	0.63	318
42	1	326	0.31	327
43	0	329	0.00	329
44	2	331	0.60	333
45	1	288	0.35	289
46	2	343	0.58	345
47	2	318	0.62	320
48	4	312	1.27	316
49	1	369	0.27	370
50	2	402	0.50	404
51	0	377	0.00	377
52	1	365	0.27	366
53	1	332	0.30	333
54	1	308	0.32	309
55	2	326	0.61	328
56	2	312	0.64	314
57	0	292	0.00	292
58	1	297	0.34	298
59	1	302	0.33	303
60	1	319	0.31	320
61	1	319	0.31	320
62	4	335	1.18	339
63	2	293	0.68	295
64	3	344	0.86	347
65	3	294	1.01	297
66	0	253	0.00	253
67	2	316	0.63	318
68	0	347	0.00	347
69	1	310	0.32	311
70	0	283	0.00	283
71	1	275	0.36	276
72	1	242	0.41	243
73	3	278	1.07	281
74	1	262	0.38	263
75	1	303	0.33	304
76	1	312	0.32	313
77	0	276	0.00	276
78	3	271	1.09	274
79	0	291	0.00	291
80	0	317	0.00	317
81	1	269	0.37	270
82	1	299	0.33	300
83	1	221	0.45	222
84	0	238	0.00	238
85	1	265	0.38	266
86	1	281	0.35	282
87	0	208	0.00	208
88	2	260	0.76	262
89	0	210	0.00	210
90	0	178	0.00	178
91	0	192	0.00	192
92	0	205	0.00	205
93	0	161	0.00	161
94	1	170	0.58	171
95	0	220	0.00	220
96	0	159	0.00	159
97	0	172	0.00	172
98	1	169	0.59	170
99	1	60	1.64	61
100	0	5	0.00	5
101	0	7	0.00	7
102	0	7	0.00	7
103	0	7	0.00	7
104	0	10	0.00	10
105	0	6	0.00	6
106	0	4	0.00	4
107	0	7	0.00	7
108	0	4	0.00	4
109	0	2	0.00	2
110	0	1	0.00	1
111	0	2	0.00	2
112	0	1	0.00	1
113	0	2	0.00	2
114	0	1	0.00	1
115	0	2	0.00	2
116	0	5	0.00	5
117	0	5	0.00	5
118	0	1	0.00	1
119	0	4	0.00	4
120	0	1	0.00	1
121	0	1	0.00	1
122	0	2	0.00	2
123	0	1	0.00	1
124	0	0		0
125	0	3	0.00	3
126	0	4	0.00	4
127	0	3	0.00	3
128	0	2	0.00	2
129	0	0		0
130	0	0		0
131	0	1	0.00	1
132	0	2	0.00	2
133	0	1	0.00	1
134	0	4	0.00	4
135	0	2	0.00	2
136	0	0		0
137	0	0		0
138	0	0		0
139	0	0		0
140	0	0		0
141	0	0		0
142	0	0		0
143	0	0		0
144	0	0		0
145	0	0		0
146	0	0		0
147	0	1	0.00	1
148	0	1	0.00	1
149	0	0		0

CpG context (R2)
================
position	count methylated	count unmethylated	% methylation	coverage
1	1	22	4.35	23
2	1	18	5.26	19
3	2	79	2.47	81
4	2	69	2.82	71
5	3	123	2.38	126
6	6	90	6.25	96
7	5	133	3.62	138
8	4	97	3.96	101
9	3	86	3.37	89
10	4	88	4.35	92
11	3	69	4.17	72
12	1	69	1.43	70
13	5	76	6.17	81
14	2	44	4.35	46
15	3	64	4.48	67
16	0	63	0.00	63
17	2	31	6.06	33
18	3	52	5.45	55
19	1	31	3.12	32
20	1	45	2.17	46
21	1	44	2.22	45
22	2	39	4.88	41
23	4	36	10.00	40
24	5	69	6.76	74
25	0	30	0.00	30
26	0	30	0.00	30
27	6	30	16.67	36
28	1	32	3.03	33
29	1	39	2.50	40
30	2	22	8.33	24
31	3	28	9.68	31
32	2	23	8.00	25
33	0	14	0.00	14
34	5	19	20.83	24
35	0	17	0.00	17
36	1	20	4.76	21
37	2	24	7.69	26
38	1	16	5.88	17
39	1	10	9.09	11
40	0	10	0.00	10
41	0	11	0.00	11
42	1	10	9.09	11
43	2	16	11.11	18
44	0	14	0.00	14
45	0	4	0.00	4
46	5	10	33.33	15
47	0	11	0.00	11
48	0	8	0.00	8
49	0	1	0.00	1
50	0	10	0.00	10
51	0	8	0.00	8
52	2	4	33.33	6
53	1	4	20.00	5
54	1	7	12.50	8
55	0	3	0.00	3
56	1	3	25.00	4
57	0	3	0.00	3
58	0	5	0.00	5
59	0	4	0.00	4
60	0	2	0.00	2
61	0	3	0.00	3
62	0	0		0
63	1	1	50.00	2
64	0	0		0
65	1	1	50.00	2
66	0	0		0
67	0	0		0
68	0	0		0
69	0	1	0.00	1
70	0	0		0
71	0	1	0.00	1
72	0	0		0
73	0	0		0
74	0	0		0
75	0	1	0.00	1
76	0	0		0
77	0	1	0.00	1
78	0	0		0
79	0	0		0
80	0	1	0.00	1
81	0	0		0
82	0	0		0
83	0	1	0.00	1

CHG context (R2)
================
position	count methylated	count unmethylated	% methylation	coverage
1	19	2107	0.89	2126
2	0	23	0.00	23
3	0	5	0.00	5
4	0	33	0.00	33
5	0	68	0.00	68
6	0	55	0.00	55
7	0	64	0.00	64
8	0	105	0.00	105
9	1	81	1.22	82
10	1	57	1.72	58
11	1	82	1.20	83
12	0	33	0.00	33
13	0	63	0.00	63
14	1	69	1.43	70
15	0	36	0.00	36
16	0	47	0.00	47
17	0	57	0.00	57
18	0	49	0.00	49
19	0	48	0.00	48
20	1	55	1.79	56
21	0	43	0.00	43
22	0	49	0.00	49
23	1	33	2.94	34
24	0	16	0.00	16
25	0	42	0.00	42
26	0	18	0.00	18
27	1	15	6.25	16
28	0	21	0.00	21
29	0	28	0.00	28
30	0	15	0.00	15
31	0	30	0.00	30
32	0	19	0.00	19
33	0	27	0.00	27
34	0	18	0.00	18
35	0	24	0.00	24
36	0	15	0.00	15
37	0	15	0.00	15
38	0	17	0.00	17
39	0	13	0.00	13
40	0	13	0.00	13
41	0	17	0.00	17
42	0	5	0.00	5
43	0	5	0.00	5
44	0	4	0.00	4
45	0	8	0.00	8
46	0	0		0
47	0	9	0.00	9
48	0	10	0.00	10
49	0	10	0.00	10
50	0	7	0.00	7
51	0	3	0.00	3
52	0	8	0.00	8
53	0	6	0.00	6
54	0	1	0.00	1
55	0	5	0.00	5
56	0	4	0.00	4
57	0	1	0.00	1
58	0	1	0.00	1
59	0	0		0
60	0	4	0.00	4
61	0	0		0
62	0	0		0
63	0	3	0.00	3
64	0	0		0
65	0	0		0
66	0	0		0
67	0	0		0
68	0	2	0.00	2
69	0	0		0
70	0	0		0
71	0	0		0
72	0	0		0
73	0	0		0
74	0	0		0
75	0	1	0.00	1
76	0	0		0
77	0	0		0
78	0	0		0
79	0	0		0
80	0	0		0
81	0	0		0
82	0	0		0
83	0	0		0

CHH context (R2)
================
position	count methylated	count unmethylated	% methylation	coverage
1	0	11	0.00	11
2	4	993	0.40	997
3	3	266	1.12	269
4	0	197	0.00	197
5	0	121	0.00	121
6	0	85	0.00	85
7	0	103	0.00	103
8	1	107	0.93	108
9	1	120	0.83	121
10	1	122	0.81	123
11	1	74	1.33	75
12	0	98	0.00	98
13	0	81	0.00	81
14	0	99	0.00	99
15	0	80	0.00	80
16	0	69	0.00	69
17	0	77	0.00	77
18	1	83	1.19	84
19	1	93	1.06	94
20	0	65	0.00	65
21	0	52	0.00	52
22	1	41	2.38	42
23	0	44	0.00	44
24	0	39	0.00	39
25	0	46	0.00	46
26	0	41	0.00	41
27	0	28	0.00	28
28	0	24	0.00	24
29	0	28	0.00	28
30	0	26	0.00	26
31	0	24	0.00	24
32	0	31	0.00	31
33	0	23	0.00	23
34	0	17	0.00	17
35	0	28	0.00	28
36	0	14	0.00	14
37	0	10	0.00	10
38	0	25	0.00	25
39	0	10	0.00	10
40	0	18	0.00	18
41	0	14	0.00	14
42	0	21	0.00	21
43	0	16	0.00	16
44	0	21	0.00	21
45	0	14	0.00	14
46	0	15	0.00	15
47	0	7	0.00	7
48	0	7	0.00	7
49	0	8	0.00	8
50	0	8	0.00	8
51	0	14	0.00	14
52	1	8	11.11	9
53	0	9	0.00	9
54	0	7	0.00	7
55	0	8	0.00	8
56	0	6	0.00	6
57	0	5	0.00	5
58	0	4	0.00	4
59	0	1	0.00	1
60	0	0		0
61	0	3	0.00	3
62	0	1	0.00	1
63	0	0		0
64	0	2	0.00	2
65	0	0		0
66	0	0		0
67	0	0		0
68	0	3	0.00	3
69	0	1	0.00	1
70	0	0		0
71	0	0		0
72	0	1	0.00	1
73	0	0		0
74	0	0		0
75	0	0		0
76	0	1	0.00	1
77	0	0		0
78	0	0		0
79	0	0		0
80	0	0		0
81	0	0		0
82	0	0		0
83	0	0		0

