CpG context (R1)
================
position	count methylated	count unmethylated	% methylation	coverage
1	212	2167	8.91	2379
2	0	18	0.00	18
3	3	20	13.04	23
4	15	168	8.20	183
5	11	185	5.61	196
6	14	257	5.17	271
7	9	184	4.66	193
8	17	280	5.72	297
9	14	219	6.01	233
10	13	253	4.89	266
11	14	249	5.32	263
12	16	305	4.98	321
13	13	267	4.64	280
14	17	230	6.88	247
15	8	249	3.11	257
16	15	281	5.07	296
17	14	226	5.83	240
18	10	269	3.58	279
19	12	300	3.85	312
20	6	226	2.59	232
21	13	225	5.46	238
22	15	252	5.62	267
23	20	253	7.33	273
24	10	216	4.42	226
25	15	281	5.07	296
26	17	285	5.63	302
27	14	266	5.00	280
28	21	263	7.39	284
29	9	251	3.46	260
30	18	271	6.23	289
31	14	295	4.53	309
32	15	286	4.98	301
33	11	222	4.72	233
34	14	249	5.32	263
35	16	252	5.97	268
36	9	206	4.19	215
37	9	266	3.27	275
38	14	238	5.56	252
39	12	237	4.82	249
40	10	271	3.56	281
41	18	226	7.38	244
42	20	273	6.83	293
43	10	251	3.83	261
44	13	275	4.51	288
45	19	257	6.88	276
46	16	235	6.37	251
47	9	246	3.53	255
48	7	235	2.89	242
49	13	229	5.37	242
50	15	216	6.49	231
51	11	240	4.38	251
52	10	242	3.97	252
53	6	242	2.42	248
54	15	234	6.02	249
55	15	269	5.28	284
56	6	240	2.44	246
57	16	242	6.20	258
58	13	240	5.14	253
59	16	251	5.99	267
60	19	242	7.28	261
61	13	201	6.07	214
62	9	247	3.52	256
63	14	216	6.09	230
64	16	234	6.40	250
65	20	233	7.91	253
66	9	242	3.59	251
67	20	194	9.35	214
68	15	209	6.70	224
69	15	180	7.69	195
70	12	204	5.56	216
71	20	254	7.30	274
72	9	213	4.05	222
73	13	227	5.42	240
74	13	188	6.47	201
75	11	180	5.76	191
76	13	180	6.74	193
77	10	223	4.29	233
78	11	186	5.58	197
79	6	198	2.94	204
80	8	166	4.60	174
81	10	171	5.52	181
82	4	186	2.11	190
83	9	140	6.04	149
84	11	161	6.40	172
85	3	175	1.69	178
86	23	172	11.79	195
87	7	164	4.09	171
88	9	115	7.26	124
89	10	136	6.85	146
90	8	131	5.76	139
91	7	134	4.96	141
92	8	131	5.76	139
93	8	135	5.59	143
94	7	110	5.98	117
95	7	103	6.36	110
96	5	108	4.42	113
97	8	116	6.45	124
98	3	98	2.97	101
99	1	46	2.13	47
100	1	9	10.00	10
101	1	7	12.50	8
102	1	7	12.50	8
103	1	7	12.50	8
104	1	3	25.00	4
105	0	2	0.00	2
106	1	10	9.09	11
107	1	3	25.00	4
108	0	6	0.00	6
109	0	6	0.00	6
110	0	5	0.00	5
111	0	7	0.00	7
112	1	2	33.33	3
113	0	1	0.00	1
114	0	4	0.00	4
115	0	4	0.00	4
116	1	2	33.33	3
117	0	6	0.00	6
118	1	1	50.00	2
119	0	2	0.00	2
120	0	2	0.00	2
121	1	1	50.00	2
122	0	4	0.00	4
123	0	2	0.00	2
124	0	4	0.00	4
125	0	3	0.00	3
126	0	1	0.00	1
127	0	1	0.00	1
128	0	1	0.00	1
129	0	3	0.00	3
130	0	0		0
131	0	2	0.00	2
132	0	1	0.00	1
133	0	0		0
134	0	2	0.00	2
135	0	1	0.00	1
136	0	0		0
137	0	3	0.00	3
138	0	0		0
139	0	3	0.00	3
140	0	1	0.00	1
141	0	1	0.00	1
142	0	2	0.00	2
143	0	1	0.00	1
144	0	1	0.00	1
145	0	0		0
146	0	0		0
147	0	0		0
148	0	0		0
149	0	0		0

CHG context (R1)
================
position	count methylated	count unmethylated	% methylation	coverage
1	0	14	0.00	14
2	0	23	0.00	23
3	0	13	0.00	13
4	1	123	0.81	124
5	0	213	0.00	213
6	3	266	1.12	269
7	1	263	0.38	264
8	1	222	0.45	223
9	0	238	0.00	238
10	0	213	0.00	213
11	0	232	0.00	232
12	1	206	0.48	207
13	0	202	0.00	202
14	0	199	0.00	199
15	2	240	0.83	242
16	0	207	0.00	207
17	1	243	0.41	244
18	0	283	0.00	283
19	0	210	0.00	210
20	0	189	0.00	189
21	0	206	0.00	206
22	2	232	0.85	234
23	0	184	0.00	184
24	0	191	0.00	191
25	0	252	0.00	252
26	1	204	0.49	205
27	0	254	0.00	254
28	1	233	0.43	234
29	0	187	0.00	187
30	1	182	0.55	183
31	1	253	0.39	254
32	0	193	0.00	193
33	1	212	0.47	213
34	0	225	0.00	225
35	2	219	0.90	221
36	1	232	0.43	233
37	2	221	0.90	223
38	2	188	1.05	190
39	1	218	0.46	219
40	1	227	0.44	228
41	2	269	0.74	271
42	1	199	0.50	200
43	0	214	0.00	214
44	0	262	0.00	262
45	0	201	0.00	201
46	1	221	0.45	222
47	0	196	0.00	196
48	1	234	0.43	235
49	0	193	0.00	193
50	0	183	0.00	183
51	1	232	0.43	233
52	2	237	0.84	239
53	0	209	0.00	209
54	0	197	0.00	197
55	0	155	0.00	155
56	0	204	0.00	204
57	0	221	0.00	221
58	0	224	0.00	224
59	1	180	0.55	181
60	0	146	0.00	146
61	0	191	0.00	191
62	0	194	0.00	194
63	1	191	0.52	192
64	4	159	2.45	163
65	0	218	0.00	218
66	2	157	1.26	159
67	1	176	0.56	177
68	0	191	0.00	191
69	0	203	0.00	203
70	2	182	1.09	184
71	0	152	0.00	152
72	0	161	0.00	161
73	1	156	0.64	157
74	0	146	0.00	146
75	2	171	1.16	173
76	0	183	0.00	183
77	0	182	0.00	182
78	1	152	0.65	153
79	0	157	0.00	157
80	0	120	0.00	120
81	1	171	0.58	172
82	0	111	0.00	111
83	0	127	0.00	127
84	0	129	0.00	129
85	0	132	0.00	132
86	0	164	0.00	164
87	0	103	0.00	103
88	0	126	0.00	126
89	0	130	0.00	130
90	0	100	0.00	100
91	0	125	0.00	125
92	0	101	0.00	101
93	2	90	2.17	92
94	0	88	0.00	88
95	0	99	0.00	99
96	0	109	0.00	109
97	0	100	0.00	100
98	0	83	0.00	83
99	0	40	0.00	40
100	0	4	0.00	4
101	0	5	0.00	5
102	0	7	0.00	7
103	0	3	0.00	3
104	0	6	0.00	6
105	0	12	0.00	12
106	0	5	0.00	5
107	0	5	0.00	5
108	0	9	0.00	9
109	0	2	0.00	2
110	0	3	0.00	3
111	0	4	0.00	4
112	0	5	0.00	5
113	0	2	0.00	2
114	0	2	0.00	2
115	0	1	0.00	1
116	0	3	0.00	3
117	0	1	0.00	1
118	0	0		0
119	0	2	0.00	2
120	0	4	0.00	4
121	0	1	0.00	1
122	0	0		0
123	0	2	0.00	2
124	0	2	0.00	2
125	0	1	0.00	1
126	0	0		0
127	0	1	0.00	1
128	0	1	0.00	1
129	0	0		0
130	0	1	0.00	1
131	0	1	0.00	1
132	0	0		0
133	0	2	0.00	2
134	0	1	0.00	1
135	0	2	0.00	2
136	0	3	0.00	3
137	0	0		0
138	0	0		0
139	0	2	0.00	2
140	0	0		0
141	0	1	0.00	1
142	0	0		0
143	0	0		0
144	0	0		0
145	0	0		0
146	0	0		0
147	0	0		0
148	0	0		0
149	0	2	0.00	2

CHH context (R1)
================
position	count methylated	count unmethylated	% methylation	coverage
1	1	35	2.78	36
2	0	25	0.00	25
3	0	20	0.00	20
4	1	320	0.31	321
5	0	413	0.00	413
6	2	393	0.51	395
7	0	362	0.00	362
8	1	349	0.29	350
9	0	311	0.00	311
10	1	337	0.30	338
11	2	301	0.66	303
12	2	329	0.60	331
13	0	374	0.00	374
14	1	394	0.25	395
15	1	349	0.29	350
16	3	370	0.80	373
17	0	346	0.00	346
18	2	291	0.68	293
19	1	308	0.32	309
20	2	342	0.58	344
21	2	349	0.57	351
22	1	369	0.27	370
23	0	379	0.00	379
24	2	392	0.51	394
25	6	373	1.58	379
26	1	382	0.26	383
27	1	386	0.26	387
28	4	394	1.01	398
29	1	342	0.29	343
30	2	396	0.50	398
31	1	358	0.28	359
32	2	364	0.55	366
33	1	318	0.31	319
34	1	375	0.27	376
35	1	330	0.30	331
36	0	381	0.00	381
37	4	349	1.13	353
38	1	332	0.30	333
39	0	322	0.00	322
40	1	326	0.31	327
41	2	323	0.62	325
42	1	364	0.27	365
43	1	350	0.28	351
44	1	332	0.30	333
45	1	305	0.33	306
46	1	336	0.30	337
47	1	326	0.31	327
48	0	317	0.00	317
49	2	384	0.52	386
50	0	418	0.00	418
51	2	416	0.48	418
52	0	328	0.00	328
53	0	324	0.00	324
54	0	319	0.00	319
55	0	334	0.00	334
56	0	317	0.00	317
57	2	299	0.66	301
58	2	297	0.67	299
59	0	323	0.00	323
60	0	294	0.00	294
61	3	334	0.89	337
62	0	351	0.00	351
63	0	308	0.00	308
64	2	332	0.60	334
65	0	312	0.00	312
66	0	310	0.00	310
67	0	334	0.00	334
68	1	345	0.29	346
69	1	313	0.32	314
70	2	283	0.70	285
71	0	276	0.00	276
72	0	257	0.00	257
73	2	286	0.69	288
74	0	241	0.00	241
75	0	313	0.00	313
76	0	292	0.00	292
77	1	274	0.36	275
78	2	269	0.74	271
79	0	266	0.00	266
80	0	288	0.00	288
81	3	247	1.20	250
82	1	279	0.36	280
83	0	234	0.00	234
84	0	257	0.00	257
85	0	243	0.00	243
86	1	256	0.39	257
87	0	200	0.00	200
88	0	245	0.00	245
89	2	205	0.97	207
90	0	189	0.00	189
91	0	175	0.00	175
92	1	179	0.56	180
93	1	151	0.66	152
94	0	155	0.00	155
95	0	171	0.00	171
96	1	145	0.68	146
97	0	155	0.00	155
98	0	184	0.00	184
99	0	76	0.00	76
100	0	14	0.00	14
101	0	9	0.00	9
102	0	5	0.00	5
103	0	5	0.00	5
104	0	13	0.00	13
105	0	9	0.00	9
106	1	6	14.29	7
107	0	6	0.00	6
108	0	8	0.00	8
109	0	8	0.00	8
110	0	9	0.00	9
111	0	3	0.00	3
112	0	6	0.00	6
113	0	8	0.00	8
114	0	9	0.00	9
115	0	5	0.00	5
116	0	4	0.00	4
117	0	2	0.00	2
118	0	2	0.00	2
119	0	5	0.00	5
120	0	3	0.00	3
121	0	1	0.00	1
122	0	3	0.00	3
123	0	4	0.00	4
124	0	1	0.00	1
125	0	1	0.00	1
126	0	4	0.00	4
127	0	3	0.00	3
128	0	2	0.00	2
129	0	1	0.00	1
130	0	3	0.00	3
131	0	5	0.00	5
132	0	5	0.00	5
133	0	1	0.00	1
134	0	3	0.00	3
135	0	3	0.00	3
136	0	1	0.00	1
137	0	2	0.00	2
138	0	2	0.00	2
139	0	0		0
140	0	0		0
141	0	0		0
142	0	0		0
143	0	0		0
144	0	0		0
145	0	1	0.00	1
146	0	1	0.00	1
147	0	1	0.00	1
148	0	2	0.00	2
149	0	1	0.00	1

CpG context (R2)
================
position	count methylated	count unmethylated	% methylation	coverage
1	0	21	0.00	21
2	0	14	0.00	14
3	4	72	5.26	76
4	7	80	8.05	87
5	5	94	5.05	99
6	3	74	3.90	77
7	12	115	9.45	127
8	4	79	4.82	83
9	5	84	5.62	89
10	2	99	1.98	101
11	6	64	8.57	70
12	3	85	3.41	88
13	7	74	8.64	81
14	0	41	0.00	41
15	2	59	3.28	61
16	1	71	1.39	72
17	1	38	2.56	39
18	3	47	6.00	50
19	1	31	3.12	32
20	5	46	9.80	51
21	0	36	0.00	36
22	5	38	11.63	43
23	1	31	3.12	32
24	2	66	2.94	68
25	0	42	0.00	42
26	1	30	3.23	31
27	5	33	13.16	38
28	0	21	0.00	21
29	0	43	0.00	43
30	0	16	0.00	16
31	0	37	0.00	37
32	1	23	4.17	24
33	2	13	13.33	15
34	3	20	13.04	23
35	0	14	0.00	14
36	1	17	5.56	18
37	0	25	0.00	25
38	0	21	0.00	21
39	0	5	0.00	5
40	0	12	0.00	12
41	0	10	0.00	10
42	0	10	0.00	10
43	4	14	22.22	18
44	0	14	0.00	14
45	1	2	33.33	3
46	4	14	22.22	18
47	0	6	0.00	6
48	2	8	20.00	10
49	0	5	0.00	5
50	1	4	20.00	5
51	0	8	0.00	8
52	1	6	14.29	7
53	0	3	0.00	3
54	2	4	33.33	6
55	0	8	0.00	8
56	0	2	0.00	2
57	1	1	50.00	2
58	1	2	33.33	3
59	0	4	0.00	4
60	1	0	100.00	1
61	0	1	0.00	1
62	0	1	0.00	1
63	0	3	0.00	3
64	0	2	0.00	2
65	0	1	0.00	1
66	0	3	0.00	3
67	0	1	0.00	1
68	0	0		0
69	0	1	0.00	1
70	0	0		0
71	0	1	0.00	1
72	0	1	0.00	1
73	0	1	0.00	1
74	0	0		0
75	0	1	0.00	1
76	0	0		0
77	0	2	0.00	2
78	0	0		0
79	0	1	0.00	1
80	0	0		0
81	0	0		0
82	0	0		0
83	0	0		0
84	0	0		0
85	0	0		0
86	0	1	0.00	1
87	0	0		0
88	0	0		0
89	0	0		0
90	0	0		0
91	0	0		0
92	0	0		0
93	0	0		0
94	0	1	0.00	1
95	0	0		0
96	0	0		0
97	0	1	0.00	1

CHG context (R2)
================
position	count methylated	count unmethylated	% methylation	coverage
1	13	2157	0.60	2170
2	0	19	0.00	19
3	0	5	0.00	5
4	1	53	1.85	54
5	0	55	0.00	55
6	1	66	1.49	67
7	0	70	0.00	70
8	0	96	0.00	96
9	1	58	1.69	59
10	1	63	1.56	64
11	1	54	1.82	55
12	0	57	0.00	57
13	0	47	0.00	47
14	0	49	0.00	49
15	0	46	0.00	46
16	0	61	0.00	61
17	1	64	1.54	65
18	0	39	0.00	39
19	0	42	0.00	42
20	0	58	0.00	58
21	0	40	0.00	40
22	0	50	0.00	50
23	0	26	0.00	26
24	0	23	0.00	23
25	0	45	0.00	45
26	0	19	0.00	19
27	1	13	7.14	14
28	0	27	0.00	27
29	0	21	0.00	21
30	0	25	0.00	25
31	0	19	0.00	19
32	0	21	0.00	21
33	1	30	3.23	31
34	0	22	0.00	22
35	0	23	0.00	23
36	0	17	0.00	17
37	0	19	0.00	19
38	0	7	0.00	7
39	0	14	0.00	14
40	0	10	0.00	10
41	0	15	0.00	15
42	1	7	12.50	8
43	0	5	0.00	5
44	0	6	0.00	6
45	0	9	0.00	9
46	0	5	0.00	5
47	0	8	0.00	8
48	0	3	0.00	3
49	0	14	0.00	14
50	0	14	0.00	14
51	0	3	0.00	3
52	0	7	0.00	7
53	0	7	0.00	7
54	0	2	0.00	2
55	0	5	0.00	5
56	0	7	0.00	7
57	0	0		0
58	0	7	0.00	7
59	0	2	0.00	2
60	0	6	0.00	6
61	0	0		0
62	0	0		0
63	0	1	0.00	1
64	0	3	0.00	3
65	0	0		0
66	0	0		0
67	0	2	0.00	2
68	0	1	0.00	1
69	0	0		0
70	1	2	33.33	3
71	0	2	0.00	2
72	0	1	0.00	1
73	0	3	0.00	3
74	0	1	0.00	1
75	0	1	0.00	1
76	0	0		0
77	0	0		0
78	0	1	0.00	1
79	0	0		0
80	0	0		0
81	0	0		0
82	0	0		0
83	0	0		0
84	0	0		0
85	0	0		0
86	0	0		0
87	0	1	0.00	1
88	0	0		0
89	0	0		0
90	0	0		0
91	0	0		0
92	0	0		0
93	0	0		0
94	0	1	0.00	1
95	0	0		0
96	0	0		0
97	0	0		0

CHH context (R2)
================
position	count methylated	count unmethylated	% methylation	coverage
1	0	24	0.00	24
2	1	910	0.11	911
3	0	251	0.00	251
4	1	185	0.54	186
5	0	157	0.00	157
6	0	97	0.00	97
7	0	89	0.00	89
8	1	129	0.77	130
9	0	120	0.00	120
10	0	104	0.00	104
11	0	69	0.00	69
12	0	79	0.00	79
13	0	73	0.00	73
14	1	92	1.08	93
15	0	75	0.00	75
16	0	68	0.00	68
17	0	74	0.00	74
18	0	77	0.00	77
19	0	81	0.00	81
20	1	53	1.85	54
21	0	41	0.00	41
22	0	47	0.00	47
23	0	34	0.00	34
24	0	30	0.00	30
25	0	42	0.00	42
26	0	23	0.00	23
27	0	22	0.00	22
28	0	29	0.00	29
29	0	31	0.00	31
30	0	24	0.00	24
31	0	24	0.00	24
32	0	25	0.00	25
33	0	24	0.00	24
34	0	25	0.00	25
35	0	28	0.00	28
36	0	24	0.00	24
37	0	17	0.00	17
38	0	23	0.00	23
39	1	13	7.14	14
40	0	19	0.00	19
41	0	14	0.00	14
42	0	13	0.00	13
43	0	19	0.00	19
44	0	18	0.00	18
45	0	18	0.00	18
46	0	15	0.00	15
47	0	11	0.00	11
48	0	5	0.00	5
49	0	7	0.00	7
50	0	10	0.00	10
51	0	18	0.00	18
52	1	10	9.09	11
53	0	9	0.00	9
54	0	7	0.00	7
55	0	5	0.00	5
56	0	5	0.00	5
57	0	5	0.00	5
58	0	2	0.00	2
59	0	3	0.00	3
60	0	5	0.00	5
61	0	5	0.00	5
62	0	3	0.00	3
63	0	0		0
64	0	1	0.00	1
65	0	4	0.00	4
66	0	1	0.00	1
67	0	0		0
68	0	0		0
69	0	1	0.00	1
70	0	0		0
71	0	0		0
72	0	0		0
73	0	0		0
74	0	2	0.00	2
75	0	0		0
76	0	0		0
77	0	0		0
78	0	1	0.00	1
79	0	1	0.00	1
80	0	1	0.00	1
81	0	0		0
82	0	1	0.00	1
83	0	1	0.00	1
84	0	0		0
85	0	1	0.00	1
86	0	0		0
87	0	0		0
88	0	0		0
89	0	1	0.00	1
90	0	1	0.00	1
91	0	0		0
92	0	0		0
93	0	0		0
94	0	0		0
95	0	1	0.00	1
96	0	1	0.00	1
97	0	0		0

