CpG context (R1)
================
position	count methylated	count unmethylated	% methylation	coverage
1	201	2156	8.53	2357
2	1	25	3.85	26
3	3	18	14.29	21
4	10	200	4.76	210
5	6	198	2.94	204
6	8	243	3.19	251
7	5	219	2.23	224
8	16	280	5.41	296
9	5	253	1.94	258
10	11	273	3.87	284
11	7	260	2.62	267
12	18	270	6.25	288
13	14	298	4.49	312
14	16	241	6.23	257
15	6	261	2.25	267
16	17	286	5.61	303
17	7	231	2.94	238
18	11	263	4.01	274
19	12	297	3.88	309
20	7	227	2.99	234
21	18	210	7.89	228
22	11	277	3.82	288
23	17	285	5.63	302
24	23	219	9.50	242
25	12	311	3.72	323
26	14	301	4.44	315
27	12	275	4.18	287
28	19	242	7.28	261
29	10	270	3.57	280
30	7	265	2.57	272
31	15	301	4.75	316
32	16	261	5.78	277
33	9	242	3.59	251
34	15	247	5.73	262
35	9	255	3.41	264
36	12	220	5.17	232
37	18	270	6.25	288
38	14	219	6.01	233
39	19	212	8.23	231
40	9	285	3.06	294
41	10	222	4.31	232
42	7	279	2.45	286
43	6	255	2.30	261
44	15	223	6.30	238
45	15	278	5.12	293
46	13	248	4.98	261
47	15	260	5.45	275
48	12	242	4.72	254
49	13	246	5.02	259
50	6	232	2.52	238
51	8	226	3.42	234
52	9	259	3.36	268
53	16	239	6.27	255
54	11	257	4.10	268
55	9	271	3.21	280
56	6	229	2.55	235
57	12	238	4.80	250
58	16	265	5.69	281
59	13	260	4.76	273
60	11	237	4.44	248
61	9	224	3.86	233
62	14	243	5.45	257
63	19	210	8.30	229
64	6	240	2.44	246
65	10	243	3.95	253
66	8	236	3.28	244
67	17	235	6.75	252
68	4	228	1.72	232
69	9	168	5.08	177
70	12	219	5.19	231
71	14	265	5.02	279
72	5	248	1.98	253
73	17	209	7.52	226
74	4	210	1.87	214
75	11	167	6.18	178
76	10	199	4.78	209
77	6	217	2.69	223
78	10	216	4.42	226
79	6	222	2.63	228
80	5	180	2.70	185
81	7	177	3.80	184
82	4	191	2.05	195
83	6	139	4.14	145
84	6	175	3.31	181
85	11	208	5.02	219
86	5	149	3.25	154
87	5	156	3.11	161
88	10	124	7.46	134
89	8	140	5.41	148
90	4	106	3.64	110
91	11	151	6.79	162
92	1	149	0.67	150
93	8	129	5.84	137
94	4	116	3.33	120
95	7	119	5.56	126
96	7	108	6.09	115
97	8	141	5.37	149
98	7	86	7.53	93
99	3	59	4.84	62
100	0	11	0.00	11
101	1	4	20.00	5
102	0	7	0.00	7
103	0	5	0.00	5
104	0	2	0.00	2
105	0	2	0.00	2
106	1	5	16.67	6
107	0	2	0.00	2
108	0	6	0.00	6
109	0	5	0.00	5
110	0	2	0.00	2
111	1	7	12.50	8
112	0	4	0.00	4
113	0	0		0
114	0	3	0.00	3
115	0	5	0.00	5
116	0	1	0.00	1
117	0	1	0.00	1
118	0	1	0.00	1
119	0	1	0.00	1
120	0	1	0.00	1
121	0	1	0.00	1
122	0	2	0.00	2
123	0	0		0
124	0	1	0.00	1
125	1	2	33.33	3
126	0	2	0.00	2
127	0	2	0.00	2
128	0	0		0
129	0	2	0.00	2
130	0	3	0.00	3
131	0	1	0.00	1
132	0	1	0.00	1
133	1	1	50.00	2
134	0	1	0.00	1
135	0	0		0
136	0	1	0.00	1
137	0	0		0
138	0	2	0.00	2
139	0	0		0
140	0	1	0.00	1
141	0	1	0.00	1
142	0	0		0
143	0	2	0.00	2
144	0	0		0
145	1	2	33.33	3
146	0	1	0.00	1
147	0	2	0.00	2
148	0	0		0
149	0	1	0.00	1

CHG context (R1)
================
position	count methylated	count unmethylated	% methylation	coverage
1	2	18	10.00	20
2	2	29	6.45	31
3	0	8	0.00	8
4	1	127	0.78	128
5	2	190	1.04	192
6	1	250	0.40	251
7	1	251	0.40	252
8	0	208	0.00	208
9	1	224	0.44	225
10	0	217	0.00	217
11	0	235	0.00	235
12	0	232	0.00	232
13	1	202	0.49	203
14	1	178	0.56	179
15	2	254	0.78	256
16	2	211	0.94	213
17	0	231	0.00	231
18	3	246	1.20	249
19	1	208	0.48	209
20	0	161	0.00	161
21	0	233	0.00	233
22	0	231	0.00	231
23	0	199	0.00	199
24	0	196	0.00	196
25	1	237	0.42	238
26	2	207	0.96	209
27	0	209	0.00	209
28	1	252	0.40	253
29	2	190	1.04	192
30	1	196	0.51	197
31	0	230	0.00	230
32	0	202	0.00	202
33	0	215	0.00	215
34	2	238	0.83	240
35	1	226	0.44	227
36	0	254	0.00	254
37	0	196	0.00	196
38	0	188	0.00	188
39	0	185	0.00	185
40	3	195	1.52	198
41	0	296	0.00	296
42	0	188	0.00	188
43	0	180	0.00	180
44	2	274	0.72	276
45	1	178	0.56	179
46	1	229	0.43	230
47	0	184	0.00	184
48	0	207	0.00	207
49	0	227	0.00	227
50	0	210	0.00	210
51	1	197	0.51	198
52	0	223	0.00	223
53	0	216	0.00	216
54	0	185	0.00	185
55	1	152	0.65	153
56	1	226	0.44	227
57	0	222	0.00	222
58	0	208	0.00	208
59	0	163	0.00	163
60	0	158	0.00	158
61	1	197	0.51	198
62	1	178	0.56	179
63	1	170	0.58	171
64	2	207	0.96	209
65	0	187	0.00	187
66	0	169	0.00	169
67	1	189	0.53	190
68	1	211	0.47	212
69	1	198	0.50	199
70	5	187	2.60	192
71	3	152	1.94	155
72	0	172	0.00	172
73	1	189	0.53	190
74	3	157	1.88	160
75	1	150	0.66	151
76	1	176	0.56	177
77	0	186	0.00	186
78	0	159	0.00	159
79	0	154	0.00	154
80	0	150	0.00	150
81	1	185	0.54	186
82	0	126	0.00	126
83	0	158	0.00	158
84	0	141	0.00	141
85	0	105	0.00	105
86	0	175	0.00	175
87	0	120	0.00	120
88	0	129	0.00	129
89	0	102	0.00	102
90	1	106	0.93	107
91	0	151	0.00	151
92	0	96	0.00	96
93	0	93	0.00	93
94	0	103	0.00	103
95	0	85	0.00	85
96	0	109	0.00	109
97	0	107	0.00	107
98	0	88	0.00	88
99	0	44	0.00	44
100	0	3	0.00	3
101	0	6	0.00	6
102	0	5	0.00	5
103	0	4	0.00	4
104	0	1	0.00	1
105	0	4	0.00	4
106	0	5	0.00	5
107	0	2	0.00	2
108	0	7	0.00	7
109	0	2	0.00	2
110	0	1	0.00	1
111	0	4	0.00	4
112	0	1	0.00	1
113	0	1	0.00	1
114	0	3	0.00	3
115	0	1	0.00	1
116	0	2	0.00	2
117	0	3	0.00	3
118	0	1	0.00	1
119	0	1	0.00	1
120	0	1	0.00	1
121	0	4	0.00	4
122	0	0		0
123	0	0		0
124	0	2	0.00	2
125	0	0		0
126	0	1	0.00	1
127	0	0		0
128	0	2	0.00	2
129	0	1	0.00	1
130	0	2	0.00	2
131	0	0		0
132	0	2	0.00	2
133	0	0		0
134	0	0		0
135	0	1	0.00	1
136	0	2	0.00	2
137	0	0		0
138	0	0		0
139	0	1	0.00	1
140	0	1	0.00	1
141	0	0		0
142	0	0		0
143	0	0		0
144	0	1	0.00	1
145	0	0		0
146	0	0		0
147	0	0		0
148	0	2	0.00	2
149	0	0		0

CHH context (R1)
================
position	count methylated	count unmethylated	% methylation	coverage
1	1	28	3.45	29
2	0	29	0.00	29
3	0	21	0.00	21
4	1	336	0.30	337
5	2	402	0.50	404
6	3	416	0.72	419
7	1	397	0.25	398
8	1	344	0.29	345
9	3	323	0.92	326
10	0	340	0.00	340
11	2	308	0.65	310
12	2	326	0.61	328
13	4	368	1.08	372
14	2	353	0.56	355
15	0	375	0.00	375
16	1	350	0.28	351
17	0	339	0.00	339
18	3	304	0.98	307
19	0	345	0.00	345
20	0	349	0.00	349
21	0	321	0.00	321
22	0	306	0.00	306
23	1	342	0.29	343
24	0	371	0.00	371
25	3	379	0.79	382
26	1	339	0.29	340
27	0	409	0.00	409
28	2	348	0.57	350
29	1	352	0.28	353
30	1	338	0.29	339
31	2	324	0.61	326
32	0	363	0.00	363
33	0	338	0.00	338
34	2	318	0.62	320
35	1	303	0.33	304
36	1	354	0.28	355
37	1	319	0.31	320
38	1	335	0.30	336
39	5	348	1.42	353
40	0	341	0.00	341
41	1	321	0.31	322
42	2	337	0.59	339
43	0	366	0.00	366
44	1	347	0.29	348
45	1	290	0.34	291
46	4	349	1.13	353
47	1	298	0.33	299
48	2	333	0.60	335
49	1	378	0.26	379
50	1	353	0.28	354
51	0	371	0.00	371
52	0	297	0.00	297
53	1	309	0.32	310
54	1	318	0.31	319
55	1	324	0.31	325
56	2	295	0.67	297
57	0	281	0.00	281
58	0	289	0.00	289
59	0	323	0.00	323
60	0	323	0.00	323
61	3	322	0.92	325
62	0	349	0.00	349
63	1	309	0.32	310
64	3	331	0.90	334
65	1	298	0.33	299
66	1	272	0.37	273
67	0	320	0.00	320
68	1	308	0.32	309
69	1	295	0.34	296
70	0	255	0.00	255
71	1	287	0.35	288
72	3	279	1.06	282
73	0	292	0.00	292
74	0	240	0.00	240
75	0	310	0.00	310
76	1	306	0.33	307
77	1	244	0.41	245
78	0	257	0.00	257
79	0	276	0.00	276
80	0	295	0.00	295
81	3	258	1.15	261
82	0	296	0.00	296
83	2	244	0.81	246
84	2	244	0.81	246
85	1	250	0.40	251
86	1	246	0.40	247
87	2	219	0.90	221
88	0	258	0.00	258
89	1	200	0.50	201
90	0	217	0.00	217
91	0	192	0.00	192
92	1	207	0.48	208
93	1	172	0.58	173
94	0	161	0.00	161
95	0	196	0.00	196
96	1	173	0.57	174
97	0	159	0.00	159
98	0	177	0.00	177
99	0	66	0.00	66
100	0	7	0.00	7
101	0	9	0.00	9
102	0	8	0.00	8
103	0	8	0.00	8
104	0	10	0.00	10
105	0	13	0.00	13
106	0	9	0.00	9
107	0	8	0.00	8
108	0	5	0.00	5
109	0	1	0.00	1
110	0	5	0.00	5
111	0	4	0.00	4
112	0	2	0.00	2
113	0	4	0.00	4
114	0	6	0.00	6
115	0	3	0.00	3
116	0	1	0.00	1
117	0	4	0.00	4
118	0	4	0.00	4
119	0	2	0.00	2
120	0	3	0.00	3
121	0	1	0.00	1
122	0	1	0.00	1
123	0	2	0.00	2
124	0	1	0.00	1
125	0	1	0.00	1
126	0	1	0.00	1
127	0	3	0.00	3
128	0	3	0.00	3
129	0	2	0.00	2
130	0	0		0
131	0	1	0.00	1
132	0	1	0.00	1
133	0	1	0.00	1
134	0	2	0.00	2
135	0	3	0.00	3
136	0	0		0
137	0	0		0
138	0	0		0
139	0	0		0
140	0	0		0
141	0	0		0
142	0	0		0
143	0	1	0.00	1
144	0	0		0
145	0	0		0
146	0	1	0.00	1
147	0	1	0.00	1
148	0	0		0
149	0	1	0.00	1

CpG context (R2)
================
position	count methylated	count unmethylated	% methylation	coverage
1	0	21	0.00	21
2	0	15	0.00	15
3	1	85	1.16	86
4	5	82	5.75	87
5	8	96	7.69	104
6	5	91	5.21	96
7	7	128	5.19	135
8	2	90	2.17	92
9	6	88	6.38	94
10	7	79	8.14	86
11	0	82	0.00	82
12	1	80	1.23	81
13	4	74	5.13	78
14	2	48	4.00	50
15	6	66	8.33	72
16	0	55	0.00	55
17	0	35	0.00	35
18	4	51	7.27	55
19	1	40	2.44	41
20	4	41	8.89	45
21	3	36	7.69	39
22	2	50	3.85	52
23	7	44	13.73	51
24	4	56	6.67	60
25	4	27	12.90	31
26	1	40	2.44	41
27	1	35	2.78	36
28	3	30	9.09	33
29	1	54	1.82	55
30	2	27	6.90	29
31	0	34	0.00	34
32	3	29	9.38	32
33	0	13	0.00	13
34	1	28	3.45	29
35	2	10	16.67	12
36	1	20	4.76	21
37	0	27	0.00	27
38	2	22	8.33	24
39	1	17	5.56	18
40	1	7	12.50	8
41	0	10	0.00	10
42	1	12	7.69	13
43	1	9	10.00	10
44	0	17	0.00	17
45	0	3	0.00	3
46	6	16	27.27	22
47	0	2	0.00	2
48	0	19	0.00	19
49	0	4	0.00	4
50	1	14	6.67	15
51	0	5	0.00	5
52	2	10	16.67	12
53	0	5	0.00	5
54	0	9	0.00	9
55	1	3	25.00	4
56	0	6	0.00	6
57	1	1	50.00	2
58	0	6	0.00	6
59	0	3	0.00	3
60	0	5	0.00	5
61	0	4	0.00	4
62	0	0		0
63	0	5	0.00	5
64	0	3	0.00	3
65	0	2	0.00	2
66	0	3	0.00	3
67	1	0	100.00	1
68	0	1	0.00	1
69	0	0		0
70	1	0	100.00	1
71	0	1	0.00	1
72	0	0		0
73	0	0		0
74	0	0		0
75	0	1	0.00	1
76	0	1	0.00	1
77	0	0		0
78	0	1	0.00	1
79	0	2	0.00	2
80	0	0		0
81	0	2	0.00	2
82	0	2	0.00	2
83	0	1	0.00	1
84	0	0		0
85	0	0		0
86	0	1	0.00	1
87	0	0		0
88	0	0		0
89	0	0		0
90	0	0		0
91	0	1	0.00	1
92	0	0		0
93	0	0		0
94	0	1	0.00	1
95	0	0		0
96	0	0		0
97	0	1	0.00	1

CHG context (R2)
================
position	count methylated	count unmethylated	% methylation	coverage
1	19	2125	0.89	2144
2	1	27	3.57	28
3	0	9	0.00	9
4	0	42	0.00	42
5	0	54	0.00	54
6	2	74	2.63	76
7	0	74	0.00	74
8	1	79	1.25	80
9	0	84	0.00	84
10	0	58	0.00	58
11	1	68	1.45	69
12	0	30	0.00	30
13	0	54	0.00	54
14	0	43	0.00	43
15	0	51	0.00	51
16	0	55	0.00	55
17	0	57	0.00	57
18	0	62	0.00	62
19	0	52	0.00	52
20	0	52	0.00	52
21	0	49	0.00	49
22	0	42	0.00	42
23	0	25	0.00	25
24	0	22	0.00	22
25	0	49	0.00	49
26	1	27	3.57	28
27	0	25	0.00	25
28	1	11	8.33	12
29	0	29	0.00	29
30	0	29	0.00	29
31	1	25	3.85	26
32	0	18	0.00	18
33	0	30	0.00	30
34	0	16	0.00	16
35	0	20	0.00	20
36	0	16	0.00	16
37	0	15	0.00	15
38	0	10	0.00	10
39	0	12	0.00	12
40	0	23	0.00	23
41	0	20	0.00	20
42	0	8	0.00	8
43	0	14	0.00	14
44	0	6	0.00	6
45	0	11	0.00	11
46	0	3	0.00	3
47	0	14	0.00	14
48	0	15	0.00	15
49	0	12	0.00	12
50	1	12	7.69	13
51	0	9	0.00	9
52	0	7	0.00	7
53	0	8	0.00	8
54	0	0		0
55	0	8	0.00	8
56	0	7	0.00	7
57	0	0		0
58	0	1	0.00	1
59	0	0		0
60	0	6	0.00	6
61	0	2	0.00	2
62	0	0		0
63	0	6	0.00	6
64	0	3	0.00	3
65	0	0		0
66	0	0		0
67	0	0		0
68	0	0		0
69	0	1	0.00	1
70	0	2	0.00	2
71	0	3	0.00	3
72	0	0		0
73	0	0		0
74	0	1	0.00	1
75	0	0		0
76	0	1	0.00	1
77	0	1	0.00	1
78	0	0		0
79	0	0		0
80	0	1	0.00	1
81	0	0		0
82	0	0		0
83	0	1	0.00	1
84	0	0		0
85	0	0		0
86	0	2	0.00	2
87	0	0		0
88	0	0		0
89	0	0		0
90	0	0		0
91	0	0		0
92	0	1	0.00	1
93	0	0		0
94	0	0		0
95	0	1	0.00	1
96	0	0		0
97	0	0		0

CHH context (R2)
================
position	count methylated	count unmethylated	% methylation	coverage
1	0	14	0.00	14
2	5	961	0.52	966
3	1	253	0.39	254
4	0	178	0.00	178
5	1	157	0.63	158
6	0	96	0.00	96
7	0	82	0.00	82
8	1	141	0.70	142
9	0	114	0.00	114
10	0	126	0.00	126
11	0	80	0.00	80
12	0	75	0.00	75
13	0	72	0.00	72
14	0	94	0.00	94
15	0	96	0.00	96
16	0	67	0.00	67
17	0	66	0.00	66
18	0	85	0.00	85
19	1	79	1.25	80
20	0	75	0.00	75
21	0	54	0.00	54
22	0	50	0.00	50
23	0	39	0.00	39
24	0	39	0.00	39
25	0	37	0.00	37
26	0	39	0.00	39
27	0	39	0.00	39
28	0	32	0.00	32
29	0	31	0.00	31
30	0	27	0.00	27
31	0	31	0.00	31
32	1	32	3.03	33
33	0	14	0.00	14
34	0	26	0.00	26
35	0	24	0.00	24
36	0	24	0.00	24
37	0	13	0.00	13
38	0	27	0.00	27
39	0	11	0.00	11
40	0	9	0.00	9
41	0	15	0.00	15
42	1	23	4.17	24
43	0	18	0.00	18
44	0	28	0.00	28
45	0	14	0.00	14
46	0	13	0.00	13
47	0	12	0.00	12
48	0	9	0.00	9
49	0	9	0.00	9
50	0	5	0.00	5
51	0	18	0.00	18
52	1	17	5.56	18
53	0	8	0.00	8
54	0	13	0.00	13
55	0	10	0.00	10
56	0	10	0.00	10
57	0	7	0.00	7
58	0	3	0.00	3
59	0	1	0.00	1
60	0	0		0
61	0	1	0.00	1
62	0	1	0.00	1
63	0	0		0
64	0	1	0.00	1
65	0	0		0
66	0	1	0.00	1
67	0	1	0.00	1
68	0	3	0.00	3
69	0	0		0
70	0	1	0.00	1
71	0	2	0.00	2
72	0	0		0
73	0	1	0.00	1
74	0	0		0
75	0	0		0
76	0	0		0
77	0	0		0
78	0	0		0
79	0	0		0
80	0	0		0
81	0	0		0
82	0	0		0
83	0	1	0.00	1
84	0	0		0
85	0	0		0
86	0	0		0
87	0	1	0.00	1
88	0	0		0
89	0	0		0
90	0	1	0.00	1
91	0	0		0
92	0	0		0
93	0	1	0.00	1
94	0	1	0.00	1
95	0	0		0
96	0	0		0
97	0	0		0

