CpG context (R1)
================
position	count methylated	count unmethylated	% methylation	coverage
1	199	2164	8.42	2363
2	0	15	0.00	15
3	1	19	5.00	20
4	11	179	5.79	190
5	12	190	5.94	202
6	6	275	2.14	281
7	12	194	5.83	206
8	6	305	1.93	311
9	16	226	6.61	242
10	12	249	4.60	261
11	9	232	3.73	241
12	17	280	5.72	297
13	11	287	3.69	298
14	12	233	4.90	245
15	7	220	3.08	227
16	13	302	4.13	315
17	12	241	4.74	253
18	10	226	4.24	236
19	9	317	2.76	326
20	8	209	3.69	217
21	15	242	5.84	257
22	7	271	2.52	278
23	9	240	3.61	249
24	13	224	5.49	237
25	8	287	2.71	295
26	19	279	6.38	298
27	16	273	5.54	289
28	10	249	3.86	259
29	6	287	2.05	293
30	18	262	6.43	280
31	17	277	5.78	294
32	16	254	5.93	270
33	8	242	3.20	250
34	9	264	3.30	273
35	9	248	3.50	257
36	19	245	7.20	264
37	12	242	4.72	254
38	12	243	4.71	255
39	12	237	4.82	249
40	7	286	2.39	293
41	11	246	4.28	257
42	9	238	3.64	247
43	16	266	5.67	282
44	11	239	4.40	250
45	13	269	4.61	282
46	21	253	7.66	274
47	11	256	4.12	267
48	13	261	4.74	274
49	12	254	4.51	266
50	7	221	3.07	228
51	13	224	5.49	237
52	10	232	4.13	242
53	17	223	7.08	240
54	12	241	4.74	253
55	16	257	5.86	273
56	13	252	4.91	265
57	6	229	2.55	235
58	10	263	3.66	273
59	15	260	5.45	275
60	10	227	4.22	237
61	21	234	8.24	255
62	17	224	7.05	241
63	8	209	3.69	217
64	14	243	5.45	257
65	4	261	1.51	265
66	12	227	5.02	239
67	5	224	2.18	229
68	18	205	8.07	223
69	8	195	3.94	203
70	8	203	3.79	211
71	16	243	6.18	259
72	7	219	3.10	226
73	11	209	5.00	220
74	17	206	7.62	223
75	5	146	3.31	151
76	14	175	7.41	189
77	10	215	4.44	225
78	12	186	6.06	198
79	15	211	6.64	226
80	7	196	3.45	203
81	4	138	2.82	142
82	6	155	3.73	161
83	9	138	6.12	147
84	8	178	4.30	186
85	5	202	2.42	207
86	10	153	6.13	163
87	10	176	5.38	186
88	5	125	3.85	130
89	13	158	7.60	171
90	6	99	5.71	105
91	10	140	6.67	150
92	4	129	3.01	133
93	8	139	5.44	147
94	6	123	4.65	129
95	7	101	6.48	108
96	4	103	3.74	107
97	2	118	1.67	120
98	6	112	5.08	118
99	1	50	1.96	51
100	2	8	20.00	10
101	0	3	0.00	3
102	0	7	0.00	7
103	2	4	33.33	6
104	1	5	16.67	6
105	1	3	25.00	4
106	1	5	16.67	6
107	0	4	0.00	4
108	0	3	0.00	3
109	1	6	14.29	7
110	0	5	0.00	5
111	0	2	0.00	2
112	0	6	0.00	6
113	0	2	0.00	2
114	0	3	0.00	3
115	0	3	0.00	3
116	0	3	0.00	3
117	0	3	0.00	3
118	0	3	0.00	3
119	0	4	0.00	4
120	0	0		0
121	0	4	0.00	4
122	0	3	0.00	3
123	1	3	25.00	4
124	0	3	0.00	3
125	1	0	100.00	1
126	0	3	0.00	3
127	0	1	0.00	1
128	0	5	0.00	5
129	0	0		0
130	0	5	0.00	5
131	1	1	50.00	2
132	0	2	0.00	2
133	0	1	0.00	1
134	0	0		0
135	1	0	100.00	1
136	0	2	0.00	2
137	0	3	0.00	3
138	0	1	0.00	1
139	0	2	0.00	2
140	0	1	0.00	1
141	0	1	0.00	1
142	0	1	0.00	1
143	0	0		0
144	0	1	0.00	1
145	0	3	0.00	3
146	0	0		0
147	0	1	0.00	1
148	0	0		0
149	0	0		0

CHG context (R1)
================
position	count methylated	count unmethylated	% methylation	coverage
1	0	13	0.00	13
2	0	26	0.00	26
3	0	11	0.00	11
4	1	147	0.68	148
5	1	208	0.48	209
6	2	239	0.83	241
7	0	266	0.00	266
8	0	231	0.00	231
9	2	235	0.84	237
10	1	206	0.48	207
11	1	262	0.38	263
12	1	200	0.50	201
13	0	184	0.00	184
14	0	197	0.00	197
15	1	249	0.40	250
16	2	209	0.95	211
17	2	234	0.85	236
18	0	275	0.00	275
19	1	189	0.53	190
20	0	180	0.00	180
21	2	224	0.88	226
22	1	236	0.42	237
23	2	191	1.04	193
24	0	187	0.00	187
25	0	238	0.00	238
26	0	204	0.00	204
27	1	262	0.38	263
28	0	234	0.00	234
29	1	153	0.65	154
30	0	184	0.00	184
31	1	209	0.48	210
32	0	212	0.00	212
33	2	266	0.75	268
34	1	207	0.48	208
35	0	220	0.00	220
36	0	219	0.00	219
37	1	200	0.50	201
38	0	221	0.00	221
39	0	223	0.00	223
40	1	224	0.44	225
41	2	247	0.80	249
42	0	210	0.00	210
43	1	215	0.46	216
44	0	236	0.00	236
45	3	223	1.33	226
46	1	193	0.52	194
47	0	194	0.00	194
48	1	229	0.43	230
49	0	199	0.00	199
50	0	197	0.00	197
51	1	236	0.42	237
52	1	241	0.41	242
53	0	206	0.00	206
54	0	205	0.00	205
55	0	194	0.00	194
56	0	197	0.00	197
57	0	202	0.00	202
58	0	222	0.00	222
59	1	180	0.55	181
60	2	149	1.32	151
61	0	188	0.00	188
62	1	192	0.52	193
63	0	180	0.00	180
64	4	189	2.07	193
65	0	186	0.00	186
66	1	179	0.56	180
67	0	186	0.00	186
68	1	194	0.51	195
69	0	196	0.00	196
70	3	204	1.45	207
71	0	147	0.00	147
72	0	171	0.00	171
73	0	178	0.00	178
74	1	131	0.76	132
75	0	117	0.00	117
76	0	182	0.00	182
77	0	175	0.00	175
78	0	167	0.00	167
79	1	139	0.71	140
80	0	113	0.00	113
81	0	217	0.00	217
82	0	144	0.00	144
83	0	124	0.00	124
84	0	130	0.00	130
85	0	102	0.00	102
86	3	150	1.96	153
87	1	126	0.79	127
88	0	115	0.00	115
89	0	101	0.00	101
90	1	109	0.91	110
91	0	141	0.00	141
92	0	95	0.00	95
93	0	84	0.00	84
94	0	93	0.00	93
95	0	95	0.00	95
96	0	121	0.00	121
97	0	112	0.00	112
98	0	97	0.00	97
99	1	52	1.89	53
100	0	3	0.00	3
101	0	2	0.00	2
102	0	5	0.00	5
103	0	5	0.00	5
104	0	3	0.00	3
105	0	7	0.00	7
106	0	7	0.00	7
107	0	2	0.00	2
108	0	7	0.00	7
109	0	5	0.00	5
110	0	3	0.00	3
111	0	3	0.00	3
112	0	3	0.00	3
113	0	1	0.00	1
114	0	2	0.00	2
115	0	1	0.00	1
116	0	2	0.00	2
117	0	1	0.00	1
118	0	4	0.00	4
119	0	1	0.00	1
120	0	2	0.00	2
121	0	3	0.00	3
122	0	5	0.00	5
123	0	2	0.00	2
124	0	1	0.00	1
125	0	2	0.00	2
126	0	1	0.00	1
127	0	5	0.00	5
128	0	2	0.00	2
129	0	0		0
130	0	2	0.00	2
131	1	1	50.00	2
132	0	1	0.00	1
133	0	0		0
134	0	5	0.00	5
135	0	0		0
136	0	3	0.00	3
137	0	0		0
138	0	1	0.00	1
139	0	1	0.00	1
140	0	1	0.00	1
141	0	1	0.00	1
142	0	0		0
143	0	1	0.00	1
144	0	0		0
145	0	0		0
146	0	0		0
147	0	5	0.00	5
148	0	1	0.00	1
149	0	0		0

CHH context (R1)
================
position	count methylated	count unmethylated	% methylation	coverage
1	0	35	0.00	35
2	0	33	0.00	33
3	0	27	0.00	27
4	3	332	0.90	335
5	2	399	0.50	401
6	0	444	0.00	444
7	2	391	0.51	393
8	1	363	0.27	364
9	3	298	1.00	301
10	2	324	0.61	326
11	1	309	0.32	310
12	0	336	0.00	336
13	2	377	0.53	379
14	2	412	0.48	414
15	1	391	0.26	392
16	3	366	0.81	369
17	0	323	0.00	323
18	1	272	0.37	273
19	1	326	0.31	327
20	3	354	0.84	357
21	0	333	0.00	333
22	0	310	0.00	310
23	2	323	0.62	325
24	2	374	0.53	376
25	1	420	0.24	421
26	2	373	0.53	375
27	3	372	0.80	375
28	2	375	0.53	377
29	1	353	0.28	354
30	0	368	0.00	368
31	0	367	0.00	367
32	1	390	0.26	391
33	1	306	0.33	307
34	0	325	0.00	325
35	0	312	0.00	312
36	1	344	0.29	345
37	1	346	0.29	347
38	0	363	0.00	363
39	1	349	0.29	350
40	0	323	0.00	323
41	0	334	0.00	334
42	2	349	0.57	351
43	1	335	0.30	336
44	2	347	0.57	349
45	1	296	0.34	297
46	3	349	0.85	352
47	0	332	0.00	332
48	0	332	0.00	332
49	1	347	0.29	348
50	0	389	0.00	389
51	1	413	0.24	414
52	0	371	0.00	371
53	3	334	0.89	337
54	0	313	0.00	313
55	0	334	0.00	334
56	2	309	0.64	311
57	1	276	0.36	277
58	0	289	0.00	289
59	1	333	0.30	334
60	0	303	0.00	303
61	0	330	0.00	330
62	0	344	0.00	344
63	0	275	0.00	275
64	2	332	0.60	334
65	0	316	0.00	316
66	2	276	0.72	278
67	0	307	0.00	307
68	1	363	0.27	364
69	1	306	0.33	307
70	1	271	0.37	272
71	3	295	1.01	298
72	1	267	0.37	268
73	1	308	0.32	309
74	0	274	0.00	274
75	0	350	0.00	350
76	1	318	0.31	319
77	2	267	0.74	269
78	0	234	0.00	234
79	1	254	0.39	255
80	0	273	0.00	273
81	1	219	0.45	220
82	2	267	0.74	269
83	1	229	0.43	230
84	0	200	0.00	200
85	0	262	0.00	262
86	1	240	0.41	241
87	0	179	0.00	179
88	0	228	0.00	228
89	0	219	0.00	219
90	2	162	1.22	164
91	1	181	0.55	182
92	0	200	0.00	200
93	1	168	0.59	169
94	0	158	0.00	158
95	1	187	0.53	188
96	0	172	0.00	172
97	0	167	0.00	167
98	2	190	1.04	192
99	1	65	1.52	66
100	0	5	0.00	5
101	0	14	0.00	14
102	0	10	0.00	10
103	0	8	0.00	8
104	0	9	0.00	9
105	0	7	0.00	7
106	0	7	0.00	7
107	0	6	0.00	6
108	0	5	0.00	5
109	0	5	0.00	5
110	0	4	0.00	4
111	0	3	0.00	3
112	0	4	0.00	4
113	0	6	0.00	6
114	0	4	0.00	4
115	0	3	0.00	3
116	0	5	0.00	5
117	0	4	0.00	4
118	1	2	33.33	3
119	0	1	0.00	1
120	0	3	0.00	3
121	0	4	0.00	4
122	0	3	0.00	3
123	0	1	0.00	1
124	0	4	0.00	4
125	0	2	0.00	2
126	0	3	0.00	3
127	0	4	0.00	4
128	0	3	0.00	3
129	0	3	0.00	3
130	0	4	0.00	4
131	0	3	0.00	3
132	0	3	0.00	3
133	0	9	0.00	9
134	0	4	0.00	4
135	0	4	0.00	4
136	0	0		0
137	0	1	0.00	1
138	0	1	0.00	1
139	0	3	0.00	3
140	0	0		0
141	0	0		0
142	0	0		0
143	0	0		0
144	0	1	0.00	1
145	0	1	0.00	1
146	0	3	0.00	3
147	0	2	0.00	2
148	0	0		0
149	0	2	0.00	2

CpG context (R2)
================
position	count methylated	count unmethylated	% methylation	coverage
1	1	20	4.76	21
2	1	13	7.14	14
3	4	63	5.97	67
4	8	76	9.52	84
5	2	109	1.80	111
6	3	85	3.41	88
7	5	128	3.76	133
8	4	76	5.00	80
9	7	86	7.53	93
10	1	91	1.09	92
11	3	66	4.35	69
12	2	59	3.28	61
13	8	59	11.94	67
14	2	59	3.28	61
15	3	68	4.23	71
16	2	71	2.74	73
17	1	44	2.22	45
18	1	59	1.67	60
19	3	31	8.82	34
20	0	39	0.00	39
21	1	36	2.70	37
22	1	37	2.63	38
23	3	37	7.50	40
24	3	58	4.92	61
25	0	27	0.00	27
26	1	26	3.70	27
27	4	26	13.33	30
28	1	24	4.00	25
29	4	35	10.26	39
30	3	16	15.79	19
31	3	34	8.11	37
32	0	32	0.00	32
33	4	13	23.53	17
34	4	20	16.67	24
35	0	18	0.00	18
36	1	17	5.56	18
37	0	20	0.00	20
38	0	21	0.00	21
39	0	13	0.00	13
40	0	5	0.00	5
41	0	11	0.00	11
42	0	11	0.00	11
43	1	13	7.14	14
44	0	20	0.00	20
45	1	5	16.67	6
46	2	12	14.29	14
47	0	6	0.00	6
48	1	7	12.50	8
49	0	3	0.00	3
50	1	7	12.50	8
51	0	5	0.00	5
52	0	6	0.00	6
53	0	5	0.00	5
54	0	5	0.00	5
55	1	4	20.00	5
56	0	4	0.00	4
57	0	2	0.00	2
58	0	5	0.00	5
59	0	2	0.00	2
60	0	2	0.00	2
61	0	2	0.00	2
62	0	0		0
63	1	2	33.33	3
64	0	0		0
65	0	0		0
66	0	3	0.00	3
67	0	1	0.00	1
68	0	1	0.00	1
69	0	1	0.00	1
70	0	0		0
71	0	2	0.00	2
72	0	0		0
73	0	0		0
74	0	0		0
75	0	2	0.00	2
76	0	0		0
77	0	2	0.00	2
78	0	0		0
79	0	0		0
80	0	1	0.00	1
81	0	0		0
82	0	1	0.00	1
83	0	0		0
84	0	0		0
85	0	0		0
86	0	1	0.00	1
87	0	0		0
88	0	0		0
89	0	0		0
90	0	0		0
91	0	2	0.00	2
92	0	0		0
93	0	0		0
94	0	0		0
95	0	1	0.00	1
96	0	0		0
97	0	1	0.00	1

CHG context (R2)
================
position	count methylated	count unmethylated	% methylation	coverage
1	10	2138	0.47	2148
2	0	18	0.00	18
3	0	8	0.00	8
4	0	32	0.00	32
5	0	59	0.00	59
6	0	69	0.00	69
7	0	76	0.00	76
8	0	110	0.00	110
9	0	72	0.00	72
10	0	70	0.00	70
11	1	63	1.56	64
12	1	49	2.00	50
13	0	45	0.00	45
14	0	43	0.00	43
15	0	54	0.00	54
16	1	46	2.13	47
17	0	54	0.00	54
18	0	44	0.00	44
19	0	59	0.00	59
20	0	57	0.00	57
21	0	41	0.00	41
22	0	47	0.00	47
23	0	24	0.00	24
24	0	21	0.00	21
25	0	39	0.00	39
26	0	24	0.00	24
27	0	10	0.00	10
28	0	20	0.00	20
29	0	15	0.00	15
30	0	22	0.00	22
31	0	24	0.00	24
32	1	14	6.67	15
33	0	22	0.00	22
34	0	18	0.00	18
35	0	27	0.00	27
36	0	22	0.00	22
37	0	17	0.00	17
38	0	10	0.00	10
39	1	10	9.09	11
40	0	15	0.00	15
41	0	19	0.00	19
42	0	9	0.00	9
43	0	7	0.00	7
44	0	6	0.00	6
45	0	16	0.00	16
46	0	1	0.00	1
47	0	8	0.00	8
48	0	9	0.00	9
49	0	6	0.00	6
50	1	6	14.29	7
51	0	7	0.00	7
52	0	9	0.00	9
53	0	4	0.00	4
54	0	2	0.00	2
55	0	4	0.00	4
56	0	7	0.00	7
57	0	0		0
58	0	2	0.00	2
59	0	1	0.00	1
60	0	6	0.00	6
61	0	2	0.00	2
62	0	0		0
63	0	2	0.00	2
64	0	6	0.00	6
65	0	1	0.00	1
66	0	1	0.00	1
67	0	1	0.00	1
68	0	2	0.00	2
69	0	0		0
70	0	4	0.00	4
71	0	1	0.00	1
72	0	1	0.00	1
73	0	3	0.00	3
74	0	0		0
75	0	0		0
76	0	0		0
77	0	0		0
78	0	0		0
79	0	0		0
80	0	1	0.00	1
81	0	1	0.00	1
82	0	0		0
83	0	0		0
84	0	0		0
85	0	0		0
86	0	1	0.00	1
87	0	0		0
88	0	0		0
89	0	1	0.00	1
90	0	0		0
91	0	0		0
92	0	0		0
93	0	0		0
94	0	0		0
95	0	1	0.00	1
96	0	0		0
97	0	0		0

CHH context (R2)
================
position	count methylated	count unmethylated	% methylation	coverage
1	0	15	0.00	15
2	2	953	0.21	955
3	1	265	0.38	266
4	0	192	0.00	192
5	0	130	0.00	130
6	2	87	2.25	89
7	0	105	0.00	105
8	0	115	0.00	115
9	0	113	0.00	113
10	0	115	0.00	115
11	0	90	0.00	90
12	0	93	0.00	93
13	0	74	0.00	74
14	0	83	0.00	83
15	0	67	0.00	67
16	0	66	0.00	66
17	0	64	0.00	64
18	0	70	0.00	70
19	1	78	1.27	79
20	0	68	0.00	68
21	0	62	0.00	62
22	0	55	0.00	55
23	0	55	0.00	55
24	0	39	0.00	39
25	1	46	2.13	47
26	0	31	0.00	31
27	0	44	0.00	44
28	0	40	0.00	40
29	1	29	3.33	30
30	0	23	0.00	23
31	0	25	0.00	25
32	0	30	0.00	30
33	0	15	0.00	15
34	0	21	0.00	21
35	0	23	0.00	23
36	0	25	0.00	25
37	0	15	0.00	15
38	0	24	0.00	24
39	0	8	0.00	8
40	0	15	0.00	15
41	0	12	0.00	12
42	0	21	0.00	21
43	0	20	0.00	20
44	0	23	0.00	23
45	0	8	0.00	8
46	0	17	0.00	17
47	0	17	0.00	17
48	0	3	0.00	3
49	0	10	0.00	10
50	0	7	0.00	7
51	0	12	0.00	12
52	0	15	0.00	15
53	0	20	0.00	20
54	0	11	0.00	11
55	1	8	11.11	9
56	0	8	0.00	8
57	0	8	0.00	8
58	0	3	0.00	3
59	0	1	0.00	1
60	0	1	0.00	1
61	0	0		0
62	0	2	0.00	2
63	0	0		0
64	0	1	0.00	1
65	0	3	0.00	3
66	0	1	0.00	1
67	0	0		0
68	0	1	0.00	1
69	0	5	0.00	5
70	0	0		0
71	0	0		0
72	0	1	0.00	1
73	0	0		0
74	0	3	0.00	3
75	0	1	0.00	1
76	0	0		0
77	0	0		0
78	0	0		0
79	0	0		0
80	0	0		0
81	0	0		0
82	0	0		0
83	0	0		0
84	0	1	0.00	1
85	0	0		0
86	0	0		0
87	0	1	0.00	1
88	0	0		0
89	0	0		0
90	0	0		0
91	0	0		0
92	0	0		0
93	0	0		0
94	0	1	0.00	1
95	0	0		0
96	0	0		0
97	0	0		0

