CpG context (R1)
================
position	count methylated	count unmethylated	% methylation	coverage
1	219	2154	9.23	2373
2	0	16	0.00	16
3	1	20	4.76	21
4	13	162	7.43	175
5	16	206	7.21	222
6	13	283	4.39	296
7	8	242	3.20	250
8	19	253	6.99	272
9	12	261	4.40	273
10	18	226	7.38	244
11	9	279	3.12	288
12	14	274	4.86	288
13	8	281	2.77	289
14	12	242	4.72	254
15	6	223	2.62	229
16	12	307	3.76	319
17	9	234	3.70	243
18	6	265	2.21	271
19	20	301	6.23	321
20	17	238	6.67	255
21	16	220	6.78	236
22	17	292	5.50	309
23	15	247	5.73	262
24	12	221	5.15	233
25	6	302	1.95	308
26	10	288	3.36	298
27	15	277	5.14	292
28	23	271	7.82	294
29	7	248	2.75	255
30	17	257	6.20	274
31	16	256	5.88	272
32	17	287	5.59	304
33	8	234	3.31	242
34	13	266	4.66	279
35	18	246	6.82	264
36	7	239	2.85	246
37	20	285	6.56	305
38	18	228	7.32	246
39	17	255	6.25	272
40	12	268	4.29	280
41	12	237	4.82	249
42	11	290	3.65	301
43	13	226	5.44	239
44	15	266	5.34	281
45	15	267	5.32	282
46	9	245	3.54	254
47	19	285	6.25	304
48	17	249	6.39	266
49	15	231	6.10	246
50	12	260	4.41	272
51	10	243	3.95	253
52	13	238	5.18	251
53	12	209	5.43	221
54	15	259	5.47	274
55	15	300	4.76	315
56	11	247	4.26	258
57	12	233	4.90	245
58	8	252	3.08	260
59	7	243	2.80	250
60	8	253	3.07	261
61	19	249	7.09	268
62	12	229	4.98	241
63	15	223	6.30	238
64	15	258	5.49	273
65	16	242	6.20	258
66	17	258	6.18	275
67	16	203	7.31	219
68	8	218	3.54	226
69	11	200	5.21	211
70	7	214	3.17	221
71	14	254	5.22	268
72	8	222	3.48	230
73	10	210	4.55	220
74	13	193	6.31	206
75	12	167	6.70	179
76	14	183	7.11	197
77	9	219	3.95	228
78	9	192	4.48	201
79	7	220	3.08	227
80	8	171	4.47	179
81	8	178	4.30	186
82	3	198	1.49	201
83	7	130	5.11	137
84	5	158	3.07	163
85	5	180	2.70	185
86	13	171	7.07	184
87	5	156	3.11	161
88	3	112	2.61	115
89	6	140	4.11	146
90	3	110	2.65	113
91	7	136	4.90	143
92	5	131	3.68	136
93	9	124	6.77	133
94	5	128	3.76	133
95	5	112	4.27	117
96	4	113	3.42	117
97	4	120	3.23	124
98	7	93	7.00	100
99	2	56	3.45	58
100	0	6	0.00	6
101	0	2	0.00	2
102	1	3	25.00	4
103	0	9	0.00	9
104	0	4	0.00	4
105	0	1	0.00	1
106	1	4	20.00	5
107	0	2	0.00	2
108	0	4	0.00	4
109	0	4	0.00	4
110	0	3	0.00	3
111	0	4	0.00	4
112	0	2	0.00	2
113	0	2	0.00	2
114	0	1	0.00	1
115	0	1	0.00	1
116	0	1	0.00	1
117	0	5	0.00	5
118	0	1	0.00	1
119	0	1	0.00	1
120	0	0		0
121	0	1	0.00	1
122	0	3	0.00	3
123	0	1	0.00	1
124	0	0		0
125	0	7	0.00	7
126	0	2	0.00	2
127	0	1	0.00	1
128	0	0		0
129	0	3	0.00	3
130	0	0		0
131	0	0		0
132	0	0		0
133	0	2	0.00	2
134	0	0		0
135	0	2	0.00	2
136	0	1	0.00	1
137	0	1	0.00	1
138	0	3	0.00	3
139	0	1	0.00	1
140	0	0		0
141	0	2	0.00	2
142	0	0		0
143	0	1	0.00	1
144	0	1	0.00	1
145	0	0		0
146	0	0		0
147	0	0		0
148	0	0		0
149	0	3	0.00	3

CHG context (R1)
================
position	count methylated	count unmethylated	% methylation	coverage
1	1	13	7.14	14
2	1	19	5.00	20
3	0	10	0.00	10
4	1	142	0.70	143
5	0	211	0.00	211
6	2	247	0.80	249
7	1	245	0.41	246
8	0	226	0.00	226
9	0	204	0.00	204
10	0	218	0.00	218
11	1	255	0.39	256
12	1	185	0.54	186
13	0	185	0.00	185
14	1	193	0.52	194
15	0	263	0.00	263
16	0	204	0.00	204
17	0	224	0.00	224
18	3	253	1.17	256
19	2	213	0.93	215
20	0	170	0.00	170
21	1	221	0.45	222
22	0	222	0.00	222
23	1	204	0.49	205
24	0	204	0.00	204
25	3	246	1.20	249
26	1	210	0.47	211
27	0	206	0.00	206
28	1	227	0.44	228
29	0	176	0.00	176
30	0	220	0.00	220
31	1	237	0.42	238
32	1	198	0.50	199
33	2	216	0.92	218
34	4	239	1.65	243
35	2	223	0.89	225
36	0	208	0.00	208
37	1	192	0.52	193
38	0	165	0.00	165
39	1	243	0.41	244
40	0	189	0.00	189
41	2	254	0.78	256
42	0	222	0.00	222
43	2	219	0.90	221
44	2	257	0.77	259
45	1	193	0.52	194
46	0	213	0.00	213
47	1	197	0.51	198
48	0	203	0.00	203
49	1	210	0.47	211
50	0	197	0.00	197
51	1	202	0.49	203
52	0	180	0.00	180
53	3	232	1.28	235
54	4	198	1.98	202
55	1	154	0.65	155
56	1	208	0.48	209
57	1	203	0.49	204
58	1	202	0.49	203
59	1	173	0.57	174
60	1	154	0.65	155
61	0	182	0.00	182
62	1	175	0.57	176
63	1	176	0.56	177
64	0	167	0.00	167
65	0	193	0.00	193
66	0	196	0.00	196
67	1	171	0.58	172
68	0	188	0.00	188
69	0	184	0.00	184
70	1	174	0.57	175
71	0	175	0.00	175
72	0	169	0.00	169
73	1	202	0.49	203
74	0	130	0.00	130
75	1	152	0.65	153
76	0	178	0.00	178
77	0	153	0.00	153
78	0	145	0.00	145
79	1	162	0.61	163
80	2	132	1.49	134
81	1	177	0.56	178
82	1	96	1.03	97
83	0	144	0.00	144
84	1	121	0.82	122
85	0	119	0.00	119
86	1	144	0.69	145
87	0	91	0.00	91
88	2	122	1.61	124
89	0	117	0.00	117
90	0	99	0.00	99
91	0	172	0.00	172
92	0	84	0.00	84
93	0	88	0.00	88
94	0	107	0.00	107
95	1	88	1.12	89
96	0	100	0.00	100
97	0	113	0.00	113
98	0	89	0.00	89
99	0	36	0.00	36
100	0	3	0.00	3
101	0	6	0.00	6
102	0	4	0.00	4
103	0	2	0.00	2
104	0	2	0.00	2
105	0	4	0.00	4
106	0	3	0.00	3
107	0	0		0
108	0	6	0.00	6
109	0	3	0.00	3
110	0	3	0.00	3
111	0	0		0
112	0	4	0.00	4
113	0	0		0
114	0	1	0.00	1
115	0	1	0.00	1
116	0	3	0.00	3
117	0	1	0.00	1
118	0	3	0.00	3
119	0	2	0.00	2
120	0	3	0.00	3
121	0	2	0.00	2
122	0	0		0
123	0	0		0
124	0	3	0.00	3
125	0	0		0
126	0	0		0
127	0	1	0.00	1
128	0	1	0.00	1
129	0	1	0.00	1
130	0	1	0.00	1
131	0	0		0
132	0	2	0.00	2
133	0	0		0
134	0	0		0
135	0	0		0
136	0	1	0.00	1
137	0	0		0
138	0	0		0
139	0	1	0.00	1
140	0	0		0
141	0	1	0.00	1
142	0	1	0.00	1
143	0	0		0
144	0	0		0
145	0	1	0.00	1
146	0	0		0
147	0	0		0
148	0	3	0.00	3
149	0	0		0

CHH context (R1)
================
position	count methylated	count unmethylated	% methylation	coverage
1	1	39	2.50	40
2	0	25	0.00	25
3	0	23	0.00	23
4	0	335	0.00	335
5	1	367	0.27	368
6	1	392	0.25	393
7	3	369	0.81	372
8	1	342	0.29	343
9	5	363	1.36	368
10	2	338	0.59	340
11	1	310	0.32	311
12	2	291	0.68	293
13	0	360	0.00	360
14	2	387	0.51	389
15	3	361	0.82	364
16	0	376	0.00	376
17	1	335	0.30	336
18	4	323	1.22	327
19	0	322	0.00	322
20	1	333	0.30	334
21	1	328	0.30	329
22	1	320	0.31	321
23	2	359	0.55	361
24	2	372	0.53	374
25	3	390	0.76	393
26	2	377	0.53	379
27	1	394	0.25	395
28	2	376	0.53	378
29	2	323	0.62	325
30	1	384	0.26	385
31	2	346	0.57	348
32	1	358	0.28	359
33	1	350	0.28	351
34	2	303	0.66	305
35	3	328	0.91	331
36	1	338	0.29	339
37	2	349	0.57	351
38	1	355	0.28	356
39	0	353	0.00	353
40	1	343	0.29	344
41	0	338	0.00	338
42	1	353	0.28	354
43	0	314	0.00	314
44	0	336	0.00	336
45	0	291	0.00	291
46	0	356	0.00	356
47	1	319	0.31	320
48	1	344	0.29	345
49	0	365	0.00	365
50	1	404	0.25	405
51	2	376	0.53	378
52	5	374	1.32	379
53	0	363	0.00	363
54	2	295	0.67	297
55	1	335	0.30	336
56	0	320	0.00	320
57	0	290	0.00	290
58	0	280	0.00	280
59	1	317	0.31	318
60	1	309	0.32	310
61	0	308	0.00	308
62	0	308	0.00	308
63	0	306	0.00	306
64	0	372	0.00	372
65	0	310	0.00	310
66	0	267	0.00	267
67	0	321	0.00	321
68	0	313	0.00	313
69	2	317	0.63	319
70	2	262	0.76	264
71	2	280	0.71	282
72	1	267	0.37	268
73	1	279	0.36	280
74	1	272	0.37	273
75	0	303	0.00	303
76	1	300	0.33	301
77	3	245	1.21	248
78	0	265	0.00	265
79	1	280	0.36	281
80	0	280	0.00	280
81	1	241	0.41	242
82	3	270	1.10	273
83	2	226	0.88	228
84	0	234	0.00	234
85	0	245	0.00	245
86	1	237	0.42	238
87	0	209	0.00	209
88	0	261	0.00	261
89	0	218	0.00	218
90	0	202	0.00	202
91	0	160	0.00	160
92	1	184	0.54	185
93	0	189	0.00	189
94	0	155	0.00	155
95	1	195	0.51	196
96	1	167	0.60	168
97	2	163	1.21	165
98	1	173	0.57	174
99	0	70	0.00	70
100	0	8	0.00	8
101	0	5	0.00	5
102	0	4	0.00	4
103	0	5	0.00	5
104	0	4	0.00	4
105	0	6	0.00	6
106	0	4	0.00	4
107	0	5	0.00	5
108	0	3	0.00	3
109	0	1	0.00	1
110	0	2	0.00	2
111	0	0		0
112	0	1	0.00	1
113	0	2	0.00	2
114	0	1	0.00	1
115	0	3	0.00	3
116	0	2	0.00	2
117	0	5	0.00	5
118	0	1	0.00	1
119	0	3	0.00	3
120	0	2	0.00	2
121	0	3	0.00	3
122	0	2	0.00	2
123	0	3	0.00	3
124	0	2	0.00	2
125	0	1	0.00	1
126	0	3	0.00	3
127	0	5	0.00	5
128	0	2	0.00	2
129	0	1	0.00	1
130	0	1	0.00	1
131	0	4	0.00	4
132	0	3	0.00	3
133	0	1	0.00	1
134	0	1	0.00	1
135	0	2	0.00	2
136	0	0		0
137	0	0		0
138	0	0		0
139	0	0		0
140	0	0		0
141	0	0		0
142	0	0		0
143	0	1	0.00	1
144	0	0		0
145	0	0		0
146	0	1	0.00	1
147	0	1	0.00	1
148	0	1	0.00	1
149	0	1	0.00	1

CpG context (R2)
================
position	count methylated	count unmethylated	% methylation	coverage
1	1	21	4.55	22
2	0	15	0.00	15
3	7	66	9.59	73
4	0	78	0.00	78
5	6	86	6.52	92
6	3	93	3.12	96
7	7	146	4.58	153
8	4	73	5.19	77
9	7	64	9.86	71
10	3	87	3.33	90
11	4	74	5.13	78
12	2	64	3.03	66
13	6	87	6.45	93
14	5	45	10.00	50
15	2	43	4.44	45
16	0	53	0.00	53
17	0	54	0.00	54
18	5	41	10.87	46
19	5	48	9.43	53
20	1	52	1.89	53
21	5	37	11.90	42
22	2	36	5.26	38
23	4	38	9.52	42
24	1	52	1.89	53
25	1	27	3.57	28
26	0	33	0.00	33
27	2	32	5.88	34
28	1	25	3.85	26
29	2	39	4.88	41
30	1	21	4.55	22
31	1	27	3.57	28
32	3	20	13.04	23
33	2	12	14.29	14
34	1	24	4.00	25
35	0	5	0.00	5
36	1	19	5.00	20
37	0	13	0.00	13
38	0	10	0.00	10
39	0	5	0.00	5
40	0	11	0.00	11
41	1	9	10.00	10
42	0	9	0.00	9
43	0	11	0.00	11
44	1	22	4.35	23
45	0	1	0.00	1
46	1	13	7.14	14
47	0	4	0.00	4
48	0	7	0.00	7
49	1	3	25.00	4
50	0	6	0.00	6
51	0	5	0.00	5
52	1	3	25.00	4
53	0	0		0
54	1	3	25.00	4
55	1	0	100.00	1
56	0	1	0.00	1
57	0	3	0.00	3
58	0	7	0.00	7
59	0	0		0
60	0	4	0.00	4
61	0	1	0.00	1
62	0	0		0
63	1	1	50.00	2
64	0	0		0
65	0	2	0.00	2
66	0	1	0.00	1
67	0	0		0
68	0	2	0.00	2
69	0	0		0
70	0	1	0.00	1
71	0	2	0.00	2
72	0	0		0
73	0	0		0
74	0	0		0
75	0	3	0.00	3
76	0	0		0
77	0	2	0.00	2
78	0	0		0
79	0	0		0
80	0	0		0
81	0	0		0
82	0	1	0.00	1
83	0	0		0
84	0	0		0
85	0	0		0
86	0	0		0
87	0	0		0
88	0	1	0.00	1
89	0	0		0
90	0	0		0
91	0	1	0.00	1
92	0	1	0.00	1
93	0	0		0
94	0	0		0
95	0	1	0.00	1
96	0	1	0.00	1
97	1	0	100.00	1

CHG context (R2)
================
position	count methylated	count unmethylated	% methylation	coverage
1	15	2118	0.70	2133
2	0	28	0.00	28
3	0	8	0.00	8
4	0	54	0.00	54
5	0	57	0.00	57
6	0	55	0.00	55
7	0	75	0.00	75
8	1	91	1.09	92
9	0	84	0.00	84
10	0	47	0.00	47
11	2	60	3.23	62
12	0	41	0.00	41
13	0	32	0.00	32
14	0	53	0.00	53
15	0	50	0.00	50
16	1	56	1.75	57
17	0	52	0.00	52
18	0	45	0.00	45
19	0	47	0.00	47
20	0	51	0.00	51
21	2	34	5.56	36
22	0	44	0.00	44
23	0	24	0.00	24
24	0	25	0.00	25
25	0	35	0.00	35
26	0	20	0.00	20
27	0	17	0.00	17
28	0	32	0.00	32
29	0	22	0.00	22
30	0	13	0.00	13
31	0	29	0.00	29
32	0	15	0.00	15
33	0	16	0.00	16
34	0	9	0.00	9
35	0	32	0.00	32
36	0	10	0.00	10
37	0	11	0.00	11
38	0	11	0.00	11
39	0	7	0.00	7
40	0	11	0.00	11
41	1	17	5.56	18
42	0	1	0.00	1
43	0	7	0.00	7
44	0	3	0.00	3
45	0	16	0.00	16
46	0	3	0.00	3
47	0	5	0.00	5
48	0	6	0.00	6
49	0	12	0.00	12
50	0	5	0.00	5
51	0	1	0.00	1
52	0	9	0.00	9
53	0	3	0.00	3
54	0	0		0
55	0	2	0.00	2
56	0	1	0.00	1
57	0	1	0.00	1
58	0	0		0
59	0	0		0
60	0	2	0.00	2
61	0	1	0.00	1
62	0	0		0
63	0	0		0
64	0	1	0.00	1
65	0	0		0
66	0	0		0
67	0	0		0
68	0	2	0.00	2
69	0	0		0
70	0	0		0
71	0	0		0
72	0	0		0
73	0	0		0
74	0	0		0
75	0	0		0
76	0	0		0
77	0	0		0
78	0	0		0
79	0	1	0.00	1
80	0	1	0.00	1
81	0	0		0
82	0	0		0
83	0	0		0
84	0	0		0
85	0	1	0.00	1
86	0	1	0.00	1
87	0	0		0
88	0	0		0
89	0	0		0
90	0	0		0
91	0	0		0
92	0	0		0
93	0	0		0
94	0	0		0
95	0	1	0.00	1
96	0	0		0
97	0	0		0

CHH context (R2)
================
position	count methylated	count unmethylated	% methylation	coverage
1	1	14	6.67	15
2	1	947	0.11	948
3	0	255	0.00	255
4	0	199	0.00	199
5	0	120	0.00	120
6	0	103	0.00	103
7	0	109	0.00	109
8	0	132	0.00	132
9	0	117	0.00	117
10	0	120	0.00	120
11	0	84	0.00	84
12	1	76	1.30	77
13	0	60	0.00	60
14	0	71	0.00	71
15	0	68	0.00	68
16	0	53	0.00	53
17	0	72	0.00	72
18	0	84	0.00	84
19	0	71	0.00	71
20	0	60	0.00	60
21	0	49	0.00	49
22	0	52	0.00	52
23	0	59	0.00	59
24	0	36	0.00	36
25	0	44	0.00	44
26	0	45	0.00	45
27	0	27	0.00	27
28	1	20	4.76	21
29	0	48	0.00	48
30	0	41	0.00	41
31	0	31	0.00	31
32	0	44	0.00	44
33	0	18	0.00	18
34	0	29	0.00	29
35	0	28	0.00	28
36	0	25	0.00	25
37	0	14	0.00	14
38	0	22	0.00	22
39	0	7	0.00	7
40	0	11	0.00	11
41	0	10	0.00	10
42	0	22	0.00	22
43	0	11	0.00	11
44	0	20	0.00	20
45	0	10	0.00	10
46	0	13	0.00	13
47	0	10	0.00	10
48	0	3	0.00	3
49	0	4	0.00	4
50	0	5	0.00	5
51	0	7	0.00	7
52	0	11	0.00	11
53	0	13	0.00	13
54	0	6	0.00	6
55	0	5	0.00	5
56	1	6	14.29	7
57	0	1	0.00	1
58	0	1	0.00	1
59	0	1	0.00	1
60	0	1	0.00	1
61	0	1	0.00	1
62	0	1	0.00	1
63	0	0		0
64	0	1	0.00	1
65	0	1	0.00	1
66	0	1	0.00	1
67	0	0		0
68	0	1	0.00	1
69	0	3	0.00	3
70	0	0		0
71	0	0		0
72	0	1	0.00	1
73	0	0		0
74	0	1	0.00	1
75	0	0		0
76	0	0		0
77	0	0		0
78	0	0		0
79	0	0		0
80	0	0		0
81	0	0		0
82	0	0		0
83	0	0		0
84	0	1	0.00	1
85	0	0		0
86	0	0		0
87	0	1	0.00	1
88	0	0		0
89	0	0		0
90	0	0		0
91	0	0		0
92	0	0		0
93	0	0		0
94	0	0		0
95	0	0		0
96	0	0		0
97	0	0		0

