CpG context (R1)
================
position	count methylated	count unmethylated	% methylation	coverage
1	211	2158	8.91	2369
2	1	19	5.00	20
3	0	26	0.00	26
4	9	182	4.71	191
5	13	190	6.40	203
6	8	288	2.70	296
7	12	219	5.19	231
8	9	277	3.15	286
9	11	262	4.03	273
10	14	231	5.71	245
11	13	256	4.83	269
12	10	239	4.02	249
13	15	281	5.07	296
14	11	256	4.12	267
15	15	279	5.10	294
16	9	288	3.03	297
17	7	234	2.90	241
18	10	237	4.05	247
19	15	279	5.10	294
20	12	217	5.24	229
21	3	215	1.38	218
22	14	283	4.71	297
23	10	247	3.89	257
24	10	268	3.60	278
25	13	294	4.23	307
26	12	290	3.97	302
27	8	251	3.09	259
28	16	252	5.97	268
29	7	262	2.60	269
30	15	258	5.49	273
31	13	255	4.85	268
32	20	278	6.71	298
33	9	237	3.66	246
34	15	245	5.77	260
35	6	253	2.32	259
36	16	234	6.40	250
37	18	268	6.29	286
38	15	247	5.73	262
39	18	244	6.87	262
40	12	249	4.60	261
41	9	248	3.50	257
42	14	277	4.81	291
43	11	265	3.99	276
44	19	237	7.42	256
45	9	278	3.14	287
46	22	224	8.94	246
47	22	265	7.67	287
48	9	239	3.63	248
49	14	246	5.38	260
50	6	244	2.40	250
51	13	221	5.56	234
52	18	208	7.96	226
53	6	232	2.52	238
54	13	257	4.81	270
55	14	257	5.17	271
56	13	225	5.46	238
57	12	220	5.17	232
58	12	239	4.78	251
59	18	263	6.41	281
60	4	236	1.67	240
61	9	243	3.57	252
62	8	226	3.42	234
63	17	192	8.13	209
64	11	244	4.31	255
65	12	255	4.49	267
66	11	241	4.37	252
67	15	219	6.41	234
68	10	224	4.27	234
69	8	175	4.37	183
70	9	204	4.23	213
71	7	230	2.95	237
72	5	251	1.95	256
73	5	218	2.24	223
74	9	199	4.33	208
75	7	175	3.85	182
76	15	188	7.39	203
77	9	215	4.02	224
78	7	215	3.15	222
79	9	213	4.05	222
80	6	202	2.88	208
81	7	144	4.64	151
82	5	202	2.42	207
83	10	133	6.99	143
84	7	156	4.29	163
85	12	181	6.22	193
86	10	180	5.26	190
87	6	155	3.73	161
88	3	147	2.00	150
89	10	153	6.13	163
90	10	111	8.26	121
91	9	118	7.09	127
92	8	142	5.33	150
93	4	122	3.17	126
94	4	121	3.20	125
95	5	99	4.81	104
96	7	104	6.31	111
97	6	130	4.41	136
98	7	93	7.00	100
99	1	50	1.96	51
100	1	9	10.00	10
101	0	4	0.00	4
102	0	6	0.00	6
103	0	3	0.00	3
104	1	3	25.00	4
105	0	3	0.00	3
106	0	5	0.00	5
107	1	2	33.33	3
108	0	4	0.00	4
109	0	9	0.00	9
110	0	1	0.00	1
111	0	4	0.00	4
112	0	5	0.00	5
113	0	1	0.00	1
114	1	3	25.00	4
115	0	1	0.00	1
116	1	3	25.00	4
117	0	2	0.00	2
118	0	1	0.00	1
119	0	2	0.00	2
120	0	0		0
121	0	4	0.00	4
122	0	0		0
123	0	1	0.00	1
124	0	2	0.00	2
125	1	2	33.33	3
126	0	2	0.00	2
127	0	3	0.00	3
128	0	0		0
129	0	2	0.00	2
130	0	0		0
131	0	0		0
132	0	1	0.00	1
133	0	0		0
134	0	2	0.00	2
135	0	0		0
136	0	2	0.00	2
137	0	1	0.00	1
138	0	3	0.00	3
139	0	2	0.00	2
140	0	0		0
141	1	1	50.00	2
142	0	0		0
143	0	1	0.00	1
144	0	0		0
145	0	2	0.00	2
146	0	0		0
147	0	1	0.00	1
148	0	0		0
149	0	0		0

CHG context (R1)
================
position	count methylated	count unmethylated	% methylation	coverage
1	1	18	5.26	19
2	0	21	0.00	21
3	0	13	0.00	13
4	0	129	0.00	129
5	1	203	0.49	204
6	1	236	0.42	237
7	0	257	0.00	257
8	0	210	0.00	210
9	0	255	0.00	255
10	0	216	0.00	216
11	0	230	0.00	230
12	0	207	0.00	207
13	0	204	0.00	204
14	0	225	0.00	225
15	1	240	0.41	241
16	0	216	0.00	216
17	1	213	0.47	214
18	1	246	0.40	247
19	0	203	0.00	203
20	2	166	1.19	168
21	0	243	0.00	243
22	2	207	0.96	209
23	0	208	0.00	208
24	1	177	0.56	178
25	0	234	0.00	234
26	1	185	0.54	186
27	1	225	0.44	226
28	1	234	0.43	235
29	1	176	0.56	177
30	1	188	0.53	189
31	0	270	0.00	270
32	2	185	1.07	187
33	0	244	0.00	244
34	1	214	0.47	215
35	1	209	0.48	210
36	1	257	0.39	258
37	0	218	0.00	218
38	0	183	0.00	183
39	0	197	0.00	197
40	0	194	0.00	194
41	2	252	0.79	254
42	3	227	1.30	230
43	0	228	0.00	228
44	2	248	0.80	250
45	2	184	1.08	186
46	0	223	0.00	223
47	1	190	0.52	191
48	1	198	0.50	199
49	0	185	0.00	185
50	0	204	0.00	204
51	1	213	0.47	214
52	0	238	0.00	238
53	1	214	0.47	215
54	2	196	1.01	198
55	0	172	0.00	172
56	1	231	0.43	232
57	0	208	0.00	208
58	0	219	0.00	219
59	0	188	0.00	188
60	0	173	0.00	173
61	0	191	0.00	191
62	1	143	0.69	144
63	1	186	0.53	187
64	0	193	0.00	193
65	2	189	1.05	191
66	0	170	0.00	170
67	1	191	0.52	192
68	0	186	0.00	186
69	0	186	0.00	186
70	1	188	0.53	189
71	1	154	0.65	155
72	1	177	0.56	178
73	0	153	0.00	153
74	1	164	0.61	165
75	1	155	0.64	156
76	0	170	0.00	170
77	4	183	2.14	187
78	0	152	0.00	152
79	1	159	0.62	160
80	0	139	0.00	139
81	0	163	0.00	163
82	0	127	0.00	127
83	0	138	0.00	138
84	0	134	0.00	134
85	1	118	0.84	119
86	0	143	0.00	143
87	1	111	0.89	112
88	3	116	2.52	119
89	0	128	0.00	128
90	0	106	0.00	106
91	0	124	0.00	124
92	1	102	0.97	103
93	0	103	0.00	103
94	2	85	2.30	87
95	1	103	0.96	104
96	1	121	0.82	122
97	2	100	1.96	102
98	0	95	0.00	95
99	0	50	0.00	50
100	0	5	0.00	5
101	0	6	0.00	6
102	0	4	0.00	4
103	0	5	0.00	5
104	0	4	0.00	4
105	0	7	0.00	7
106	0	1	0.00	1
107	0	0		0
108	0	7	0.00	7
109	0	3	0.00	3
110	0	2	0.00	2
111	0	5	0.00	5
112	0	2	0.00	2
113	0	1	0.00	1
114	1	2	33.33	3
115	0	1	0.00	1
116	0	3	0.00	3
117	0	0		0
118	0	3	0.00	3
119	0	1	0.00	1
120	0	1	0.00	1
121	0	0		0
122	0	1	0.00	1
123	0	3	0.00	3
124	0	1	0.00	1
125	0	0		0
126	0	1	0.00	1
127	0	3	0.00	3
128	0	1	0.00	1
129	0	1	0.00	1
130	0	2	0.00	2
131	0	2	0.00	2
132	0	0		0
133	0	1	0.00	1
134	0	0		0
135	0	1	0.00	1
136	0	3	0.00	3
137	0	0		0
138	0	0		0
139	0	0		0
140	0	2	0.00	2
141	0	0		0
142	0	1	0.00	1
143	0	0		0
144	0	1	0.00	1
145	0	0		0
146	0	0		0
147	0	1	0.00	1
148	0	0		0
149	0	1	0.00	1

CHH context (R1)
================
position	count methylated	count unmethylated	% methylation	coverage
1	1	39	2.50	40
2	0	27	0.00	27
3	0	16	0.00	16
4	2	338	0.59	340
5	1	415	0.24	416
6	2	413	0.48	415
7	1	380	0.26	381
8	2	350	0.57	352
9	1	342	0.29	343
10	2	341	0.58	343
11	0	337	0.00	337
12	1	372	0.27	373
13	1	400	0.25	401
14	0	388	0.00	388
15	0	384	0.00	384
16	4	354	1.12	358
17	2	348	0.57	350
18	2	311	0.64	313
19	1	350	0.28	351
20	1	378	0.26	379
21	0	342	0.00	342
22	2	320	0.62	322
23	1	331	0.30	332
24	0	360	0.00	360
25	1	359	0.28	360
26	4	348	1.14	352
27	1	400	0.25	401
28	2	359	0.55	361
29	0	315	0.00	315
30	2	376	0.53	378
31	0	352	0.00	352
32	1	371	0.27	372
33	0	295	0.00	295
34	0	307	0.00	307
35	1	311	0.32	312
36	2	351	0.57	353
37	3	303	0.98	306
38	0	351	0.00	351
39	1	328	0.30	329
40	0	329	0.00	329
41	0	367	0.00	367
42	1	334	0.30	335
43	1	344	0.29	345
44	0	336	0.00	336
45	1	297	0.34	298
46	2	347	0.57	349
47	1	313	0.32	314
48	0	325	0.00	325
49	0	395	0.00	395
50	1	396	0.25	397
51	0	422	0.00	422
52	1	356	0.28	357
53	0	332	0.00	332
54	0	322	0.00	322
55	1	340	0.29	341
56	0	283	0.00	283
57	0	302	0.00	302
58	1	277	0.36	278
59	0	312	0.00	312
60	2	311	0.64	313
61	0	320	0.00	320
62	1	355	0.28	356
63	1	311	0.32	312
64	2	340	0.58	342
65	0	317	0.00	317
66	1	270	0.37	271
67	2	323	0.62	325
68	1	336	0.30	337
69	0	290	0.00	290
70	1	259	0.38	260
71	0	280	0.00	280
72	1	252	0.40	253
73	1	262	0.38	263
74	1	257	0.39	258
75	0	294	0.00	294
76	2	299	0.66	301
77	0	269	0.00	269
78	1	270	0.37	271
79	2	266	0.75	268
80	2	291	0.68	293
81	2	274	0.72	276
82	2	267	0.74	269
83	1	244	0.41	245
84	1	219	0.45	220
85	1	251	0.40	252
86	2	252	0.79	254
87	1	202	0.49	203
88	2	237	0.84	239
89	1	184	0.54	185
90	2	203	0.98	205
91	1	172	0.58	173
92	1	201	0.50	202
93	0	174	0.00	174
94	1	184	0.54	185
95	0	205	0.00	205
96	0	139	0.00	139
97	0	141	0.00	141
98	1	165	0.60	166
99	1	65	1.52	66
100	0	9	0.00	9
101	0	10	0.00	10
102	0	8	0.00	8
103	0	7	0.00	7
104	1	7	12.50	8
105	0	4	0.00	4
106	0	6	0.00	6
107	0	6	0.00	6
108	0	4	0.00	4
109	0	1	0.00	1
110	0	4	0.00	4
111	0	2	0.00	2
112	0	4	0.00	4
113	0	4	0.00	4
114	0	2	0.00	2
115	0	4	0.00	4
116	0	4	0.00	4
117	0	5	0.00	5
118	0	2	0.00	2
119	0	2	0.00	2
120	0	0		0
121	0	4	0.00	4
122	0	4	0.00	4
123	0	2	0.00	2
124	0	2	0.00	2
125	0	2	0.00	2
126	0	4	0.00	4
127	0	4	0.00	4
128	0	2	0.00	2
129	0	2	0.00	2
130	0	2	0.00	2
131	0	2	0.00	2
132	0	1	0.00	1
133	0	0		0
134	0	2	0.00	2
135	0	2	0.00	2
136	0	0		0
137	0	0		0
138	0	0		0
139	0	0		0
140	0	0		0
141	0	1	0.00	1
142	0	0		0
143	0	1	0.00	1
144	0	0		0
145	0	0		0
146	0	0		0
147	0	1	0.00	1
148	0	2	0.00	2
149	0	1	0.00	1

CpG context (R2)
================
position	count methylated	count unmethylated	% methylation	coverage
1	0	20	0.00	20
2	0	18	0.00	18
3	3	67	4.29	70
4	2	73	2.67	75
5	3	106	2.75	109
6	7	75	8.54	82
7	7	142	4.70	149
8	3	88	3.30	91
9	3	61	4.69	64
10	7	98	6.67	105
11	5	56	8.20	61
12	4	62	6.06	66
13	2	64	3.03	66
14	2	37	5.13	39
15	3	57	5.00	60
16	0	55	0.00	55
17	0	38	0.00	38
18	4	40	9.09	44
19	1	31	3.12	32
20	6	36	14.29	42
21	0	32	0.00	32
22	2	43	4.44	45
23	3	32	8.57	35
24	0	61	0.00	61
25	2	30	6.25	32
26	3	25	10.71	28
27	3	22	12.00	25
28	0	26	0.00	26
29	3	36	7.69	39
30	0	21	0.00	21
31	1	33	2.94	34
32	0	19	0.00	19
33	3	12	20.00	15
34	2	24	7.69	26
35	2	13	13.33	15
36	2	21	8.70	23
37	2	24	7.69	26
38	1	22	4.35	23
39	0	8	0.00	8
40	1	11	8.33	12
41	1	16	5.88	17
42	1	15	6.25	16
43	3	10	23.08	13
44	1	21	4.55	22
45	0	5	0.00	5
46	3	10	23.08	13
47	0	8	0.00	8
48	1	7	12.50	8
49	0	9	0.00	9
50	1	5	16.67	6
51	0	6	0.00	6
52	2	10	16.67	12
53	0	2	0.00	2
54	1	6	14.29	7
55	0	3	0.00	3
56	0	1	0.00	1
57	1	7	12.50	8
58	0	6	0.00	6
59	0	0		0
60	1	4	20.00	5
61	0	2	0.00	2
62	0	1	0.00	1
63	1	3	25.00	4
64	0	2	0.00	2
65	2	1	66.67	3
66	0	2	0.00	2
67	0	3	0.00	3
68	0	1	0.00	1
69	0	3	0.00	3
70	0	0		0
71	0	2	0.00	2
72	1	3	25.00	4
73	0	0		0
74	0	1	0.00	1
75	0	1	0.00	1
76	0	0		0
77	0	2	0.00	2
78	0	0		0
79	1	1	50.00	2
80	0	1	0.00	1
81	0	0		0
82	0	1	0.00	1
83	0	0		0
84	0	0		0
85	0	1	0.00	1
86	0	2	0.00	2
87	0	0		0
88	0	0		0
89	0	1	0.00	1
90	0	0		0
91	0	1	0.00	1
92	0	0		0
93	0	0		0
94	0	1	0.00	1
95	0	0		0
96	0	0		0
97	0	1	0.00	1

CHG context (R2)
================
position	count methylated	count unmethylated	% methylation	coverage
1	9	2123	0.42	2132
2	0	15	0.00	15
3	0	6	0.00	6
4	0	48	0.00	48
5	0	57	0.00	57
6	1	77	1.28	78
7	0	53	0.00	53
8	1	103	0.96	104
9	0	69	0.00	69
10	1	54	1.82	55
11	0	77	0.00	77
12	0	36	0.00	36
13	0	49	0.00	49
14	0	52	0.00	52
15	0	39	0.00	39
16	0	47	0.00	47
17	0	53	0.00	53
18	0	49	0.00	49
19	0	30	0.00	30
20	0	57	0.00	57
21	0	37	0.00	37
22	0	40	0.00	40
23	0	25	0.00	25
24	0	12	0.00	12
25	0	32	0.00	32
26	0	21	0.00	21
27	0	14	0.00	14
28	0	23	0.00	23
29	0	30	0.00	30
30	0	17	0.00	17
31	0	28	0.00	28
32	0	16	0.00	16
33	0	33	0.00	33
34	1	23	4.17	24
35	0	30	0.00	30
36	0	22	0.00	22
37	0	10	0.00	10
38	0	6	0.00	6
39	0	11	0.00	11
40	0	12	0.00	12
41	0	18	0.00	18
42	0	0		0
43	0	10	0.00	10
44	0	2	0.00	2
45	0	8	0.00	8
46	0	2	0.00	2
47	0	10	0.00	10
48	0	6	0.00	6
49	0	11	0.00	11
50	0	5	0.00	5
51	0	3	0.00	3
52	0	7	0.00	7
53	0	3	0.00	3
54	0	0		0
55	0	6	0.00	6
56	0	4	0.00	4
57	0	1	0.00	1
58	0	1	0.00	1
59	0	1	0.00	1
60	0	3	0.00	3
61	0	0		0
62	0	0		0
63	0	4	0.00	4
64	0	1	0.00	1
65	0	0		0
66	0	1	0.00	1
67	0	0		0
68	0	1	0.00	1
69	0	0		0
70	0	2	0.00	2
71	0	1	0.00	1
72	0	2	0.00	2
73	0	3	0.00	3
74	0	0		0
75	0	1	0.00	1
76	0	0		0
77	0	0		0
78	0	1	0.00	1
79	0	0		0
80	0	0		0
81	0	1	0.00	1
82	0	0		0
83	0	0		0
84	0	0		0
85	0	0		0
86	0	0		0
87	0	2	0.00	2
88	0	0		0
89	0	1	0.00	1
90	0	0		0
91	0	0		0
92	0	0		0
93	0	1	0.00	1
94	0	0		0
95	0	0		0
96	0	0		0
97	0	0		0

CHH context (R2)
================
position	count methylated	count unmethylated	% methylation	coverage
1	0	10	0.00	10
2	2	967	0.21	969
3	1	245	0.41	246
4	1	177	0.56	178
5	2	127	1.55	129
6	0	74	0.00	74
7	0	92	0.00	92
8	0	103	0.00	103
9	0	100	0.00	100
10	2	125	1.57	127
11	0	81	0.00	81
12	0	92	0.00	92
13	2	74	2.63	76
14	1	83	1.19	84
15	0	72	0.00	72
16	0	57	0.00	57
17	0	65	0.00	65
18	0	72	0.00	72
19	1	69	1.43	70
20	0	58	0.00	58
21	1	40	2.44	41
22	0	42	0.00	42
23	0	36	0.00	36
24	0	35	0.00	35
25	0	45	0.00	45
26	0	30	0.00	30
27	0	24	0.00	24
28	0	26	0.00	26
29	0	37	0.00	37
30	0	28	0.00	28
31	0	15	0.00	15
32	0	24	0.00	24
33	0	8	0.00	8
34	0	23	0.00	23
35	0	24	0.00	24
36	0	13	0.00	13
37	0	12	0.00	12
38	0	17	0.00	17
39	0	7	0.00	7
40	0	17	0.00	17
41	0	11	0.00	11
42	0	15	0.00	15
43	0	8	0.00	8
44	0	14	0.00	14
45	0	9	0.00	9
46	0	9	0.00	9
47	0	7	0.00	7
48	0	7	0.00	7
49	0	5	0.00	5
50	0	6	0.00	6
51	0	7	0.00	7
52	0	13	0.00	13
53	0	10	0.00	10
54	0	9	0.00	9
55	0	8	0.00	8
56	0	11	0.00	11
57	0	6	0.00	6
58	0	7	0.00	7
59	0	2	0.00	2
60	0	1	0.00	1
61	0	1	0.00	1
62	0	2	0.00	2
63	0	3	0.00	3
64	0	1	0.00	1
65	0	1	0.00	1
66	0	1	0.00	1
67	0	0		0
68	0	4	0.00	4
69	0	2	0.00	2
70	0	0		0
71	0	0		0
72	0	0		0
73	0	0		0
74	0	0		0
75	0	3	0.00	3
76	0	0		0
77	0	2	0.00	2
78	0	1	0.00	1
79	0	1	0.00	1
80	0	0		0
81	0	0		0
82	0	0		0
83	0	0		0
84	0	1	0.00	1
85	0	0		0
86	0	0		0
87	0	0		0
88	0	1	0.00	1
89	0	1	0.00	1
90	0	0		0
91	0	0		0
92	0	0		0
93	0	0		0
94	0	1	0.00	1
95	0	0		0
96	0	0		0
97	0	0		0

