CpG context (R1)
================
position	count methylated	count unmethylated	% methylation	coverage
1	207	2182	8.66	2389
2	1	21	4.55	22
3	1	11	8.33	12
4	7	201	3.37	208
5	12	194	5.83	206
6	8	293	2.66	301
7	12	226	5.04	238
8	14	245	5.41	259
9	7	256	2.66	263
10	11	244	4.31	255
11	11	254	4.15	265
12	11	315	3.37	326
13	13	275	4.51	288
14	11	230	4.56	241
15	9	247	3.52	256
16	14	283	4.71	297
17	4	246	1.60	250
18	9	252	3.45	261
19	13	326	3.83	339
20	8	210	3.67	218
21	13	215	5.70	228
22	12	307	3.76	319
23	16	244	6.15	260
24	4	250	1.57	254
25	13	307	4.06	320
26	6	304	1.94	310
27	4	264	1.49	268
28	16	262	5.76	278
29	4	278	1.42	282
30	7	282	2.42	289
31	15	253	5.60	268
32	15	302	4.73	317
33	7	220	3.08	227
34	7	246	2.77	253
35	10	280	3.45	290
36	6	223	2.62	229
37	5	282	1.74	287
38	6	245	2.39	251
39	11	253	4.17	264
40	9	252	3.45	261
41	15	230	6.12	245
42	16	266	5.67	282
43	10	256	3.76	266
44	8	251	3.09	259
45	17	308	5.23	325
46	13	223	5.51	236
47	18	252	6.67	270
48	10	277	3.48	287
49	18	220	7.56	238
50	10	229	4.18	239
51	9	245	3.54	254
52	12	251	4.56	263
53	10	252	3.82	262
54	12	232	4.92	244
55	11	277	3.82	288
56	10	234	4.10	244
57	18	220	7.56	238
58	17	228	6.94	245
59	17	265	6.03	282
60	11	259	4.07	270
61	14	227	5.81	241
62	13	242	5.10	255
63	11	200	5.21	211
64	9	245	3.54	254
65	15	271	5.24	286
66	10	227	4.22	237
67	15	203	6.88	218
68	10	202	4.72	212
69	12	193	5.85	205
70	9	193	4.46	202
71	13	255	4.85	268
72	7	222	3.06	229
73	11	226	4.64	237
74	12	208	5.45	220
75	10	175	5.41	185
76	17	221	7.14	238
77	17	199	7.87	216
78	12	192	5.88	204
79	8	215	3.59	223
80	11	175	5.91	186
81	7	162	4.14	169
82	5	206	2.37	211
83	6	138	4.17	144
84	6	177	3.28	183
85	5	181	2.69	186
86	5	175	2.78	180
87	5	179	2.72	184
88	5	125	3.85	130
89	8	140	5.41	148
90	4	119	3.25	123
91	6	154	3.75	160
92	4	137	2.84	141
93	1	144	0.69	145
94	6	115	4.96	121
95	9	113	7.38	122
96	4	115	3.36	119
97	3	146	2.01	149
98	8	101	7.34	109
99	0	46	0.00	46
100	0	8	0.00	8
101	0	3	0.00	3
102	0	4	0.00	4
103	1	4	20.00	5
104	1	5	16.67	6
105	1	2	33.33	3
106	0	9	0.00	9
107	1	4	20.00	5
108	0	6	0.00	6
109	0	9	0.00	9
110	0	1	0.00	1
111	0	3	0.00	3
112	2	5	28.57	7
113	0	1	0.00	1
114	1	5	16.67	6
115	0	3	0.00	3
116	1	2	33.33	3
117	0	8	0.00	8
118	0	1	0.00	1
119	0	2	0.00	2
120	0	1	0.00	1
121	0	1	0.00	1
122	1	1	50.00	2
123	0	2	0.00	2
124	1	1	50.00	2
125	1	2	33.33	3
126	0	2	0.00	2
127	0	0		0
128	0	2	0.00	2
129	0	4	0.00	4
130	0	4	0.00	4
131	0	1	0.00	1
132	0	1	0.00	1
133	0	1	0.00	1
134	0	2	0.00	2
135	0	0		0
136	0	0		0
137	0	1	0.00	1
138	0	1	0.00	1
139	0	1	0.00	1
140	0	0		0
141	0	1	0.00	1
142	0	0		0
143	0	0		0
144	0	2	0.00	2
145	0	0		0
146	0	1	0.00	1
147	0	0		0
148	0	0		0
149	0	0		0

CHG context (R1)
================
position	count methylated	count unmethylated	% methylation	coverage
1	1	17	5.56	18
2	0	19	0.00	19
3	0	12	0.00	12
4	1	126	0.79	127
5	0	204	0.00	204
6	2	241	0.82	243
7	0	250	0.00	250
8	0	235	0.00	235
9	0	239	0.00	239
10	2	217	0.91	219
11	1	252	0.40	253
12	1	226	0.44	227
13	0	194	0.00	194
14	1	208	0.48	209
15	2	274	0.72	276
16	0	216	0.00	216
17	0	247	0.00	247
18	1	265	0.38	266
19	1	202	0.49	203
20	1	178	0.56	179
21	2	237	0.84	239
22	2	262	0.76	264
23	0	207	0.00	207
24	1	176	0.56	177
25	1	221	0.45	222
26	2	194	1.02	196
27	0	241	0.00	241
28	0	234	0.00	234
29	0	195	0.00	195
30	0	187	0.00	187
31	0	258	0.00	258
32	1	180	0.55	181
33	1	226	0.44	227
34	1	237	0.42	238
35	0	232	0.00	232
36	1	216	0.46	217
37	0	200	0.00	200
38	0	197	0.00	197
39	0	254	0.00	254
40	1	186	0.53	187
41	2	257	0.77	259
42	1	236	0.42	237
43	1	191	0.52	192
44	2	240	0.83	242
45	1	204	0.49	205
46	0	222	0.00	222
47	1	200	0.50	201
48	1	210	0.47	211
49	2	193	1.03	195
50	0	209	0.00	209
51	2	209	0.95	211
52	1	218	0.46	219
53	0	182	0.00	182
54	0	193	0.00	193
55	2	176	1.12	178
56	0	232	0.00	232
57	0	216	0.00	216
58	0	216	0.00	216
59	0	186	0.00	186
60	2	132	1.49	134
61	2	202	0.98	204
62	0	174	0.00	174
63	0	179	0.00	179
64	1	205	0.49	206
65	0	205	0.00	205
66	0	184	0.00	184
67	0	195	0.00	195
68	0	212	0.00	212
69	0	165	0.00	165
70	0	176	0.00	176
71	0	179	0.00	179
72	1	152	0.65	153
73	0	170	0.00	170
74	0	139	0.00	139
75	0	162	0.00	162
76	0	180	0.00	180
77	0	183	0.00	183
78	0	149	0.00	149
79	1	137	0.72	138
80	1	143	0.69	144
81	0	195	0.00	195
82	0	133	0.00	133
83	0	145	0.00	145
84	1	144	0.69	145
85	1	103	0.96	104
86	0	145	0.00	145
87	0	122	0.00	122
88	0	125	0.00	125
89	0	119	0.00	119
90	0	125	0.00	125
91	0	137	0.00	137
92	0	104	0.00	104
93	0	81	0.00	81
94	0	89	0.00	89
95	0	96	0.00	96
96	0	108	0.00	108
97	0	106	0.00	106
98	0	111	0.00	111
99	0	49	0.00	49
100	0	9	0.00	9
101	0	8	0.00	8
102	0	5	0.00	5
103	0	5	0.00	5
104	0	6	0.00	6
105	0	8	0.00	8
106	1	0	100.00	1
107	0	4	0.00	4
108	0	8	0.00	8
109	0	3	0.00	3
110	0	0		0
111	0	4	0.00	4
112	0	2	0.00	2
113	0	3	0.00	3
114	0	0		0
115	0	2	0.00	2
116	0	2	0.00	2
117	0	0		0
118	0	2	0.00	2
119	0	1	0.00	1
120	0	4	0.00	4
121	0	2	0.00	2
122	0	4	0.00	4
123	0	2	0.00	2
124	0	2	0.00	2
125	0	4	0.00	4
126	0	1	0.00	1
127	0	2	0.00	2
128	0	5	0.00	5
129	0	2	0.00	2
130	0	0		0
131	0	1	0.00	1
132	0	3	0.00	3
133	0	1	0.00	1
134	0	1	0.00	1
135	0	1	0.00	1
136	0	1	0.00	1
137	0	0		0
138	0	1	0.00	1
139	0	0		0
140	1	1	50.00	2
141	0	1	0.00	1
142	0	0		0
143	0	1	0.00	1
144	0	0		0
145	0	0		0
146	0	1	0.00	1
147	0	0		0
148	0	0		0
149	0	0		0

CHH context (R1)
================
position	count methylated	count unmethylated	% methylation	coverage
1	0	30	0.00	30
2	1	24	4.00	25
3	0	18	0.00	18
4	2	344	0.58	346
5	0	413	0.00	413
6	2	437	0.46	439
7	1	376	0.27	377
8	0	339	0.00	339
9	1	325	0.31	326
10	0	328	0.00	328
11	0	308	0.00	308
12	1	319	0.31	320
13	1	395	0.25	396
14	2	378	0.53	380
15	6	342	1.72	348
16	1	320	0.31	321
17	3	331	0.90	334
18	5	290	1.69	295
19	1	351	0.28	352
20	2	336	0.59	338
21	2	348	0.57	350
22	1	304	0.33	305
23	0	320	0.00	320
24	2	376	0.53	378
25	0	394	0.00	394
26	2	365	0.54	367
27	2	395	0.50	397
28	0	351	0.00	351
29	1	348	0.29	349
30	1	356	0.28	357
31	0	324	0.00	324
32	1	357	0.28	358
33	1	297	0.34	298
34	1	327	0.30	328
35	0	324	0.00	324
36	1	396	0.25	397
37	0	380	0.00	380
38	0	349	0.00	349
39	1	330	0.30	331
40	2	321	0.62	323
41	2	352	0.56	354
42	0	336	0.00	336
43	1	348	0.29	349
44	2	346	0.57	348
45	0	328	0.00	328
46	1	344	0.29	345
47	2	310	0.64	312
48	1	314	0.32	315
49	1	343	0.29	344
50	2	419	0.48	421
51	0	429	0.00	429
52	0	379	0.00	379
53	0	318	0.00	318
54	1	311	0.32	312
55	2	323	0.62	325
56	1	271	0.37	272
57	1	267	0.37	268
58	2	257	0.77	259
59	2	306	0.65	308
60	2	315	0.63	317
61	0	323	0.00	323
62	0	354	0.00	354
63	2	293	0.68	295
64	1	328	0.30	329
65	0	311	0.00	311
66	1	290	0.34	291
67	1	336	0.30	337
68	1	328	0.30	329
69	1	305	0.33	306
70	1	258	0.39	259
71	1	260	0.38	261
72	0	261	0.00	261
73	1	306	0.33	307
74	2	260	0.76	262
75	0	294	0.00	294
76	0	285	0.00	285
77	1	254	0.39	255
78	0	240	0.00	240
79	1	306	0.33	307
80	0	314	0.00	314
81	2	269	0.74	271
82	0	267	0.00	267
83	0	228	0.00	228
84	0	248	0.00	248
85	0	252	0.00	252
86	0	272	0.00	272
87	0	198	0.00	198
88	1	269	0.37	270
89	1	205	0.49	206
90	1	176	0.56	177
91	1	186	0.53	187
92	1	189	0.53	190
93	2	165	1.20	167
94	0	165	0.00	165
95	1	210	0.47	211
96	1	154	0.65	155
97	0	169	0.00	169
98	1	150	0.66	151
99	0	74	0.00	74
100	0	9	0.00	9
101	0	8	0.00	8
102	0	5	0.00	5
103	0	4	0.00	4
104	0	9	0.00	9
105	0	1	0.00	1
106	0	3	0.00	3
107	0	8	0.00	8
108	0	4	0.00	4
109	0	3	0.00	3
110	0	7	0.00	7
111	0	5	0.00	5
112	0	2	0.00	2
113	0	8	0.00	8
114	0	5	0.00	5
115	0	3	0.00	3
116	0	6	0.00	6
117	0	4	0.00	4
118	0	2	0.00	2
119	0	4	0.00	4
120	0	4	0.00	4
121	0	5	0.00	5
122	0	2	0.00	2
123	0	5	0.00	5
124	0	3	0.00	3
125	0	0		0
126	0	2	0.00	2
127	0	2	0.00	2
128	0	2	0.00	2
129	0	1	0.00	1
130	0	0		0
131	0	2	0.00	2
132	0	5	0.00	5
133	0	2	0.00	2
134	0	1	0.00	1
135	0	1	0.00	1
136	0	0		0
137	0	2	0.00	2
138	0	1	0.00	1
139	0	1	0.00	1
140	0	2	0.00	2
141	0	0		0
142	0	0		0
143	0	1	0.00	1
144	0	0		0
145	0	0		0
146	0	0		0
147	0	0		0
148	0	0		0
149	0	2	0.00	2

CpG context (R2)
================
position	count methylated	count unmethylated	% methylation	coverage
1	0	19	0.00	19
2	0	15	0.00	15
3	1	58	1.69	59
4	3	78	3.70	81
5	7	89	7.29	96
6	1	74	1.33	75
7	6	128	4.48	134
8	2	95	2.06	97
9	6	84	6.67	90
10	3	100	2.91	103
11	3	58	4.92	61
12	4	61	6.15	65
13	4	66	5.71	70
14	1	34	2.86	35
15	5	58	7.94	63
16	0	52	0.00	52
17	4	36	10.00	40
18	1	46	2.13	47
19	1	35	2.78	36
20	0	39	0.00	39
21	1	40	2.44	41
22	3	33	8.33	36
23	1	43	2.27	44
24	5	50	9.09	55
25	0	35	0.00	35
26	0	28	0.00	28
27	1	34	2.86	35
28	1	23	4.17	24
29	1	38	2.56	39
30	2	23	8.00	25
31	2	38	5.00	40
32	1	18	5.26	19
33	1	16	5.88	17
34	0	17	0.00	17
35	1	11	8.33	12
36	1	17	5.56	18
37	0	25	0.00	25
38	0	18	0.00	18
39	1	12	7.69	13
40	0	7	0.00	7
41	0	13	0.00	13
42	0	6	0.00	6
43	0	17	0.00	17
44	1	12	7.69	13
45	0	2	0.00	2
46	1	10	9.09	11
47	0	5	0.00	5
48	0	4	0.00	4
49	0	4	0.00	4
50	0	3	0.00	3
51	0	5	0.00	5
52	1	9	10.00	10
53	0	3	0.00	3
54	0	6	0.00	6
55	0	1	0.00	1
56	1	4	20.00	5
57	0	2	0.00	2
58	1	5	16.67	6
59	0	5	0.00	5
60	0	0		0
61	0	3	0.00	3
62	0	0		0
63	0	0		0
64	0	1	0.00	1
65	0	0		0
66	0	1	0.00	1
67	0	1	0.00	1
68	0	2	0.00	2
69	0	1	0.00	1
70	0	2	0.00	2
71	0	0		0
72	0	1	0.00	1
73	0	0		0
74	0	0		0
75	0	0		0
76	0	0		0
77	0	0		0
78	0	0		0
79	0	0		0
80	0	1	0.00	1
81	0	0		0
82	0	0		0
83	0	0		0
84	0	0		0
85	0	0		0
86	0	1	0.00	1
87	0	0		0
88	0	0		0
89	0	0		0
90	0	0		0
91	0	1	0.00	1
92	0	2	0.00	2
93	0	0		0
94	0	0		0
95	0	0		0
96	0	0		0
97	0	2	0.00	2

CHG context (R2)
================
position	count methylated	count unmethylated	% methylation	coverage
1	18	2111	0.85	2129
2	0	31	0.00	31
3	0	5	0.00	5
4	0	27	0.00	27
5	0	70	0.00	70
6	1	76	1.30	77
7	1	66	1.49	67
8	1	89	1.11	90
9	0	62	0.00	62
10	2	68	2.86	70
11	0	78	0.00	78
12	0	43	0.00	43
13	0	50	0.00	50
14	0	43	0.00	43
15	0	39	0.00	39
16	0	51	0.00	51
17	0	57	0.00	57
18	0	49	0.00	49
19	0	57	0.00	57
20	0	54	0.00	54
21	0	32	0.00	32
22	0	41	0.00	41
23	0	21	0.00	21
24	0	24	0.00	24
25	0	37	0.00	37
26	0	21	0.00	21
27	0	12	0.00	12
28	0	21	0.00	21
29	0	20	0.00	20
30	0	19	0.00	19
31	0	18	0.00	18
32	0	19	0.00	19
33	0	23	0.00	23
34	1	21	4.55	22
35	0	22	0.00	22
36	0	19	0.00	19
37	0	9	0.00	9
38	0	9	0.00	9
39	0	14	0.00	14
40	0	12	0.00	12
41	0	14	0.00	14
42	0	8	0.00	8
43	0	6	0.00	6
44	0	5	0.00	5
45	0	8	0.00	8
46	0	3	0.00	3
47	0	6	0.00	6
48	0	11	0.00	11
49	0	5	0.00	5
50	0	8	0.00	8
51	0	5	0.00	5
52	0	8	0.00	8
53	0	1	0.00	1
54	0	1	0.00	1
55	0	8	0.00	8
56	0	2	0.00	2
57	0	1	0.00	1
58	0	1	0.00	1
59	0	2	0.00	2
60	0	6	0.00	6
61	0	0		0
62	0	1	0.00	1
63	0	6	0.00	6
64	0	0		0
65	0	0		0
66	0	3	0.00	3
67	0	0		0
68	0	0		0
69	0	0		0
70	0	0		0
71	0	0		0
72	0	1	0.00	1
73	0	1	0.00	1
74	0	0		0
75	0	0		0
76	0	0		0
77	0	0		0
78	0	0		0
79	0	0		0
80	0	0		0
81	0	1	0.00	1
82	0	0		0
83	0	0		0
84	0	0		0
85	0	0		0
86	0	0		0
87	0	0		0
88	0	0		0
89	0	1	0.00	1
90	0	0		0
91	0	0		0
92	0	0		0
93	0	0		0
94	0	0		0
95	0	0		0
96	0	0		0
97	0	0		0

CHH context (R2)
================
position	count methylated	count unmethylated	% methylation	coverage
1	0	10	0.00	10
2	2	939	0.21	941
3	4	284	1.39	288
4	1	214	0.47	215
5	0	153	0.00	153
6	0	123	0.00	123
7	2	106	1.85	108
8	1	123	0.81	124
9	0	122	0.00	122
10	0	114	0.00	114
11	0	93	0.00	93
12	1	86	1.15	87
13	2	78	2.50	80
14	1	107	0.93	108
15	0	64	0.00	64
16	0	56	0.00	56
17	0	60	0.00	60
18	0	67	0.00	67
19	0	66	0.00	66
20	0	47	0.00	47
21	1	38	2.56	39
22	0	36	0.00	36
23	0	38	0.00	38
24	0	30	0.00	30
25	0	55	0.00	55
26	1	32	3.03	33
27	0	27	0.00	27
28	0	21	0.00	21
29	0	31	0.00	31
30	0	28	0.00	28
31	0	31	0.00	31
32	0	28	0.00	28
33	0	25	0.00	25
34	0	24	0.00	24
35	0	38	0.00	38
36	0	18	0.00	18
37	0	17	0.00	17
38	0	26	0.00	26
39	0	8	0.00	8
40	0	17	0.00	17
41	0	13	0.00	13
42	0	17	0.00	17
43	0	22	0.00	22
44	0	14	0.00	14
45	0	14	0.00	14
46	0	19	0.00	19
47	0	11	0.00	11
48	0	6	0.00	6
49	0	11	0.00	11
50	0	7	0.00	7
51	0	13	0.00	13
52	0	11	0.00	11
53	0	13	0.00	13
54	0	11	0.00	11
55	0	8	0.00	8
56	0	7	0.00	7
57	0	2	0.00	2
58	0	5	0.00	5
59	0	1	0.00	1
60	0	0		0
61	1	4	20.00	5
62	0	4	0.00	4
63	0	1	0.00	1
64	0	0		0
65	0	0		0
66	0	0		0
67	0	0		0
68	0	4	0.00	4
69	0	1	0.00	1
70	0	0		0
71	0	0		0
72	0	0		0
73	0	2	0.00	2
74	0	2	0.00	2
75	0	2	0.00	2
76	0	0		0
77	0	1	0.00	1
78	0	1	0.00	1
79	0	0		0
80	0	0		0
81	0	0		0
82	0	0		0
83	0	0		0
84	0	0		0
85	0	2	0.00	2
86	0	0		0
87	0	0		0
88	0	0		0
89	0	0		0
90	0	0		0
91	0	0		0
92	0	0		0
93	0	0		0
94	0	1	0.00	1
95	0	0		0
96	0	0		0
97	0	0		0

