CpG context (R1)
================
position	count methylated	count unmethylated	% methylation	coverage
1	193	2157	8.21	2350
2	0	16	0.00	16
3	2	20	9.09	22
4	7	172	3.91	179
5	11	201	5.19	212
6	8	278	2.80	286
7	10	240	4.00	250
8	17	292	5.50	309
9	13	258	4.80	271
10	15	243	5.81	258
11	10	255	3.77	265
12	14	277	4.81	291
13	22	274	7.43	296
14	12	260	4.41	272
15	10	232	4.13	242
16	17	296	5.43	313
17	14	234	5.65	248
18	8	225	3.43	233
19	15	321	4.46	336
20	12	208	5.45	220
21	12	236	4.84	248
22	13	286	4.35	299
23	8	246	3.15	254
24	20	254	7.30	274
25	13	287	4.33	300
26	14	296	4.52	310
27	16	245	6.13	261
28	13	251	4.92	264
29	10	274	3.52	284
30	8	250	3.10	258
31	15	276	5.15	291
32	9	313	2.80	322
33	8	231	3.35	239
34	16	259	5.82	275
35	14	252	5.26	266
36	11	235	4.47	246
37	17	256	6.23	273
38	14	234	5.65	248
39	14	233	5.67	247
40	17	251	6.34	268
41	12	222	5.13	234
42	12	301	3.83	313
43	14	256	5.19	270
44	23	273	7.77	296
45	12	267	4.30	279
46	18	258	6.52	276
47	25	266	8.59	291
48	18	266	6.34	284
49	11	229	4.58	240
50	9	254	3.42	263
51	15	208	6.73	223
52	9	254	3.42	263
53	9	231	3.75	240
54	8	247	3.14	255
55	16	269	5.61	285
56	12	231	4.94	243
57	14	216	6.09	230
58	11	262	4.03	273
59	11	250	4.21	261
60	16	218	6.84	234
61	13	244	5.06	257
62	9	211	4.09	220
63	14	228	5.79	242
64	9	224	3.86	233
65	18	265	6.36	283
66	11	255	4.14	266
67	16	239	6.27	255
68	14	199	6.57	213
69	14	202	6.48	216
70	13	241	5.12	254
71	11	228	4.60	239
72	7	240	2.83	247
73	5	236	2.07	241
74	15	198	7.04	213
75	7	191	3.54	198
76	12	194	5.83	206
77	10	219	4.37	229
78	17	203	7.73	220
79	11	243	4.33	254
80	9	172	4.97	181
81	9	164	5.20	173
82	10	193	4.93	203
83	3	120	2.44	123
84	4	159	2.45	163
85	8	215	3.59	223
86	10	171	5.52	181
87	4	162	2.41	166
88	6	139	4.14	145
89	15	160	8.57	175
90	5	112	4.27	117
91	5	151	3.21	156
92	2	131	1.50	133
93	7	139	4.79	146
94	4	145	2.68	149
95	10	114	8.06	124
96	10	119	7.75	129
97	7	138	4.83	145
98	9	103	8.04	112
99	4	56	6.67	60
100	3	8	27.27	11
101	1	6	14.29	7
102	0	2	0.00	2
103	2	12	14.29	14
104	1	4	20.00	5
105	0	2	0.00	2
106	2	1	66.67	3
107	2	4	33.33	6
108	1	6	14.29	7
109	1	7	12.50	8
110	0	1	0.00	1
111	0	3	0.00	3
112	0	5	0.00	5
113	0	1	0.00	1
114	0	2	0.00	2
115	0	2	0.00	2
116	0	4	0.00	4
117	0	3	0.00	3
118	0	2	0.00	2
119	0	1	0.00	1
120	0	1	0.00	1
121	0	2	0.00	2
122	0	1	0.00	1
123	1	5	16.67	6
124	0	2	0.00	2
125	0	1	0.00	1
126	0	5	0.00	5
127	0	1	0.00	1
128	0	5	0.00	5
129	1	2	33.33	3
130	0	2	0.00	2
131	0	3	0.00	3
132	0	0		0
133	0	3	0.00	3
134	0	3	0.00	3
135	0	1	0.00	1
136	0	2	0.00	2
137	0	1	0.00	1
138	0	4	0.00	4
139	0	2	0.00	2
140	0	1	0.00	1
141	0	1	0.00	1
142	0	2	0.00	2
143	0	1	0.00	1
144	0	3	0.00	3
145	0	0		0
146	0	0		0
147	0	0		0
148	0	2	0.00	2
149	1	1	50.00	2

CHG context (R1)
================
position	count methylated	count unmethylated	% methylation	coverage
1	0	16	0.00	16
2	0	27	0.00	27
3	0	15	0.00	15
4	0	142	0.00	142
5	1	184	0.54	185
6	2	246	0.81	248
7	2	259	0.77	261
8	0	226	0.00	226
9	0	201	0.00	201
10	1	198	0.50	199
11	1	260	0.38	261
12	0	196	0.00	196
13	2	188	1.05	190
14	0	198	0.00	198
15	0	252	0.00	252
16	0	213	0.00	213
17	1	242	0.41	243
18	0	252	0.00	252
19	2	200	0.99	202
20	0	179	0.00	179
21	0	214	0.00	214
22	1	207	0.48	208
23	0	222	0.00	222
24	0	188	0.00	188
25	0	221	0.00	221
26	1	205	0.49	206
27	2	218	0.91	220
28	1	258	0.39	259
29	1	183	0.54	184
30	0	177	0.00	177
31	0	229	0.00	229
32	1	198	0.50	199
33	1	222	0.45	223
34	1	217	0.46	218
35	0	244	0.00	244
36	1	215	0.46	216
37	0	210	0.00	210
38	0	191	0.00	191
39	1	203	0.49	204
40	1	192	0.52	193
41	1	274	0.36	275
42	1	189	0.53	190
43	1	207	0.48	208
44	1	261	0.38	262
45	0	191	0.00	191
46	4	215	1.83	219
47	1	198	0.50	199
48	0	195	0.00	195
49	0	204	0.00	204
50	0	207	0.00	207
51	2	248	0.80	250
52	0	211	0.00	211
53	0	197	0.00	197
54	2	191	1.04	193
55	0	156	0.00	156
56	0	202	0.00	202
57	1	183	0.54	184
58	0	217	0.00	217
59	0	180	0.00	180
60	0	155	0.00	155
61	0	178	0.00	178
62	0	182	0.00	182
63	0	165	0.00	165
64	0	174	0.00	174
65	0	211	0.00	211
66	0	182	0.00	182
67	1	170	0.58	171
68	1	202	0.49	203
69	1	206	0.48	207
70	2	177	1.12	179
71	1	168	0.59	169
72	0	169	0.00	169
73	0	173	0.00	173
74	0	175	0.00	175
75	0	149	0.00	149
76	0	162	0.00	162
77	0	163	0.00	163
78	0	145	0.00	145
79	0	144	0.00	144
80	0	144	0.00	144
81	1	188	0.53	189
82	0	122	0.00	122
83	0	127	0.00	127
84	0	138	0.00	138
85	0	122	0.00	122
86	0	172	0.00	172
87	1	114	0.87	115
88	0	124	0.00	124
89	0	118	0.00	118
90	0	98	0.00	98
91	0	152	0.00	152
92	0	93	0.00	93
93	1	91	1.09	92
94	0	99	0.00	99
95	1	117	0.85	118
96	2	122	1.61	124
97	0	106	0.00	106
98	0	102	0.00	102
99	1	54	1.82	55
100	0	4	0.00	4
101	0	9	0.00	9
102	0	8	0.00	8
103	0	6	0.00	6
104	0	1	0.00	1
105	0	3	0.00	3
106	0	9	0.00	9
107	0	1	0.00	1
108	0	5	0.00	5
109	0	3	0.00	3
110	0	4	0.00	4
111	0	4	0.00	4
112	0	2	0.00	2
113	0	5	0.00	5
114	0	2	0.00	2
115	0	3	0.00	3
116	0	2	0.00	2
117	0	2	0.00	2
118	0	4	0.00	4
119	0	1	0.00	1
120	0	3	0.00	3
121	0	3	0.00	3
122	0	1	0.00	1
123	0	1	0.00	1
124	0	1	0.00	1
125	0	2	0.00	2
126	0	0		0
127	0	1	0.00	1
128	0	4	0.00	4
129	0	1	0.00	1
130	0	3	0.00	3
131	0	0		0
132	0	1	0.00	1
133	0	3	0.00	3
134	0	1	0.00	1
135	0	2	0.00	2
136	0	1	0.00	1
137	0	1	0.00	1
138	0	0		0
139	0	2	0.00	2
140	0	1	0.00	1
141	0	1	0.00	1
142	0	2	0.00	2
143	0	1	0.00	1
144	0	0		0
145	0	0		0
146	0	1	0.00	1
147	0	0		0
148	0	2	0.00	2
149	0	3	0.00	3

CHH context (R1)
================
position	count methylated	count unmethylated	% methylation	coverage
1	1	41	2.38	42
2	0	44	0.00	44
3	0	35	0.00	35
4	2	354	0.56	356
5	2	398	0.50	400
6	5	376	1.31	381
7	2	340	0.58	342
8	0	335	0.00	335
9	1	326	0.31	327
10	2	339	0.59	341
11	0	337	0.00	337
12	1	344	0.29	345
13	1	371	0.27	372
14	2	406	0.49	408
15	1	380	0.26	381
16	0	381	0.00	381
17	1	324	0.31	325
18	0	290	0.00	290
19	1	329	0.30	330
20	1	369	0.27	370
21	0	355	0.00	355
22	3	329	0.90	332
23	4	341	1.16	345
24	0	363	0.00	363
25	1	381	0.26	382
26	2	356	0.56	358
27	0	398	0.00	398
28	1	366	0.27	367
29	1	358	0.28	359
30	1	371	0.27	372
31	2	350	0.57	352
32	0	373	0.00	373
33	3	320	0.93	323
34	3	324	0.92	327
35	1	341	0.29	342
36	2	348	0.57	350
37	2	322	0.62	324
38	0	336	0.00	336
39	0	317	0.00	317
40	1	342	0.29	343
41	2	308	0.65	310
42	1	349	0.29	350
43	1	343	0.29	344
44	1	324	0.31	325
45	1	296	0.34	297
46	1	329	0.30	330
47	1	311	0.32	312
48	0	330	0.00	330
49	0	366	0.00	366
50	1	385	0.26	386
51	1	377	0.26	378
52	1	371	0.27	372
53	3	313	0.95	316
54	0	296	0.00	296
55	0	348	0.00	348
56	0	327	0.00	327
57	1	329	0.30	330
58	1	290	0.34	291
59	1	319	0.31	320
60	1	298	0.33	299
61	3	312	0.95	315
62	3	332	0.90	335
63	1	291	0.34	292
64	2	326	0.61	328
65	2	301	0.66	303
66	0	289	0.00	289
67	2	311	0.64	313
68	0	324	0.00	324
69	4	296	1.33	300
70	1	268	0.37	269
71	0	296	0.00	296
72	1	285	0.35	286
73	4	283	1.39	287
74	0	283	0.00	283
75	0	302	0.00	302
76	0	311	0.00	311
77	1	261	0.38	262
78	0	250	0.00	250
79	2	254	0.78	256
80	0	296	0.00	296
81	3	221	1.34	224
82	0	283	0.00	283
83	0	219	0.00	219
84	0	256	0.00	256
85	0	268	0.00	268
86	2	257	0.77	259
87	1	204	0.49	205
88	0	246	0.00	246
89	0	203	0.00	203
90	0	181	0.00	181
91	0	186	0.00	186
92	1	191	0.52	192
93	3	191	1.55	194
94	0	176	0.00	176
95	1	168	0.59	169
96	0	147	0.00	147
97	0	137	0.00	137
98	0	175	0.00	175
99	0	84	0.00	84
100	0	10	0.00	10
101	0	6	0.00	6
102	0	10	0.00	10
103	0	3	0.00	3
104	0	5	0.00	5
105	0	7	0.00	7
106	0	3	0.00	3
107	0	6	0.00	6
108	0	4	0.00	4
109	0	3	0.00	3
110	0	4	0.00	4
111	0	6	0.00	6
112	0	3	0.00	3
113	0	4	0.00	4
114	0	4	0.00	4
115	0	5	0.00	5
116	0	5	0.00	5
117	0	7	0.00	7
118	0	3	0.00	3
119	0	2	0.00	2
120	0	2	0.00	2
121	0	4	0.00	4
122	0	4	0.00	4
123	0	2	0.00	2
124	0	3	0.00	3
125	0	4	0.00	4
126	0	6	0.00	6
127	0	0		0
128	0	3	0.00	3
129	0	2	0.00	2
130	0	1	0.00	1
131	0	4	0.00	4
132	0	7	0.00	7
133	0	3	0.00	3
134	0	4	0.00	4
135	0	2	0.00	2
136	0	1	0.00	1
137	0	1	0.00	1
138	0	1	0.00	1
139	0	1	0.00	1
140	0	2	0.00	2
141	0	0		0
142	0	0		0
143	0	1	0.00	1
144	0	0		0
145	0	1	0.00	1
146	0	0		0
147	0	3	0.00	3
148	0	3	0.00	3
149	0	1	0.00	1

CpG context (R2)
================
position	count methylated	count unmethylated	% methylation	coverage
1	0	27	0.00	27
2	0	11	0.00	11
3	1	77	1.28	78
4	1	75	1.32	76
5	3	101	2.88	104
6	5	80	5.88	85
7	3	126	2.33	129
8	3	78	3.70	81
9	5	78	6.02	83
10	2	89	2.20	91
11	4	78	4.88	82
12	2	46	4.17	48
13	4	91	4.21	95
14	2	57	3.39	59
15	6	54	10.00	60
16	4	54	6.90	58
17	0	35	0.00	35
18	5	49	9.26	54
19	2	31	6.06	33
20	1	51	1.92	52
21	2	36	5.26	38
22	2	32	5.88	34
23	7	27	20.59	34
24	0	51	0.00	51
25	1	29	3.33	30
26	0	24	0.00	24
27	6	25	19.35	31
28	0	21	0.00	21
29	1	30	3.23	31
30	2	24	7.69	26
31	0	20	0.00	20
32	1	26	3.70	27
33	1	11	8.33	12
34	3	15	16.67	18
35	1	9	10.00	10
36	0	14	0.00	14
37	1	18	5.26	19
38	1	15	6.25	16
39	0	11	0.00	11
40	0	6	0.00	6
41	0	9	0.00	9
42	0	11	0.00	11
43	2	9	18.18	11
44	0	12	0.00	12
45	1	4	20.00	5
46	2	7	22.22	9
47	0	6	0.00	6
48	0	6	0.00	6
49	0	5	0.00	5
50	0	5	0.00	5
51	0	1	0.00	1
52	1	6	14.29	7
53	0	1	0.00	1
54	2	4	33.33	6
55	0	4	0.00	4
56	0	0		0
57	0	4	0.00	4
58	1	6	14.29	7
59	0	3	0.00	3
60	0	4	0.00	4
61	0	3	0.00	3
62	0	0		0
63	1	1	50.00	2
64	0	2	0.00	2
65	0	1	0.00	1
66	0	1	0.00	1
67	0	2	0.00	2
68	0	1	0.00	1
69	0	1	0.00	1
70	0	1	0.00	1
71	0	1	0.00	1
72	0	1	0.00	1
73	0	2	0.00	2
74	0	0		0
75	0	2	0.00	2
76	0	1	0.00	1
77	0	1	0.00	1
78	0	1	0.00	1
79	0	0		0
80	0	0		0
81	0	1	0.00	1
82	0	1	0.00	1
83	0	0		0
84	0	0		0
85	0	0		0
86	0	0		0
87	0	0		0
88	0	0		0
89	0	0		0
90	0	0		0
91	0	1	0.00	1
92	0	0		0
93	0	0		0
94	0	1	0.00	1
95	0	1	0.00	1
96	0	0		0
97	0	2	0.00	2

CHG context (R2)
================
position	count methylated	count unmethylated	% methylation	coverage
1	18	2089	0.85	2107
2	0	24	0.00	24
3	0	5	0.00	5
4	0	41	0.00	41
5	0	49	0.00	49
6	1	73	1.35	74
7	1	91	1.09	92
8	0	102	0.00	102
9	0	69	0.00	69
10	0	68	0.00	68
11	0	80	0.00	80
12	0	35	0.00	35
13	0	38	0.00	38
14	2	42	4.55	44
15	0	40	0.00	40
16	1	55	1.79	56
17	0	53	0.00	53
18	0	44	0.00	44
19	0	52	0.00	52
20	0	48	0.00	48
21	0	36	0.00	36
22	0	58	0.00	58
23	0	22	0.00	22
24	0	16	0.00	16
25	0	40	0.00	40
26	0	26	0.00	26
27	1	11	8.33	12
28	0	22	0.00	22
29	0	29	0.00	29
30	0	23	0.00	23
31	0	26	0.00	26
32	0	17	0.00	17
33	0	21	0.00	21
34	0	17	0.00	17
35	0	21	0.00	21
36	0	15	0.00	15
37	0	7	0.00	7
38	0	7	0.00	7
39	0	12	0.00	12
40	0	14	0.00	14
41	0	10	0.00	10
42	0	3	0.00	3
43	0	4	0.00	4
44	0	4	0.00	4
45	0	8	0.00	8
46	0	5	0.00	5
47	0	7	0.00	7
48	0	10	0.00	10
49	0	5	0.00	5
50	0	9	0.00	9
51	0	2	0.00	2
52	0	10	0.00	10
53	0	2	0.00	2
54	0	2	0.00	2
55	0	4	0.00	4
56	0	3	0.00	3
57	0	0		0
58	0	1	0.00	1
59	0	2	0.00	2
60	0	3	0.00	3
61	0	2	0.00	2
62	0	0		0
63	0	3	0.00	3
64	0	1	0.00	1
65	0	0		0
66	0	0		0
67	0	0		0
68	0	2	0.00	2
69	0	0		0
70	0	1	0.00	1
71	0	1	0.00	1
72	0	1	0.00	1
73	0	1	0.00	1
74	0	0		0
75	0	1	0.00	1
76	0	0		0
77	0	0		0
78	0	1	0.00	1
79	0	0		0
80	0	1	0.00	1
81	0	0		0
82	0	0		0
83	0	0		0
84	0	0		0
85	0	0		0
86	0	1	0.00	1
87	0	1	0.00	1
88	0	0		0
89	0	0		0
90	0	0		0
91	0	1	0.00	1
92	0	0		0
93	0	0		0
94	0	0		0
95	0	1	0.00	1
96	0	1	0.00	1
97	0	0		0

CHH context (R2)
================
position	count methylated	count unmethylated	% methylation	coverage
1	0	14	0.00	14
2	1	945	0.11	946
3	1	257	0.39	258
4	0	176	0.00	176
5	0	133	0.00	133
6	0	92	0.00	92
7	0	95	0.00	95
8	0	129	0.00	129
9	1	116	0.85	117
10	0	113	0.00	113
11	0	82	0.00	82
12	0	74	0.00	74
13	0	56	0.00	56
14	1	73	1.35	74
15	0	69	0.00	69
16	0	58	0.00	58
17	0	68	0.00	68
18	0	79	0.00	79
19	0	66	0.00	66
20	1	47	2.08	48
21	0	55	0.00	55
22	0	47	0.00	47
23	0	51	0.00	51
24	0	44	0.00	44
25	0	45	0.00	45
26	0	38	0.00	38
27	0	36	0.00	36
28	0	28	0.00	28
29	0	32	0.00	32
30	0	39	0.00	39
31	1	19	5.00	20
32	1	29	3.33	30
33	1	17	5.56	18
34	0	26	0.00	26
35	0	26	0.00	26
36	0	17	0.00	17
37	0	16	0.00	16
38	0	19	0.00	19
39	0	11	0.00	11
40	1	18	5.26	19
41	0	18	0.00	18
42	0	13	0.00	13
43	0	15	0.00	15
44	0	9	0.00	9
45	0	14	0.00	14
46	1	10	9.09	11
47	0	8	0.00	8
48	0	6	0.00	6
49	0	12	0.00	12
50	0	9	0.00	9
51	0	9	0.00	9
52	0	9	0.00	9
53	0	7	0.00	7
54	0	10	0.00	10
55	0	6	0.00	6
56	0	11	0.00	11
57	0	4	0.00	4
58	0	4	0.00	4
59	0	2	0.00	2
60	0	1	0.00	1
61	0	4	0.00	4
62	0	5	0.00	5
63	0	1	0.00	1
64	0	3	0.00	3
65	0	1	0.00	1
66	0	1	0.00	1
67	0	1	0.00	1
68	0	3	0.00	3
69	0	1	0.00	1
70	0	1	0.00	1
71	0	1	0.00	1
72	0	0		0
73	0	1	0.00	1
74	0	0		0
75	0	1	0.00	1
76	0	0		0
77	0	1	0.00	1
78	0	0		0
79	0	1	0.00	1
80	0	0		0
81	0	0		0
82	0	0		0
83	0	0		0
84	0	0		0
85	0	0		0
86	0	0		0
87	0	1	0.00	1
88	0	0		0
89	0	0		0
90	0	0		0
91	0	0		0
92	0	0		0
93	0	1	0.00	1
94	0	0		0
95	0	0		0
96	0	0		0
97	0	0		0

