CpG context (R1)
================
position	count methylated	count unmethylated	% methylation	coverage
1	221	2158	9.29	2379
2	0	19	0.00	19
3	0	12	0.00	12
4	18	180	9.09	198
5	10	223	4.29	233
6	13	277	4.48	290
7	11	200	5.21	211
8	15	281	5.07	296
9	10	274	3.52	284
10	16	235	6.37	251
11	10	256	3.76	266
12	17	252	6.32	269
13	11	290	3.65	301
14	16	269	5.61	285
15	10	230	4.17	240
16	19	265	6.69	284
17	6	238	2.46	244
18	6	256	2.29	262
19	9	312	2.80	321
20	6	216	2.70	222
21	12	224	5.08	236
22	10	278	3.47	288
23	13	258	4.80	271
24	19	225	7.79	244
25	10	285	3.39	295
26	16	278	5.44	294
27	10	253	3.80	263
28	19	315	5.69	334
29	13	282	4.41	295
30	13	246	5.02	259
31	10	280	3.45	290
32	15	277	5.14	292
33	13	226	5.44	239
34	10	244	3.94	254
35	21	275	7.09	296
36	12	242	4.72	254
37	13	257	4.81	270
38	16	247	6.08	263
39	12	244	4.69	256
40	14	283	4.71	297
41	12	216	5.26	228
42	16	281	5.39	297
43	14	228	5.79	242
44	19	245	7.20	264
45	12	292	3.95	304
46	16	227	6.58	243
47	12	288	4.00	300
48	9	266	3.27	275
49	11	254	4.15	265
50	13	227	5.42	240
51	20	232	7.94	252
52	11	231	4.55	242
53	16	209	7.11	225
54	12	256	4.48	268
55	13	270	4.59	283
56	13	253	4.89	266
57	7	214	3.17	221
58	9	275	3.17	284
59	16	291	5.21	307
60	15	259	5.47	274
61	10	242	3.97	252
62	11	239	4.40	250
63	16	235	6.37	251
64	14	240	5.51	254
65	9	231	3.75	240
66	12	257	4.46	269
67	13	219	5.60	232
68	9	203	4.25	212
69	9	200	4.31	209
70	19	197	8.80	216
71	14	277	4.81	291
72	14	226	5.83	240
73	3	217	1.36	220
74	12	171	6.56	183
75	8	193	3.98	201
76	11	192	5.42	203
77	11	225	4.66	236
78	9	192	4.48	201
79	13	216	5.68	229
80	2	198	1.00	200
81	6	157	3.68	163
82	16	204	7.27	220
83	7	126	5.26	133
84	11	184	5.64	195
85	8	200	3.85	208
86	10	171	5.52	181
87	5	170	2.86	175
88	4	131	2.96	135
89	7	166	4.05	173
90	2	119	1.65	121
91	10	127	7.30	137
92	5	143	3.38	148
93	5	143	3.38	148
94	6	120	4.76	126
95	8	123	6.11	131
96	6	97	5.83	103
97	9	131	6.43	140
98	2	92	2.13	94
99	4	52	7.14	56
100	0	11	0.00	11
101	0	6	0.00	6
102	1	6	14.29	7
103	0	1	0.00	1
104	0	6	0.00	6
105	0	6	0.00	6
106	1	2	33.33	3
107	0	2	0.00	2
108	1	3	25.00	4
109	0	8	0.00	8
110	0	0		0
111	0	5	0.00	5
112	0	5	0.00	5
113	1	9	10.00	10
114	0	3	0.00	3
115	1	5	16.67	6
116	0	1	0.00	1
117	2	5	28.57	7
118	0	1	0.00	1
119	0	3	0.00	3
120	0	3	0.00	3
121	0	5	0.00	5
122	0	2	0.00	2
123	1	2	33.33	3
124	0	2	0.00	2
125	0	3	0.00	3
126	0	2	0.00	2
127	0	2	0.00	2
128	0	3	0.00	3
129	0	3	0.00	3
130	0	2	0.00	2
131	0	2	0.00	2
132	0	3	0.00	3
133	0	1	0.00	1
134	0	2	0.00	2
135	0	2	0.00	2
136	0	1	0.00	1
137	0	3	0.00	3
138	0	1	0.00	1
139	0	1	0.00	1
140	0	1	0.00	1
141	0	1	0.00	1
142	1	2	33.33	3
143	0	2	0.00	2
144	0	1	0.00	1
145	0	1	0.00	1
146	0	1	0.00	1
147	0	0		0
148	0	1	0.00	1
149	0	1	0.00	1

CHG context (R1)
================
position	count methylated	count unmethylated	% methylation	coverage
1	0	16	0.00	16
2	0	18	0.00	18
3	0	9	0.00	9
4	0	136	0.00	136
5	1	197	0.51	198
6	1	215	0.46	216
7	3	223	1.33	226
8	1	224	0.44	225
9	1	230	0.43	231
10	0	212	0.00	212
11	0	257	0.00	257
12	0	198	0.00	198
13	0	206	0.00	206
14	0	177	0.00	177
15	0	248	0.00	248
16	2	220	0.90	222
17	0	249	0.00	249
18	0	257	0.00	257
19	2	187	1.06	189
20	0	193	0.00	193
21	0	229	0.00	229
22	0	213	0.00	213
23	0	210	0.00	210
24	0	179	0.00	179
25	0	274	0.00	274
26	1	216	0.46	217
27	1	247	0.40	248
28	0	241	0.00	241
29	0	178	0.00	178
30	0	179	0.00	179
31	0	253	0.00	253
32	3	187	1.58	190
33	0	244	0.00	244
34	1	251	0.40	252
35	0	240	0.00	240
36	0	195	0.00	195
37	0	200	0.00	200
38	1	198	0.50	199
39	0	238	0.00	238
40	1	189	0.53	190
41	0	259	0.00	259
42	0	236	0.00	236
43	1	209	0.48	210
44	0	239	0.00	239
45	1	225	0.44	226
46	0	230	0.00	230
47	0	199	0.00	199
48	0	212	0.00	212
49	0	211	0.00	211
50	0	198	0.00	198
51	0	220	0.00	220
52	2	210	0.94	212
53	2	209	0.95	211
54	2	207	0.96	209
55	0	164	0.00	164
56	0	215	0.00	215
57	3	208	1.42	211
58	0	209	0.00	209
59	0	185	0.00	185
60	1	156	0.64	157
61	0	181	0.00	181
62	0	167	0.00	167
63	0	185	0.00	185
64	1	198	0.50	199
65	0	230	0.00	230
66	0	189	0.00	189
67	0	186	0.00	186
68	3	171	1.72	174
69	0	207	0.00	207
70	1	204	0.49	205
71	1	163	0.61	164
72	0	164	0.00	164
73	0	169	0.00	169
74	1	170	0.58	171
75	0	144	0.00	144
76	0	174	0.00	174
77	0	152	0.00	152
78	1	159	0.62	160
79	2	152	1.30	154
80	0	156	0.00	156
81	1	182	0.55	183
82	0	111	0.00	111
83	1	138	0.72	139
84	0	122	0.00	122
85	0	119	0.00	119
86	0	152	0.00	152
87	0	104	0.00	104
88	0	143	0.00	143
89	0	111	0.00	111
90	0	95	0.00	95
91	3	148	1.99	151
92	1	105	0.94	106
93	1	83	1.19	84
94	0	107	0.00	107
95	0	86	0.00	86
96	0	118	0.00	118
97	0	115	0.00	115
98	0	103	0.00	103
99	0	55	0.00	55
100	0	4	0.00	4
101	0	4	0.00	4
102	0	7	0.00	7
103	0	6	0.00	6
104	0	5	0.00	5
105	0	5	0.00	5
106	0	6	0.00	6
107	0	1	0.00	1
108	0	8	0.00	8
109	0	5	0.00	5
110	0	2	0.00	2
111	0	3	0.00	3
112	0	5	0.00	5
113	0	1	0.00	1
114	0	5	0.00	5
115	0	1	0.00	1
116	0	4	0.00	4
117	0	2	0.00	2
118	0	2	0.00	2
119	0	3	0.00	3
120	0	4	0.00	4
121	0	2	0.00	2
122	0	1	0.00	1
123	0	3	0.00	3
124	0	2	0.00	2
125	0	0		0
126	0	2	0.00	2
127	0	1	0.00	1
128	0	2	0.00	2
129	0	2	0.00	2
130	0	1	0.00	1
131	0	2	0.00	2
132	0	0		0
133	0	1	0.00	1
134	0	1	0.00	1
135	0	2	0.00	2
136	0	3	0.00	3
137	0	0		0
138	0	0		0
139	0	3	0.00	3
140	0	1	0.00	1
141	0	1	0.00	1
142	0	2	0.00	2
143	0	0		0
144	0	0		0
145	0	1	0.00	1
146	0	1	0.00	1
147	0	0		0
148	0	2	0.00	2
149	0	1	0.00	1

CHH context (R1)
================
position	count methylated	count unmethylated	% methylation	coverage
1	0	29	0.00	29
2	0	31	0.00	31
3	0	18	0.00	18
4	1	319	0.31	320
5	2	379	0.52	381
6	1	408	0.24	409
7	1	400	0.25	401
8	2	373	0.53	375
9	1	318	0.31	319
10	0	337	0.00	337
11	0	331	0.00	331
12	1	317	0.31	318
13	3	358	0.83	361
14	1	375	0.27	376
15	1	377	0.26	378
16	0	359	0.00	359
17	1	319	0.31	320
18	1	293	0.34	294
19	0	326	0.00	326
20	1	353	0.28	354
21	2	325	0.61	327
22	0	344	0.00	344
23	0	337	0.00	337
24	1	378	0.26	379
25	1	385	0.26	386
26	1	350	0.28	351
27	0	401	0.00	401
28	3	352	0.85	355
29	0	303	0.00	303
30	1	367	0.27	368
31	2	325	0.61	327
32	2	358	0.56	360
33	0	311	0.00	311
34	2	304	0.65	306
35	0	292	0.00	292
36	1	342	0.29	343
37	3	341	0.87	344
38	0	346	0.00	346
39	0	314	0.00	314
40	0	327	0.00	327
41	0	344	0.00	344
42	0	358	0.00	358
43	1	323	0.31	324
44	0	364	0.00	364
45	0	279	0.00	279
46	2	331	0.60	333
47	1	310	0.32	311
48	0	320	0.00	320
49	0	399	0.00	399
50	0	394	0.00	394
51	1	405	0.25	406
52	0	346	0.00	346
53	1	330	0.30	331
54	1	297	0.34	298
55	4	330	1.20	334
56	0	290	0.00	290
57	1	310	0.32	311
58	2	298	0.67	300
59	2	315	0.63	317
60	1	320	0.31	321
61	1	313	0.32	314
62	1	346	0.29	347
63	0	308	0.00	308
64	2	317	0.63	319
65	0	287	0.00	287
66	0	268	0.00	268
67	1	310	0.32	311
68	3	322	0.92	325
69	2	297	0.67	299
70	3	273	1.09	276
71	0	284	0.00	284
72	1	278	0.36	279
73	0	307	0.00	307
74	0	254	0.00	254
75	0	297	0.00	297
76	1	270	0.37	271
77	0	223	0.00	223
78	1	263	0.38	264
79	1	271	0.37	272
80	0	294	0.00	294
81	0	237	0.00	237
82	1	264	0.38	265
83	1	249	0.40	250
84	0	233	0.00	233
85	1	260	0.38	261
86	3	260	1.14	263
87	0	203	0.00	203
88	1	249	0.40	250
89	1	208	0.48	209
90	0	176	0.00	176
91	0	194	0.00	194
92	2	197	1.01	199
93	3	162	1.82	165
94	0	160	0.00	160
95	0	208	0.00	208
96	1	168	0.59	169
97	1	170	0.58	171
98	0	163	0.00	163
99	0	62	0.00	62
100	0	7	0.00	7
101	0	8	0.00	8
102	0	5	0.00	5
103	0	5	0.00	5
104	0	6	0.00	6
105	0	7	0.00	7
106	0	7	0.00	7
107	0	7	0.00	7
108	0	6	0.00	6
109	0	6	0.00	6
110	0	7	0.00	7
111	0	4	0.00	4
112	0	2	0.00	2
113	0	4	0.00	4
114	0	1	0.00	1
115	0	2	0.00	2
116	0	1	0.00	1
117	0	6	0.00	6
118	0	2	0.00	2
119	0	6	0.00	6
120	0	5	0.00	5
121	0	1	0.00	1
122	0	2	0.00	2
123	0	4	0.00	4
124	0	1	0.00	1
125	0	1	0.00	1
126	0	2	0.00	2
127	0	4	0.00	4
128	0	0		0
129	0	0		0
130	0	2	0.00	2
131	0	4	0.00	4
132	0	6	0.00	6
133	0	1	0.00	1
134	0	2	0.00	2
135	0	2	0.00	2
136	0	1	0.00	1
137	0	2	0.00	2
138	0	2	0.00	2
139	0	0		0
140	0	0		0
141	0	0		0
142	0	0		0
143	0	0		0
144	0	1	0.00	1
145	0	2	0.00	2
146	0	1	0.00	1
147	0	2	0.00	2
148	0	1	0.00	1
149	0	1	0.00	1

CpG context (R2)
================
position	count methylated	count unmethylated	% methylation	coverage
1	0	23	0.00	23
2	0	12	0.00	12
3	7	78	8.24	85
4	4	83	4.60	87
5	6	96	5.88	102
6	4	71	5.33	75
7	5	127	3.79	132
8	1	76	1.30	77
9	8	83	8.79	91
10	1	79	1.25	80
11	7	87	7.45	94
12	6	49	10.91	55
13	5	74	6.33	79
14	3	55	5.17	58
15	3	60	4.76	63
16	0	68	0.00	68
17	2	32	5.88	34
18	8	52	13.33	60
19	2	29	6.45	31
20	3	39	7.14	42
21	2	29	6.45	31
22	3	37	7.50	40
23	3	40	6.98	43
24	3	54	5.26	57
25	2	38	5.00	40
26	2	33	5.71	35
27	6	30	16.67	36
28	3	30	9.09	33
29	2	40	4.76	42
30	1	18	5.26	19
31	0	28	0.00	28
32	0	20	0.00	20
33	1	12	7.69	13
34	3	19	13.64	22
35	1	17	5.56	18
36	1	12	7.69	13
37	1	19	5.00	20
38	1	24	4.00	25
39	0	8	0.00	8
40	0	8	0.00	8
41	1	11	8.33	12
42	1	6	14.29	7
43	1	14	6.67	15
44	0	13	0.00	13
45	0	1	0.00	1
46	3	10	23.08	13
47	1	7	12.50	8
48	1	7	12.50	8
49	1	5	16.67	6
50	0	1	0.00	1
51	0	6	0.00	6
52	3	3	50.00	6
53	0	2	0.00	2
54	1	6	14.29	7
55	0	3	0.00	3
56	1	4	20.00	5
57	0	0		0
58	0	3	0.00	3
59	0	3	0.00	3
60	0	0		0
61	0	2	0.00	2
62	0	1	0.00	1
63	0	4	0.00	4
64	0	1	0.00	1
65	0	0		0
66	0	4	0.00	4
67	0	1	0.00	1
68	0	0		0
69	0	1	0.00	1
70	0	0		0
71	0	1	0.00	1
72	0	1	0.00	1
73	0	0		0
74	0	0		0
75	0	2	0.00	2
76	0	0		0
77	0	2	0.00	2
78	0	1	0.00	1
79	0	3	0.00	3
80	0	0		0
81	0	1	0.00	1
82	0	0		0
83	0	1	0.00	1
84	0	0		0
85	0	0		0
86	0	2	0.00	2
87	0	1	0.00	1
88	0	0		0
89	0	0		0
90	0	1	0.00	1
91	0	0		0
92	0	0		0
93	0	0		0
94	0	2	0.00	2
95	0	0		0
96	0	0		0
97	0	0		0
98	0	0		0

CHG context (R2)
================
position	count methylated	count unmethylated	% methylation	coverage
1	14	2114	0.66	2128
2	0	27	0.00	27
3	0	4	0.00	4
4	1	54	1.82	55
5	0	75	0.00	75
6	0	86	0.00	86
7	0	85	0.00	85
8	1	93	1.06	94
9	0	77	0.00	77
10	0	66	0.00	66
11	1	74	1.33	75
12	0	50	0.00	50
13	0	57	0.00	57
14	0	49	0.00	49
15	0	44	0.00	44
16	0	61	0.00	61
17	0	43	0.00	43
18	0	39	0.00	39
19	0	57	0.00	57
20	0	42	0.00	42
21	0	46	0.00	46
22	0	57	0.00	57
23	0	19	0.00	19
24	0	30	0.00	30
25	0	44	0.00	44
26	0	16	0.00	16
27	0	17	0.00	17
28	0	26	0.00	26
29	0	33	0.00	33
30	0	28	0.00	28
31	0	22	0.00	22
32	0	22	0.00	22
33	0	24	0.00	24
34	0	31	0.00	31
35	0	24	0.00	24
36	0	23	0.00	23
37	0	15	0.00	15
38	1	13	7.14	14
39	0	13	0.00	13
40	0	11	0.00	11
41	0	16	0.00	16
42	0	8	0.00	8
43	0	10	0.00	10
44	0	7	0.00	7
45	0	10	0.00	10
46	0	2	0.00	2
47	0	6	0.00	6
48	0	8	0.00	8
49	0	15	0.00	15
50	0	11	0.00	11
51	0	1	0.00	1
52	0	5	0.00	5
53	0	4	0.00	4
54	0	2	0.00	2
55	0	8	0.00	8
56	0	4	0.00	4
57	0	1	0.00	1
58	0	1	0.00	1
59	0	1	0.00	1
60	0	4	0.00	4
61	0	2	0.00	2
62	0	0		0
63	0	0		0
64	0	4	0.00	4
65	0	0		0
66	0	0		0
67	0	1	0.00	1
68	0	1	0.00	1
69	0	0		0
70	0	3	0.00	3
71	0	2	0.00	2
72	0	0		0
73	0	2	0.00	2
74	0	0		0
75	0	0		0
76	0	0		0
77	0	1	0.00	1
78	0	0		0
79	0	0		0
80	0	1	0.00	1
81	0	0		0
82	0	0		0
83	0	0		0
84	0	0		0
85	0	0		0
86	0	0		0
87	0	0		0
88	0	0		0
89	0	0		0
90	0	0		0
91	0	0		0
92	0	0		0
93	0	0		0
94	0	0		0
95	0	0		0
96	0	0		0
97	0	1	0.00	1
98	0	0		0

CHH context (R2)
================
position	count methylated	count unmethylated	% methylation	coverage
1	0	15	0.00	15
2	3	973	0.31	976
3	0	280	0.00	280
4	0	176	0.00	176
5	0	127	0.00	127
6	0	101	0.00	101
7	0	113	0.00	113
8	2	126	1.56	128
9	0	119	0.00	119
10	0	122	0.00	122
11	0	68	0.00	68
12	0	92	0.00	92
13	1	57	1.72	58
14	0	92	0.00	92
15	1	83	1.19	84
16	0	62	0.00	62
17	0	62	0.00	62
18	0	65	0.00	65
19	0	70	0.00	70
20	0	64	0.00	64
21	0	53	0.00	53
22	1	44	2.22	45
23	0	50	0.00	50
24	0	53	0.00	53
25	0	50	0.00	50
26	0	39	0.00	39
27	0	25	0.00	25
28	0	26	0.00	26
29	0	39	0.00	39
30	0	29	0.00	29
31	0	37	0.00	37
32	0	31	0.00	31
33	0	20	0.00	20
34	0	18	0.00	18
35	0	33	0.00	33
36	0	22	0.00	22
37	0	20	0.00	20
38	0	31	0.00	31
39	0	14	0.00	14
40	0	13	0.00	13
41	0	12	0.00	12
42	0	24	0.00	24
43	0	25	0.00	25
44	0	20	0.00	20
45	0	20	0.00	20
46	0	17	0.00	17
47	0	11	0.00	11
48	0	4	0.00	4
49	0	10	0.00	10
50	0	7	0.00	7
51	0	16	0.00	16
52	0	7	0.00	7
53	0	7	0.00	7
54	0	1	0.00	1
55	0	7	0.00	7
56	0	5	0.00	5
57	0	3	0.00	3
58	0	2	0.00	2
59	0	2	0.00	2
60	0	1	0.00	1
61	0	2	0.00	2
62	0	2	0.00	2
63	0	0		0
64	0	1	0.00	1
65	0	2	0.00	2
66	0	0		0
67	0	1	0.00	1
68	0	0		0
69	0	2	0.00	2
70	0	0		0
71	0	1	0.00	1
72	0	0		0
73	0	0		0
74	0	1	0.00	1
75	0	0		0
76	0	0		0
77	0	1	0.00	1
78	0	0		0
79	0	0		0
80	0	0		0
81	0	0		0
82	0	0		0
83	0	0		0
84	0	0		0
85	0	1	0.00	1
86	0	0		0
87	0	0		0
88	0	0		0
89	0	1	0.00	1
90	0	1	0.00	1
91	0	0		0
92	0	0		0
93	0	0		0
94	0	0		0
95	0	0		0
96	0	0		0
97	0	0		0
98	0	1	0.00	1

