CpG context (R1)
================
position	count methylated	count unmethylated	% methylation	coverage
1	219	2152	9.24	2371
2	1	21	4.55	22
3	1	16	5.88	17
4	7	185	3.65	192
5	5	223	2.19	228
6	11	266	3.97	277
7	10	232	4.13	242
8	14	286	4.67	300
9	11	252	4.18	263
10	15	258	5.49	273
11	19	246	7.17	265
12	21	279	7.00	300
13	10	288	3.36	298
14	14	267	4.98	281
15	11	245	4.30	256
16	15	298	4.79	313
17	5	238	2.06	243
18	9	230	3.77	239
19	17	329	4.91	346
20	8	226	3.42	234
21	11	219	4.78	230
22	11	251	4.20	262
23	8	265	2.93	273
24	13	244	5.06	257
25	12	270	4.26	282
26	10	300	3.23	310
27	13	247	5.00	260
28	15	260	5.45	275
29	7	287	2.38	294
30	13	242	5.10	255
31	13	279	4.45	292
32	13	285	4.36	298
33	12	226	5.04	238
34	16	258	5.84	274
35	14	228	5.79	242
36	9	207	4.17	216
37	10	269	3.58	279
38	10	213	4.48	223
39	12	263	4.36	275
40	4	259	1.52	263
41	12	228	5.00	240
42	14	286	4.67	300
43	9	228	3.80	237
44	9	261	3.33	270
45	10	271	3.56	281
46	12	219	5.19	231
47	9	270	3.23	279
48	12	221	5.15	233
49	10	220	4.35	230
50	15	243	5.81	258
51	11	215	4.87	226
52	18	250	6.72	268
53	3	212	1.40	215
54	18	232	7.20	250
55	16	258	5.84	274
56	11	255	4.14	266
57	18	257	6.55	275
58	11	247	4.26	258
59	10	259	3.72	269
60	8	232	3.33	240
61	13	245	5.04	258
62	13	236	5.22	249
63	10	206	4.63	216
64	12	261	4.40	273
65	13	268	4.63	281
66	18	218	7.63	236
67	6	241	2.43	247
68	8	220	3.51	228
69	10	202	4.72	212
70	5	222	2.20	227
71	10	273	3.53	283
72	7	239	2.85	246
73	12	232	4.92	244
74	8	197	3.90	205
75	12	206	5.50	218
76	12	221	5.15	233
77	10	214	4.46	224
78	8	206	3.74	214
79	8	234	3.31	242
80	13	176	6.88	189
81	10	169	5.59	179
82	15	203	6.88	218
83	8	142	5.33	150
84	3	148	1.99	151
85	6	188	3.09	194
86	15	155	8.82	170
87	8	139	5.44	147
88	6	131	4.38	137
89	5	136	3.55	141
90	3	99	2.94	102
91	8	160	4.76	168
92	9	127	6.62	136
93	7	141	4.73	148
94	11	125	8.09	136
95	4	93	4.12	97
96	5	119	4.03	124
97	5	114	4.20	119
98	3	97	3.00	100
99	3	56	5.08	59
100	0	9	0.00	9
101	0	5	0.00	5
102	0	3	0.00	3
103	1	8	11.11	9
104	0	6	0.00	6
105	1	1	50.00	2
106	1	5	16.67	6
107	1	4	20.00	5
108	0	3	0.00	3
109	1	8	11.11	9
110	0	4	0.00	4
111	0	6	0.00	6
112	1	7	12.50	8
113	0	2	0.00	2
114	0	2	0.00	2
115	0	7	0.00	7
116	0	3	0.00	3
117	0	3	0.00	3
118	0	0		0
119	0	2	0.00	2
120	0	4	0.00	4
121	1	2	33.33	3
122	0	2	0.00	2
123	0	4	0.00	4
124	0	1	0.00	1
125	0	3	0.00	3
126	0	3	0.00	3
127	0	0		0
128	0	2	0.00	2
129	0	5	0.00	5
130	0	1	0.00	1
131	1	3	25.00	4
132	0	1	0.00	1
133	0	2	0.00	2
134	0	2	0.00	2
135	0	2	0.00	2
136	0	1	0.00	1
137	0	1	0.00	1
138	0	1	0.00	1
139	0	3	0.00	3
140	0	1	0.00	1
141	0	3	0.00	3
142	0	1	0.00	1
143	0	1	0.00	1
144	0	1	0.00	1
145	0	1	0.00	1
146	0	1	0.00	1
147	0	1	0.00	1
148	0	1	0.00	1
149	0	3	0.00	3

CHG context (R1)
================
position	count methylated	count unmethylated	% methylation	coverage
1	0	20	0.00	20
2	0	23	0.00	23
3	0	7	0.00	7
4	0	148	0.00	148
5	1	216	0.46	217
6	2	232	0.85	234
7	0	240	0.00	240
8	0	202	0.00	202
9	1	215	0.46	216
10	0	195	0.00	195
11	0	242	0.00	242
12	0	191	0.00	191
13	0	181	0.00	181
14	0	219	0.00	219
15	1	251	0.40	252
16	0	212	0.00	212
17	2	224	0.88	226
18	0	276	0.00	276
19	2	199	1.00	201
20	1	166	0.60	167
21	1	239	0.42	240
22	0	224	0.00	224
23	0	191	0.00	191
24	0	200	0.00	200
25	0	235	0.00	235
26	0	223	0.00	223
27	2	225	0.88	227
28	0	239	0.00	239
29	0	185	0.00	185
30	0	191	0.00	191
31	0	269	0.00	269
32	2	200	0.99	202
33	1	225	0.44	226
34	1	228	0.44	229
35	0	232	0.00	232
36	0	219	0.00	219
37	1	194	0.51	195
38	1	205	0.49	206
39	0	254	0.00	254
40	1	213	0.47	214
41	2	279	0.71	281
42	0	202	0.00	202
43	1	211	0.47	212
44	1	237	0.42	238
45	1	187	0.53	188
46	1	232	0.43	233
47	0	205	0.00	205
48	2	223	0.89	225
49	0	231	0.00	231
50	0	203	0.00	203
51	2	220	0.90	222
52	0	225	0.00	225
53	0	204	0.00	204
54	1	206	0.48	207
55	0	180	0.00	180
56	1	198	0.50	199
57	0	219	0.00	219
58	2	205	0.97	207
59	0	160	0.00	160
60	2	159	1.24	161
61	1	190	0.52	191
62	0	175	0.00	175
63	0	203	0.00	203
64	0	216	0.00	216
65	0	177	0.00	177
66	0	172	0.00	172
67	0	189	0.00	189
68	0	194	0.00	194
69	1	179	0.56	180
70	1	185	0.54	186
71	1	197	0.51	198
72	0	162	0.00	162
73	0	149	0.00	149
74	0	175	0.00	175
75	2	164	1.20	166
76	1	165	0.60	166
77	1	178	0.56	179
78	0	159	0.00	159
79	0	146	0.00	146
80	1	153	0.65	154
81	0	193	0.00	193
82	0	125	0.00	125
83	0	144	0.00	144
84	1	108	0.92	109
85	0	117	0.00	117
86	1	140	0.71	141
87	2	103	1.90	105
88	2	139	1.42	141
89	0	112	0.00	112
90	0	104	0.00	104
91	1	154	0.65	155
92	0	86	0.00	86
93	0	85	0.00	85
94	0	99	0.00	99
95	0	89	0.00	89
96	0	95	0.00	95
97	0	117	0.00	117
98	0	102	0.00	102
99	0	45	0.00	45
100	0	6	0.00	6
101	0	4	0.00	4
102	0	4	0.00	4
103	0	5	0.00	5
104	0	6	0.00	6
105	0	5	0.00	5
106	0	6	0.00	6
107	0	3	0.00	3
108	0	7	0.00	7
109	0	3	0.00	3
110	0	2	0.00	2
111	0	2	0.00	2
112	0	3	0.00	3
113	0	4	0.00	4
114	0	2	0.00	2
115	0	3	0.00	3
116	0	3	0.00	3
117	0	1	0.00	1
118	0	2	0.00	2
119	0	4	0.00	4
120	0	3	0.00	3
121	0	2	0.00	2
122	0	1	0.00	1
123	0	1	0.00	1
124	0	2	0.00	2
125	0	4	0.00	4
126	0	3	0.00	3
127	0	0		0
128	0	2	0.00	2
129	0	0		0
130	0	4	0.00	4
131	1	1	50.00	2
132	0	1	0.00	1
133	0	2	0.00	2
134	0	2	0.00	2
135	0	2	0.00	2
136	0	0		0
137	0	0		0
138	0	1	0.00	1
139	0	1	0.00	1
140	0	1	0.00	1
141	0	0		0
142	0	1	0.00	1
143	0	0		0
144	0	2	0.00	2
145	0	0		0
146	0	0		0
147	0	0		0
148	0	2	0.00	2
149	0	1	0.00	1

CHH context (R1)
================
position	count methylated	count unmethylated	% methylation	coverage
1	1	36	2.70	37
2	0	29	0.00	29
3	0	25	0.00	25
4	4	331	1.19	335
5	2	371	0.54	373
6	0	405	0.00	405
7	1	384	0.26	385
8	1	363	0.27	364
9	2	335	0.59	337
10	0	349	0.00	349
11	0	332	0.00	332
12	1	326	0.31	327
13	1	411	0.24	412
14	3	383	0.78	386
15	1	364	0.27	365
16	3	370	0.80	373
17	1	339	0.29	340
18	1	299	0.33	300
19	0	313	0.00	313
20	1	355	0.28	356
21	0	333	0.00	333
22	1	342	0.29	343
23	1	342	0.29	343
24	1	354	0.28	355
25	1	397	0.25	398
26	0	382	0.00	382
27	1	408	0.24	409
28	1	376	0.27	377
29	0	339	0.00	339
30	2	388	0.51	390
31	1	354	0.28	355
32	0	351	0.00	351
33	3	324	0.92	327
34	1	339	0.29	340
35	1	314	0.32	315
36	1	380	0.26	381
37	4	337	1.17	341
38	0	347	0.00	347
39	0	329	0.00	329
40	2	319	0.62	321
41	3	328	0.91	331
42	0	329	0.00	329
43	0	376	0.00	376
44	0	342	0.00	342
45	2	301	0.66	303
46	1	352	0.28	353
47	0	343	0.00	343
48	0	320	0.00	320
49	1	387	0.26	388
50	1	366	0.27	367
51	3	408	0.73	411
52	1	352	0.28	353
53	1	360	0.28	361
54	2	319	0.62	321
55	2	314	0.63	316
56	2	290	0.68	292
57	1	288	0.35	289
58	2	297	0.67	299
59	0	338	0.00	338
60	0	304	0.00	304
61	2	335	0.59	337
62	1	345	0.29	346
63	0	322	0.00	322
64	1	318	0.31	319
65	2	256	0.78	258
66	1	272	0.37	273
67	1	302	0.33	303
68	2	315	0.63	317
69	1	311	0.32	312
70	1	286	0.35	287
71	1	293	0.34	294
72	0	280	0.00	280
73	0	326	0.00	326
74	1	275	0.36	276
75	0	299	0.00	299
76	2	291	0.68	293
77	1	264	0.38	265
78	0	282	0.00	282
79	0	271	0.00	271
80	1	298	0.33	299
81	2	231	0.86	233
82	0	265	0.00	265
83	1	235	0.42	236
84	1	267	0.37	268
85	1	276	0.36	277
86	0	254	0.00	254
87	0	219	0.00	219
88	0	255	0.00	255
89	0	225	0.00	225
90	0	198	0.00	198
91	1	203	0.49	204
92	1	209	0.48	210
93	0	176	0.00	176
94	1	172	0.58	173
95	0	195	0.00	195
96	0	162	0.00	162
97	1	164	0.61	165
98	0	169	0.00	169
99	0	60	0.00	60
100	0	8	0.00	8
101	0	7	0.00	7
102	0	7	0.00	7
103	1	7	12.50	8
104	0	5	0.00	5
105	0	5	0.00	5
106	0	7	0.00	7
107	0	9	0.00	9
108	0	4	0.00	4
109	0	4	0.00	4
110	0	7	0.00	7
111	0	5	0.00	5
112	0	4	0.00	4
113	0	9	0.00	9
114	0	8	0.00	8
115	0	3	0.00	3
116	0	4	0.00	4
117	0	5	0.00	5
118	0	10	0.00	10
119	0	5	0.00	5
120	0	3	0.00	3
121	0	5	0.00	5
122	0	4	0.00	4
123	0	6	0.00	6
124	0	2	0.00	2
125	0	0		0
126	0	0		0
127	0	5	0.00	5
128	0	2	0.00	2
129	0	7	0.00	7
130	0	2	0.00	2
131	0	0		0
132	0	3	0.00	3
133	0	1	0.00	1
134	0	2	0.00	2
135	0	0		0
136	0	0		0
137	0	1	0.00	1
138	0	0		0
139	0	1	0.00	1
140	0	1	0.00	1
141	0	3	0.00	3
142	0	2	0.00	2
143	0	2	0.00	2
144	0	0		0
145	0	1	0.00	1
146	0	1	0.00	1
147	0	0		0
148	0	0		0
149	0	0		0

CpG context (R2)
================
position	count methylated	count unmethylated	% methylation	coverage
1	0	17	0.00	17
2	0	23	0.00	23
3	4	66	5.71	70
4	3	77	3.75	80
5	3	103	2.83	106
6	2	82	2.38	84
7	5	128	3.76	133
8	3	81	3.57	84
9	4	90	4.26	94
10	2	85	2.30	87
11	4	66	5.71	70
12	2	53	3.64	55
13	1	71	1.39	72
14	1	49	2.00	50
15	2	56	3.45	58
16	1	60	1.64	61
17	1	39	2.50	40
18	4	32	11.11	36
19	1	54	1.82	55
20	1	50	1.96	51
21	4	38	9.52	42
22	3	38	7.32	41
23	3	55	5.17	58
24	2	45	4.26	47
25	2	43	4.44	45
26	4	36	10.00	40
27	5	33	13.16	38
28	0	19	0.00	19
29	5	33	13.16	38
30	0	24	0.00	24
31	3	29	9.38	32
32	0	22	0.00	22
33	1	14	6.67	15
34	1	29	3.33	30
35	5	12	29.41	17
36	2	15	11.76	17
37	2	32	5.88	34
38	2	24	7.69	26
39	1	14	6.67	15
40	0	6	0.00	6
41	1	19	5.00	20
42	0	8	0.00	8
43	1	17	5.56	18
44	1	13	7.14	14
45	0	1	0.00	1
46	2	19	9.52	21
47	0	8	0.00	8
48	1	14	6.67	15
49	0	8	0.00	8
50	1	7	12.50	8
51	1	9	10.00	10
52	1	6	14.29	7
53	1	3	25.00	4
54	1	5	16.67	6
55	0	4	0.00	4
56	0	8	0.00	8
57	0	3	0.00	3
58	0	1	0.00	1
59	0	1	0.00	1
60	0	2	0.00	2
61	0	5	0.00	5
62	0	2	0.00	2
63	0	3	0.00	3
64	0	1	0.00	1
65	1	2	33.33	3
66	0	5	0.00	5
67	0	1	0.00	1
68	0	2	0.00	2
69	0	0		0
70	0	2	0.00	2
71	1	2	33.33	3
72	0	1	0.00	1
73	0	0		0
74	0	1	0.00	1
75	0	1	0.00	1
76	0	1	0.00	1
77	0	1	0.00	1
78	1	0	100.00	1
79	0	0		0
80	0	0		0
81	0	1	0.00	1
82	0	0		0
83	0	0		0
84	0	0		0
85	0	0		0
86	0	0		0
87	0	0		0
88	0	2	0.00	2
89	0	0		0
90	0	0		0
91	0	0		0
92	0	2	0.00	2
93	0	0		0
94	0	3	0.00	3
95	0	0		0
96	0	2	0.00	2
97	0	1	0.00	1

CHG context (R2)
================
position	count methylated	count unmethylated	% methylation	coverage
1	13	2144	0.60	2157
2	0	20	0.00	20
3	0	9	0.00	9
4	1	41	2.38	42
5	1	51	1.92	52
6	1	83	1.19	84
7	0	74	0.00	74
8	1	66	1.49	67
9	0	71	0.00	71
10	1	74	1.33	75
11	0	70	0.00	70
12	0	40	0.00	40
13	0	41	0.00	41
14	0	41	0.00	41
15	0	48	0.00	48
16	0	54	0.00	54
17	0	50	0.00	50
18	0	39	0.00	39
19	0	40	0.00	40
20	0	58	0.00	58
21	0	25	0.00	25
22	0	47	0.00	47
23	0	29	0.00	29
24	0	26	0.00	26
25	0	44	0.00	44
26	0	27	0.00	27
27	1	19	5.00	20
28	0	24	0.00	24
29	0	31	0.00	31
30	0	26	0.00	26
31	0	23	0.00	23
32	0	21	0.00	21
33	0	23	0.00	23
34	0	30	0.00	30
35	0	29	0.00	29
36	1	21	4.55	22
37	0	12	0.00	12
38	1	16	5.88	17
39	0	15	0.00	15
40	0	19	0.00	19
41	0	13	0.00	13
42	0	3	0.00	3
43	0	14	0.00	14
44	0	8	0.00	8
45	0	7	0.00	7
46	0	2	0.00	2
47	0	11	0.00	11
48	0	4	0.00	4
49	0	12	0.00	12
50	0	10	0.00	10
51	0	4	0.00	4
52	0	7	0.00	7
53	0	7	0.00	7
54	0	4	0.00	4
55	0	6	0.00	6
56	0	6	0.00	6
57	0	0		0
58	0	3	0.00	3
59	0	1	0.00	1
60	0	2	0.00	2
61	0	1	0.00	1
62	0	2	0.00	2
63	0	2	0.00	2
64	0	3	0.00	3
65	0	0		0
66	0	0		0
67	0	1	0.00	1
68	0	1	0.00	1
69	0	0		0
70	0	1	0.00	1
71	0	3	0.00	3
72	0	1	0.00	1
73	0	0		0
74	0	1	0.00	1
75	0	1	0.00	1
76	0	0		0
77	0	1	0.00	1
78	0	3	0.00	3
79	0	0		0
80	0	0		0
81	0	0		0
82	0	0		0
83	0	0		0
84	0	0		0
85	0	0		0
86	0	0		0
87	0	1	0.00	1
88	0	0		0
89	0	2	0.00	2
90	0	0		0
91	0	0		0
92	0	1	0.00	1
93	0	0		0
94	0	0		0
95	0	0		0
96	0	0		0
97	0	0		0

CHH context (R2)
================
position	count methylated	count unmethylated	% methylation	coverage
1	0	7	0.00	7
2	5	976	0.51	981
3	1	277	0.36	278
4	0	190	0.00	190
5	0	127	0.00	127
6	0	100	0.00	100
7	0	103	0.00	103
8	0	122	0.00	122
9	0	87	0.00	87
10	0	119	0.00	119
11	0	93	0.00	93
12	0	77	0.00	77
13	2	67	2.90	69
14	0	77	0.00	77
15	0	71	0.00	71
16	0	70	0.00	70
17	0	68	0.00	68
18	4	78	4.88	82
19	1	77	1.28	78
20	0	53	0.00	53
21	0	48	0.00	48
22	0	53	0.00	53
23	0	44	0.00	44
24	1	47	2.08	48
25	0	31	0.00	31
26	0	34	0.00	34
27	0	29	0.00	29
28	0	30	0.00	30
29	1	31	3.12	32
30	0	27	0.00	27
31	0	31	0.00	31
32	0	25	0.00	25
33	0	18	0.00	18
34	0	20	0.00	20
35	0	33	0.00	33
36	0	16	0.00	16
37	0	16	0.00	16
38	0	19	0.00	19
39	0	13	0.00	13
40	0	16	0.00	16
41	0	12	0.00	12
42	0	13	0.00	13
43	0	10	0.00	10
44	0	15	0.00	15
45	0	18	0.00	18
46	1	11	8.33	12
47	0	13	0.00	13
48	0	4	0.00	4
49	0	7	0.00	7
50	0	11	0.00	11
51	0	19	0.00	19
52	0	19	0.00	19
53	0	12	0.00	12
54	0	9	0.00	9
55	0	9	0.00	9
56	0	7	0.00	7
57	0	4	0.00	4
58	0	2	0.00	2
59	0	0		0
60	0	1	0.00	1
61	0	2	0.00	2
62	0	3	0.00	3
63	0	1	0.00	1
64	0	2	0.00	2
65	0	1	0.00	1
66	0	0		0
67	0	2	0.00	2
68	0	2	0.00	2
69	0	2	0.00	2
70	0	0		0
71	0	0		0
72	0	2	0.00	2
73	0	0		0
74	0	1	0.00	1
75	0	0		0
76	0	0		0
77	0	0		0
78	0	0		0
79	0	2	0.00	2
80	0	1	0.00	1
81	0	0		0
82	0	0		0
83	0	1	0.00	1
84	0	0		0
85	0	0		0
86	0	0		0
87	0	0		0
88	0	0		0
89	0	0		0
90	0	0		0
91	0	0		0
92	0	0		0
93	0	1	0.00	1
94	0	1	0.00	1
95	0	0		0
96	0	0		0
97	0	0		0

