CpG context (R1)
================
position	count methylated	count unmethylated	% methylation	coverage
1	206	2170	8.67	2376
2	0	14	0.00	14
3	2	15	11.76	17
4	13	180	6.74	193
5	12	197	5.74	209
6	14	284	4.70	298
7	10	213	4.48	223
8	15	269	5.28	284
9	16	251	5.99	267
10	8	243	3.19	251
11	15	240	5.88	255
12	11	290	3.65	301
13	14	303	4.42	317
14	16	237	6.32	253
15	14	225	5.86	239
16	10	273	3.53	283
17	10	224	4.27	234
18	7	261	2.61	268
19	19	286	6.23	305
20	11	235	4.47	246
21	11	218	4.80	229
22	12	246	4.65	258
23	13	265	4.68	278
24	12	241	4.74	253
25	16	301	5.05	317
26	14	292	4.58	306
27	10	255	3.77	265
28	17	262	6.09	279
29	7	267	2.55	274
30	12	235	4.86	247
31	15	290	4.92	305
32	13	271	4.58	284
33	15	239	5.91	254
34	14	253	5.24	267
35	15	229	6.15	244
36	9	208	4.15	217
37	16	259	5.82	275
38	17	235	6.75	252
39	13	240	5.14	253
40	15	250	5.66	265
41	19	252	7.01	271
42	12	300	3.85	312
43	13	253	4.89	266
44	13	260	4.76	273
45	14	288	4.64	302
46	22	227	8.84	249
47	13	268	4.63	281
48	14	237	5.58	251
49	14	227	5.81	241
50	12	239	4.78	251
51	12	202	5.61	214
52	9	239	3.63	248
53	14	252	5.26	266
54	12	246	4.65	258
55	11	292	3.63	303
56	10	246	3.91	256
57	13	241	5.12	254
58	11	260	4.06	271
59	10	261	3.69	271
60	13	245	5.04	258
61	17	235	6.75	252
62	15	224	6.28	239
63	15	213	6.58	228
64	8	234	3.31	242
65	11	254	4.15	265
66	8	250	3.10	258
67	13	229	5.37	242
68	6	212	2.75	218
69	7	160	4.19	167
70	13	209	5.86	222
71	8	245	3.16	253
72	8	215	3.59	223
73	6	232	2.52	238
74	14	199	6.57	213
75	8	179	4.28	187
76	15	202	6.91	217
77	5	215	2.27	220
78	10	199	4.78	209
79	13	220	5.58	233
80	7	182	3.70	189
81	10	162	5.81	172
82	7	209	3.24	216
83	9	122	6.87	131
84	4	170	2.30	174
85	9	186	4.62	195
86	8	147	5.16	155
87	12	177	6.35	189
88	4	131	2.96	135
89	8	148	5.13	156
90	5	119	4.03	124
91	12	148	7.50	160
92	4	150	2.60	154
93	5	130	3.70	135
94	4	125	3.10	129
95	7	133	5.00	140
96	4	114	3.39	118
97	5	139	3.47	144
98	6	110	5.17	116
99	2	49	3.92	51
100	0	16	0.00	16
101	0	7	0.00	7
102	0	6	0.00	6
103	0	8	0.00	8
104	1	8	11.11	9
105	1	8	11.11	9
106	0	4	0.00	4
107	0	5	0.00	5
108	0	12	0.00	12
109	0	7	0.00	7
110	0	3	0.00	3
111	0	6	0.00	6
112	0	3	0.00	3
113	0	5	0.00	5
114	0	2	0.00	2
115	0	6	0.00	6
116	0	4	0.00	4
117	0	5	0.00	5
118	0	5	0.00	5
119	0	1	0.00	1
120	0	1	0.00	1
121	0	2	0.00	2
122	0	2	0.00	2
123	2	5	28.57	7
124	0	2	0.00	2
125	0	2	0.00	2
126	1	5	16.67	6
127	0	0		0
128	0	1	0.00	1
129	0	2	0.00	2
130	0	2	0.00	2
131	0	1	0.00	1
132	1	2	33.33	3
133	0	0		0
134	0	0		0
135	0	1	0.00	1
136	0	1	0.00	1
137	0	2	0.00	2
138	0	0		0
139	0	2	0.00	2
140	0	0		0
141	0	0		0
142	0	0		0
143	0	0		0
144	1	1	50.00	2
145	0	0		0
146	0	0		0
147	0	0		0
148	0	0		0
149	0	0		0

CHG context (R1)
================
position	count methylated	count unmethylated	% methylation	coverage
1	0	12	0.00	12
2	1	28	3.45	29
3	0	16	0.00	16
4	0	133	0.00	133
5	1	195	0.51	196
6	1	249	0.40	250
7	2	260	0.76	262
8	1	204	0.49	205
9	0	242	0.00	242
10	0	211	0.00	211
11	1	221	0.45	222
12	1	198	0.50	199
13	0	186	0.00	186
14	1	186	0.53	187
15	4	237	1.66	241
16	1	193	0.52	194
17	0	236	0.00	236
18	1	255	0.39	256
19	0	206	0.00	206
20	2	180	1.10	182
21	0	235	0.00	235
22	0	230	0.00	230
23	0	214	0.00	214
24	0	184	0.00	184
25	2	222	0.89	224
26	1	195	0.51	196
27	0	216	0.00	216
28	0	246	0.00	246
29	2	182	1.09	184
30	0	200	0.00	200
31	0	232	0.00	232
32	2	189	1.05	191
33	0	228	0.00	228
34	0	210	0.00	210
35	2	229	0.87	231
36	2	213	0.93	215
37	1	209	0.48	210
38	0	211	0.00	211
39	1	229	0.43	230
40	0	203	0.00	203
41	1	260	0.38	261
42	2	231	0.86	233
43	1	214	0.47	215
44	2	254	0.78	256
45	0	228	0.00	228
46	3	214	1.38	217
47	3	178	1.66	181
48	1	220	0.45	221
49	1	228	0.44	229
50	2	171	1.16	173
51	0	224	0.00	224
52	0	210	0.00	210
53	1	201	0.50	202
54	0	216	0.00	216
55	0	188	0.00	188
56	0	217	0.00	217
57	0	190	0.00	190
58	0	214	0.00	214
59	0	189	0.00	189
60	0	146	0.00	146
61	0	197	0.00	197
62	1	165	0.60	166
63	0	166	0.00	166
64	0	178	0.00	178
65	0	205	0.00	205
66	0	177	0.00	177
67	1	197	0.51	198
68	2	202	0.98	204
69	1	187	0.53	188
70	2	183	1.08	185
71	0	168	0.00	168
72	0	166	0.00	166
73	0	170	0.00	170
74	2	160	1.23	162
75	1	160	0.62	161
76	1	163	0.61	164
77	0	177	0.00	177
78	1	157	0.63	158
79	1	156	0.64	157
80	1	150	0.66	151
81	1	179	0.56	180
82	0	112	0.00	112
83	0	135	0.00	135
84	0	134	0.00	134
85	0	114	0.00	114
86	0	168	0.00	168
87	0	115	0.00	115
88	1	123	0.81	124
89	0	109	0.00	109
90	1	90	1.10	91
91	1	148	0.67	149
92	0	103	0.00	103
93	1	77	1.28	78
94	1	111	0.89	112
95	2	94	2.08	96
96	0	111	0.00	111
97	1	117	0.85	118
98	0	97	0.00	97
99	0	36	0.00	36
100	0	7	0.00	7
101	0	7	0.00	7
102	0	6	0.00	6
103	0	5	0.00	5
104	0	6	0.00	6
105	0	3	0.00	3
106	0	4	0.00	4
107	0	5	0.00	5
108	0	10	0.00	10
109	0	1	0.00	1
110	0	3	0.00	3
111	0	3	0.00	3
112	0	4	0.00	4
113	0	2	0.00	2
114	0	2	0.00	2
115	0	3	0.00	3
116	0	4	0.00	4
117	0	3	0.00	3
118	0	2	0.00	2
119	0	1	0.00	1
120	0	6	0.00	6
121	0	2	0.00	2
122	0	2	0.00	2
123	0	1	0.00	1
124	0	1	0.00	1
125	0	3	0.00	3
126	0	0		0
127	0	3	0.00	3
128	0	3	0.00	3
129	0	1	0.00	1
130	0	1	0.00	1
131	0	1	0.00	1
132	0	1	0.00	1
133	0	1	0.00	1
134	0	1	0.00	1
135	0	0		0
136	0	2	0.00	2
137	0	0		0
138	0	0		0
139	0	0		0
140	0	2	0.00	2
141	0	2	0.00	2
142	0	0		0
143	0	1	0.00	1
144	0	0		0
145	0	0		0
146	0	0		0
147	0	1	0.00	1
148	0	1	0.00	1
149	0	1	0.00	1

CHH context (R1)
================
position	count methylated	count unmethylated	% methylation	coverage
1	1	37	2.63	38
2	0	29	0.00	29
3	0	17	0.00	17
4	1	342	0.29	343
5	0	383	0.00	383
6	3	399	0.75	402
7	2	417	0.48	419
8	1	345	0.29	346
9	1	325	0.31	326
10	2	319	0.62	321
11	0	314	0.00	314
12	1	318	0.31	319
13	1	374	0.27	375
14	1	397	0.25	398
15	0	378	0.00	378
16	0	368	0.00	368
17	0	339	0.00	339
18	2	307	0.65	309
19	0	319	0.00	319
20	4	354	1.12	358
21	1	337	0.30	338
22	2	324	0.61	326
23	2	336	0.59	338
24	2	384	0.52	386
25	1	386	0.26	387
26	1	386	0.26	387
27	0	392	0.00	392
28	2	340	0.58	342
29	2	360	0.55	362
30	0	357	0.00	357
31	3	361	0.82	364
32	1	369	0.27	370
33	0	341	0.00	341
34	0	346	0.00	346
35	1	326	0.31	327
36	1	363	0.27	364
37	0	363	0.00	363
38	1	349	0.29	350
39	1	332	0.30	333
40	1	335	0.30	336
41	1	343	0.29	344
42	0	301	0.00	301
43	0	314	0.00	314
44	0	305	0.00	305
45	1	283	0.35	284
46	2	334	0.60	336
47	2	338	0.59	340
48	1	343	0.29	344
49	0	375	0.00	375
50	1	414	0.24	415
51	2	394	0.51	396
52	2	397	0.50	399
53	2	350	0.57	352
54	0	351	0.00	351
55	0	305	0.00	305
56	0	287	0.00	287
57	1	299	0.33	300
58	0	294	0.00	294
59	0	297	0.00	297
60	2	320	0.62	322
61	0	318	0.00	318
62	3	356	0.84	359
63	0	328	0.00	328
64	2	333	0.60	335
65	0	308	0.00	308
66	1	295	0.34	296
67	1	318	0.31	319
68	0	366	0.00	366
69	0	300	0.00	300
70	0	296	0.00	296
71	2	293	0.68	295
72	2	276	0.72	278
73	0	307	0.00	307
74	0	256	0.00	256
75	0	315	0.00	315
76	1	313	0.32	314
77	1	269	0.37	270
78	1	243	0.41	244
79	2	255	0.78	257
80	1	261	0.38	262
81	1	237	0.42	238
82	1	295	0.34	296
83	1	240	0.41	241
84	1	259	0.38	260
85	1	292	0.34	293
86	0	288	0.00	288
87	2	195	1.02	197
88	1	237	0.42	238
89	1	216	0.46	217
90	3	180	1.64	183
91	0	180	0.00	180
92	0	182	0.00	182
93	0	181	0.00	181
94	1	180	0.55	181
95	0	192	0.00	192
96	1	144	0.69	145
97	2	161	1.23	163
98	0	148	0.00	148
99	1	73	1.35	74
100	0	10	0.00	10
101	0	11	0.00	11
102	0	9	0.00	9
103	0	6	0.00	6
104	0	15	0.00	15
105	0	8	0.00	8
106	0	10	0.00	10
107	0	6	0.00	6
108	0	2	0.00	2
109	0	2	0.00	2
110	0	3	0.00	3
111	0	2	0.00	2
112	0	2	0.00	2
113	0	7	0.00	7
114	0	4	0.00	4
115	0	2	0.00	2
116	0	4	0.00	4
117	0	4	0.00	4
118	1	4	20.00	5
119	0	6	0.00	6
120	0	4	0.00	4
121	0	2	0.00	2
122	0	3	0.00	3
123	0	2	0.00	2
124	0	3	0.00	3
125	0	4	0.00	4
126	0	3	0.00	3
127	0	1	0.00	1
128	0	4	0.00	4
129	0	2	0.00	2
130	0	2	0.00	2
131	0	5	0.00	5
132	0	3	0.00	3
133	0	4	0.00	4
134	0	4	0.00	4
135	0	3	0.00	3
136	0	0		0
137	0	0		0
138	0	1	0.00	1
139	0	0		0
140	0	0		0
141	0	0		0
142	0	0		0
143	0	0		0
144	0	0		0
145	0	0		0
146	0	2	0.00	2
147	0	1	0.00	1
148	0	0		0
149	0	1	0.00	1

CpG context (R2)
================
position	count methylated	count unmethylated	% methylation	coverage
1	1	23	4.17	24
2	0	15	0.00	15
3	4	72	5.26	76
4	5	63	7.35	68
5	4	91	4.21	95
6	2	74	2.63	76
7	9	129	6.52	138
8	2	76	2.56	78
9	5	77	6.10	82
10	1	85	1.16	86
11	2	64	3.03	66
12	4	62	6.06	66
13	3	56	5.08	59
14	0	44	0.00	44
15	2	57	3.39	59
16	1	61	1.61	62
17	0	49	0.00	49
18	2	40	4.76	42
19	3	39	7.14	42
20	2	40	4.76	42
21	3	39	7.14	42
22	2	40	4.76	42
23	0	32	0.00	32
24	2	70	2.78	72
25	2	39	4.88	41
26	0	41	0.00	41
27	2	36	5.26	38
28	3	16	15.79	19
29	1	42	2.33	43
30	3	26	10.34	29
31	2	33	5.71	35
32	0	20	0.00	20
33	2	22	8.33	24
34	1	18	5.26	19
35	0	7	0.00	7
36	0	15	0.00	15
37	1	16	5.88	17
38	0	19	0.00	19
39	0	14	0.00	14
40	0	8	0.00	8
41	2	14	12.50	16
42	0	11	0.00	11
43	0	14	0.00	14
44	0	15	0.00	15
45	0	0		0
46	0	13	0.00	13
47	1	7	12.50	8
48	0	10	0.00	10
49	1	5	16.67	6
50	2	9	18.18	11
51	0	5	0.00	5
52	1	2	33.33	3
53	0	4	0.00	4
54	1	6	14.29	7
55	0	8	0.00	8
56	1	2	33.33	3
57	1	5	16.67	6
58	0	5	0.00	5
59	1	1	50.00	2
60	1	4	20.00	5
61	0	2	0.00	2
62	0	0		0
63	0	4	0.00	4
64	0	2	0.00	2
65	0	2	0.00	2
66	0	3	0.00	3
67	0	1	0.00	1
68	0	2	0.00	2
69	0	1	0.00	1
70	0	0		0
71	0	3	0.00	3
72	0	1	0.00	1
73	0	0		0
74	0	0		0
75	0	2	0.00	2
76	0	1	0.00	1
77	0	2	0.00	2
78	0	0		0
79	0	0		0
80	0	0		0
81	0	1	0.00	1
82	0	2	0.00	2
83	0	0		0
84	0	0		0
85	0	0		0
86	0	0		0
87	0	0		0
88	0	0		0
89	0	0		0
90	0	0		0
91	0	2	0.00	2
92	0	0		0
93	0	0		0
94	0	2	0.00	2
95	0	0		0
96	0	0		0
97	0	4	0.00	4

CHG context (R2)
================
position	count methylated	count unmethylated	% methylation	coverage
1	16	2127	0.75	2143
2	0	21	0.00	21
3	0	4	0.00	4
4	0	42	0.00	42
5	0	63	0.00	63
6	1	73	1.35	74
7	1	77	1.28	78
8	1	79	1.25	80
9	0	70	0.00	70
10	0	46	0.00	46
11	1	56	1.75	57
12	0	34	0.00	34
13	0	54	0.00	54
14	0	55	0.00	55
15	0	56	0.00	56
16	0	32	0.00	32
17	0	57	0.00	57
18	0	49	0.00	49
19	0	39	0.00	39
20	0	60	0.00	60
21	0	35	0.00	35
22	0	39	0.00	39
23	0	25	0.00	25
24	0	12	0.00	12
25	0	35	0.00	35
26	1	27	3.57	28
27	0	13	0.00	13
28	0	15	0.00	15
29	0	27	0.00	27
30	0	17	0.00	17
31	0	22	0.00	22
32	0	26	0.00	26
33	0	15	0.00	15
34	0	20	0.00	20
35	0	25	0.00	25
36	0	18	0.00	18
37	0	13	0.00	13
38	0	15	0.00	15
39	0	18	0.00	18
40	0	16	0.00	16
41	0	20	0.00	20
42	0	6	0.00	6
43	0	3	0.00	3
44	0	6	0.00	6
45	0	8	0.00	8
46	0	3	0.00	3
47	0	8	0.00	8
48	0	12	0.00	12
49	0	2	0.00	2
50	0	15	0.00	15
51	0	5	0.00	5
52	0	10	0.00	10
53	0	3	0.00	3
54	0	1	0.00	1
55	0	4	0.00	4
56	0	6	0.00	6
57	0	0		0
58	0	3	0.00	3
59	0	2	0.00	2
60	0	3	0.00	3
61	0	4	0.00	4
62	0	0		0
63	0	1	0.00	1
64	0	3	0.00	3
65	0	0		0
66	0	0		0
67	0	1	0.00	1
68	0	2	0.00	2
69	0	0		0
70	0	1	0.00	1
71	0	2	0.00	2
72	0	2	0.00	2
73	0	2	0.00	2
74	0	2	0.00	2
75	0	2	0.00	2
76	0	0		0
77	0	0		0
78	0	2	0.00	2
79	0	0		0
80	0	2	0.00	2
81	0	0		0
82	0	0		0
83	0	0		0
84	0	0		0
85	0	0		0
86	0	2	0.00	2
87	0	2	0.00	2
88	0	0		0
89	0	0		0
90	0	0		0
91	0	0		0
92	0	1	0.00	1
93	0	0		0
94	0	0		0
95	0	2	0.00	2
96	0	0		0
97	0	0		0

CHH context (R2)
================
position	count methylated	count unmethylated	% methylation	coverage
1	0	10	0.00	10
2	1	920	0.11	921
3	1	245	0.41	246
4	0	179	0.00	179
5	0	133	0.00	133
6	0	93	0.00	93
7	0	118	0.00	118
8	0	132	0.00	132
9	0	106	0.00	106
10	0	126	0.00	126
11	1	80	1.23	81
12	0	71	0.00	71
13	0	50	0.00	50
14	1	83	1.19	84
15	0	68	0.00	68
16	0	53	0.00	53
17	1	59	1.67	60
18	0	69	0.00	69
19	1	86	1.15	87
20	0	42	0.00	42
21	1	44	2.22	45
22	0	45	0.00	45
23	0	46	0.00	46
24	0	41	0.00	41
25	0	41	0.00	41
26	1	24	4.00	25
27	0	32	0.00	32
28	1	29	3.33	30
29	0	28	0.00	28
30	0	30	0.00	30
31	0	26	0.00	26
32	1	34	2.86	35
33	0	20	0.00	20
34	0	26	0.00	26
35	0	25	0.00	25
36	1	14	6.67	15
37	0	16	0.00	16
38	0	19	0.00	19
39	0	8	0.00	8
40	0	22	0.00	22
41	0	16	0.00	16
42	0	22	0.00	22
43	0	22	0.00	22
44	0	19	0.00	19
45	0	20	0.00	20
46	1	14	6.67	15
47	0	11	0.00	11
48	0	5	0.00	5
49	0	9	0.00	9
50	0	7	0.00	7
51	0	8	0.00	8
52	0	11	0.00	11
53	0	8	0.00	8
54	0	11	0.00	11
55	0	6	0.00	6
56	0	6	0.00	6
57	0	8	0.00	8
58	0	5	0.00	5
59	0	3	0.00	3
60	0	3	0.00	3
61	0	3	0.00	3
62	0	6	0.00	6
63	0	1	0.00	1
64	0	2	0.00	2
65	0	1	0.00	1
66	0	2	0.00	2
67	0	0		0
68	0	1	0.00	1
69	0	2	0.00	2
70	0	0		0
71	0	0		0
72	0	0		0
73	0	0		0
74	0	1	0.00	1
75	0	2	0.00	2
76	0	0		0
77	0	1	0.00	1
78	0	1	0.00	1
79	0	2	0.00	2
80	0	0		0
81	0	0		0
82	0	0		0
83	0	1	0.00	1
84	0	0		0
85	0	0		0
86	0	0		0
87	0	2	0.00	2
88	0	0		0
89	0	0		0
90	0	0		0
91	0	0		0
92	0	0		0
93	0	1	0.00	1
94	0	1	0.00	1
95	0	0		0
96	0	0		0
97	0	0		0

