CpG context (R1)
================
position	count methylated	count unmethylated	% methylation	coverage
1	210	2176	8.80	2386
2	0	12	0.00	12
3	1	16	5.88	17
4	13	196	6.22	209
5	14	210	6.25	224
6	10	237	4.05	247
7	16	229	6.53	245
8	13	278	4.47	291
9	6	263	2.23	269
10	14	227	5.81	241
11	6	260	2.26	266
12	8	260	2.99	268
13	13	281	4.42	294
14	12	239	4.78	251
15	7	238	2.86	245
16	12	293	3.93	305
17	8	221	3.49	229
18	8	263	2.95	271
19	19	311	5.76	330
20	9	206	4.19	215
21	17	241	6.59	258
22	13	289	4.30	302
23	13	250	4.94	263
24	16	231	6.48	247
25	13	328	3.81	341
26	16	276	5.48	292
27	14	273	4.88	287
28	19	288	6.19	307
29	10	281	3.44	291
30	12	282	4.08	294
31	14	282	4.73	296
32	19	279	6.38	298
33	8	220	3.51	228
34	16	288	5.26	304
35	13	277	4.48	290
36	15	222	6.33	237
37	15	291	4.90	306
38	19	212	8.23	231
39	11	235	4.47	246
40	15	279	5.10	294
41	10	227	4.22	237
42	14	322	4.17	336
43	15	254	5.58	269
44	15	245	5.77	260
45	14	269	4.95	283
46	19	236	7.45	255
47	14	269	4.95	283
48	17	263	6.07	280
49	19	220	7.95	239
50	14	240	5.51	254
51	15	240	5.88	255
52	16	209	7.11	225
53	7	249	2.73	256
54	10	216	4.42	226
55	10	286	3.38	296
56	12	223	5.11	235
57	10	241	3.98	251
58	13	243	5.08	256
59	9	269	3.24	278
60	8	238	3.25	246
61	16	228	6.56	244
62	10	234	4.10	244
63	16	212	7.02	228
64	12	269	4.27	281
65	8	231	3.35	239
66	16	254	5.93	270
67	13	226	5.44	239
68	7	172	3.91	179
69	13	203	6.02	216
70	10	229	4.18	239
71	9	232	3.73	241
72	17	235	6.75	252
73	16	225	6.64	241
74	14	199	6.57	213
75	15	193	7.21	208
76	14	185	7.04	199
77	14	201	6.51	215
78	13	185	6.57	198
79	6	201	2.90	207
80	6	192	3.03	198
81	5	183	2.66	188
82	12	204	5.56	216
83	12	131	8.39	143
84	8	159	4.79	167
85	8	176	4.35	184
86	14	178	7.29	192
87	5	180	2.70	185
88	7	129	5.15	136
89	12	151	7.36	163
90	5	114	4.20	119
91	8	144	5.26	152
92	7	124	5.34	131
93	8	127	5.93	135
94	10	130	7.14	140
95	10	121	7.63	131
96	11	102	9.73	113
97	8	126	5.97	134
98	3	99	2.94	102
99	1	50	1.96	51
100	2	9	18.18	11
101	0	5	0.00	5
102	0	3	0.00	3
103	0	9	0.00	9
104	1	5	16.67	6
105	1	4	20.00	5
106	0	4	0.00	4
107	1	4	20.00	5
108	0	1	0.00	1
109	0	4	0.00	4
110	0	5	0.00	5
111	0	0		0
112	0	7	0.00	7
113	0	4	0.00	4
114	0	3	0.00	3
115	0	1	0.00	1
116	1	1	50.00	2
117	0	4	0.00	4
118	0	1	0.00	1
119	0	1	0.00	1
120	0	3	0.00	3
121	0	5	0.00	5
122	0	1	0.00	1
123	0	3	0.00	3
124	0	6	0.00	6
125	1	4	20.00	5
126	0	2	0.00	2
127	0	2	0.00	2
128	0	1	0.00	1
129	0	2	0.00	2
130	0	1	0.00	1
131	0	2	0.00	2
132	0	1	0.00	1
133	0	2	0.00	2
134	0	1	0.00	1
135	1	1	50.00	2
136	0	0		0
137	0	3	0.00	3
138	0	1	0.00	1
139	0	2	0.00	2
140	0	0		0
141	0	2	0.00	2
142	0	1	0.00	1
143	0	1	0.00	1
144	0	2	0.00	2
145	0	0		0
146	0	0		0
147	0	0		0
148	0	0		0
149	0	1	0.00	1

CHG context (R1)
================
position	count methylated	count unmethylated	% methylation	coverage
1	1	10	9.09	11
2	0	17	0.00	17
3	0	13	0.00	13
4	1	145	0.68	146
5	1	189	0.53	190
6	1	246	0.40	247
7	0	256	0.00	256
8	1	201	0.50	202
9	1	216	0.46	217
10	1	213	0.47	214
11	0	244	0.00	244
12	2	171	1.16	173
13	0	219	0.00	219
14	2	193	1.03	195
15	0	218	0.00	218
16	1	234	0.43	235
17	0	247	0.00	247
18	0	255	0.00	255
19	1	194	0.51	195
20	4	154	2.53	158
21	1	199	0.50	200
22	2	229	0.87	231
23	0	177	0.00	177
24	1	208	0.48	209
25	0	233	0.00	233
26	0	214	0.00	214
27	1	225	0.44	226
28	2	234	0.85	236
29	4	185	2.12	189
30	2	169	1.17	171
31	0	207	0.00	207
32	0	196	0.00	196
33	0	229	0.00	229
34	1	234	0.43	235
35	1	248	0.40	249
36	0	206	0.00	206
37	1	196	0.51	197
38	1	211	0.47	212
39	1	216	0.46	217
40	2	227	0.87	229
41	2	266	0.75	268
42	3	214	1.38	217
43	1	180	0.55	181
44	0	249	0.00	249
45	0	206	0.00	206
46	0	233	0.00	233
47	0	187	0.00	187
48	1	206	0.48	207
49	2	208	0.95	210
50	1	211	0.47	212
51	1	227	0.44	228
52	0	221	0.00	221
53	2	201	0.99	203
54	1	200	0.50	201
55	1	163	0.61	164
56	0	201	0.00	201
57	2	211	0.94	213
58	0	211	0.00	211
59	1	204	0.49	205
60	0	135	0.00	135
61	0	194	0.00	194
62	0	162	0.00	162
63	1	202	0.49	203
64	2	180	1.10	182
65	1	189	0.53	190
66	1	173	0.57	174
67	1	181	0.55	182
68	1	177	0.56	178
69	0	185	0.00	185
70	0	166	0.00	166
71	0	175	0.00	175
72	1	171	0.58	172
73	1	156	0.64	157
74	1	152	0.65	153
75	1	134	0.74	135
76	0	171	0.00	171
77	2	170	1.16	172
78	0	158	0.00	158
79	0	131	0.00	131
80	0	144	0.00	144
81	0	178	0.00	178
82	0	126	0.00	126
83	0	139	0.00	139
84	1	112	0.88	113
85	0	129	0.00	129
86	0	156	0.00	156
87	2	120	1.64	122
88	0	129	0.00	129
89	0	118	0.00	118
90	1	111	0.89	112
91	0	139	0.00	139
92	0	84	0.00	84
93	0	76	0.00	76
94	3	107	2.73	110
95	0	93	0.00	93
96	0	95	0.00	95
97	0	109	0.00	109
98	0	99	0.00	99
99	0	45	0.00	45
100	0	6	0.00	6
101	0	4	0.00	4
102	0	9	0.00	9
103	0	5	0.00	5
104	0	7	0.00	7
105	0	7	0.00	7
106	0	2	0.00	2
107	0	4	0.00	4
108	0	3	0.00	3
109	0	6	0.00	6
110	0	3	0.00	3
111	0	1	0.00	1
112	0	5	0.00	5
113	0	1	0.00	1
114	0	2	0.00	2
115	0	2	0.00	2
116	0	6	0.00	6
117	0	0		0
118	0	6	0.00	6
119	0	2	0.00	2
120	0	4	0.00	4
121	0	3	0.00	3
122	0	1	0.00	1
123	0	2	0.00	2
124	0	3	0.00	3
125	0	1	0.00	1
126	0	2	0.00	2
127	0	2	0.00	2
128	0	0		0
129	0	1	0.00	1
130	0	1	0.00	1
131	0	0		0
132	0	4	0.00	4
133	0	1	0.00	1
134	0	2	0.00	2
135	0	0		0
136	0	2	0.00	2
137	0	1	0.00	1
138	0	0		0
139	0	0		0
140	0	1	0.00	1
141	0	1	0.00	1
142	0	1	0.00	1
143	0	1	0.00	1
144	0	0		0
145	0	0		0
146	0	0		0
147	0	2	0.00	2
148	0	1	0.00	1
149	0	1	0.00	1

CHH context (R1)
================
position	count methylated	count unmethylated	% methylation	coverage
1	0	30	0.00	30
2	0	23	0.00	23
3	0	17	0.00	17
4	2	322	0.62	324
5	1	408	0.24	409
6	0	404	0.00	404
7	1	375	0.27	376
8	1	305	0.33	306
9	1	323	0.31	324
10	1	314	0.32	315
11	0	326	0.00	326
12	1	337	0.30	338
13	2	363	0.55	365
14	1	378	0.26	379
15	1	402	0.25	403
16	0	385	0.00	385
17	0	298	0.00	298
18	0	297	0.00	297
19	0	294	0.00	294
20	2	330	0.60	332
21	1	325	0.31	326
22	1	319	0.31	320
23	1	332	0.30	333
24	2	383	0.52	385
25	2	401	0.50	403
26	3	337	0.88	340
27	1	388	0.26	389
28	0	359	0.00	359
29	0	293	0.00	293
30	1	355	0.28	356
31	2	335	0.59	337
32	2	363	0.55	365
33	1	335	0.30	336
34	1	317	0.31	318
35	1	286	0.35	287
36	1	380	0.26	381
37	0	353	0.00	353
38	1	358	0.28	359
39	2	354	0.56	356
40	0	331	0.00	331
41	0	309	0.00	309
42	0	349	0.00	349
43	0	320	0.00	320
44	0	331	0.00	331
45	1	289	0.34	290
46	3	338	0.88	341
47	2	323	0.62	325
48	0	346	0.00	346
49	1	376	0.27	377
50	0	368	0.00	368
51	0	406	0.00	406
52	0	377	0.00	377
53	1	372	0.27	373
54	0	309	0.00	309
55	0	331	0.00	331
56	0	288	0.00	288
57	1	284	0.35	285
58	1	293	0.34	294
59	0	318	0.00	318
60	2	285	0.70	287
61	1	334	0.30	335
62	2	339	0.59	341
63	0	280	0.00	280
64	2	362	0.55	364
65	1	301	0.33	302
66	1	296	0.34	297
67	0	342	0.00	342
68	2	308	0.65	310
69	0	325	0.00	325
70	2	297	0.67	299
71	1	310	0.32	311
72	0	290	0.00	290
73	1	271	0.37	272
74	0	278	0.00	278
75	0	323	0.00	323
76	0	322	0.00	322
77	0	262	0.00	262
78	2	255	0.78	257
79	0	287	0.00	287
80	2	292	0.68	294
81	6	238	2.46	244
82	1	274	0.36	275
83	0	236	0.00	236
84	0	255	0.00	255
85	1	282	0.35	283
86	1	273	0.36	274
87	0	212	0.00	212
88	0	274	0.00	274
89	0	222	0.00	222
90	0	197	0.00	197
91	0	177	0.00	177
92	0	193	0.00	193
93	0	179	0.00	179
94	0	169	0.00	169
95	0	179	0.00	179
96	0	133	0.00	133
97	1	166	0.60	167
98	0	179	0.00	179
99	0	68	0.00	68
100	0	8	0.00	8
101	0	9	0.00	9
102	0	5	0.00	5
103	0	6	0.00	6
104	0	4	0.00	4
105	0	5	0.00	5
106	0	4	0.00	4
107	0	5	0.00	5
108	0	5	0.00	5
109	0	5	0.00	5
110	0	4	0.00	4
111	0	1	0.00	1
112	0	2	0.00	2
113	0	4	0.00	4
114	0	4	0.00	4
115	0	3	0.00	3
116	0	2	0.00	2
117	0	4	0.00	4
118	0	4	0.00	4
119	0	4	0.00	4
120	0	3	0.00	3
121	0	2	0.00	2
122	0	3	0.00	3
123	0	5	0.00	5
124	0	1	0.00	1
125	0	0		0
126	0	3	0.00	3
127	0	4	0.00	4
128	0	2	0.00	2
129	0	2	0.00	2
130	0	1	0.00	1
131	0	2	0.00	2
132	0	1	0.00	1
133	0	3	0.00	3
134	0	0		0
135	0	2	0.00	2
136	0	1	0.00	1
137	0	1	0.00	1
138	0	1	0.00	1
139	0	0		0
140	0	0		0
141	0	1	0.00	1
142	0	0		0
143	0	0		0
144	0	0		0
145	0	0		0
146	0	3	0.00	3
147	0	1	0.00	1
148	0	1	0.00	1
149	0	2	0.00	2

CpG context (R2)
================
position	count methylated	count unmethylated	% methylation	coverage
1	0	22	0.00	22
2	1	17	5.56	18
3	3	79	3.66	82
4	6	65	8.45	71
5	5	100	4.76	105
6	4	98	3.92	102
7	6	113	5.04	119
8	1	87	1.14	88
9	2	82	2.38	84
10	5	81	5.81	86
11	6	62	8.82	68
12	2	65	2.99	67
13	8	86	8.51	94
14	2	41	4.65	43
15	7	64	9.86	71
16	3	54	5.26	57
17	0	47	0.00	47
18	6	44	12.00	50
19	3	32	8.57	35
20	3	44	6.38	47
21	2	33	5.71	35
22	3	38	7.32	41
23	2	32	5.88	34
24	5	47	9.62	52
25	1	35	2.78	36
26	2	39	4.88	41
27	3	23	11.54	26
28	3	26	10.34	29
29	4	42	8.70	46
30	1	21	4.55	22
31	4	23	14.81	27
32	0	28	0.00	28
33	1	11	8.33	12
34	2	9	18.18	11
35	0	10	0.00	10
36	2	17	10.53	19
37	1	13	7.14	14
38	2	16	11.11	18
39	0	12	0.00	12
40	0	5	0.00	5
41	0	10	0.00	10
42	0	8	0.00	8
43	3	18	14.29	21
44	0	13	0.00	13
45	0	1	0.00	1
46	3	7	30.00	10
47	0	6	0.00	6
48	1	8	11.11	9
49	0	4	0.00	4
50	1	8	11.11	9
51	0	3	0.00	3
52	0	7	0.00	7
53	0	2	0.00	2
54	1	5	16.67	6
55	0	4	0.00	4
56	0	1	0.00	1
57	1	0	100.00	1
58	0	6	0.00	6
59	0	3	0.00	3
60	1	0	100.00	1
61	0	2	0.00	2
62	0	1	0.00	1
63	0	2	0.00	2
64	0	3	0.00	3
65	0	1	0.00	1
66	0	1	0.00	1
67	0	2	0.00	2
68	0	2	0.00	2
69	0	2	0.00	2
70	0	0		0
71	0	3	0.00	3
72	0	0		0
73	0	1	0.00	1
74	0	0		0
75	0	1	0.00	1
76	0	2	0.00	2
77	0	0		0
78	0	1	0.00	1
79	0	0		0
80	0	0		0
81	0	1	0.00	1
82	0	0		0
83	0	0		0
84	0	0		0
85	0	0		0
86	0	0		0
87	0	0		0
88	0	0		0
89	0	0		0
90	0	0		0
91	0	0		0
92	0	0		0
93	0	0		0
94	0	0		0
95	0	1	0.00	1

CHG context (R2)
================
position	count methylated	count unmethylated	% methylation	coverage
1	16	2133	0.74	2149
2	0	26	0.00	26
3	0	6	0.00	6
4	1	28	3.45	29
5	1	43	2.27	44
6	0	67	0.00	67
7	0	68	0.00	68
8	0	94	0.00	94
9	0	73	0.00	73
10	0	56	0.00	56
11	0	78	0.00	78
12	0	30	0.00	30
13	0	54	0.00	54
14	0	51	0.00	51
15	0	45	0.00	45
16	1	40	2.44	41
17	1	53	1.85	54
18	0	67	0.00	67
19	0	43	0.00	43
20	0	47	0.00	47
21	0	45	0.00	45
22	0	45	0.00	45
23	0	28	0.00	28
24	0	16	0.00	16
25	0	33	0.00	33
26	0	18	0.00	18
27	0	22	0.00	22
28	0	15	0.00	15
29	0	31	0.00	31
30	0	25	0.00	25
31	0	15	0.00	15
32	0	22	0.00	22
33	0	23	0.00	23
34	0	21	0.00	21
35	0	20	0.00	20
36	0	13	0.00	13
37	0	17	0.00	17
38	0	11	0.00	11
39	0	13	0.00	13
40	0	14	0.00	14
41	1	13	7.14	14
42	0	5	0.00	5
43	0	3	0.00	3
44	0	4	0.00	4
45	0	6	0.00	6
46	0	1	0.00	1
47	0	9	0.00	9
48	0	10	0.00	10
49	0	8	0.00	8
50	0	9	0.00	9
51	0	4	0.00	4
52	0	11	0.00	11
53	0	1	0.00	1
54	0	0		0
55	0	3	0.00	3
56	0	2	0.00	2
57	0	0		0
58	0	0		0
59	0	0		0
60	0	3	0.00	3
61	0	0		0
62	0	2	0.00	2
63	0	4	0.00	4
64	0	3	0.00	3
65	0	3	0.00	3
66	0	1	0.00	1
67	0	0		0
68	0	0		0
69	0	3	0.00	3
70	0	3	0.00	3
71	0	0		0
72	0	0		0
73	0	0		0
74	0	1	0.00	1
75	0	0		0
76	0	0		0
77	0	0		0
78	0	0		0
79	0	1	0.00	1
80	0	1	0.00	1
81	0	0		0
82	0	0		0
83	0	1	0.00	1
84	0	0		0
85	0	0		0
86	0	0		0
87	0	0		0
88	0	0		0
89	0	0		0
90	0	0		0
91	0	0		0
92	0	1	0.00	1
93	0	0		0
94	0	0		0
95	0	0		0

CHH context (R2)
================
position	count methylated	count unmethylated	% methylation	coverage
1	0	7	0.00	7
2	2	957	0.21	959
3	2	283	0.70	285
4	0	202	0.00	202
5	0	147	0.00	147
6	1	85	1.16	86
7	0	95	0.00	95
8	0	120	0.00	120
9	0	110	0.00	110
10	0	121	0.00	121
11	0	91	0.00	91
12	1	85	1.16	86
13	0	53	0.00	53
14	0	88	0.00	88
15	0	87	0.00	87
16	0	59	0.00	59
17	0	68	0.00	68
18	1	68	1.45	69
19	1	64	1.54	65
20	0	59	0.00	59
21	0	49	0.00	49
22	0	41	0.00	41
23	0	46	0.00	46
24	0	34	0.00	34
25	0	41	0.00	41
26	0	43	0.00	43
27	0	29	0.00	29
28	0	20	0.00	20
29	0	25	0.00	25
30	0	32	0.00	32
31	0	26	0.00	26
32	1	27	3.57	28
33	0	22	0.00	22
34	0	25	0.00	25
35	0	28	0.00	28
36	0	22	0.00	22
37	0	16	0.00	16
38	0	24	0.00	24
39	0	4	0.00	4
40	0	14	0.00	14
41	0	16	0.00	16
42	0	20	0.00	20
43	0	16	0.00	16
44	0	11	0.00	11
45	0	13	0.00	13
46	0	11	0.00	11
47	0	10	0.00	10
48	0	5	0.00	5
49	0	9	0.00	9
50	0	5	0.00	5
51	0	13	0.00	13
52	0	6	0.00	6
53	1	11	8.33	12
54	0	10	0.00	10
55	0	8	0.00	8
56	0	13	0.00	13
57	0	3	0.00	3
58	0	4	0.00	4
59	0	1	0.00	1
60	0	0		0
61	0	3	0.00	3
62	0	1	0.00	1
63	0	0		0
64	0	0		0
65	0	0		0
66	0	0		0
67	0	1	0.00	1
68	0	4	0.00	4
69	0	1	0.00	1
70	0	1	0.00	1
71	1	0	100.00	1
72	0	1	0.00	1
73	0	0		0
74	0	2	0.00	2
75	0	2	0.00	2
76	0	2	0.00	2
77	0	2	0.00	2
78	0	0		0
79	0	0		0
80	0	0		0
81	0	0		0
82	0	0		0
83	0	1	0.00	1
84	0	2	0.00	2
85	0	0		0
86	0	0		0
87	0	0		0
88	0	0		0
89	0	0		0
90	0	0		0
91	0	0		0
92	0	0		0
93	0	1	0.00	1
94	0	1	0.00	1
95	0	0		0

