CpG context (R1)
================
position	count methylated	count unmethylated	% methylation	coverage
1	197	2167	8.33	2364
2	0	22	0.00	22
3	0	23	0.00	23
4	12	165	6.78	177
5	10	182	5.21	192
6	7	246	2.77	253
7	8	196	3.92	204
8	10	284	3.40	294
9	8	242	3.20	250
10	13	269	4.61	282
11	9	256	3.40	265
12	15	277	5.14	292
13	14	292	4.58	306
14	5	233	2.10	238
15	11	216	4.85	227
16	9	278	3.14	287
17	8	219	3.52	227
18	3	260	1.14	263
19	10	275	3.51	285
20	6	247	2.37	253
21	6	219	2.67	225
22	9	282	3.09	291
23	17	258	6.18	275
24	13	251	4.92	264
25	14	311	4.31	325
26	10	311	3.12	321
27	13	244	5.06	257
28	18	274	6.16	292
29	7	260	2.62	267
30	14	259	5.13	273
31	13	265	4.68	278
32	9	286	3.05	295
33	10	211	4.52	221
34	11	269	3.93	280
35	11	252	4.18	263
36	22	235	8.56	257
37	13	259	4.78	272
38	12	221	5.15	233
39	9	226	3.83	235
40	17	269	5.94	286
41	19	252	7.01	271
42	17	289	5.56	306
43	12	233	4.90	245
44	18	244	6.87	262
45	13	260	4.76	273
46	12	221	5.15	233
47	13	261	4.74	274
48	8	242	3.20	250
49	14	237	5.58	251
50	14	211	6.22	225
51	10	223	4.29	233
52	11	235	4.47	246
53	12	202	5.61	214
54	12	235	4.86	247
55	12	264	4.35	276
56	14	237	5.58	251
57	13	233	5.28	246
58	8	213	3.62	221
59	11	264	4.00	275
60	13	225	5.46	238
61	10	250	3.85	260
62	8	218	3.54	226
63	13	206	5.94	219
64	13	251	4.92	264
65	8	249	3.11	257
66	13	243	5.08	256
67	16	231	6.48	247
68	2	183	1.08	185
69	7	182	3.70	189
70	11	218	4.80	229
71	6	252	2.33	258
72	12	221	5.15	233
73	12	234	4.88	246
74	6	186	3.12	192
75	6	190	3.06	196
76	6	201	2.90	207
77	9	213	4.05	222
78	6	193	3.02	199
79	9	211	4.09	220
80	7	186	3.63	193
81	15	169	8.15	184
82	9	208	4.15	217
83	6	153	3.77	159
84	8	187	4.10	195
85	8	180	4.26	188
86	5	159	3.05	164
87	9	173	4.95	182
88	3	115	2.54	118
89	4	146	2.67	150
90	2	113	1.74	115
91	5	138	3.50	143
92	3	142	2.07	145
93	10	127	7.30	137
94	7	128	5.19	135
95	14	122	10.29	136
96	6	90	6.25	96
97	3	149	1.97	152
98	5	94	5.05	99
99	1	55	1.79	56
100	0	9	0.00	9
101	0	6	0.00	6
102	0	8	0.00	8
103	1	5	16.67	6
104	0	4	0.00	4
105	1	2	33.33	3
106	0	7	0.00	7
107	1	4	20.00	5
108	0	6	0.00	6
109	0	7	0.00	7
110	0	0		0
111	0	4	0.00	4
112	0	5	0.00	5
113	0	2	0.00	2
114	0	5	0.00	5
115	0	4	0.00	4
116	0	1	0.00	1
117	0	1	0.00	1
118	0	2	0.00	2
119	0	0		0
120	0	3	0.00	3
121	0	2	0.00	2
122	0	0		0
123	0	0		0
124	0	1	0.00	1
125	0	4	0.00	4
126	0	1	0.00	1
127	0	1	0.00	1
128	0	1	0.00	1
129	0	2	0.00	2
130	0	1	0.00	1
131	0	0		0
132	0	1	0.00	1
133	0	1	0.00	1
134	0	0		0
135	0	1	0.00	1
136	0	2	0.00	2
137	0	1	0.00	1
138	0	0		0
139	0	0		0
140	0	1	0.00	1
141	0	1	0.00	1
142	0	1	0.00	1
143	0	0		0
144	0	1	0.00	1
145	0	1	0.00	1
146	0	0		0
147	0	0		0
148	0	0		0
149	0	0		0

CHG context (R1)
================
position	count methylated	count unmethylated	% methylation	coverage
1	0	21	0.00	21
2	0	30	0.00	30
3	0	13	0.00	13
4	0	123	0.00	123
5	0	175	0.00	175
6	0	226	0.00	226
7	2	254	0.78	256
8	0	189	0.00	189
9	0	230	0.00	230
10	0	217	0.00	217
11	0	239	0.00	239
12	0	210	0.00	210
13	1	182	0.55	183
14	0	173	0.00	173
15	3	256	1.16	259
16	0	228	0.00	228
17	0	255	0.00	255
18	2	253	0.78	255
19	1	216	0.46	217
20	1	152	0.65	153
21	2	242	0.82	244
22	0	247	0.00	247
23	0	216	0.00	216
24	0	202	0.00	202
25	0	234	0.00	234
26	0	219	0.00	219
27	0	234	0.00	234
28	0	227	0.00	227
29	2	173	1.14	175
30	0	192	0.00	192
31	1	252	0.40	253
32	0	190	0.00	190
33	1	253	0.39	254
34	1	218	0.46	219
35	0	223	0.00	223
36	1	210	0.47	211
37	2	192	1.03	194
38	0	194	0.00	194
39	1	233	0.43	234
40	1	218	0.46	219
41	1	260	0.38	261
42	1	210	0.47	211
43	2	195	1.02	197
44	1	242	0.41	243
45	1	204	0.49	205
46	0	233	0.00	233
47	0	171	0.00	171
48	1	215	0.46	216
49	1	207	0.48	208
50	0	214	0.00	214
51	1	247	0.40	248
52	0	207	0.00	207
53	0	212	0.00	212
54	0	209	0.00	209
55	0	169	0.00	169
56	0	204	0.00	204
57	1	211	0.47	212
58	1	241	0.41	242
59	0	185	0.00	185
60	0	144	0.00	144
61	0	191	0.00	191
62	1	161	0.62	162
63	0	186	0.00	186
64	0	204	0.00	204
65	1	209	0.48	210
66	2	172	1.15	174
67	0	174	0.00	174
68	0	193	0.00	193
69	0	199	0.00	199
70	1	184	0.54	185
71	0	166	0.00	166
72	0	201	0.00	201
73	1	186	0.53	187
74	0	135	0.00	135
75	0	160	0.00	160
76	0	192	0.00	192
77	0	187	0.00	187
78	1	144	0.69	145
79	0	156	0.00	156
80	0	147	0.00	147
81	0	184	0.00	184
82	0	137	0.00	137
83	0	112	0.00	112
84	1	116	0.85	117
85	1	112	0.88	113
86	0	174	0.00	174
87	0	129	0.00	129
88	0	122	0.00	122
89	0	107	0.00	107
90	2	119	1.65	121
91	1	135	0.74	136
92	0	93	0.00	93
93	0	78	0.00	78
94	1	98	1.01	99
95	1	90	1.10	91
96	0	105	0.00	105
97	0	118	0.00	118
98	0	82	0.00	82
99	0	40	0.00	40
100	0	6	0.00	6
101	0	8	0.00	8
102	0	5	0.00	5
103	0	7	0.00	7
104	0	2	0.00	2
105	0	6	0.00	6
106	0	2	0.00	2
107	0	2	0.00	2
108	0	6	0.00	6
109	0	3	0.00	3
110	0	3	0.00	3
111	0	2	0.00	2
112	0	9	0.00	9
113	0	2	0.00	2
114	0	1	0.00	1
115	0	4	0.00	4
116	0	2	0.00	2
117	0	0		0
118	0	4	0.00	4
119	0	3	0.00	3
120	0	3	0.00	3
121	0	1	0.00	1
122	0	1	0.00	1
123	0	2	0.00	2
124	0	2	0.00	2
125	0	2	0.00	2
126	0	0		0
127	0	1	0.00	1
128	0	1	0.00	1
129	0	2	0.00	2
130	0	0		0
131	0	3	0.00	3
132	0	1	0.00	1
133	0	0		0
134	0	0		0
135	0	1	0.00	1
136	0	1	0.00	1
137	0	1	0.00	1
138	0	0		0
139	0	1	0.00	1
140	0	1	0.00	1
141	0	1	0.00	1
142	0	0		0
143	0	1	0.00	1
144	0	0		0
145	0	0		0
146	0	0		0
147	0	0		0
148	0	0		0
149	0	1	0.00	1

CHH context (R1)
================
position	count methylated	count unmethylated	% methylation	coverage
1	0	42	0.00	42
2	1	29	3.33	30
3	0	15	0.00	15
4	1	347	0.29	348
5	6	424	1.40	430
6	1	462	0.22	463
7	2	418	0.48	420
8	0	379	0.00	379
9	3	364	0.82	367
10	1	353	0.28	354
11	1	341	0.29	342
12	0	336	0.00	336
13	4	392	1.01	396
14	3	406	0.73	409
15	2	361	0.55	363
16	1	358	0.28	359
17	1	316	0.32	317
18	1	292	0.34	293
19	2	315	0.63	317
20	3	370	0.80	373
21	0	323	0.00	323
22	1	327	0.30	328
23	1	337	0.30	338
24	2	348	0.57	350
25	0	374	0.00	374
26	2	337	0.59	339
27	0	373	0.00	373
28	0	364	0.00	364
29	4	361	1.10	365
30	0	404	0.00	404
31	1	356	0.28	357
32	1	392	0.25	393
33	4	340	1.16	344
34	2	329	0.60	331
35	0	303	0.00	303
36	1	369	0.27	370
37	1	385	0.26	386
38	0	357	0.00	357
39	3	334	0.89	337
40	4	303	1.30	307
41	2	307	0.65	309
42	0	320	0.00	320
43	1	343	0.29	344
44	2	368	0.54	370
45	4	319	1.24	323
46	3	345	0.86	348
47	1	325	0.31	326
48	3	335	0.89	338
49	1	411	0.24	412
50	2	399	0.50	401
51	1	392	0.25	393
52	4	357	1.11	361
53	0	328	0.00	328
54	2	301	0.66	303
55	0	333	0.00	333
56	1	310	0.32	311
57	0	330	0.00	330
58	1	302	0.33	303
59	2	312	0.64	314
60	0	320	0.00	320
61	1	329	0.30	330
62	1	327	0.30	328
63	1	322	0.31	323
64	2	338	0.59	340
65	1	321	0.31	322
66	0	288	0.00	288
67	5	317	1.55	322
68	1	343	0.29	344
69	1	314	0.32	315
70	3	281	1.06	284
71	0	302	0.00	302
72	1	304	0.33	305
73	3	282	1.05	285
74	1	248	0.40	249
75	0	309	0.00	309
76	1	272	0.37	273
77	2	267	0.74	269
78	0	266	0.00	266
79	1	264	0.38	265
80	0	299	0.00	299
81	1	263	0.38	264
82	0	285	0.00	285
83	0	243	0.00	243
84	0	238	0.00	238
85	0	289	0.00	289
86	3	257	1.15	260
87	0	193	0.00	193
88	1	235	0.42	236
89	0	222	0.00	222
90	0	194	0.00	194
91	0	192	0.00	192
92	1	192	0.52	193
93	0	191	0.00	191
94	1	168	0.59	169
95	0	204	0.00	204
96	2	157	1.26	159
97	1	157	0.63	158
98	0	175	0.00	175
99	0	72	0.00	72
100	0	8	0.00	8
101	0	7	0.00	7
102	0	8	0.00	8
103	0	6	0.00	6
104	0	12	0.00	12
105	0	9	0.00	9
106	0	10	0.00	10
107	0	10	0.00	10
108	0	5	0.00	5
109	0	2	0.00	2
110	0	10	0.00	10
111	0	9	0.00	9
112	0	3	0.00	3
113	0	3	0.00	3
114	0	5	0.00	5
115	0	9	0.00	9
116	0	5	0.00	5
117	0	10	0.00	10
118	0	7	0.00	7
119	0	3	0.00	3
120	0	1	0.00	1
121	0	2	0.00	2
122	0	3	0.00	3
123	0	1	0.00	1
124	0	1	0.00	1
125	0	1	0.00	1
126	0	1	0.00	1
127	0	3	0.00	3
128	0	3	0.00	3
129	0	0		0
130	0	3	0.00	3
131	0	1	0.00	1
132	0	3	0.00	3
133	0	1	0.00	1
134	0	7	0.00	7
135	0	2	0.00	2
136	0	1	0.00	1
137	0	0		0
138	0	1	0.00	1
139	0	0		0
140	0	0		0
141	0	0		0
142	0	0		0
143	0	0		0
144	0	0		0
145	0	0		0
146	0	1	0.00	1
147	0	0		0
148	0	1	0.00	1
149	0	0		0

CpG context (R2)
================
position	count methylated	count unmethylated	% methylation	coverage
1	0	18	0.00	18
2	0	9	0.00	9
3	3	69	4.17	72
4	1	75	1.32	76
5	4	105	3.67	109
6	5	94	5.05	99
7	8	107	6.96	115
8	6	80	6.98	86
9	8	82	8.89	90
10	3	81	3.57	84
11	2	77	2.53	79
12	2	67	2.90	69
13	7	65	9.72	72
14	4	39	9.30	43
15	3	49	5.77	52
16	0	50	0.00	50
17	2	30	6.25	32
18	2	45	4.26	47
19	0	25	0.00	25
20	1	41	2.38	42
21	0	35	0.00	35
22	5	42	10.64	47
23	0	41	0.00	41
24	4	65	5.80	69
25	1	30	3.23	31
26	0	27	0.00	27
27	3	29	9.38	32
28	0	25	0.00	25
29	0	41	0.00	41
30	2	19	9.52	21
31	2	28	6.67	30
32	2	25	7.41	27
33	1	11	8.33	12
34	3	21	12.50	24
35	1	10	9.09	11
36	1	10	9.09	11
37	2	27	6.90	29
38	0	20	0.00	20
39	0	12	0.00	12
40	2	8	20.00	10
41	0	13	0.00	13
42	1	11	8.33	12
43	0	10	0.00	10
44	1	12	7.69	13
45	0	0		0
46	2	8	20.00	10
47	0	8	0.00	8
48	0	7	0.00	7
49	1	4	20.00	5
50	1	5	16.67	6
51	0	4	0.00	4
52	0	7	0.00	7
53	1	3	25.00	4
54	2	3	40.00	5
55	0	2	0.00	2
56	0	3	0.00	3
57	1	1	50.00	2
58	0	5	0.00	5
59	0	2	0.00	2
60	1	1	50.00	2
61	0	1	0.00	1
62	0	1	0.00	1
63	0	1	0.00	1
64	0	0		0
65	1	0	100.00	1
66	0	3	0.00	3
67	0	2	0.00	2
68	0	1	0.00	1
69	0	1	0.00	1
70	0	0		0
71	0	2	0.00	2
72	0	1	0.00	1
73	0	0		0
74	0	0		0
75	0	2	0.00	2
76	0	0		0
77	0	2	0.00	2
78	0	0		0
79	0	0		0
80	0	0		0
81	0	1	0.00	1
82	0	1	0.00	1
83	0	1	0.00	1
84	0	0		0
85	0	1	0.00	1
86	0	0		0
87	0	1	0.00	1
88	0	0		0
89	0	0		0
90	0	0		0
91	0	1	0.00	1
92	0	0		0
93	0	0		0
94	0	0		0
95	0	1	0.00	1
96	0	0		0
97	0	1	0.00	1

CHG context (R2)
================
position	count methylated	count unmethylated	% methylation	coverage
1	16	2135	0.74	2151
2	0	24	0.00	24
3	0	2	0.00	2
4	0	46	0.00	46
5	0	67	0.00	67
6	0	72	0.00	72
7	1	77	1.28	78
8	0	83	0.00	83
9	0	74	0.00	74
10	1	46	2.13	47
11	0	75	0.00	75
12	1	41	2.38	42
13	0	49	0.00	49
14	0	45	0.00	45
15	0	41	0.00	41
16	0	47	0.00	47
17	1	57	1.72	58
18	0	54	0.00	54
19	1	48	2.04	49
20	0	52	0.00	52
21	0	28	0.00	28
22	0	48	0.00	48
23	0	31	0.00	31
24	0	21	0.00	21
25	0	46	0.00	46
26	0	14	0.00	14
27	0	9	0.00	9
28	1	21	4.55	22
29	0	25	0.00	25
30	0	25	0.00	25
31	0	28	0.00	28
32	0	19	0.00	19
33	0	26	0.00	26
34	0	15	0.00	15
35	0	36	0.00	36
36	0	21	0.00	21
37	0	12	0.00	12
38	0	8	0.00	8
39	0	13	0.00	13
40	0	14	0.00	14
41	0	19	0.00	19
42	0	7	0.00	7
43	0	7	0.00	7
44	0	4	0.00	4
45	0	14	0.00	14
46	0	1	0.00	1
47	0	5	0.00	5
48	0	9	0.00	9
49	0	5	0.00	5
50	0	9	0.00	9
51	0	3	0.00	3
52	0	6	0.00	6
53	0	3	0.00	3
54	0	2	0.00	2
55	0	4	0.00	4
56	0	3	0.00	3
57	0	0		0
58	0	4	0.00	4
59	0	0		0
60	0	4	0.00	4
61	0	1	0.00	1
62	0	0		0
63	0	4	0.00	4
64	0	1	0.00	1
65	0	1	0.00	1
66	0	0		0
67	0	2	0.00	2
68	0	3	0.00	3
69	0	0		0
70	0	0		0
71	0	0		0
72	0	0		0
73	0	1	0.00	1
74	0	0		0
75	0	0		0
76	0	1	0.00	1
77	0	0		0
78	0	0		0
79	0	0		0
80	0	1	0.00	1
81	0	0		0
82	0	0		0
83	0	0		0
84	0	0		0
85	0	0		0
86	0	1	0.00	1
87	0	0		0
88	0	0		0
89	0	0		0
90	0	0		0
91	0	0		0
92	0	0		0
93	0	0		0
94	0	0		0
95	0	1	0.00	1
96	0	0		0
97	0	0		0

CHH context (R2)
================
position	count methylated	count unmethylated	% methylation	coverage
1	0	13	0.00	13
2	4	925	0.43	929
3	0	254	0.00	254
4	0	179	0.00	179
5	1	128	0.78	129
6	1	107	0.93	108
7	0	101	0.00	101
8	1	130	0.76	131
9	0	106	0.00	106
10	1	125	0.79	126
11	1	76	1.30	77
12	0	75	0.00	75
13	0	73	0.00	73
14	1	94	1.05	95
15	0	85	0.00	85
16	1	73	1.35	74
17	0	71	0.00	71
18	0	77	0.00	77
19	0	69	0.00	69
20	1	65	1.52	66
21	0	42	0.00	42
22	0	38	0.00	38
23	0	43	0.00	43
24	0	45	0.00	45
25	0	45	0.00	45
26	0	39	0.00	39
27	0	31	0.00	31
28	0	26	0.00	26
29	0	30	0.00	30
30	0	23	0.00	23
31	1	26	3.70	27
32	0	30	0.00	30
33	0	21	0.00	21
34	0	20	0.00	20
35	0	22	0.00	22
36	1	12	7.69	13
37	0	13	0.00	13
38	0	22	0.00	22
39	0	10	0.00	10
40	0	14	0.00	14
41	1	10	9.09	11
42	0	14	0.00	14
43	0	15	0.00	15
44	0	21	0.00	21
45	0	12	0.00	12
46	0	15	0.00	15
47	0	9	0.00	9
48	0	2	0.00	2
49	0	7	0.00	7
50	0	6	0.00	6
51	0	11	0.00	11
52	0	10	0.00	10
53	0	7	0.00	7
54	0	7	0.00	7
55	0	4	0.00	4
56	0	8	0.00	8
57	0	2	0.00	2
58	0	3	0.00	3
59	0	1	0.00	1
60	0	2	0.00	2
61	0	2	0.00	2
62	0	5	0.00	5
63	0	1	0.00	1
64	0	1	0.00	1
65	0	0		0
66	0	1	0.00	1
67	0	0		0
68	0	3	0.00	3
69	0	6	0.00	6
70	0	1	0.00	1
71	0	0		0
72	0	1	0.00	1
73	0	0		0
74	0	0		0
75	0	1	0.00	1
76	0	0		0
77	0	1	0.00	1
78	0	1	0.00	1
79	0	0		0
80	0	0		0
81	0	0		0
82	0	0		0
83	0	0		0
84	0	1	0.00	1
85	0	0		0
86	0	0		0
87	0	1	0.00	1
88	0	0		0
89	0	0		0
90	0	0		0
91	0	0		0
92	0	0		0
93	0	0		0
94	0	0		0
95	0	0		0
96	0	0		0
97	0	0		0

