CpG context (R1)
================
position	count methylated	count unmethylated	% methylation	coverage
1	200	2155	8.49	2355
2	0	19	0.00	19
3	4	17	19.05	21
4	13	176	6.88	189
5	15	208	6.73	223
6	8	265	2.93	273
7	14	210	6.25	224
8	14	271	4.91	285
9	8	241	3.21	249
10	11	251	4.20	262
11	7	249	2.73	256
12	18	295	5.75	313
13	13	282	4.41	295
14	14	245	5.41	259
15	11	229	4.58	240
16	20	282	6.62	302
17	14	193	6.76	207
18	7	228	2.98	235
19	13	281	4.42	294
20	9	218	3.96	227
21	9	238	3.64	247
22	10	293	3.30	303
23	17	283	5.67	300
24	15	231	6.10	246
25	11	281	3.77	292
26	20	306	6.13	326
27	9	262	3.32	271
28	23	249	8.46	272
29	6	289	2.03	295
30	15	246	5.75	261
31	11	273	3.87	284
32	25	290	7.94	315
33	14	223	5.91	237
34	4	288	1.37	292
35	18	267	6.32	285
36	11	256	4.12	267
37	12	295	3.91	307
38	11	237	4.44	248
39	19	230	7.63	249
40	9	296	2.95	305
41	10	254	3.79	264
42	13	304	4.10	317
43	11	251	4.20	262
44	17	256	6.23	273
45	15	276	5.15	291
46	12	237	4.82	249
47	23	262	8.07	285
48	14	251	5.28	265
49	10	222	4.31	232
50	15	239	5.91	254
51	6	225	2.60	231
52	11	235	4.47	246
53	16	247	6.08	263
54	12	247	4.63	259
55	16	283	5.35	299
56	14	256	5.19	270
57	11	210	4.98	221
58	16	246	6.11	262
59	16	261	5.78	277
60	12	237	4.82	249
61	16	244	6.15	260
62	9	243	3.57	252
63	12	219	5.19	231
64	14	246	5.38	260
65	10	268	3.60	278
66	18	273	6.19	291
67	10	207	4.61	217
68	11	209	5.00	220
69	8	194	3.96	202
70	13	230	5.35	243
71	8	235	3.29	243
72	6	244	2.40	250
73	9	192	4.48	201
74	10	207	4.61	217
75	9	187	4.59	196
76	9	177	4.84	186
77	15	232	6.07	247
78	6	196	2.97	202
79	10	221	4.33	231
80	5	178	2.73	183
81	9	147	5.77	156
82	8	209	3.69	217
83	4	140	2.78	144
84	5	161	3.01	166
85	7	206	3.29	213
86	8	170	4.49	178
87	5	137	3.52	142
88	7	137	4.86	144
89	9	143	5.92	152
90	4	122	3.17	126
91	1	144	0.69	145
92	10	140	6.67	150
93	11	115	8.73	126
94	6	128	4.48	134
95	3	122	2.40	125
96	3	118	2.48	121
97	8	141	5.37	149
98	6	96	5.88	102
99	1	58	1.69	59
100	0	9	0.00	9
101	0	5	0.00	5
102	0	3	0.00	3
103	0	9	0.00	9
104	0	5	0.00	5
105	0	4	0.00	4
106	1	3	25.00	4
107	0	4	0.00	4
108	0	5	0.00	5
109	0	6	0.00	6
110	0	3	0.00	3
111	0	3	0.00	3
112	0	5	0.00	5
113	0	3	0.00	3
114	0	2	0.00	2
115	0	3	0.00	3
116	0	2	0.00	2
117	0	5	0.00	5
118	0	2	0.00	2
119	0	1	0.00	1
120	0	2	0.00	2
121	0	1	0.00	1
122	0	2	0.00	2
123	0	1	0.00	1
124	0	1	0.00	1
125	0	3	0.00	3
126	0	2	0.00	2
127	0	3	0.00	3
128	0	1	0.00	1
129	0	6	0.00	6
130	0	0		0
131	0	1	0.00	1
132	0	0		0
133	0	2	0.00	2
134	0	1	0.00	1
135	0	1	0.00	1
136	0	1	0.00	1
137	0	0		0
138	0	0		0
139	0	1	0.00	1
140	0	0		0
141	0	0		0
142	0	0		0
143	0	0		0
144	0	1	0.00	1
145	0	0		0
146	0	0		0
147	0	0		0
148	0	0		0
149	0	0		0

CHG context (R1)
================
position	count methylated	count unmethylated	% methylation	coverage
1	2	19	9.52	21
2	0	22	0.00	22
3	0	13	0.00	13
4	1	125	0.79	126
5	2	192	1.03	194
6	0	234	0.00	234
7	1	241	0.41	242
8	1	197	0.51	198
9	1	215	0.46	216
10	0	216	0.00	216
11	0	258	0.00	258
12	1	195	0.51	196
13	0	218	0.00	218
14	0	202	0.00	202
15	1	229	0.43	230
16	0	227	0.00	227
17	0	237	0.00	237
18	0	250	0.00	250
19	0	232	0.00	232
20	1	165	0.60	166
21	3	209	1.42	212
22	2	247	0.80	249
23	0	193	0.00	193
24	0	171	0.00	171
25	2	243	0.82	245
26	0	192	0.00	192
27	2	218	0.91	220
28	1	241	0.41	242
29	0	187	0.00	187
30	1	206	0.48	207
31	0	272	0.00	272
32	3	186	1.59	189
33	2	244	0.81	246
34	0	243	0.00	243
35	1	206	0.48	207
36	1	199	0.50	200
37	0	206	0.00	206
38	0	175	0.00	175
39	1	257	0.39	258
40	0	209	0.00	209
41	1	263	0.38	264
42	1	213	0.47	214
43	0	182	0.00	182
44	0	270	0.00	270
45	1	209	0.48	210
46	1	245	0.41	246
47	0	203	0.00	203
48	1	204	0.49	205
49	0	213	0.00	213
50	0	220	0.00	220
51	0	208	0.00	208
52	2	228	0.87	230
53	0	197	0.00	197
54	0	169	0.00	169
55	0	173	0.00	173
56	1	211	0.47	212
57	0	193	0.00	193
58	1	240	0.41	241
59	0	190	0.00	190
60	1	164	0.61	165
61	0	183	0.00	183
62	0	171	0.00	171
63	0	168	0.00	168
64	0	196	0.00	196
65	1	230	0.43	231
66	0	155	0.00	155
67	0	185	0.00	185
68	1	196	0.51	197
69	0	198	0.00	198
70	2	171	1.16	173
71	0	190	0.00	190
72	0	139	0.00	139
73	0	177	0.00	177
74	0	140	0.00	140
75	2	170	1.16	172
76	0	187	0.00	187
77	0	173	0.00	173
78	0	147	0.00	147
79	2	155	1.27	157
80	1	143	0.69	144
81	0	173	0.00	173
82	0	122	0.00	122
83	0	121	0.00	121
84	0	119	0.00	119
85	0	111	0.00	111
86	0	158	0.00	158
87	0	106	0.00	106
88	0	131	0.00	131
89	0	123	0.00	123
90	0	114	0.00	114
91	0	134	0.00	134
92	0	93	0.00	93
93	0	90	0.00	90
94	0	93	0.00	93
95	1	103	0.96	104
96	0	115	0.00	115
97	0	113	0.00	113
98	1	99	1.00	100
99	1	40	2.44	41
100	0	5	0.00	5
101	0	5	0.00	5
102	0	7	0.00	7
103	0	2	0.00	2
104	0	2	0.00	2
105	0	5	0.00	5
106	0	5	0.00	5
107	0	3	0.00	3
108	0	3	0.00	3
109	0	5	0.00	5
110	0	2	0.00	2
111	0	3	0.00	3
112	0	2	0.00	2
113	0	1	0.00	1
114	0	2	0.00	2
115	0	1	0.00	1
116	0	3	0.00	3
117	0	1	0.00	1
118	0	2	0.00	2
119	0	4	0.00	4
120	0	0		0
121	0	3	0.00	3
122	0	2	0.00	2
123	0	1	0.00	1
124	0	3	0.00	3
125	0	1	0.00	1
126	0	1	0.00	1
127	0	0		0
128	0	3	0.00	3
129	0	0		0
130	0	2	0.00	2
131	0	1	0.00	1
132	0	2	0.00	2
133	0	0		0
134	0	1	0.00	1
135	0	0		0
136	0	1	0.00	1
137	0	1	0.00	1
138	0	0		0
139	0	1	0.00	1
140	0	0		0
141	0	1	0.00	1
142	0	0		0
143	0	1	0.00	1
144	0	0		0
145	0	0		0
146	0	1	0.00	1
147	0	0		0
148	0	1	0.00	1
149	1	1	50.00	2

CHH context (R1)
================
position	count methylated	count unmethylated	% methylation	coverage
1	1	33	2.94	34
2	0	37	0.00	37
3	0	25	0.00	25
4	1	335	0.30	336
5	0	397	0.00	397
6	0	400	0.00	400
7	2	388	0.51	390
8	2	370	0.54	372
9	5	328	1.50	333
10	4	319	1.24	323
11	2	335	0.59	337
12	2	319	0.62	321
13	2	394	0.51	396
14	1	381	0.26	382
15	2	361	0.55	363
16	1	374	0.27	375
17	1	355	0.28	356
18	1	289	0.34	290
19	0	332	0.00	332
20	0	347	0.00	347
21	1	358	0.28	359
22	1	334	0.30	335
23	2	340	0.58	342
24	2	368	0.54	370
25	3	401	0.74	404
26	1	348	0.29	349
27	0	398	0.00	398
28	1	384	0.26	385
29	2	348	0.57	350
30	3	364	0.82	367
31	1	340	0.29	341
32	1	332	0.30	333
33	4	303	1.30	307
34	0	316	0.00	316
35	0	325	0.00	325
36	0	400	0.00	400
37	6	337	1.75	343
38	2	363	0.55	365
39	1	348	0.29	349
40	0	305	0.00	305
41	0	314	0.00	314
42	0	334	0.00	334
43	0	351	0.00	351
44	1	331	0.30	332
45	0	323	0.00	323
46	1	354	0.28	355
47	0	338	0.00	338
48	1	363	0.27	364
49	1	395	0.25	396
50	0	400	0.00	400
51	0	394	0.00	394
52	5	350	1.41	355
53	1	338	0.29	339
54	1	322	0.31	323
55	0	330	0.00	330
56	1	293	0.34	294
57	3	287	1.03	290
58	1	307	0.32	308
59	1	327	0.30	328
60	1	303	0.33	304
61	1	330	0.30	331
62	1	338	0.29	339
63	1	322	0.31	323
64	3	311	0.96	314
65	0	293	0.00	293
66	0	295	0.00	295
67	0	328	0.00	328
68	0	341	0.00	341
69	0	320	0.00	320
70	0	296	0.00	296
71	0	294	0.00	294
72	0	288	0.00	288
73	1	285	0.35	286
74	1	277	0.36	278
75	2	326	0.61	328
76	0	313	0.00	313
77	0	261	0.00	261
78	1	237	0.42	238
79	1	255	0.39	256
80	1	299	0.33	300
81	0	240	0.00	240
82	0	273	0.00	273
83	0	227	0.00	227
84	0	253	0.00	253
85	0	219	0.00	219
86	1	240	0.41	241
87	0	206	0.00	206
88	0	272	0.00	272
89	1	210	0.47	211
90	1	196	0.51	197
91	0	161	0.00	161
92	1	186	0.53	187
93	0	156	0.00	156
94	0	162	0.00	162
95	0	183	0.00	183
96	0	136	0.00	136
97	0	153	0.00	153
98	1	162	0.61	163
99	1	59	1.67	60
100	0	10	0.00	10
101	0	12	0.00	12
102	0	5	0.00	5
103	0	5	0.00	5
104	0	5	0.00	5
105	0	3	0.00	3
106	0	8	0.00	8
107	0	5	0.00	5
108	0	4	0.00	4
109	0	6	0.00	6
110	0	5	0.00	5
111	0	2	0.00	2
112	0	2	0.00	2
113	0	1	0.00	1
114	0	2	0.00	2
115	0	3	0.00	3
116	0	0		0
117	0	3	0.00	3
118	0	1	0.00	1
119	0	3	0.00	3
120	0	3	0.00	3
121	0	3	0.00	3
122	0	2	0.00	2
123	0	1	0.00	1
124	0	1	0.00	1
125	0	0		0
126	0	1	0.00	1
127	0	4	0.00	4
128	0	2	0.00	2
129	0	2	0.00	2
130	0	3	0.00	3
131	0	3	0.00	3
132	0	0		0
133	0	1	0.00	1
134	0	2	0.00	2
135	0	2	0.00	2
136	0	1	0.00	1
137	0	0		0
138	0	0		0
139	0	1	0.00	1
140	0	1	0.00	1
141	0	0		0
142	0	0		0
143	0	0		0
144	0	0		0
145	0	1	0.00	1
146	0	2	0.00	2
147	0	2	0.00	2
148	1	1	50.00	2
149	0	2	0.00	2

CpG context (R2)
================
position	count methylated	count unmethylated	% methylation	coverage
1	0	27	0.00	27
2	0	14	0.00	14
3	3	75	3.85	78
4	6	64	8.57	70
5	4	115	3.36	119
6	6	95	5.94	101
7	2	127	1.55	129
8	3	74	3.90	77
9	6	74	7.50	80
10	1	76	1.30	77
11	9	68	11.69	77
12	5	71	6.58	76
13	6	70	7.89	76
14	5	36	12.20	41
15	0	54	0.00	54
16	2	50	3.85	52
17	1	41	2.38	42
18	2	47	4.08	49
19	1	39	2.50	40
20	4	40	9.09	44
21	3	32	8.57	35
22	2	41	4.65	43
23	1	35	2.78	36
24	4	49	7.55	53
25	0	40	0.00	40
26	2	30	6.25	32
27	5	31	13.89	36
28	0	20	0.00	20
29	4	45	8.16	49
30	2	29	6.45	31
31	6	28	17.65	34
32	2	24	7.69	26
33	2	12	14.29	14
34	4	12	25.00	16
35	0	13	0.00	13
36	1	12	7.69	13
37	1	18	5.26	19
38	1	18	5.26	19
39	0	16	0.00	16
40	0	8	0.00	8
41	0	11	0.00	11
42	1	6	14.29	7
43	2	6	25.00	8
44	1	17	5.56	18
45	0	3	0.00	3
46	2	11	15.38	13
47	0	16	0.00	16
48	0	9	0.00	9
49	0	2	0.00	2
50	0	8	0.00	8
51	0	5	0.00	5
52	0	4	0.00	4
53	0	5	0.00	5
54	0	6	0.00	6
55	0	6	0.00	6
56	0	1	0.00	1
57	0	2	0.00	2
58	0	7	0.00	7
59	0	7	0.00	7
60	0	2	0.00	2
61	0	1	0.00	1
62	0	0		0
63	1	0	100.00	1
64	0	2	0.00	2
65	0	2	0.00	2
66	0	2	0.00	2
67	0	0		0
68	0	2	0.00	2
69	0	0		0
70	0	1	0.00	1
71	0	2	0.00	2
72	0	0		0
73	0	1	0.00	1
74	0	0		0
75	0	0		0
76	0	1	0.00	1
77	0	0		0
78	0	0		0
79	0	0		0
80	0	0		0
81	0	1	0.00	1
82	0	1	0.00	1
83	0	0		0
84	0	0		0
85	0	2	0.00	2
86	0	0		0
87	0	0		0
88	0	0		0
89	0	1	0.00	1
90	0	0		0
91	0	1	0.00	1
92	0	1	0.00	1
93	0	0		0
94	0	1	0.00	1
95	0	0		0
96	0	0		0
97	1	1	50.00	2

CHG context (R2)
================
position	count methylated	count unmethylated	% methylation	coverage
1	10	2135	0.47	2145
2	0	19	0.00	19
3	0	5	0.00	5
4	0	50	0.00	50
5	0	61	0.00	61
6	0	78	0.00	78
7	0	59	0.00	59
8	0	94	0.00	94
9	1	70	1.41	71
10	0	70	0.00	70
11	0	58	0.00	58
12	0	40	0.00	40
13	0	39	0.00	39
14	0	52	0.00	52
15	0	48	0.00	48
16	0	58	0.00	58
17	1	47	2.08	48
18	0	54	0.00	54
19	0	46	0.00	46
20	0	54	0.00	54
21	0	34	0.00	34
22	0	43	0.00	43
23	1	30	3.23	31
24	0	17	0.00	17
25	0	41	0.00	41
26	0	19	0.00	19
27	0	8	0.00	8
28	0	26	0.00	26
29	0	22	0.00	22
30	0	19	0.00	19
31	0	24	0.00	24
32	0	16	0.00	16
33	0	28	0.00	28
34	0	14	0.00	14
35	0	22	0.00	22
36	0	20	0.00	20
37	0	15	0.00	15
38	0	8	0.00	8
39	0	13	0.00	13
40	0	12	0.00	12
41	0	17	0.00	17
42	0	9	0.00	9
43	0	6	0.00	6
44	0	3	0.00	3
45	0	8	0.00	8
46	0	5	0.00	5
47	0	8	0.00	8
48	1	9	10.00	10
49	0	17	0.00	17
50	0	6	0.00	6
51	0	4	0.00	4
52	0	4	0.00	4
53	0	3	0.00	3
54	0	3	0.00	3
55	0	5	0.00	5
56	1	6	14.29	7
57	0	1	0.00	1
58	0	3	0.00	3
59	0	0		0
60	0	8	0.00	8
61	0	1	0.00	1
62	0	2	0.00	2
63	0	3	0.00	3
64	0	2	0.00	2
65	0	1	0.00	1
66	0	1	0.00	1
67	0	3	0.00	3
68	0	0		0
69	0	1	0.00	1
70	0	2	0.00	2
71	0	1	0.00	1
72	0	1	0.00	1
73	0	2	0.00	2
74	0	1	0.00	1
75	0	1	0.00	1
76	0	0		0
77	0	0		0
78	0	2	0.00	2
79	0	1	0.00	1
80	0	1	0.00	1
81	0	0		0
82	0	0		0
83	0	0		0
84	0	0		0
85	0	0		0
86	0	1	0.00	1
87	0	1	0.00	1
88	0	1	0.00	1
89	0	0		0
90	0	0		0
91	0	0		0
92	0	0		0
93	0	0		0
94	0	0		0
95	0	1	0.00	1
96	0	0		0
97	0	1	0.00	1

CHH context (R2)
================
position	count methylated	count unmethylated	% methylation	coverage
1	0	17	0.00	17
2	2	966	0.21	968
3	2	253	0.78	255
4	0	159	0.00	159
5	0	124	0.00	124
6	0	100	0.00	100
7	0	98	0.00	98
8	1	116	0.85	117
9	0	111	0.00	111
10	0	109	0.00	109
11	0	82	0.00	82
12	0	76	0.00	76
13	1	55	1.79	56
14	0	94	0.00	94
15	1	84	1.18	85
16	0	63	0.00	63
17	0	67	0.00	67
18	1	78	1.27	79
19	1	77	1.28	78
20	0	69	0.00	69
21	1	50	1.96	51
22	0	39	0.00	39
23	1	41	2.38	42
24	0	47	0.00	47
25	0	37	0.00	37
26	0	23	0.00	23
27	0	33	0.00	33
28	0	25	0.00	25
29	0	44	0.00	44
30	0	28	0.00	28
31	0	20	0.00	20
32	0	38	0.00	38
33	0	25	0.00	25
34	0	26	0.00	26
35	0	19	0.00	19
36	0	22	0.00	22
37	0	14	0.00	14
38	0	15	0.00	15
39	0	6	0.00	6
40	0	19	0.00	19
41	0	12	0.00	12
42	0	17	0.00	17
43	0	16	0.00	16
44	0	14	0.00	14
45	0	13	0.00	13
46	0	11	0.00	11
47	0	9	0.00	9
48	0	5	0.00	5
49	0	14	0.00	14
50	0	11	0.00	11
51	0	12	0.00	12
52	0	7	0.00	7
53	0	7	0.00	7
54	1	10	9.09	11
55	0	11	0.00	11
56	0	6	0.00	6
57	0	10	0.00	10
58	1	6	14.29	7
59	0	4	0.00	4
60	0	3	0.00	3
61	0	5	0.00	5
62	0	5	0.00	5
63	0	1	0.00	1
64	0	3	0.00	3
65	0	2	0.00	2
66	0	1	0.00	1
67	0	0		0
68	0	2	0.00	2
69	0	0		0
70	0	1	0.00	1
71	0	0		0
72	0	0		0
73	0	1	0.00	1
74	0	3	0.00	3
75	0	2	0.00	2
76	0	1	0.00	1
77	0	1	0.00	1
78	0	0		0
79	0	2	0.00	2
80	0	1	0.00	1
81	0	0		0
82	0	0		0
83	0	0		0
84	0	0		0
85	0	0		0
86	0	0		0
87	0	1	0.00	1
88	0	0		0
89	0	0		0
90	0	0		0
91	0	0		0
92	0	0		0
93	0	0		0
94	0	0		0
95	0	0		0
96	0	0		0
97	0	0		0

