CpG context (R1)
================
position	count methylated	count unmethylated	% methylation	coverage
1	209	2153	8.85	2362
2	0	19	0.00	19
3	1	14	6.67	15
4	6	192	3.03	198
5	24	190	11.21	214
6	11	273	3.87	284
7	13	223	5.51	236
8	13	299	4.17	312
9	8	231	3.35	239
10	22	245	8.24	267
11	13	260	4.76	273
12	15	288	4.95	303
13	14	291	4.59	305
14	9	263	3.31	272
15	11	225	4.66	236
16	13	273	4.55	286
17	18	215	7.73	233
18	8	253	3.07	261
19	20	283	6.60	303
20	10	220	4.35	230
21	13	227	5.42	240
22	14	265	5.02	279
23	23	254	8.30	277
24	16	210	7.08	226
25	13	267	4.64	280
26	19	274	6.48	293
27	11	296	3.58	307
28	20	252	7.35	272
29	7	271	2.52	278
30	21	285	6.86	306
31	13	261	4.74	274
32	15	312	4.59	327
33	7	216	3.14	223
34	13	234	5.26	247
35	11	269	3.93	280
36	11	199	5.24	210
37	18	283	5.98	301
38	14	238	5.56	252
39	16	221	6.75	237
40	14	262	5.07	276
41	19	229	7.66	248
42	8	255	3.04	263
43	11	236	4.45	247
44	13	239	5.16	252
45	18	266	6.34	284
46	22	242	8.33	264
47	12	258	4.44	270
48	13	259	4.78	272
49	15	227	6.20	242
50	12	224	5.08	236
51	18	231	7.23	249
52	11	233	4.51	244
53	12	241	4.74	253
54	20	221	8.30	241
55	17	278	5.76	295
56	15	240	5.88	255
57	10	221	4.33	231
58	9	247	3.52	256
59	8	263	2.95	271
60	11	226	4.64	237
61	15	245	5.77	260
62	13	242	5.10	255
63	15	197	7.08	212
64	13	234	5.26	247
65	9	238	3.64	247
66	14	217	6.06	231
67	14	222	5.93	236
68	11	208	5.02	219
69	12	204	5.56	216
70	9	208	4.15	217
71	15	272	5.23	287
72	7	222	3.06	229
73	6	254	2.31	260
74	11	201	5.19	212
75	10	179	5.29	189
76	10	207	4.61	217
77	10	216	4.42	226
78	8	164	4.65	172
79	17	205	7.66	222
80	12	173	6.49	185
81	6	161	3.59	167
82	12	176	6.38	188
83	9	141	6.00	150
84	4	164	2.38	168
85	4	181	2.16	185
86	8	163	4.68	171
87	12	158	7.06	170
88	5	112	4.27	117
89	10	175	5.41	185
90	6	117	4.88	123
91	7	131	5.07	138
92	6	133	4.32	139
93	8	119	6.30	127
94	6	134	4.29	140
95	8	122	6.15	130
96	5	93	5.10	98
97	6	125	4.58	131
98	9	107	7.76	116
99	2	44	4.35	46
100	1	5	16.67	6
101	2	2	50.00	4
102	0	5	0.00	5
103	1	8	11.11	9
104	0	5	0.00	5
105	0	6	0.00	6
106	2	4	33.33	6
107	0	3	0.00	3
108	0	4	0.00	4
109	0	10	0.00	10
110	0	1	0.00	1
111	1	4	20.00	5
112	0	3	0.00	3
113	0	4	0.00	4
114	0	0		0
115	0	4	0.00	4
116	0	4	0.00	4
117	0	3	0.00	3
118	0	3	0.00	3
119	1	4	20.00	5
120	0	2	0.00	2
121	0	5	0.00	5
122	0	1	0.00	1
123	0	1	0.00	1
124	0	1	0.00	1
125	1	2	33.33	3
126	0	4	0.00	4
127	0	3	0.00	3
128	0	3	0.00	3
129	0	5	0.00	5
130	0	3	0.00	3
131	0	1	0.00	1
132	0	1	0.00	1
133	0	2	0.00	2
134	0	0		0
135	0	0		0
136	0	1	0.00	1
137	0	0		0
138	0	2	0.00	2
139	0	1	0.00	1
140	0	0		0
141	0	1	0.00	1
142	0	1	0.00	1
143	0	1	0.00	1
144	0	0		0
145	1	1	50.00	2

CHG context (R1)
================
position	count methylated	count unmethylated	% methylation	coverage
1	0	10	0.00	10
2	0	24	0.00	24
3	0	12	0.00	12
4	0	113	0.00	113
5	0	199	0.00	199
6	0	240	0.00	240
7	0	260	0.00	260
8	1	229	0.43	230
9	1	244	0.41	245
10	0	205	0.00	205
11	1	235	0.42	236
12	0	210	0.00	210
13	0	196	0.00	196
14	1	185	0.54	186
15	1	221	0.45	222
16	0	192	0.00	192
17	0	247	0.00	247
18	1	264	0.38	265
19	1	207	0.48	208
20	0	181	0.00	181
21	1	203	0.49	204
22	0	237	0.00	237
23	1	197	0.51	198
24	0	216	0.00	216
25	0	252	0.00	252
26	2	218	0.91	220
27	1	234	0.43	235
28	1	190	0.52	191
29	1	209	0.48	210
30	0	163	0.00	163
31	3	258	1.15	261
32	1	196	0.51	197
33	0	226	0.00	226
34	1	235	0.42	236
35	0	224	0.00	224
36	0	220	0.00	220
37	0	185	0.00	185
38	0	188	0.00	188
39	1	244	0.41	245
40	0	223	0.00	223
41	1	244	0.41	245
42	1	223	0.45	224
43	0	211	0.00	211
44	1	245	0.41	246
45	1	202	0.49	203
46	0	205	0.00	205
47	1	205	0.49	206
48	0	204	0.00	204
49	0	187	0.00	187
50	0	225	0.00	225
51	0	234	0.00	234
52	2	210	0.94	212
53	2	196	1.01	198
54	0	210	0.00	210
55	1	173	0.57	174
56	1	241	0.41	242
57	1	210	0.47	211
58	0	221	0.00	221
59	1	175	0.57	176
60	0	155	0.00	155
61	0	172	0.00	172
62	0	175	0.00	175
63	0	177	0.00	177
64	2	206	0.96	208
65	0	193	0.00	193
66	0	183	0.00	183
67	0	164	0.00	164
68	1	211	0.47	212
69	0	195	0.00	195
70	1	191	0.52	192
71	0	150	0.00	150
72	0	153	0.00	153
73	0	151	0.00	151
74	1	163	0.61	164
75	0	142	0.00	142
76	0	176	0.00	176
77	1	175	0.57	176
78	0	150	0.00	150
79	1	141	0.70	142
80	1	121	0.82	122
81	1	175	0.57	176
82	0	135	0.00	135
83	0	149	0.00	149
84	0	133	0.00	133
85	0	123	0.00	123
86	0	149	0.00	149
87	2	103	1.90	105
88	0	160	0.00	160
89	0	106	0.00	106
90	0	108	0.00	108
91	1	132	0.75	133
92	1	97	1.02	98
93	0	75	0.00	75
94	0	95	0.00	95
95	1	96	1.03	97
96	0	107	0.00	107
97	0	135	0.00	135
98	0	85	0.00	85
99	0	42	0.00	42
100	0	7	0.00	7
101	0	7	0.00	7
102	0	7	0.00	7
103	0	2	0.00	2
104	0	2	0.00	2
105	0	8	0.00	8
106	0	5	0.00	5
107	0	5	0.00	5
108	0	8	0.00	8
109	0	2	0.00	2
110	0	3	0.00	3
111	0	4	0.00	4
112	0	4	0.00	4
113	0	1	0.00	1
114	0	3	0.00	3
115	0	3	0.00	3
116	0	2	0.00	2
117	0	4	0.00	4
118	0	4	0.00	4
119	0	2	0.00	2
120	0	3	0.00	3
121	0	3	0.00	3
122	0	0		0
123	0	2	0.00	2
124	0	4	0.00	4
125	0	1	0.00	1
126	0	1	0.00	1
127	0	0		0
128	0	2	0.00	2
129	0	1	0.00	1
130	0	1	0.00	1
131	0	0		0
132	0	2	0.00	2
133	0	0		0
134	0	0		0
135	0	3	0.00	3
136	0	0		0
137	0	1	0.00	1
138	0	0		0
139	0	0		0
140	0	1	0.00	1
141	0	1	0.00	1
142	0	0		0
143	0	0		0
144	0	0		0
145	0	0		0

CHH context (R1)
================
position	count methylated	count unmethylated	% methylation	coverage
1	2	36	5.26	38
2	0	36	0.00	36
3	0	22	0.00	22
4	3	308	0.96	311
5	1	377	0.26	378
6	0	403	0.00	403
7	3	404	0.74	407
8	1	349	0.29	350
9	0	297	0.00	297
10	2	325	0.61	327
11	3	304	0.98	307
12	1	320	0.31	321
13	2	377	0.53	379
14	2	355	0.56	357
15	0	374	0.00	374
16	0	372	0.00	372
17	0	331	0.00	331
18	0	308	0.00	308
19	1	321	0.31	322
20	2	359	0.55	361
21	0	344	0.00	344
22	1	326	0.31	327
23	0	354	0.00	354
24	0	366	0.00	366
25	1	390	0.26	391
26	0	337	0.00	337
27	2	378	0.53	380
28	1	382	0.26	383
29	2	322	0.62	324
30	4	356	1.11	360
31	1	337	0.30	338
32	1	362	0.28	363
33	0	293	0.00	293
34	2	360	0.55	362
35	1	317	0.31	318
36	1	367	0.27	368
37	2	343	0.58	345
38	0	369	0.00	369
39	1	346	0.29	347
40	0	339	0.00	339
41	3	347	0.86	350
42	2	366	0.54	368
43	0	359	0.00	359
44	0	385	0.00	385
45	2	292	0.68	294
46	2	352	0.56	354
47	2	314	0.63	316
48	0	341	0.00	341
49	1	382	0.26	383
50	1	393	0.25	394
51	0	414	0.00	414
52	3	342	0.87	345
53	3	346	0.86	349
54	2	290	0.68	292
55	2	330	0.60	332
56	4	296	1.33	300
57	1	297	0.34	298
58	2	286	0.69	288
59	2	295	0.67	297
60	4	311	1.27	315
61	1	319	0.31	320
62	1	353	0.28	354
63	1	336	0.30	337
64	2	354	0.56	356
65	0	338	0.00	338
66	1	289	0.34	290
67	2	334	0.60	336
68	4	327	1.21	331
69	0	309	0.00	309
70	2	270	0.74	272
71	2	299	0.66	301
72	1	242	0.41	243
73	1	302	0.33	303
74	0	274	0.00	274
75	1	304	0.33	305
76	1	316	0.32	317
77	0	278	0.00	278
78	0	284	0.00	284
79	1	291	0.34	292
80	2	295	0.67	297
81	1	248	0.40	249
82	1	283	0.35	284
83	1	233	0.43	234
84	0	234	0.00	234
85	2	247	0.80	249
86	0	266	0.00	266
87	0	209	0.00	209
88	0	230	0.00	230
89	1	193	0.52	194
90	0	167	0.00	167
91	0	184	0.00	184
92	1	218	0.46	219
93	0	182	0.00	182
94	0	155	0.00	155
95	0	196	0.00	196
96	1	171	0.58	172
97	0	170	0.00	170
98	0	183	0.00	183
99	0	65	0.00	65
100	0	10	0.00	10
101	0	8	0.00	8
102	0	5	0.00	5
103	0	3	0.00	3
104	0	8	0.00	8
105	0	3	0.00	3
106	0	5	0.00	5
107	0	10	0.00	10
108	0	3	0.00	3
109	0	8	0.00	8
110	0	4	0.00	4
111	0	1	0.00	1
112	0	3	0.00	3
113	0	6	0.00	6
114	0	3	0.00	3
115	0	3	0.00	3
116	0	2	0.00	2
117	0	5	0.00	5
118	0	4	0.00	4
119	0	0		0
120	0	2	0.00	2
121	0	2	0.00	2
122	0	4	0.00	4
123	0	3	0.00	3
124	0	3	0.00	3
125	0	2	0.00	2
126	0	2	0.00	2
127	0	2	0.00	2
128	0	3	0.00	3
129	0	1	0.00	1
130	0	0		0
131	0	5	0.00	5
132	0	3	0.00	3
133	0	2	0.00	2
134	0	3	0.00	3
135	0	1	0.00	1
136	0	1	0.00	1
137	0	0		0
138	0	1	0.00	1
139	0	1	0.00	1
140	0	1	0.00	1
141	0	0		0
142	0	0		0
143	0	0		0
144	0	0		0
145	0	1	0.00	1

CpG context (R2)
================
position	count methylated	count unmethylated	% methylation	coverage
1	0	27	0.00	27
2	0	20	0.00	20
3	3	70	4.11	73
4	4	66	5.71	70
5	7	118	5.60	125
6	6	77	7.23	83
7	7	128	5.19	135
8	4	77	4.94	81
9	5	82	5.75	87
10	5	74	6.33	79
11	4	64	5.88	68
12	6	56	9.68	62
13	5	92	5.15	97
14	1	48	2.04	49
15	6	59	9.23	65
16	2	55	3.51	57
17	2	44	4.35	46
18	2	44	4.35	46
19	2	48	4.00	50
20	2	35	5.41	37
21	3	37	7.50	40
22	1	54	1.82	55
23	3	33	8.33	36
24	2	47	4.08	49
25	1	28	3.45	29
26	2	27	6.90	29
27	4	21	16.00	25
28	0	24	0.00	24
29	2	35	5.41	37
30	1	18	5.26	19
31	0	24	0.00	24
32	1	27	3.57	28
33	0	19	0.00	19
34	3	13	18.75	16
35	3	13	18.75	16
36	0	12	0.00	12
37	2	24	7.69	26
38	0	24	0.00	24
39	0	11	0.00	11
40	0	11	0.00	11
41	0	7	0.00	7
42	2	12	14.29	14
43	2	11	15.38	13
44	1	15	6.25	16
45	0	3	0.00	3
46	6	16	27.27	22
47	0	4	0.00	4
48	0	6	0.00	6
49	0	4	0.00	4
50	1	8	11.11	9
51	0	4	0.00	4
52	1	7	12.50	8
53	0	3	0.00	3
54	1	6	14.29	7
55	0	1	0.00	1
56	2	2	50.00	4
57	1	1	50.00	2
58	0	4	0.00	4
59	0	2	0.00	2
60	1	0	100.00	1
61	0	1	0.00	1
62	0	0		0
63	1	2	33.33	3
64	0	1	0.00	1
65	0	1	0.00	1
66	0	2	0.00	2
67	0	1	0.00	1
68	0	0		0
69	0	1	0.00	1
70	0	0		0
71	0	0		0
72	0	1	0.00	1
73	0	0		0
74	0	0		0
75	0	1	0.00	1
76	0	0		0
77	0	0		0
78	0	1	0.00	1
79	0	1	0.00	1

CHG context (R2)
================
position	count methylated	count unmethylated	% methylation	coverage
1	19	2103	0.90	2122
2	0	31	0.00	31
3	0	7	0.00	7
4	0	39	0.00	39
5	0	58	0.00	58
6	0	63	0.00	63
7	0	79	0.00	79
8	0	99	0.00	99
9	0	61	0.00	61
10	2	66	2.94	68
11	1	63	1.56	64
12	0	43	0.00	43
13	0	30	0.00	30
14	0	62	0.00	62
15	0	45	0.00	45
16	0	45	0.00	45
17	1	67	1.47	68
18	0	34	0.00	34
19	0	54	0.00	54
20	0	62	0.00	62
21	1	25	3.85	26
22	0	51	0.00	51
23	0	34	0.00	34
24	0	23	0.00	23
25	0	35	0.00	35
26	0	23	0.00	23
27	2	22	8.33	24
28	0	19	0.00	19
29	0	25	0.00	25
30	0	24	0.00	24
31	0	24	0.00	24
32	0	18	0.00	18
33	1	21	4.55	22
34	0	16	0.00	16
35	0	19	0.00	19
36	0	18	0.00	18
37	0	13	0.00	13
38	0	12	0.00	12
39	0	14	0.00	14
40	1	15	6.25	16
41	0	12	0.00	12
42	0	3	0.00	3
43	0	7	0.00	7
44	0	2	0.00	2
45	0	9	0.00	9
46	0	2	0.00	2
47	0	11	0.00	11
48	0	3	0.00	3
49	0	9	0.00	9
50	0	12	0.00	12
51	0	2	0.00	2
52	0	6	0.00	6
53	0	7	0.00	7
54	0	1	0.00	1
55	0	5	0.00	5
56	0	4	0.00	4
57	0	0		0
58	0	1	0.00	1
59	0	1	0.00	1
60	0	3	0.00	3
61	0	1	0.00	1
62	0	1	0.00	1
63	0	3	0.00	3
64	0	2	0.00	2
65	0	0		0
66	0	0		0
67	0	2	0.00	2
68	0	0		0
69	0	0		0
70	0	1	0.00	1
71	0	1	0.00	1
72	0	0		0
73	0	1	0.00	1
74	0	1	0.00	1
75	0	0		0
76	0	0		0
77	0	0		0
78	0	0		0
79	0	0		0

CHH context (R2)
================
position	count methylated	count unmethylated	% methylation	coverage
1	0	9	0.00	9
2	1	904	0.11	905
3	0	275	0.00	275
4	0	174	0.00	174
5	0	147	0.00	147
6	1	85	1.16	86
7	0	82	0.00	82
8	0	139	0.00	139
9	0	152	0.00	152
10	0	131	0.00	131
11	0	95	0.00	95
12	0	82	0.00	82
13	1	71	1.39	72
14	1	88	1.12	89
15	0	75	0.00	75
16	0	77	0.00	77
17	0	71	0.00	71
18	0	72	0.00	72
19	1	72	1.37	73
20	0	58	0.00	58
21	1	58	1.69	59
22	0	47	0.00	47
23	1	40	2.44	41
24	0	46	0.00	46
25	0	45	0.00	45
26	0	32	0.00	32
27	0	38	0.00	38
28	0	35	0.00	35
29	0	42	0.00	42
30	0	31	0.00	31
31	0	26	0.00	26
32	0	28	0.00	28
33	0	15	0.00	15
34	0	23	0.00	23
35	0	23	0.00	23
36	0	16	0.00	16
37	0	14	0.00	14
38	0	13	0.00	13
39	0	4	0.00	4
40	0	15	0.00	15
41	0	9	0.00	9
42	0	15	0.00	15
43	0	12	0.00	12
44	0	17	0.00	17
45	0	14	0.00	14
46	1	18	5.26	19
47	0	13	0.00	13
48	0	10	0.00	10
49	0	6	0.00	6
50	0	7	0.00	7
51	0	15	0.00	15
52	2	14	12.50	16
53	0	15	0.00	15
54	0	18	0.00	18
55	0	10	0.00	10
56	0	11	0.00	11
57	0	4	0.00	4
58	0	5	0.00	5
59	0	2	0.00	2
60	0	1	0.00	1
61	0	1	0.00	1
62	0	2	0.00	2
63	0	1	0.00	1
64	0	0		0
65	0	0		0
66	0	0		0
67	0	1	0.00	1
68	0	3	0.00	3
69	0	0		0
70	0	0		0
71	0	1	0.00	1
72	0	0		0
73	0	0		0
74	0	0		0
75	0	1	0.00	1
76	0	0		0
77	0	1	0.00	1
78	0	0		0
79	0	0		0

