CpG context (R1)
================
position	count methylated	count unmethylated	% methylation	coverage
1	211	2162	8.89	2373
2	1	24	4.00	25
3	3	19	13.64	22
4	5	158	3.07	163
5	8	204	3.77	212
6	15	239	5.91	254
7	10	250	3.85	260
8	14	299	4.47	313
9	23	256	8.24	279
10	17	235	6.75	252
11	15	244	5.79	259
12	15	292	4.89	307
13	18	250	6.72	268
14	11	254	4.15	265
15	9	252	3.45	261
16	18	281	6.02	299
17	8	216	3.57	224
18	4	254	1.55	258
19	16	305	4.98	321
20	7	213	3.18	220
21	13	240	5.14	253
22	4	260	1.52	264
23	13	269	4.61	282
24	10	250	3.85	260
25	12	291	3.96	303
26	13	293	4.25	306
27	16	247	6.08	263
28	15	265	5.36	280
29	5	299	1.64	304
30	7	266	2.56	273
31	18	312	5.45	330
32	16	286	5.30	302
33	9	219	3.95	228
34	11	266	3.97	277
35	18	268	6.29	286
36	14	213	6.17	227
37	15	269	5.28	284
38	12	232	4.92	244
39	9	244	3.56	253
40	7	259	2.63	266
41	14	220	5.98	234
42	9	262	3.32	271
43	14	250	5.30	264
44	11	265	3.99	276
45	11	265	3.99	276
46	14	233	5.67	247
47	12	281	4.10	293
48	11	268	3.94	279
49	14	243	5.45	257
50	11	237	4.44	248
51	11	250	4.21	261
52	14	214	6.14	228
53	14	242	5.47	256
54	8	219	3.52	227
55	15	269	5.28	284
56	16	233	6.43	249
57	20	222	8.26	242
58	9	237	3.66	246
59	18	278	6.08	296
60	10	244	3.94	254
61	11	228	4.60	239
62	14	226	5.83	240
63	12	213	5.33	225
64	8	241	3.21	249
65	11	232	4.53	243
66	9	265	3.28	274
67	17	195	8.02	212
68	6	214	2.73	220
69	10	206	4.63	216
70	10	233	4.12	243
71	15	246	5.75	261
72	9	246	3.53	255
73	6	222	2.63	228
74	9	188	4.57	197
75	7	196	3.45	203
76	9	184	4.66	193
77	12	231	4.94	243
78	7	183	3.68	190
79	4	202	1.94	206
80	8	191	4.02	199
81	9	184	4.66	193
82	4	183	2.14	187
83	9	138	6.12	147
84	8	153	4.97	161
85	8	186	4.12	194
86	10	166	5.68	176
87	7	159	4.22	166
88	4	123	3.15	127
89	13	156	7.69	169
90	4	110	3.51	114
91	6	136	4.23	142
92	2	139	1.42	141
93	4	126	3.08	130
94	3	121	2.42	124
95	10	106	8.62	116
96	4	92	4.17	96
97	3	140	2.10	143
98	8	93	7.92	101
99	1	55	1.79	56
100	0	7	0.00	7
101	0	7	0.00	7
102	0	2	0.00	2
103	1	9	10.00	10
104	0	4	0.00	4
105	1	4	20.00	5
106	0	5	0.00	5
107	0	4	0.00	4
108	0	5	0.00	5
109	0	7	0.00	7
110	0	2	0.00	2
111	1	4	20.00	5
112	0	4	0.00	4
113	0	4	0.00	4
114	0	2	0.00	2
115	0	5	0.00	5
116	0	2	0.00	2
117	0	0		0
118	0	1	0.00	1
119	0	2	0.00	2
120	1	3	25.00	4
121	0	1	0.00	1
122	0	5	0.00	5
123	0	2	0.00	2
124	0	2	0.00	2
125	0	1	0.00	1
126	0	1	0.00	1
127	0	3	0.00	3
128	0	1	0.00	1
129	0	3	0.00	3
130	0	2	0.00	2
131	0	0		0
132	0	1	0.00	1
133	0	0		0
134	0	1	0.00	1
135	0	0		0
136	0	3	0.00	3
137	0	1	0.00	1
138	0	4	0.00	4
139	0	0		0
140	0	0		0
141	0	1	0.00	1
142	0	0		0
143	0	0		0
144	0	1	0.00	1
145	0	1	0.00	1
146	0	1	0.00	1
147	0	0		0
148	0	0		0
149	0	1	0.00	1

CHG context (R1)
================
position	count methylated	count unmethylated	% methylation	coverage
1	1	16	5.88	17
2	0	24	0.00	24
3	0	14	0.00	14
4	2	140	1.41	142
5	2	222	0.89	224
6	0	254	0.00	254
7	1	258	0.39	259
8	2	216	0.92	218
9	5	207	2.36	212
10	0	205	0.00	205
11	1	226	0.44	227
12	2	193	1.03	195
13	0	192	0.00	192
14	0	204	0.00	204
15	2	237	0.84	239
16	0	192	0.00	192
17	1	253	0.39	254
18	1	255	0.39	256
19	0	210	0.00	210
20	0	188	0.00	188
21	2	208	0.95	210
22	0	242	0.00	242
23	1	232	0.43	233
24	2	192	1.03	194
25	2	251	0.79	253
26	1	188	0.53	189
27	2	218	0.91	220
28	0	247	0.00	247
29	0	162	0.00	162
30	0	178	0.00	178
31	0	257	0.00	257
32	0	183	0.00	183
33	3	259	1.15	262
34	1	233	0.43	234
35	0	223	0.00	223
36	0	224	0.00	224
37	1	195	0.51	196
38	1	187	0.53	188
39	0	224	0.00	224
40	3	201	1.47	204
41	1	243	0.41	244
42	0	223	0.00	223
43	0	234	0.00	234
44	1	251	0.40	252
45	2	192	1.03	194
46	1	246	0.40	247
47	0	197	0.00	197
48	0	188	0.00	188
49	1	200	0.50	201
50	0	216	0.00	216
51	1	206	0.48	207
52	1	247	0.40	248
53	1	205	0.49	206
54	0	223	0.00	223
55	0	165	0.00	165
56	0	207	0.00	207
57	1	200	0.50	201
58	0	231	0.00	231
59	0	191	0.00	191
60	1	140	0.71	141
61	0	209	0.00	209
62	0	156	0.00	156
63	0	198	0.00	198
64	0	170	0.00	170
65	3	189	1.56	192
66	0	176	0.00	176
67	2	174	1.14	176
68	0	189	0.00	189
69	0	186	0.00	186
70	0	192	0.00	192
71	1	163	0.61	164
72	0	161	0.00	161
73	0	163	0.00	163
74	0	149	0.00	149
75	1	154	0.65	155
76	0	186	0.00	186
77	0	168	0.00	168
78	0	137	0.00	137
79	2	164	1.20	166
80	2	152	1.30	154
81	0	143	0.00	143
82	0	101	0.00	101
83	1	122	0.81	123
84	0	115	0.00	115
85	0	122	0.00	122
86	1	135	0.74	136
87	0	96	0.00	96
88	1	134	0.74	135
89	0	122	0.00	122
90	0	117	0.00	117
91	0	124	0.00	124
92	0	89	0.00	89
93	0	92	0.00	92
94	0	105	0.00	105
95	0	88	0.00	88
96	0	126	0.00	126
97	0	120	0.00	120
98	0	100	0.00	100
99	0	42	0.00	42
100	0	3	0.00	3
101	0	5	0.00	5
102	0	5	0.00	5
103	0	4	0.00	4
104	0	3	0.00	3
105	0	4	0.00	4
106	0	4	0.00	4
107	0	3	0.00	3
108	0	2	0.00	2
109	0	2	0.00	2
110	0	1	0.00	1
111	0	0		0
112	0	4	0.00	4
113	0	1	0.00	1
114	0	0		0
115	0	3	0.00	3
116	0	1	0.00	1
117	0	1	0.00	1
118	0	2	0.00	2
119	0	1	0.00	1
120	0	3	0.00	3
121	0	3	0.00	3
122	0	1	0.00	1
123	0	1	0.00	1
124	0	1	0.00	1
125	0	1	0.00	1
126	0	4	0.00	4
127	0	0		0
128	0	1	0.00	1
129	0	2	0.00	2
130	0	0		0
131	0	2	0.00	2
132	0	1	0.00	1
133	0	2	0.00	2
134	0	0		0
135	0	3	0.00	3
136	0	0		0
137	0	1	0.00	1
138	0	0		0
139	0	0		0
140	0	1	0.00	1
141	0	1	0.00	1
142	0	0		0
143	0	0		0
144	0	0		0
145	0	1	0.00	1
146	0	0		0
147	0	2	0.00	2
148	0	2	0.00	2
149	0	1	0.00	1

CHH context (R1)
================
position	count methylated	count unmethylated	% methylation	coverage
1	0	29	0.00	29
2	1	19	5.00	20
3	0	18	0.00	18
4	1	338	0.29	339
5	0	409	0.00	409
6	1	411	0.24	412
7	3	368	0.81	371
8	0	323	0.00	323
9	0	310	0.00	310
10	2	318	0.62	320
11	1	299	0.33	300
12	0	332	0.00	332
13	3	358	0.83	361
14	1	422	0.24	423
15	1	379	0.26	380
16	1	362	0.28	363
17	1	341	0.29	342
18	1	299	0.33	300
19	1	289	0.34	290
20	1	366	0.27	367
21	1	357	0.28	358
22	0	333	0.00	333
23	0	345	0.00	345
24	3	346	0.86	349
25	2	361	0.55	363
26	1	354	0.28	355
27	0	383	0.00	383
28	1	360	0.28	361
29	1	327	0.30	328
30	0	367	0.00	367
31	1	326	0.31	327
32	0	384	0.00	384
33	1	314	0.32	315
34	0	334	0.00	334
35	1	314	0.32	315
36	1	322	0.31	323
37	0	345	0.00	345
38	2	357	0.56	359
39	1	344	0.29	345
40	0	338	0.00	338
41	2	344	0.58	346
42	1	345	0.29	346
43	0	323	0.00	323
44	0	293	0.00	293
45	2	312	0.64	314
46	2	329	0.60	331
47	0	293	0.00	293
48	0	323	0.00	323
49	0	371	0.00	371
50	0	373	0.00	373
51	2	419	0.48	421
52	0	372	0.00	372
53	1	341	0.29	342
54	0	299	0.00	299
55	0	306	0.00	306
56	1	272	0.37	273
57	0	284	0.00	284
58	2	289	0.69	291
59	0	296	0.00	296
60	0	310	0.00	310
61	0	332	0.00	332
62	0	338	0.00	338
63	0	296	0.00	296
64	3	335	0.89	338
65	1	287	0.35	288
66	1	287	0.35	288
67	2	337	0.59	339
68	3	299	0.99	302
69	0	329	0.00	329
70	1	285	0.35	286
71	0	280	0.00	280
72	0	253	0.00	253
73	2	287	0.69	289
74	1	260	0.38	261
75	1	327	0.30	328
76	0	291	0.00	291
77	1	276	0.36	277
78	0	285	0.00	285
79	0	292	0.00	292
80	2	276	0.72	278
81	2	240	0.83	242
82	1	258	0.39	259
83	0	242	0.00	242
84	2	256	0.78	258
85	0	238	0.00	238
86	0	242	0.00	242
87	0	211	0.00	211
88	0	250	0.00	250
89	1	220	0.45	221
90	0	210	0.00	210
91	0	181	0.00	181
92	0	193	0.00	193
93	1	168	0.59	169
94	0	172	0.00	172
95	0	195	0.00	195
96	0	145	0.00	145
97	1	153	0.65	154
98	1	161	0.62	162
99	0	64	0.00	64
100	0	7	0.00	7
101	0	13	0.00	13
102	0	8	0.00	8
103	0	4	0.00	4
104	0	5	0.00	5
105	0	4	0.00	4
106	0	4	0.00	4
107	0	3	0.00	3
108	1	4	20.00	5
109	0	4	0.00	4
110	0	4	0.00	4
111	0	5	0.00	5
112	0	5	0.00	5
113	0	5	0.00	5
114	0	5	0.00	5
115	0	2	0.00	2
116	0	5	0.00	5
117	0	6	0.00	6
118	0	5	0.00	5
119	0	1	0.00	1
120	0	3	0.00	3
121	0	1	0.00	1
122	0	2	0.00	2
123	0	2	0.00	2
124	0	2	0.00	2
125	0	3	0.00	3
126	0	1	0.00	1
127	0	1	0.00	1
128	0	2	0.00	2
129	0	2	0.00	2
130	0	1	0.00	1
131	0	1	0.00	1
132	0	1	0.00	1
133	0	2	0.00	2
134	0	4	0.00	4
135	0	1	0.00	1
136	0	1	0.00	1
137	0	0		0
138	0	2	0.00	2
139	0	2	0.00	2
140	0	2	0.00	2
141	0	1	0.00	1
142	0	1	0.00	1
143	0	1	0.00	1
144	0	1	0.00	1
145	0	1	0.00	1
146	0	0		0
147	0	0		0
148	0	1	0.00	1
149	0	0		0

CpG context (R2)
================
position	count methylated	count unmethylated	% methylation	coverage
1	0	28	0.00	28
2	0	12	0.00	12
3	2	82	2.38	84
4	4	68	5.56	72
5	6	97	5.83	103
6	8	85	8.60	93
7	2	125	1.57	127
8	1	91	1.09	92
9	6	85	6.59	91
10	0	79	0.00	79
11	9	73	10.98	82
12	1	58	1.69	59
13	1	84	1.18	85
14	4	45	8.16	49
15	3	60	4.76	63
16	1	60	1.64	61
17	0	36	0.00	36
18	5	47	9.62	52
19	1	32	3.03	33
20	2	51	3.77	53
21	4	36	10.00	40
22	3	56	5.08	59
23	2	35	5.41	37
24	3	63	4.55	66
25	1	36	2.70	37
26	0	22	0.00	22
27	1	32	3.03	33
28	3	23	11.54	26
29	3	34	8.11	37
30	2	30	6.25	32
31	4	31	11.43	35
32	2	34	5.56	36
33	1	11	8.33	12
34	1	31	3.12	32
35	1	9	10.00	10
36	3	14	17.65	17
37	1	23	4.17	24
38	0	18	0.00	18
39	0	9	0.00	9
40	1	7	12.50	8
41	0	9	0.00	9
42	0	14	0.00	14
43	0	13	0.00	13
44	0	22	0.00	22
45	0	3	0.00	3
46	2	7	22.22	9
47	0	8	0.00	8
48	2	5	28.57	7
49	0	5	0.00	5
50	2	6	25.00	8
51	0	4	0.00	4
52	1	6	14.29	7
53	0	2	0.00	2
54	1	5	16.67	6
55	0	7	0.00	7
56	2	4	33.33	6
57	0	3	0.00	3
58	1	5	16.67	6
59	1	1	50.00	2
60	0	1	0.00	1
61	0	4	0.00	4
62	0	0		0
63	0	0		0
64	0	6	0.00	6
65	0	1	0.00	1
66	0	1	0.00	1
67	0	0		0
68	0	1	0.00	1
69	0	0		0
70	0	0		0
71	0	2	0.00	2
72	0	0		0
73	0	0		0
74	0	0		0
75	0	5	0.00	5
76	0	1	0.00	1
77	0	1	0.00	1
78	0	4	0.00	4
79	0	0		0
80	0	1	0.00	1
81	0	1	0.00	1
82	0	1	0.00	1
83	0	0		0
84	0	0		0
85	0	1	0.00	1
86	0	0		0
87	0	0		0
88	0	1	0.00	1
89	0	0		0
90	0	1	0.00	1
91	0	1	0.00	1
92	0	1	0.00	1
93	0	0		0
94	0	3	0.00	3
95	0	0		0
96	0	0		0
97	0	4	0.00	4

CHG context (R2)
================
position	count methylated	count unmethylated	% methylation	coverage
1	18	2119	0.84	2137
2	0	27	0.00	27
3	0	7	0.00	7
4	0	39	0.00	39
5	0	58	0.00	58
6	1	85	1.16	86
7	1	73	1.35	74
8	0	90	0.00	90
9	1	83	1.19	84
10	0	64	0.00	64
11	1	71	1.39	72
12	0	45	0.00	45
13	0	45	0.00	45
14	0	38	0.00	38
15	0	60	0.00	60
16	0	47	0.00	47
17	0	57	0.00	57
18	0	55	0.00	55
19	0	57	0.00	57
20	0	48	0.00	48
21	0	44	0.00	44
22	0	43	0.00	43
23	0	27	0.00	27
24	0	20	0.00	20
25	0	53	0.00	53
26	0	18	0.00	18
27	0	14	0.00	14
28	0	17	0.00	17
29	1	23	4.17	24
30	0	24	0.00	24
31	0	29	0.00	29
32	0	16	0.00	16
33	0	30	0.00	30
34	0	21	0.00	21
35	0	22	0.00	22
36	0	16	0.00	16
37	0	11	0.00	11
38	0	9	0.00	9
39	0	18	0.00	18
40	0	12	0.00	12
41	0	14	0.00	14
42	0	5	0.00	5
43	0	7	0.00	7
44	0	5	0.00	5
45	0	9	0.00	9
46	0	4	0.00	4
47	0	5	0.00	5
48	0	10	0.00	10
49	0	7	0.00	7
50	0	12	0.00	12
51	0	7	0.00	7
52	0	8	0.00	8
53	0	1	0.00	1
54	0	0		0
55	0	5	0.00	5
56	0	1	0.00	1
57	0	2	0.00	2
58	0	3	0.00	3
59	0	2	0.00	2
60	0	2	0.00	2
61	0	1	0.00	1
62	0	2	0.00	2
63	0	2	0.00	2
64	0	0		0
65	0	0		0
66	0	0		0
67	0	2	0.00	2
68	0	1	0.00	1
69	0	0		0
70	0	4	0.00	4
71	0	1	0.00	1
72	0	3	0.00	3
73	0	0		0
74	0	1	0.00	1
75	0	3	0.00	3
76	0	1	0.00	1
77	0	0		0
78	0	3	0.00	3
79	0	0		0
80	0	1	0.00	1
81	0	0		0
82	0	0		0
83	0	0		0
84	0	0		0
85	0	0		0
86	0	2	0.00	2
87	1	2	33.33	3
88	0	0		0
89	0	0		0
90	0	1	0.00	1
91	0	1	0.00	1
92	0	1	0.00	1
93	0	0		0
94	0	0		0
95	0	1	0.00	1
96	0	0		0
97	0	0		0

CHH context (R2)
================
position	count methylated	count unmethylated	% methylation	coverage
1	0	10	0.00	10
2	4	999	0.40	1003
3	0	266	0.00	266
4	0	188	0.00	188
5	2	142	1.39	144
6	2	80	2.44	82
7	0	93	0.00	93
8	0	115	0.00	115
9	0	112	0.00	112
10	0	110	0.00	110
11	0	82	0.00	82
12	1	95	1.04	96
13	1	78	1.27	79
14	0	95	0.00	95
15	0	76	0.00	76
16	0	63	0.00	63
17	0	63	0.00	63
18	0	68	0.00	68
19	0	82	0.00	82
20	0	54	0.00	54
21	0	41	0.00	41
22	0	46	0.00	46
23	0	45	0.00	45
24	0	41	0.00	41
25	0	51	0.00	51
26	0	39	0.00	39
27	0	30	0.00	30
28	0	29	0.00	29
29	0	34	0.00	34
30	0	31	0.00	31
31	0	22	0.00	22
32	1	29	3.33	30
33	1	21	4.55	22
34	0	25	0.00	25
35	0	31	0.00	31
36	0	26	0.00	26
37	0	23	0.00	23
38	0	20	0.00	20
39	0	8	0.00	8
40	0	29	0.00	29
41	0	19	0.00	19
42	0	16	0.00	16
43	0	12	0.00	12
44	0	19	0.00	19
45	0	21	0.00	21
46	0	14	0.00	14
47	0	19	0.00	19
48	0	6	0.00	6
49	0	12	0.00	12
50	0	12	0.00	12
51	0	12	0.00	12
52	0	13	0.00	13
53	0	16	0.00	16
54	0	7	0.00	7
55	0	5	0.00	5
56	0	5	0.00	5
57	0	4	0.00	4
58	0	4	0.00	4
59	0	7	0.00	7
60	0	3	0.00	3
61	0	5	0.00	5
62	0	3	0.00	3
63	0	1	0.00	1
64	0	1	0.00	1
65	0	0		0
66	0	1	0.00	1
67	0	3	0.00	3
68	0	1	0.00	1
69	0	1	0.00	1
70	0	0		0
71	0	4	0.00	4
72	0	0		0
73	0	1	0.00	1
74	0	0		0
75	0	0		0
76	0	0		0
77	0	0		0
78	0	1	0.00	1
79	0	3	0.00	3
80	0	1	0.00	1
81	0	1	0.00	1
82	0	1	0.00	1
83	0	3	0.00	3
84	0	0		0
85	0	0		0
86	0	0		0
87	0	1	0.00	1
88	0	0		0
89	0	0		0
90	0	0		0
91	0	0		0
92	0	1	0.00	1
93	0	1	0.00	1
94	0	2	0.00	2
95	0	1	0.00	1
96	0	0		0
97	0	0		0

