CpG context (R1)
================
position	count methylated	count unmethylated	% methylation	coverage
1	202	2155	8.57	2357
2	0	19	0.00	19
3	3	13	18.75	16
4	10	184	5.15	194
5	16	205	7.24	221
6	11	247	4.26	258
7	8	227	3.40	235
8	12	298	3.87	310
9	8	260	2.99	268
10	16	262	5.76	278
11	15	244	5.79	259
12	8	273	2.85	281
13	10	288	3.36	298
14	13	278	4.47	291
15	9	259	3.36	268
16	14	291	4.59	305
17	9	239	3.63	248
18	8	236	3.28	244
19	18	319	5.34	337
20	14	197	6.64	211
21	4	221	1.78	225
22	12	252	4.55	264
23	8	275	2.83	283
24	7	248	2.75	255
25	7	295	2.32	302
26	10	302	3.21	312
27	8	231	3.35	239
28	18	272	6.21	290
29	5	254	1.93	259
30	11	281	3.77	292
31	12	270	4.26	282
32	18	285	5.94	303
33	7	220	3.08	227
34	13	259	4.78	272
35	13	292	4.26	305
36	8	235	3.29	243
37	19	251	7.04	270
38	12	222	5.13	234
39	14	253	5.24	267
40	12	272	4.23	284
41	7	235	2.89	242
42	10	277	3.48	287
43	13	249	4.96	262
44	11	253	4.17	264
45	16	266	5.67	282
46	13	230	5.35	243
47	16	287	5.28	303
48	10	239	4.02	249
49	15	226	6.22	241
50	16	217	6.87	233
51	9	240	3.61	249
52	15	235	6.00	250
53	12	226	5.04	238
54	12	255	4.49	267
55	13	270	4.59	283
56	11	231	4.55	242
57	20	228	8.06	248
58	14	218	6.03	232
59	11	262	4.03	273
60	5	240	2.04	245
61	14	247	5.36	261
62	14	234	5.65	248
63	10	201	4.74	211
64	16	231	6.48	247
65	13	242	5.10	255
66	12	216	5.26	228
67	17	213	7.39	230
68	10	199	4.78	209
69	6	202	2.88	208
70	16	239	6.27	255
71	16	225	6.64	241
72	7	223	3.04	230
73	16	230	6.50	246
74	10	194	4.90	204
75	12	151	7.36	163
76	16	187	7.88	203
77	16	226	6.61	242
78	11	189	5.50	200
79	12	229	4.98	241
80	7	178	3.78	185
81	8	191	4.02	199
82	8	188	4.08	196
83	5	147	3.29	152
84	5	141	3.42	146
85	3	220	1.35	223
86	5	153	3.16	158
87	7	161	4.17	168
88	6	109	5.22	115
89	11	169	6.11	180
90	4	113	3.42	117
91	9	151	5.62	160
92	7	131	5.07	138
93	7	117	5.65	124
94	6	92	6.12	98
95	8	115	6.50	123
96	6	93	6.06	99
97	6	125	4.58	131
98	8	101	7.34	109
99	2	62	3.12	64
100	1	9	10.00	10
101	0	7	0.00	7
102	0	7	0.00	7
103	1	5	16.67	6
104	0	4	0.00	4
105	0	8	0.00	8
106	0	2	0.00	2
107	0	6	0.00	6
108	1	6	14.29	7
109	1	4	20.00	5
110	0	4	0.00	4
111	1	6	14.29	7
112	0	2	0.00	2
113	0	2	0.00	2
114	0	6	0.00	6
115	0	1	0.00	1
116	0	3	0.00	3
117	0	9	0.00	9
118	0	3	0.00	3
119	1	2	33.33	3
120	0	4	0.00	4
121	1	2	33.33	3
122	0	2	0.00	2
123	0	3	0.00	3
124	1	3	25.00	4
125	0	3	0.00	3
126	2	3	40.00	5
127	0	0		0
128	0	1	0.00	1
129	2	3	40.00	5
130	0	0		0
131	1	1	50.00	2
132	0	1	0.00	1
133	0	3	0.00	3
134	0	1	0.00	1
135	0	2	0.00	2
136	0	2	0.00	2
137	0	2	0.00	2
138	0	2	0.00	2
139	0	0		0
140	0	1	0.00	1
141	0	0		0
142	1	0	100.00	1
143	0	1	0.00	1
144	0	0		0
145	0	0		0
146	0	1	0.00	1
147	0	0		0
148	0	0		0
149	0	0		0

CHG context (R1)
================
position	count methylated	count unmethylated	% methylation	coverage
1	0	16	0.00	16
2	0	27	0.00	27
3	0	15	0.00	15
4	0	132	0.00	132
5	1	190	0.52	191
6	2	229	0.87	231
7	1	267	0.37	268
8	0	240	0.00	240
9	2	234	0.85	236
10	0	177	0.00	177
11	0	235	0.00	235
12	2	237	0.84	239
13	0	192	0.00	192
14	0	208	0.00	208
15	2	223	0.89	225
16	0	224	0.00	224
17	0	234	0.00	234
18	1	242	0.41	243
19	1	191	0.52	192
20	1	188	0.53	189
21	1	231	0.43	232
22	1	243	0.41	244
23	0	210	0.00	210
24	0	190	0.00	190
25	0	256	0.00	256
26	0	176	0.00	176
27	0	240	0.00	240
28	0	244	0.00	244
29	0	172	0.00	172
30	1	212	0.47	213
31	0	252	0.00	252
32	1	213	0.47	214
33	1	258	0.39	259
34	0	219	0.00	219
35	1	215	0.46	216
36	1	216	0.46	217
37	0	185	0.00	185
38	0	213	0.00	213
39	1	223	0.45	224
40	0	202	0.00	202
41	2	248	0.80	250
42	0	221	0.00	221
43	2	206	0.96	208
44	0	257	0.00	257
45	1	211	0.47	212
46	0	234	0.00	234
47	0	199	0.00	199
48	0	222	0.00	222
49	0	235	0.00	235
50	1	226	0.44	227
51	1	224	0.44	225
52	1	227	0.44	228
53	0	194	0.00	194
54	1	197	0.51	198
55	0	156	0.00	156
56	1	225	0.44	226
57	2	206	0.96	208
58	0	209	0.00	209
59	1	186	0.53	187
60	1	145	0.68	146
61	1	179	0.56	180
62	1	169	0.59	170
63	1	220	0.45	221
64	0	183	0.00	183
65	0	198	0.00	198
66	0	169	0.00	169
67	2	166	1.19	168
68	1	215	0.46	216
69	0	164	0.00	164
70	0	193	0.00	193
71	1	183	0.54	184
72	0	184	0.00	184
73	1	165	0.60	166
74	0	146	0.00	146
75	0	178	0.00	178
76	0	191	0.00	191
77	1	159	0.62	160
78	0	147	0.00	147
79	0	140	0.00	140
80	1	137	0.72	138
81	0	174	0.00	174
82	0	113	0.00	113
83	1	142	0.70	143
84	0	132	0.00	132
85	1	119	0.83	120
86	0	133	0.00	133
87	0	125	0.00	125
88	1	141	0.70	142
89	0	110	0.00	110
90	0	120	0.00	120
91	0	135	0.00	135
92	0	90	0.00	90
93	0	81	0.00	81
94	0	109	0.00	109
95	1	89	1.11	90
96	2	104	1.89	106
97	0	95	0.00	95
98	0	97	0.00	97
99	0	39	0.00	39
100	0	3	0.00	3
101	0	3	0.00	3
102	0	9	0.00	9
103	0	5	0.00	5
104	0	3	0.00	3
105	0	5	0.00	5
106	0	6	0.00	6
107	0	0		0
108	0	2	0.00	2
109	0	1	0.00	1
110	0	2	0.00	2
111	0	3	0.00	3
112	0	1	0.00	1
113	0	3	0.00	3
114	0	2	0.00	2
115	0	1	0.00	1
116	0	2	0.00	2
117	0	0		0
118	0	0		0
119	0	0		0
120	0	1	0.00	1
121	0	0		0
122	0	0		0
123	0	2	0.00	2
124	0	1	0.00	1
125	0	2	0.00	2
126	0	0		0
127	0	2	0.00	2
128	0	3	0.00	3
129	0	1	0.00	1
130	0	1	0.00	1
131	0	0		0
132	0	2	0.00	2
133	0	2	0.00	2
134	0	1	0.00	1
135	0	1	0.00	1
136	0	1	0.00	1
137	0	0		0
138	0	0		0
139	0	2	0.00	2
140	0	0		0
141	0	0		0
142	0	1	0.00	1
143	0	1	0.00	1
144	0	0		0
145	0	0		0
146	0	0		0
147	0	1	0.00	1
148	0	0		0
149	0	2	0.00	2

CHH context (R1)
================
position	count methylated	count unmethylated	% methylation	coverage
1	0	32	0.00	32
2	0	37	0.00	37
3	0	25	0.00	25
4	1	345	0.29	346
5	4	422	0.94	426
6	1	427	0.23	428
7	4	411	0.96	415
8	0	363	0.00	363
9	1	301	0.33	302
10	0	353	0.00	353
11	2	330	0.60	332
12	1	308	0.32	309
13	3	374	0.80	377
14	1	386	0.26	387
15	0	382	0.00	382
16	0	380	0.00	380
17	1	350	0.28	351
18	2	305	0.65	307
19	0	344	0.00	344
20	0	354	0.00	354
21	2	351	0.57	353
22	3	338	0.88	341
23	1	343	0.29	344
24	3	374	0.80	377
25	3	379	0.79	382
26	0	406	0.00	406
27	0	400	0.00	400
28	2	366	0.54	368
29	0	301	0.00	301
30	0	374	0.00	374
31	0	333	0.00	333
32	1	341	0.29	342
33	1	349	0.29	350
34	2	336	0.59	338
35	0	300	0.00	300
36	1	362	0.28	363
37	1	344	0.29	345
38	1	366	0.27	367
39	1	361	0.28	362
40	0	316	0.00	316
41	1	341	0.29	342
42	3	357	0.83	360
43	0	339	0.00	339
44	1	305	0.33	306
45	3	319	0.93	322
46	0	345	0.00	345
47	0	343	0.00	343
48	3	361	0.82	364
49	2	362	0.55	364
50	1	347	0.29	348
51	2	408	0.49	410
52	1	350	0.28	351
53	1	365	0.27	366
54	0	314	0.00	314
55	0	331	0.00	331
56	0	292	0.00	292
57	0	289	0.00	289
58	1	274	0.36	275
59	0	305	0.00	305
60	0	337	0.00	337
61	4	350	1.13	354
62	1	379	0.26	380
63	2	328	0.61	330
64	1	336	0.30	337
65	0	325	0.00	325
66	2	295	0.67	297
67	1	311	0.32	312
68	0	337	0.00	337
69	0	315	0.00	315
70	2	291	0.68	293
71	4	289	1.37	293
72	1	270	0.37	271
73	0	297	0.00	297
74	0	273	0.00	273
75	3	323	0.92	326
76	0	303	0.00	303
77	1	284	0.35	285
78	1	294	0.34	295
79	0	276	0.00	276
80	1	277	0.36	278
81	0	242	0.00	242
82	0	258	0.00	258
83	0	266	0.00	266
84	2	243	0.82	245
85	0	261	0.00	261
86	1	268	0.37	269
87	0	227	0.00	227
88	0	241	0.00	241
89	0	183	0.00	183
90	1	160	0.62	161
91	0	189	0.00	189
92	0	193	0.00	193
93	0	177	0.00	177
94	0	173	0.00	173
95	0	192	0.00	192
96	0	131	0.00	131
97	1	164	0.61	165
98	0	148	0.00	148
99	0	64	0.00	64
100	0	8	0.00	8
101	0	13	0.00	13
102	0	8	0.00	8
103	0	5	0.00	5
104	0	3	0.00	3
105	0	8	0.00	8
106	0	9	0.00	9
107	0	8	0.00	8
108	0	1	0.00	1
109	0	3	0.00	3
110	0	9	0.00	9
111	0	3	0.00	3
112	0	5	0.00	5
113	0	3	0.00	3
114	0	6	0.00	6
115	0	4	0.00	4
116	0	4	0.00	4
117	0	5	0.00	5
118	0	1	0.00	1
119	0	8	0.00	8
120	0	2	0.00	2
121	0	8	0.00	8
122	0	4	0.00	4
123	0	2	0.00	2
124	0	1	0.00	1
125	0	2	0.00	2
126	0	3	0.00	3
127	0	3	0.00	3
128	0	1	0.00	1
129	0	1	0.00	1
130	0	1	0.00	1
131	0	4	0.00	4
132	0	3	0.00	3
133	0	2	0.00	2
134	0	1	0.00	1
135	0	1	0.00	1
136	0	0		0
137	0	0		0
138	0	0		0
139	0	0		0
140	0	1	0.00	1
141	0	0		0
142	0	0		0
143	0	0		0
144	0	0		0
145	0	0		0
146	0	1	0.00	1
147	0	1	0.00	1
148	0	1	0.00	1
149	0	0		0

CpG context (R2)
================
position	count methylated	count unmethylated	% methylation	coverage
1	0	25	0.00	25
2	2	10	16.67	12
3	3	69	4.17	72
4	3	75	3.85	78
5	1	96	1.03	97
6	3	88	3.30	91
7	2	126	1.56	128
8	6	74	7.50	80
9	5	84	5.62	89
10	2	94	2.08	96
11	7	68	9.33	75
12	2	65	2.99	67
13	5	63	7.35	68
14	3	41	6.82	44
15	3	53	5.36	56
16	0	36	0.00	36
17	1	42	2.33	43
18	4	48	7.69	52
19	2	37	5.13	39
20	0	43	0.00	43
21	1	37	2.63	38
22	1	32	3.03	33
23	1	36	2.70	37
24	1	61	1.61	62
25	0	43	0.00	43
26	1	29	3.33	30
27	1	31	3.12	32
28	0	30	0.00	30
29	0	36	0.00	36
30	0	13	0.00	13
31	2	28	6.67	30
32	0	23	0.00	23
33	2	23	8.00	25
34	0	18	0.00	18
35	0	10	0.00	10
36	1	11	8.33	12
37	0	28	0.00	28
38	0	18	0.00	18
39	0	10	0.00	10
40	0	7	0.00	7
41	0	11	0.00	11
42	0	10	0.00	10
43	1	13	7.14	14
44	1	14	6.67	15
45	0	2	0.00	2
46	3	14	17.65	17
47	0	12	0.00	12
48	0	6	0.00	6
49	0	7	0.00	7
50	1	3	25.00	4
51	0	8	0.00	8
52	2	8	20.00	10
53	1	3	25.00	4
54	1	6	14.29	7
55	1	2	33.33	3
56	0	1	0.00	1
57	0	4	0.00	4
58	0	4	0.00	4
59	0	1	0.00	1
60	1	2	33.33	3
61	0	2	0.00	2
62	0	1	0.00	1
63	0	1	0.00	1
64	0	3	0.00	3
65	0	0		0
66	0	1	0.00	1
67	0	2	0.00	2
68	0	0		0
69	0	1	0.00	1
70	0	0		0
71	0	0		0
72	0	1	0.00	1
73	0	0		0
74	0	0		0
75	0	1	0.00	1
76	0	0		0
77	0	0		0
78	0	1	0.00	1
79	0	0		0
80	0	0		0
81	0	1	0.00	1
82	0	0		0
83	0	0		0
84	0	0		0
85	0	1	0.00	1
86	0	0		0
87	0	0		0
88	0	0		0
89	0	1	0.00	1
90	0	0		0
91	0	0		0
92	0	0		0
93	0	0		0
94	0	1	0.00	1
95	0	0		0
96	0	0		0
97	0	1	0.00	1

CHG context (R2)
================
position	count methylated	count unmethylated	% methylation	coverage
1	11	2102	0.52	2113
2	0	24	0.00	24
3	0	9	0.00	9
4	1	41	2.38	42
5	0	62	0.00	62
6	1	49	2.00	50
7	1	71	1.39	72
8	1	87	1.14	88
9	0	67	0.00	67
10	0	47	0.00	47
11	1	73	1.35	74
12	0	37	0.00	37
13	0	49	0.00	49
14	1	46	2.13	47
15	0	49	0.00	49
16	0	55	0.00	55
17	0	66	0.00	66
18	0	42	0.00	42
19	0	49	0.00	49
20	0	46	0.00	46
21	0	30	0.00	30
22	0	55	0.00	55
23	1	14	6.67	15
24	0	17	0.00	17
25	0	42	0.00	42
26	0	15	0.00	15
27	0	9	0.00	9
28	0	16	0.00	16
29	0	34	0.00	34
30	0	28	0.00	28
31	0	24	0.00	24
32	0	19	0.00	19
33	0	29	0.00	29
34	0	33	0.00	33
35	0	18	0.00	18
36	0	26	0.00	26
37	0	11	0.00	11
38	0	16	0.00	16
39	1	17	5.56	18
40	0	17	0.00	17
41	0	14	0.00	14
42	0	7	0.00	7
43	0	12	0.00	12
44	0	4	0.00	4
45	0	8	0.00	8
46	0	5	0.00	5
47	1	4	20.00	5
48	0	5	0.00	5
49	0	9	0.00	9
50	0	9	0.00	9
51	0	3	0.00	3
52	0	7	0.00	7
53	0	2	0.00	2
54	0	2	0.00	2
55	0	6	0.00	6
56	0	3	0.00	3
57	0	0		0
58	0	4	0.00	4
59	0	2	0.00	2
60	0	3	0.00	3
61	0	1	0.00	1
62	0	0		0
63	0	4	0.00	4
64	0	1	0.00	1
65	0	0		0
66	0	0		0
67	0	1	0.00	1
68	0	0		0
69	0	0		0
70	0	1	0.00	1
71	0	0		0
72	0	1	0.00	1
73	0	1	0.00	1
74	0	1	0.00	1
75	0	1	0.00	1
76	0	0		0
77	0	1	0.00	1
78	0	1	0.00	1
79	0	0		0
80	0	0		0
81	0	0		0
82	0	1	0.00	1
83	0	0		0
84	0	0		0
85	0	1	0.00	1
86	0	0		0
87	0	1	0.00	1
88	0	0		0
89	0	0		0
90	0	0		0
91	0	0		0
92	0	0		0
93	0	1	0.00	1
94	0	0		0
95	0	0		0
96	0	0		0
97	0	0		0

CHH context (R2)
================
position	count methylated	count unmethylated	% methylation	coverage
1	1	13	7.14	14
2	4	1002	0.40	1006
3	0	254	0.00	254
4	0	149	0.00	149
5	2	139	1.42	141
6	0	113	0.00	113
7	0	91	0.00	91
8	0	115	0.00	115
9	0	103	0.00	103
10	0	116	0.00	116
11	0	88	0.00	88
12	0	96	0.00	96
13	0	66	0.00	66
14	2	83	2.35	85
15	0	85	0.00	85
16	0	71	0.00	71
17	0	65	0.00	65
18	1	81	1.22	82
19	1	92	1.08	93
20	0	71	0.00	71
21	0	51	0.00	51
22	0	48	0.00	48
23	0	42	0.00	42
24	0	34	0.00	34
25	0	40	0.00	40
26	0	49	0.00	49
27	0	43	0.00	43
28	0	34	0.00	34
29	0	29	0.00	29
30	0	33	0.00	33
31	1	27	3.57	28
32	0	17	0.00	17
33	0	21	0.00	21
34	0	24	0.00	24
35	1	27	3.57	28
36	0	15	0.00	15
37	1	15	6.25	16
38	0	12	0.00	12
39	0	11	0.00	11
40	0	25	0.00	25
41	0	19	0.00	19
42	0	19	0.00	19
43	0	16	0.00	16
44	0	13	0.00	13
45	0	13	0.00	13
46	1	18	5.26	19
47	0	5	0.00	5
48	0	4	0.00	4
49	0	16	0.00	16
50	0	8	0.00	8
51	0	17	0.00	17
52	0	13	0.00	13
53	0	10	0.00	10
54	0	11	0.00	11
55	0	7	0.00	7
56	0	8	0.00	8
57	0	3	0.00	3
58	0	3	0.00	3
59	0	2	0.00	2
60	0	2	0.00	2
61	0	2	0.00	2
62	0	4	0.00	4
63	0	1	0.00	1
64	0	1	0.00	1
65	0	1	0.00	1
66	0	0		0
67	0	1	0.00	1
68	0	2	0.00	2
69	0	2	0.00	2
70	0	1	0.00	1
71	0	1	0.00	1
72	0	0		0
73	0	0		0
74	0	0		0
75	0	1	0.00	1
76	0	0		0
77	0	1	0.00	1
78	0	2	0.00	2
79	0	1	0.00	1
80	0	0		0
81	0	0		0
82	0	0		0
83	0	0		0
84	0	0		0
85	0	0		0
86	0	0		0
87	0	0		0
88	0	0		0
89	0	0		0
90	0	0		0
91	0	0		0
92	0	0		0
93	0	0		0
94	0	0		0
95	0	0		0
96	0	0		0
97	0	0		0

