CpG context (R1)
================
position	count methylated	count unmethylated	% methylation	coverage
1	218	2149	9.21	2367
2	0	15	0.00	15
3	1	12	7.69	13
4	10	168	5.62	178
5	7	211	3.21	218
6	12	277	4.15	289
7	9	220	3.93	229
8	15	257	5.51	272
9	5	234	2.09	239
10	11	267	3.96	278
11	17	264	6.05	281
12	9	287	3.04	296
13	15	281	5.07	296
14	7	269	2.54	276
15	7	272	2.51	279
16	18	263	6.41	281
17	16	218	6.84	234
18	7	245	2.78	252
19	16	305	4.98	321
20	5	212	2.30	217
21	13	226	5.44	239
22	10	301	3.22	311
23	9	265	3.28	274
24	23	245	8.58	268
25	9	262	3.32	271
26	13	291	4.28	304
27	7	281	2.43	288
28	27	259	9.44	286
29	4	274	1.44	278
30	19	268	6.62	287
31	21	283	6.91	304
32	12	299	3.86	311
33	13	220	5.58	233
34	16	245	6.13	261
35	7	289	2.36	296
36	14	194	6.73	208
37	12	256	4.48	268
38	15	265	5.36	280
39	10	265	3.64	275
40	9	265	3.28	274
41	11	253	4.17	264
42	19	291	6.13	310
43	12	223	5.11	235
44	8	261	2.97	269
45	14	274	4.86	288
46	16	233	6.43	249
47	8	247	3.14	255
48	18	267	6.32	285
49	12	237	4.82	249
50	11	220	4.76	231
51	8	235	3.29	243
52	11	242	4.35	253
53	15	244	5.79	259
54	10	238	4.03	248
55	15	286	4.98	301
56	11	223	4.70	234
57	8	245	3.16	253
58	9	256	3.40	265
59	16	271	5.57	287
60	7	231	2.94	238
61	6	240	2.44	246
62	14	228	5.79	242
63	11	209	5.00	220
64	12	232	4.92	244
65	13	273	4.55	286
66	12	267	4.30	279
67	8	205	3.76	213
68	8	215	3.59	223
69	5	211	2.31	216
70	12	229	4.98	241
71	20	224	8.20	244
72	10	246	3.91	256
73	14	212	6.19	226
74	6	203	2.87	209
75	12	179	6.28	191
76	11	180	5.76	191
77	9	215	4.02	224
78	7	201	3.37	208
79	9	180	4.76	189
80	8	195	3.94	203
81	13	149	8.02	162
82	6	180	3.23	186
83	5	142	3.40	147
84	9	154	5.52	163
85	9	197	4.37	206
86	9	171	5.00	180
87	7	149	4.49	156
88	8	108	6.90	116
89	10	158	5.95	168
90	3	107	2.73	110
91	2	166	1.19	168
92	4	148	2.63	152
93	5	145	3.33	150
94	2	121	1.63	123
95	4	107	3.60	111
96	4	109	3.54	113
97	5	114	4.20	119
98	3	98	2.97	101
99	4	47	7.84	51
100	2	11	15.38	13
101	2	4	33.33	6
102	0	4	0.00	4
103	0	10	0.00	10
104	0	2	0.00	2
105	1	3	25.00	4
106	0	6	0.00	6
107	1	7	12.50	8
108	0	9	0.00	9
109	0	9	0.00	9
110	0	4	0.00	4
111	0	5	0.00	5
112	0	2	0.00	2
113	0	3	0.00	3
114	1	4	20.00	5
115	0	2	0.00	2
116	1	5	16.67	6
117	0	2	0.00	2
118	1	0	100.00	1
119	0	3	0.00	3
120	0	2	0.00	2
121	0	2	0.00	2
122	0	3	0.00	3
123	0	2	0.00	2
124	0	0		0
125	1	3	25.00	4
126	0	2	0.00	2
127	0	1	0.00	1
128	0	3	0.00	3
129	0	5	0.00	5
130	0	0		0
131	0	2	0.00	2
132	0	3	0.00	3
133	0	2	0.00	2
134	1	3	25.00	4
135	0	1	0.00	1
136	0	2	0.00	2
137	0	4	0.00	4
138	0	5	0.00	5
139	0	1	0.00	1
140	0	1	0.00	1
141	0	1	0.00	1
142	0	1	0.00	1
143	0	0		0
144	0	1	0.00	1
145	0	0		0
146	0	0		0
147	0	0		0
148	0	1	0.00	1
149	0	3	0.00	3

CHG context (R1)
================
position	count methylated	count unmethylated	% methylation	coverage
1	0	13	0.00	13
2	0	24	0.00	24
3	0	15	0.00	15
4	0	140	0.00	140
5	0	194	0.00	194
6	0	239	0.00	239
7	1	255	0.39	256
8	0	220	0.00	220
9	0	225	0.00	225
10	1	214	0.47	215
11	0	216	0.00	216
12	0	207	0.00	207
13	0	186	0.00	186
14	0	189	0.00	189
15	4	266	1.48	270
16	2	164	1.20	166
17	2	242	0.82	244
18	1	245	0.41	246
19	0	183	0.00	183
20	2	192	1.03	194
21	1	220	0.45	221
22	0	231	0.00	231
23	0	202	0.00	202
24	0	182	0.00	182
25	0	253	0.00	253
26	1	228	0.44	229
27	2	244	0.81	246
28	1	222	0.45	223
29	1	182	0.55	183
30	0	195	0.00	195
31	1	252	0.40	253
32	1	192	0.52	193
33	1	236	0.42	237
34	2	218	0.91	220
35	1	208	0.48	209
36	0	204	0.00	204
37	0	233	0.00	233
38	0	186	0.00	186
39	1	233	0.43	234
40	6	209	2.79	215
41	2	242	0.82	244
42	1	197	0.51	198
43	0	215	0.00	215
44	1	258	0.39	259
45	2	200	0.99	202
46	1	232	0.43	233
47	0	166	0.00	166
48	1	211	0.47	212
49	1	205	0.49	206
50	1	210	0.47	211
51	2	241	0.82	243
52	1	228	0.44	229
53	1	199	0.50	200
54	1	181	0.55	182
55	1	204	0.49	205
56	0	208	0.00	208
57	1	199	0.50	200
58	0	222	0.00	222
59	0	173	0.00	173
60	0	148	0.00	148
61	1	187	0.53	188
62	0	163	0.00	163
63	1	189	0.53	190
64	1	200	0.50	201
65	1	198	0.50	199
66	2	155	1.27	157
67	1	186	0.53	187
68	0	184	0.00	184
69	0	196	0.00	196
70	1	192	0.52	193
71	0	179	0.00	179
72	0	143	0.00	143
73	1	169	0.59	170
74	0	164	0.00	164
75	1	130	0.76	131
76	0	190	0.00	190
77	1	175	0.57	176
78	0	153	0.00	153
79	0	192	0.00	192
80	0	143	0.00	143
81	1	163	0.61	164
82	0	131	0.00	131
83	1	141	0.70	142
84	0	132	0.00	132
85	0	134	0.00	134
86	1	151	0.66	152
87	2	110	1.79	112
88	1	136	0.73	137
89	0	124	0.00	124
90	1	102	0.97	103
91	0	148	0.00	148
92	0	89	0.00	89
93	0	82	0.00	82
94	0	107	0.00	107
95	0	104	0.00	104
96	0	109	0.00	109
97	0	114	0.00	114
98	0	108	0.00	108
99	0	54	0.00	54
100	0	3	0.00	3
101	0	4	0.00	4
102	0	4	0.00	4
103	0	7	0.00	7
104	0	3	0.00	3
105	0	5	0.00	5
106	0	9	0.00	9
107	0	1	0.00	1
108	0	3	0.00	3
109	0	3	0.00	3
110	0	3	0.00	3
111	0	3	0.00	3
112	0	2	0.00	2
113	0	5	0.00	5
114	0	2	0.00	2
115	0	0		0
116	0	1	0.00	1
117	0	3	0.00	3
118	0	5	0.00	5
119	0	2	0.00	2
120	0	1	0.00	1
121	0	1	0.00	1
122	0	3	0.00	3
123	0	0		0
124	0	0		0
125	0	0		0
126	0	3	0.00	3
127	0	1	0.00	1
128	0	4	0.00	4
129	0	0		0
130	0	2	0.00	2
131	0	3	0.00	3
132	0	2	0.00	2
133	0	3	0.00	3
134	0	0		0
135	0	0		0
136	0	4	0.00	4
137	0	1	0.00	1
138	0	0		0
139	0	2	0.00	2
140	0	1	0.00	1
141	0	1	0.00	1
142	0	1	0.00	1
143	0	0		0
144	0	0		0
145	0	0		0
146	0	0		0
147	0	2	0.00	2
148	0	3	0.00	3
149	0	0		0

CHH context (R1)
================
position	count methylated	count unmethylated	% methylation	coverage
1	1	35	2.78	36
2	0	31	0.00	31
3	0	26	0.00	26
4	0	326	0.00	326
5	4	368	1.08	372
6	0	410	0.00	410
7	1	404	0.25	405
8	1	340	0.29	341
9	2	306	0.65	308
10	0	288	0.00	288
11	2	306	0.65	308
12	1	316	0.32	317
13	2	359	0.55	361
14	1	382	0.26	383
15	0	375	0.00	375
16	1	330	0.30	331
17	1	322	0.31	323
18	0	318	0.00	318
19	0	322	0.00	322
20	1	343	0.29	344
21	3	327	0.91	330
22	1	284	0.35	285
23	0	328	0.00	328
24	0	356	0.00	356
25	3	373	0.80	376
26	1	356	0.28	357
27	1	368	0.27	369
28	1	330	0.30	331
29	0	357	0.00	357
30	3	380	0.78	383
31	0	339	0.00	339
32	1	348	0.29	349
33	1	332	0.30	333
34	0	300	0.00	300
35	1	312	0.32	313
36	4	384	1.03	388
37	1	328	0.30	329
38	1	335	0.30	336
39	0	327	0.00	327
40	0	318	0.00	318
41	0	319	0.00	319
42	1	356	0.28	357
43	0	351	0.00	351
44	7	331	2.07	338
45	0	312	0.00	312
46	0	321	0.00	321
47	1	323	0.31	324
48	2	344	0.58	346
49	2	409	0.49	411
50	1	393	0.25	394
51	1	394	0.25	395
52	1	356	0.28	357
53	0	347	0.00	347
54	2	334	0.60	336
55	3	338	0.88	341
56	0	281	0.00	281
57	0	289	0.00	289
58	1	294	0.34	295
59	0	316	0.00	316
60	1	299	0.33	300
61	0	320	0.00	320
62	0	350	0.00	350
63	1	327	0.30	328
64	1	346	0.29	347
65	0	290	0.00	290
66	1	304	0.33	305
67	0	321	0.00	321
68	0	355	0.00	355
69	2	287	0.69	289
70	1	287	0.35	288
71	2	265	0.75	267
72	0	259	0.00	259
73	1	284	0.35	285
74	0	263	0.00	263
75	1	332	0.30	333
76	2	323	0.62	325
77	0	281	0.00	281
78	3	262	1.13	265
79	1	248	0.40	249
80	0	287	0.00	287
81	2	234	0.85	236
82	0	250	0.00	250
83	1	227	0.44	228
84	0	244	0.00	244
85	0	251	0.00	251
86	1	242	0.41	243
87	1	229	0.43	230
88	0	237	0.00	237
89	0	196	0.00	196
90	0	182	0.00	182
91	0	165	0.00	165
92	2	188	1.05	190
93	0	154	0.00	154
94	0	157	0.00	157
95	1	187	0.53	188
96	2	151	1.31	153
97	1	151	0.66	152
98	2	136	1.45	138
99	0	69	0.00	69
100	0	7	0.00	7
101	0	11	0.00	11
102	0	12	0.00	12
103	0	10	0.00	10
104	1	9	10.00	10
105	0	7	0.00	7
106	0	9	0.00	9
107	0	5	0.00	5
108	0	7	0.00	7
109	0	5	0.00	5
110	0	5	0.00	5
111	0	4	0.00	4
112	0	2	0.00	2
113	0	7	0.00	7
114	0	3	0.00	3
115	0	2	0.00	2
116	0	5	0.00	5
117	0	7	0.00	7
118	0	0		0
119	0	2	0.00	2
120	0	2	0.00	2
121	0	0		0
122	0	0		0
123	0	2	0.00	2
124	0	2	0.00	2
125	0	4	0.00	4
126	0	6	0.00	6
127	0	5	0.00	5
128	0	2	0.00	2
129	0	2	0.00	2
130	0	1	0.00	1
131	0	3	0.00	3
132	0	2	0.00	2
133	0	0		0
134	0	1	0.00	1
135	0	2	0.00	2
136	0	1	0.00	1
137	0	0		0
138	0	0		0
139	0	0		0
140	0	1	0.00	1
141	0	1	0.00	1
142	0	0		0
143	0	2	0.00	2
144	0	0		0
145	0	2	0.00	2
146	0	1	0.00	1
147	0	1	0.00	1
148	0	1	0.00	1
149	0	1	0.00	1

CpG context (R2)
================
position	count methylated	count unmethylated	% methylation	coverage
1	1	27	3.57	28
2	0	14	0.00	14
3	1	73	1.35	74
4	4	64	5.88	68
5	6	118	4.84	124
6	1	75	1.32	76
7	4	129	3.01	133
8	2	76	2.56	78
9	5	83	5.68	88
10	3	86	3.37	89
11	6	69	8.00	75
12	4	53	7.02	57
13	6	72	7.69	78
14	1	43	2.27	44
15	4	83	4.60	87
16	1	49	2.00	50
17	1	33	2.94	34
18	4	48	7.69	52
19	2	33	5.71	35
20	1	57	1.72	58
21	0	33	0.00	33
22	3	43	6.52	46
23	2	40	4.76	42
24	3	59	4.84	62
25	1	22	4.35	23
26	2	37	5.13	39
27	1	40	2.44	41
28	1	35	2.78	36
29	3	46	6.12	49
30	0	21	0.00	21
31	2	27	6.90	29
32	3	30	9.09	33
33	0	19	0.00	19
34	0	26	0.00	26
35	1	14	6.67	15
36	0	12	0.00	12
37	1	23	4.17	24
38	0	19	0.00	19
39	1	10	9.09	11
40	0	7	0.00	7
41	0	10	0.00	10
42	0	7	0.00	7
43	0	15	0.00	15
44	1	13	7.14	14
45	0	2	0.00	2
46	2	12	14.29	14
47	0	5	0.00	5
48	1	4	20.00	5
49	0	7	0.00	7
50	1	3	25.00	4
51	0	4	0.00	4
52	3	7	30.00	10
53	0	1	0.00	1
54	0	9	0.00	9
55	0	2	0.00	2
56	1	4	20.00	5
57	0	2	0.00	2
58	0	2	0.00	2
59	1	5	16.67	6
60	0	2	0.00	2
61	0	3	0.00	3
62	0	1	0.00	1
63	0	1	0.00	1
64	0	3	0.00	3
65	0	1	0.00	1
66	0	2	0.00	2
67	0	2	0.00	2
68	0	1	0.00	1
69	0	4	0.00	4
70	0	1	0.00	1
71	0	1	0.00	1
72	0	2	0.00	2
73	0	0		0
74	0	0		0
75	0	2	0.00	2
76	0	0		0
77	0	2	0.00	2
78	0	2	0.00	2
79	0	1	0.00	1
80	0	0		0
81	0	0		0
82	0	0		0
83	0	2	0.00	2
84	0	0		0
85	0	0		0
86	0	1	0.00	1
87	0	1	0.00	1
88	0	2	0.00	2
89	0	0		0
90	0	0		0
91	0	0		0
92	0	1	0.00	1
93	0	0		0
94	0	3	0.00	3
95	0	0		0
96	0	1	0.00	1
97	0	1	0.00	1

CHG context (R2)
================
position	count methylated	count unmethylated	% methylation	coverage
1	20	2111	0.94	2131
2	0	24	0.00	24
3	0	7	0.00	7
4	0	41	0.00	41
5	0	62	0.00	62
6	0	70	0.00	70
7	0	83	0.00	83
8	1	92	1.08	93
9	0	71	0.00	71
10	2	44	4.35	46
11	0	81	0.00	81
12	0	47	0.00	47
13	0	53	0.00	53
14	0	41	0.00	41
15	0	42	0.00	42
16	0	53	0.00	53
17	0	49	0.00	49
18	0	57	0.00	57
19	1	48	2.04	49
20	0	45	0.00	45
21	0	51	0.00	51
22	1	43	2.27	44
23	0	23	0.00	23
24	0	19	0.00	19
25	0	33	0.00	33
26	0	13	0.00	13
27	0	16	0.00	16
28	1	22	4.35	23
29	0	26	0.00	26
30	0	25	0.00	25
31	0	20	0.00	20
32	1	18	5.26	19
33	0	24	0.00	24
34	0	20	0.00	20
35	0	27	0.00	27
36	0	19	0.00	19
37	0	12	0.00	12
38	0	6	0.00	6
39	0	11	0.00	11
40	0	14	0.00	14
41	0	19	0.00	19
42	0	6	0.00	6
43	0	9	0.00	9
44	0	4	0.00	4
45	0	12	0.00	12
46	0	4	0.00	4
47	0	6	0.00	6
48	0	12	0.00	12
49	0	5	0.00	5
50	1	6	14.29	7
51	0	4	0.00	4
52	0	8	0.00	8
53	0	3	0.00	3
54	0	1	0.00	1
55	0	9	0.00	9
56	0	3	0.00	3
57	0	0		0
58	0	1	0.00	1
59	0	2	0.00	2
60	0	7	0.00	7
61	0	0		0
62	0	1	0.00	1
63	0	6	0.00	6
64	0	1	0.00	1
65	0	0		0
66	0	0		0
67	0	2	0.00	2
68	0	1	0.00	1
69	0	0		0
70	0	3	0.00	3
71	0	1	0.00	1
72	0	1	0.00	1
73	0	2	0.00	2
74	0	0		0
75	0	1	0.00	1
76	0	0		0
77	0	1	0.00	1
78	0	2	0.00	2
79	0	1	0.00	1
80	0	0		0
81	0	0		0
82	0	0		0
83	0	0		0
84	0	2	0.00	2
85	0	0		0
86	0	0		0
87	0	1	0.00	1
88	0	0		0
89	0	2	0.00	2
90	0	1	0.00	1
91	0	0		0
92	0	0		0
93	0	0		0
94	0	0		0
95	0	1	0.00	1
96	0	0		0
97	0	0		0

CHH context (R2)
================
position	count methylated	count unmethylated	% methylation	coverage
1	1	11	8.33	12
2	2	995	0.20	997
3	0	276	0.00	276
4	0	181	0.00	181
5	0	131	0.00	131
6	1	103	0.96	104
7	1	97	1.02	98
8	0	123	0.00	123
9	0	121	0.00	121
10	0	135	0.00	135
11	1	82	1.20	83
12	0	98	0.00	98
13	0	71	0.00	71
14	0	96	0.00	96
15	0	87	0.00	87
16	0	62	0.00	62
17	0	65	0.00	65
18	0	67	0.00	67
19	0	73	0.00	73
20	0	47	0.00	47
21	1	46	2.13	47
22	0	46	0.00	46
23	0	57	0.00	57
24	0	48	0.00	48
25	0	46	0.00	46
26	0	30	0.00	30
27	0	23	0.00	23
28	0	21	0.00	21
29	0	37	0.00	37
30	0	32	0.00	32
31	1	30	3.23	31
32	0	30	0.00	30
33	0	19	0.00	19
34	0	24	0.00	24
35	0	29	0.00	29
36	0	25	0.00	25
37	1	21	4.55	22
38	0	22	0.00	22
39	0	11	0.00	11
40	0	13	0.00	13
41	0	14	0.00	14
42	0	17	0.00	17
43	0	19	0.00	19
44	0	13	0.00	13
45	0	11	0.00	11
46	1	15	6.25	16
47	0	13	0.00	13
48	0	6	0.00	6
49	0	14	0.00	14
50	0	10	0.00	10
51	0	13	0.00	13
52	0	8	0.00	8
53	0	7	0.00	7
54	0	8	0.00	8
55	0	7	0.00	7
56	0	9	0.00	9
57	0	3	0.00	3
58	0	4	0.00	4
59	0	2	0.00	2
60	0	1	0.00	1
61	0	6	0.00	6
62	0	6	0.00	6
63	0	1	0.00	1
64	0	1	0.00	1
65	0	1	0.00	1
66	0	0		0
67	0	1	0.00	1
68	0	3	0.00	3
69	0	1	0.00	1
70	0	0		0
71	0	2	0.00	2
72	0	2	0.00	2
73	0	1	0.00	1
74	0	0		0
75	0	1	0.00	1
76	0	1	0.00	1
77	0	1	0.00	1
78	0	2	0.00	2
79	0	2	0.00	2
80	0	0		0
81	0	0		0
82	0	0		0
83	0	0		0
84	0	0		0
85	0	1	0.00	1
86	0	1	0.00	1
87	0	0		0
88	0	0		0
89	0	1	0.00	1
90	0	1	0.00	1
91	0	0		0
92	0	0		0
93	0	0		0
94	0	0		0
95	0	0		0
96	0	1	0.00	1
97	0	0		0

