CpG context (R1)
================
position	count methylated	count unmethylated	% methylation	coverage
1	197	2187	8.26	2384
2	0	14	0.00	14
3	0	12	0.00	12
4	12	191	5.91	203
5	10	219	4.37	229
6	15	300	4.76	315
7	7	211	3.21	218
8	14	288	4.64	302
9	5	245	2.00	250
10	13	264	4.69	277
11	4	222	1.77	226
12	7	314	2.18	321
13	13	284	4.38	297
14	18	251	6.69	269
15	14	254	5.22	268
16	21	272	7.17	293
17	7	233	2.92	240
18	9	270	3.23	279
19	17	314	5.14	331
20	11	233	4.51	244
21	16	196	7.55	212
22	18	302	5.62	320
23	6	250	2.34	256
24	11	242	4.35	253
25	10	285	3.39	295
26	5	252	1.95	257
27	4	250	1.57	254
28	19	264	6.71	283
29	13	277	4.48	290
30	14	283	4.71	297
31	8	287	2.71	295
32	9	279	3.12	288
33	9	219	3.95	228
34	10	245	3.92	255
35	19	268	6.62	287
36	8	197	3.90	205
37	16	293	5.18	309
38	10	251	3.83	261
39	16	232	6.45	248
40	7	260	2.62	267
41	16	240	6.25	256
42	15	267	5.32	282
43	10	254	3.79	264
44	14	279	4.78	293
45	13	292	4.26	305
46	13	235	5.24	248
47	18	272	6.21	290
48	9	260	3.35	269
49	14	232	5.69	246
50	11	274	3.86	285
51	12	208	5.45	220
52	13	234	5.26	247
53	9	223	3.88	232
54	12	251	4.56	263
55	13	286	4.35	299
56	7	241	2.82	248
57	14	251	5.28	265
58	8	246	3.15	254
59	9	269	3.24	278
60	13	246	5.02	259
61	16	209	7.11	225
62	13	271	4.58	284
63	12	208	5.45	220
64	24	216	10.00	240
65	12	256	4.48	268
66	14	265	5.02	279
67	6	226	2.59	232
68	11	186	5.58	197
69	1	195	0.51	196
70	10	242	3.97	252
71	14	257	5.17	271
72	9	223	3.88	232
73	9	228	3.80	237
74	8	170	4.49	178
75	6	183	3.17	189
76	10	195	4.88	205
77	10	217	4.41	227
78	8	194	3.96	202
79	8	202	3.81	210
80	9	185	4.64	194
81	8	182	4.21	190
82	6	200	2.91	206
83	4	137	2.84	141
84	3	168	1.75	171
85	5	198	2.46	203
86	2	161	1.23	163
87	6	188	3.09	194
88	4	126	3.08	130
89	7	159	4.22	166
90	5	101	4.72	106
91	14	119	10.53	133
92	5	133	3.62	138
93	7	134	4.96	141
94	8	136	5.56	144
95	7	114	5.79	121
96	3	101	2.88	104
97	4	122	3.17	126
98	7	91	7.14	98
99	1	40	2.44	41
100	1	8	11.11	9
101	0	5	0.00	5
102	1	3	25.00	4
103	0	9	0.00	9
104	0	11	0.00	11
105	0	2	0.00	2
106	0	9	0.00	9
107	1	5	16.67	6
108	1	4	20.00	5
109	0	7	0.00	7
110	0	4	0.00	4
111	1	6	14.29	7
112	1	3	25.00	4
113	0	1	0.00	1
114	0	3	0.00	3
115	0	1	0.00	1
116	1	3	25.00	4
117	0	7	0.00	7
118	0	0		0
119	0	2	0.00	2
120	0	0		0
121	0	6	0.00	6
122	0	4	0.00	4
123	0	3	0.00	3
124	0	2	0.00	2
125	1	2	33.33	3
126	0	4	0.00	4
127	0	1	0.00	1
128	0	0		0
129	0	4	0.00	4
130	0	1	0.00	1
131	0	2	0.00	2
132	0	1	0.00	1
133	0	1	0.00	1
134	0	0		0
135	0	1	0.00	1
136	0	0		0
137	0	1	0.00	1
138	0	1	0.00	1
139	0	1	0.00	1
140	0	0		0
141	0	1	0.00	1
142	0	0		0
143	0	1	0.00	1
144	0	2	0.00	2
145	1	0	100.00	1
146	0	0		0
147	0	0		0
148	0	0		0
149	0	1	0.00	1

CHG context (R1)
================
position	count methylated	count unmethylated	% methylation	coverage
1	0	14	0.00	14
2	0	24	0.00	24
3	0	11	0.00	11
4	2	132	1.49	134
5	1	237	0.42	238
6	2	239	0.83	241
7	1	243	0.41	244
8	1	211	0.47	212
9	1	257	0.39	258
10	0	211	0.00	211
11	1	242	0.41	243
12	0	213	0.00	213
13	0	203	0.00	203
14	0	196	0.00	196
15	3	232	1.28	235
16	1	224	0.44	225
17	0	263	0.00	263
18	2	259	0.77	261
19	1	219	0.45	220
20	0	160	0.00	160
21	0	230	0.00	230
22	0	235	0.00	235
23	2	210	0.94	212
24	2	215	0.92	217
25	0	264	0.00	264
26	0	208	0.00	208
27	0	230	0.00	230
28	1	236	0.42	237
29	0	185	0.00	185
30	1	174	0.57	175
31	1	242	0.41	243
32	2	210	0.94	212
33	1	234	0.43	235
34	1	218	0.46	219
35	2	207	0.96	209
36	0	232	0.00	232
37	2	209	0.95	211
38	0	182	0.00	182
39	0	241	0.00	241
40	1	212	0.47	213
41	2	272	0.73	274
42	0	216	0.00	216
43	0	213	0.00	213
44	0	220	0.00	220
45	3	217	1.36	220
46	1	234	0.43	235
47	1	200	0.50	201
48	0	227	0.00	227
49	0	205	0.00	205
50	2	208	0.95	210
51	2	221	0.90	223
52	2	200	0.99	202
53	2	211	0.94	213
54	2	209	0.95	211
55	1	149	0.67	150
56	1	229	0.43	230
57	1	195	0.51	196
58	0	211	0.00	211
59	2	184	1.08	186
60	1	126	0.79	127
61	1	195	0.51	196
62	2	178	1.11	180
63	0	187	0.00	187
64	0	164	0.00	164
65	2	198	1.00	200
66	1	188	0.53	189
67	1	175	0.57	176
68	0	190	0.00	190
69	0	211	0.00	211
70	1	197	0.51	198
71	1	158	0.63	159
72	0	154	0.00	154
73	0	147	0.00	147
74	2	161	1.23	163
75	0	164	0.00	164
76	1	165	0.60	166
77	0	170	0.00	170
78	0	138	0.00	138
79	0	141	0.00	141
80	0	144	0.00	144
81	0	193	0.00	193
82	0	102	0.00	102
83	0	147	0.00	147
84	0	125	0.00	125
85	2	103	1.90	105
86	0	144	0.00	144
87	2	122	1.61	124
88	0	130	0.00	130
89	0	113	0.00	113
90	0	101	0.00	101
91	0	131	0.00	131
92	0	98	0.00	98
93	0	92	0.00	92
94	1	111	0.89	112
95	0	88	0.00	88
96	1	101	0.98	102
97	0	110	0.00	110
98	0	101	0.00	101
99	0	39	0.00	39
100	0	5	0.00	5
101	0	1	0.00	1
102	0	8	0.00	8
103	0	5	0.00	5
104	0	2	0.00	2
105	0	6	0.00	6
106	0	3	0.00	3
107	0	1	0.00	1
108	0	9	0.00	9
109	0	4	0.00	4
110	0	2	0.00	2
111	0	3	0.00	3
112	0	4	0.00	4
113	0	1	0.00	1
114	0	3	0.00	3
115	0	2	0.00	2
116	0	1	0.00	1
117	0	2	0.00	2
118	0	1	0.00	1
119	0	1	0.00	1
120	0	5	0.00	5
121	0	4	0.00	4
122	0	0		0
123	0	4	0.00	4
124	0	2	0.00	2
125	0	1	0.00	1
126	0	0		0
127	0	1	0.00	1
128	0	2	0.00	2
129	0	1	0.00	1
130	0	1	0.00	1
131	0	0		0
132	0	3	0.00	3
133	0	1	0.00	1
134	0	0		0
135	0	0		0
136	0	1	0.00	1
137	0	0		0
138	0	0		0
139	0	0		0
140	0	1	0.00	1
141	0	1	0.00	1
142	0	0		0
143	0	0		0
144	0	0		0
145	0	0		0
146	0	0		0
147	0	0		0
148	0	1	0.00	1
149	0	1	0.00	1

CHH context (R1)
================
position	count methylated	count unmethylated	% methylation	coverage
1	2	28	6.67	30
2	0	24	0.00	24
3	0	14	0.00	14
4	3	318	0.93	321
5	0	406	0.00	406
6	1	381	0.26	382
7	0	364	0.00	364
8	4	361	1.10	365
9	0	307	0.00	307
10	1	317	0.31	318
11	0	307	0.00	307
12	1	334	0.30	335
13	0	400	0.00	400
14	1	381	0.26	382
15	1	391	0.26	392
16	3	355	0.84	358
17	0	340	0.00	340
18	1	310	0.32	311
19	2	299	0.66	301
20	1	347	0.29	348
21	3	336	0.88	339
22	1	368	0.27	369
23	0	367	0.00	367
24	1	352	0.28	353
25	3	410	0.73	413
26	0	342	0.00	342
27	0	401	0.00	401
28	0	355	0.00	355
29	1	326	0.31	327
30	1	373	0.27	374
31	1	352	0.28	353
32	1	357	0.28	358
33	1	306	0.33	307
34	2	303	0.66	305
35	1	334	0.30	335
36	1	379	0.26	380
37	1	312	0.32	313
38	0	338	0.00	338
39	1	325	0.31	326
40	1	306	0.33	307
41	1	334	0.30	335
42	0	354	0.00	354
43	1	329	0.30	330
44	2	371	0.54	373
45	0	300	0.00	300
46	1	352	0.28	353
47	0	315	0.00	315
48	5	297	1.66	302
49	1	356	0.28	357
50	0	385	0.00	385
51	1	379	0.26	380
52	1	358	0.28	359
53	1	330	0.30	331
54	0	299	0.00	299
55	1	336	0.30	337
56	1	277	0.36	278
57	2	313	0.63	315
58	1	292	0.34	293
59	3	345	0.86	348
60	4	330	1.20	334
61	1	363	0.27	364
62	0	341	0.00	341
63	2	316	0.63	318
64	0	339	0.00	339
65	0	328	0.00	328
66	0	266	0.00	266
67	1	336	0.30	337
68	2	316	0.63	318
69	1	260	0.38	261
70	0	242	0.00	242
71	0	283	0.00	283
72	2	280	0.71	282
73	0	283	0.00	283
74	2	263	0.75	265
75	0	301	0.00	301
76	1	273	0.36	274
77	1	251	0.40	252
78	1	275	0.36	276
79	1	272	0.37	273
80	1	270	0.37	271
81	2	224	0.88	226
82	1	253	0.39	254
83	0	236	0.00	236
84	1	247	0.40	248
85	1	278	0.36	279
86	1	259	0.38	260
87	0	207	0.00	207
88	0	236	0.00	236
89	1	198	0.50	199
90	1	186	0.53	187
91	1	183	0.54	184
92	2	208	0.95	210
93	3	175	1.69	178
94	1	144	0.69	145
95	0	185	0.00	185
96	1	160	0.62	161
97	0	167	0.00	167
98	1	174	0.57	175
99	1	72	1.37	73
100	0	12	0.00	12
101	0	11	0.00	11
102	0	9	0.00	9
103	0	6	0.00	6
104	0	9	0.00	9
105	0	4	0.00	4
106	0	6	0.00	6
107	0	5	0.00	5
108	0	5	0.00	5
109	0	4	0.00	4
110	0	3	0.00	3
111	0	2	0.00	2
112	0	3	0.00	3
113	0	5	0.00	5
114	0	3	0.00	3
115	0	3	0.00	3
116	0	3	0.00	3
117	0	4	0.00	4
118	0	1	0.00	1
119	0	3	0.00	3
120	0	1	0.00	1
121	0	3	0.00	3
122	0	3	0.00	3
123	0	2	0.00	2
124	0	0		0
125	0	0		0
126	0	1	0.00	1
127	0	2	0.00	2
128	0	2	0.00	2
129	0	1	0.00	1
130	0	1	0.00	1
131	0	1	0.00	1
132	0	4	0.00	4
133	0	2	0.00	2
134	0	2	0.00	2
135	0	2	0.00	2
136	0	0		0
137	0	0		0
138	0	0		0
139	0	0		0
140	0	0		0
141	0	0		0
142	0	0		0
143	0	0		0
144	0	0		0
145	0	0		0
146	0	1	0.00	1
147	0	1	0.00	1
148	0	0		0
149	0	1	0.00	1

CpG context (R2)
================
position	count methylated	count unmethylated	% methylation	coverage
1	1	16	5.88	17
2	0	18	0.00	18
3	3	61	4.69	64
4	1	69	1.43	70
5	4	114	3.39	118
6	4	81	4.71	85
7	6	122	4.69	128
8	3	56	5.08	59
9	4	86	4.44	90
10	3	85	3.41	88
11	8	79	9.20	87
12	3	46	6.12	49
13	5	68	6.85	73
14	4	37	9.76	41
15	4	65	5.80	69
16	1	54	1.82	55
17	1	43	2.27	44
18	2	46	4.17	48
19	2	36	5.26	38
20	2	37	5.13	39
21	1	29	3.33	30
22	1	41	2.38	42
23	1	33	2.94	34
24	3	59	4.84	62
25	0	31	0.00	31
26	1	27	3.57	28
27	3	23	11.54	26
28	2	16	11.11	18
29	0	36	0.00	36
30	1	12	7.69	13
31	0	30	0.00	30
32	0	22	0.00	22
33	1	11	8.33	12
34	2	17	10.53	19
35	1	8	11.11	9
36	1	13	7.14	14
37	0	20	0.00	20
38	1	16	5.88	17
39	0	6	0.00	6
40	0	10	0.00	10
41	0	10	0.00	10
42	0	11	0.00	11
43	0	14	0.00	14
44	0	13	0.00	13
45	0	1	0.00	1
46	3	12	20.00	15
47	0	5	0.00	5
48	0	4	0.00	4
49	0	1	0.00	1
50	1	9	10.00	10
51	0	3	0.00	3
52	0	4	0.00	4
53	0	3	0.00	3
54	1	5	16.67	6
55	0	3	0.00	3
56	0	7	0.00	7
57	0	0		0
58	0	3	0.00	3
59	0	2	0.00	2
60	0	1	0.00	1
61	0	1	0.00	1
62	0	1	0.00	1
63	0	0		0
64	0	2	0.00	2
65	0	0		0
66	0	1	0.00	1
67	0	0		0
68	0	1	0.00	1
69	0	0		0
70	0	0		0
71	0	2	0.00	2
72	0	0		0
73	0	0		0
74	0	0		0
75	0	0		0
76	0	1	0.00	1
77	0	0		0
78	0	0		0
79	0	0		0
80	0	0		0
81	0	1	0.00	1
82	0	0		0
83	0	0		0
84	0	0		0
85	0	0		0
86	0	0		0
87	0	0		0
88	0	0		0
89	0	0		0
90	0	0		0
91	0	0		0
92	0	0		0
93	0	0		0
94	0	0		0

CHG context (R2)
================
position	count methylated	count unmethylated	% methylation	coverage
1	10	2136	0.47	2146
2	1	18	5.26	19
3	0	5	0.00	5
4	0	43	0.00	43
5	0	58	0.00	58
6	0	84	0.00	84
7	1	64	1.54	65
8	0	99	0.00	99
9	1	72	1.37	73
10	0	66	0.00	66
11	1	65	1.52	66
12	0	43	0.00	43
13	0	48	0.00	48
14	0	40	0.00	40
15	0	34	0.00	34
16	0	49	0.00	49
17	0	55	0.00	55
18	0	50	0.00	50
19	0	48	0.00	48
20	1	37	2.63	38
21	0	34	0.00	34
22	0	40	0.00	40
23	0	30	0.00	30
24	0	15	0.00	15
25	0	35	0.00	35
26	0	21	0.00	21
27	0	20	0.00	20
28	0	19	0.00	19
29	0	21	0.00	21
30	0	15	0.00	15
31	0	17	0.00	17
32	0	16	0.00	16
33	1	20	4.76	21
34	0	16	0.00	16
35	1	27	3.57	28
36	0	17	0.00	17
37	0	12	0.00	12
38	0	13	0.00	13
39	0	14	0.00	14
40	0	14	0.00	14
41	1	17	5.56	18
42	0	7	0.00	7
43	0	7	0.00	7
44	0	2	0.00	2
45	0	10	0.00	10
46	0	4	0.00	4
47	0	15	0.00	15
48	0	7	0.00	7
49	0	6	0.00	6
50	1	8	11.11	9
51	0	5	0.00	5
52	0	4	0.00	4
53	0	8	0.00	8
54	0	0		0
55	0	5	0.00	5
56	0	3	0.00	3
57	0	1	0.00	1
58	0	1	0.00	1
59	0	1	0.00	1
60	0	4	0.00	4
61	0	0		0
62	0	2	0.00	2
63	0	1	0.00	1
64	0	1	0.00	1
65	0	1	0.00	1
66	0	0		0
67	0	0		0
68	0	0		0
69	0	1	0.00	1
70	0	1	0.00	1
71	0	0		0
72	0	0		0
73	0	1	0.00	1
74	0	1	0.00	1
75	0	0		0
76	0	0		0
77	0	0		0
78	0	0		0
79	0	0		0
80	0	0		0
81	0	0		0
82	0	0		0
83	0	0		0
84	0	0		0
85	0	0		0
86	0	0		0
87	0	0		0
88	0	0		0
89	0	0		0
90	0	0		0
91	0	0		0
92	0	1	0.00	1
93	0	0		0
94	0	0		0

CHH context (R2)
================
position	count methylated	count unmethylated	% methylation	coverage
1	0	9	0.00	9
2	4	986	0.40	990
3	2	265	0.75	267
4	0	172	0.00	172
5	1	135	0.74	136
6	0	86	0.00	86
7	0	98	0.00	98
8	1	113	0.88	114
9	0	104	0.00	104
10	0	114	0.00	114
11	0	79	0.00	79
12	0	91	0.00	91
13	0	84	0.00	84
14	1	92	1.08	93
15	0	75	0.00	75
16	0	62	0.00	62
17	0	67	0.00	67
18	2	63	3.08	65
19	0	80	0.00	80
20	1	60	1.64	61
21	2	47	4.08	49
22	1	39	2.50	40
23	1	34	2.86	35
24	1	48	2.04	49
25	0	42	0.00	42
26	0	34	0.00	34
27	0	26	0.00	26
28	0	24	0.00	24
29	0	37	0.00	37
30	0	36	0.00	36
31	0	28	0.00	28
32	0	28	0.00	28
33	0	24	0.00	24
34	0	23	0.00	23
35	0	33	0.00	33
36	0	19	0.00	19
37	1	13	7.14	14
38	0	21	0.00	21
39	0	9	0.00	9
40	0	15	0.00	15
41	0	14	0.00	14
42	0	18	0.00	18
43	0	17	0.00	17
44	0	21	0.00	21
45	0	12	0.00	12
46	0	12	0.00	12
47	0	10	0.00	10
48	0	9	0.00	9
49	0	7	0.00	7
50	0	8	0.00	8
51	0	15	0.00	15
52	0	15	0.00	15
53	0	7	0.00	7
54	0	11	0.00	11
55	0	7	0.00	7
56	0	4	0.00	4
57	0	4	0.00	4
58	0	1	0.00	1
59	0	1	0.00	1
60	0	0		0
61	0	2	0.00	2
62	0	2	0.00	2
63	0	0		0
64	0	0		0
65	0	1	0.00	1
66	0	0		0
67	0	0		0
68	0	0		0
69	0	0		0
70	0	0		0
71	0	0		0
72	0	0		0
73	0	0		0
74	0	2	0.00	2
75	0	1	0.00	1
76	0	1	0.00	1
77	0	1	0.00	1
78	0	0		0
79	0	0		0
80	0	0		0
81	0	0		0
82	0	0		0
83	0	1	0.00	1
84	0	0		0
85	0	0		0
86	0	0		0
87	0	0		0
88	0	0		0
89	0	0		0
90	0	0		0
91	0	0		0
92	0	0		0
93	0	1	0.00	1
94	0	1	0.00	1

