CpG context (R1)
================
position	count methylated	count unmethylated	% methylation	coverage
1	204	2158	8.64	2362
2	0	17	0.00	17
3	3	9	25.00	12
4	13	184	6.60	197
5	16	221	6.75	237
6	14	250	5.30	264
7	14	231	5.71	245
8	16	275	5.50	291
9	10	231	4.15	241
10	8	251	3.09	259
11	7	245	2.78	252
12	16	250	6.02	266
13	11	297	3.57	308
14	15	242	5.84	257
15	9	235	3.69	244
16	12	270	4.26	282
17	11	255	4.14	266
18	11	248	4.25	259
19	19	297	6.01	316
20	7	208	3.26	215
21	19	195	8.88	214
22	10	276	3.50	286
23	15	249	5.68	264
24	16	229	6.53	245
25	11	288	3.68	299
26	10	261	3.69	271
27	15	248	5.70	263
28	19	289	6.17	308
29	10	268	3.60	278
30	16	239	6.27	255
31	18	268	6.29	286
32	17	299	5.38	316
33	6	226	2.59	232
34	14	278	4.79	292
35	14	252	5.26	266
36	10	232	4.13	242
37	11	259	4.07	270
38	10	226	4.24	236
39	12	242	4.72	254
40	7	260	2.62	267
41	10	224	4.27	234
42	18	290	5.84	308
43	15	240	5.88	255
44	11	268	3.94	279
45	12	254	4.51	266
46	12	252	4.55	264
47	9	266	3.27	275
48	12	256	4.48	268
49	20	245	7.55	265
50	11	225	4.66	236
51	10	243	3.95	253
52	13	225	5.46	238
53	9	236	3.67	245
54	20	241	7.66	261
55	13	280	4.44	293
56	16	237	6.32	253
57	11	229	4.58	240
58	13	236	5.22	249
59	7	265	2.57	272
60	12	224	5.08	236
61	16	256	5.88	272
62	12	248	4.62	260
63	13	207	5.91	220
64	20	236	7.81	256
65	7	252	2.70	259
66	20	240	7.69	260
67	15	223	6.30	238
68	13	220	5.58	233
69	5	175	2.78	180
70	14	238	5.56	252
71	15	248	5.70	263
72	8	253	3.07	261
73	15	201	6.94	216
74	9	173	4.95	182
75	11	161	6.40	172
76	10	167	5.65	177
77	6	210	2.78	216
78	11	199	5.24	210
79	10	235	4.08	245
80	11	196	5.31	207
81	9	187	4.59	196
82	9	208	4.15	217
83	6	135	4.26	141
84	5	148	3.27	153
85	10	214	4.46	224
86	12	133	8.28	145
87	9	196	4.39	205
88	3	125	2.34	128
89	8	151	5.03	159
90	2	134	1.47	136
91	9	128	6.57	137
92	7	132	5.04	139
93	9	124	6.77	133
94	3	130	2.26	133
95	5	111	4.31	116
96	9	116	7.20	125
97	7	133	5.00	140
98	4	115	3.36	119
99	4	59	6.35	63
100	0	11	0.00	11
101	1	3	25.00	4
102	0	5	0.00	5
103	1	12	7.69	13
104	0	1	0.00	1
105	1	3	25.00	4
106	2	5	28.57	7
107	0	4	0.00	4
108	1	1	50.00	2
109	0	7	0.00	7
110	0	2	0.00	2
111	0	2	0.00	2
112	0	5	0.00	5
113	0	0		0
114	0	2	0.00	2
115	0	3	0.00	3
116	0	2	0.00	2
117	0	3	0.00	3
118	0	2	0.00	2
119	0	1	0.00	1
120	0	2	0.00	2
121	1	2	33.33	3
122	0	1	0.00	1
123	0	2	0.00	2
124	0	1	0.00	1
125	0	1	0.00	1
126	0	3	0.00	3
127	0	3	0.00	3
128	0	2	0.00	2
129	0	1	0.00	1
130	0	3	0.00	3
131	0	1	0.00	1
132	0	0		0
133	0	0		0
134	0	0		0
135	0	0		0
136	0	1	0.00	1
137	0	2	0.00	2
138	0	0		0
139	0	3	0.00	3
140	0	1	0.00	1
141	0	1	0.00	1
142	0	0		0
143	0	1	0.00	1
144	0	2	0.00	2
145	0	0		0
146	0	0		0
147	0	0		0
148	0	0		0
149	0	0		0

CHG context (R1)
================
position	count methylated	count unmethylated	% methylation	coverage
1	0	17	0.00	17
2	0	25	0.00	25
3	0	10	0.00	10
4	1	152	0.65	153
5	1	200	0.50	201
6	0	237	0.00	237
7	1	248	0.40	249
8	1	206	0.48	207
9	0	243	0.00	243
10	1	201	0.50	202
11	2	238	0.83	240
12	1	220	0.45	221
13	0	208	0.00	208
14	0	199	0.00	199
15	0	214	0.00	214
16	0	241	0.00	241
17	0	233	0.00	233
18	1	231	0.43	232
19	0	218	0.00	218
20	0	146	0.00	146
21	2	219	0.90	221
22	1	228	0.44	229
23	1	195	0.51	196
24	0	217	0.00	217
25	1	258	0.39	259
26	1	185	0.54	186
27	0	258	0.00	258
28	0	246	0.00	246
29	1	186	0.53	187
30	1	174	0.57	175
31	2	263	0.75	265
32	3	170	1.73	173
33	0	272	0.00	272
34	0	203	0.00	203
35	0	211	0.00	211
36	0	210	0.00	210
37	0	208	0.00	208
38	0	192	0.00	192
39	0	231	0.00	231
40	0	186	0.00	186
41	1	270	0.37	271
42	0	233	0.00	233
43	3	218	1.36	221
44	2	224	0.88	226
45	3	191	1.55	194
46	0	224	0.00	224
47	2	193	1.03	195
48	0	215	0.00	215
49	1	164	0.61	165
50	0	193	0.00	193
51	2	209	0.95	211
52	1	222	0.45	223
53	2	199	1.00	201
54	0	203	0.00	203
55	0	167	0.00	167
56	2	192	1.03	194
57	2	196	1.01	198
58	1	209	0.48	210
59	2	170	1.16	172
60	0	172	0.00	172
61	1	162	0.61	163
62	3	141	2.08	144
63	1	191	0.52	192
64	3	192	1.54	195
65	0	202	0.00	202
66	0	181	0.00	181
67	1	203	0.49	204
68	0	184	0.00	184
69	1	182	0.55	183
70	0	185	0.00	185
71	0	162	0.00	162
72	0	161	0.00	161
73	1	189	0.53	190
74	0	159	0.00	159
75	1	158	0.63	159
76	0	201	0.00	201
77	0	190	0.00	190
78	1	164	0.61	165
79	0	150	0.00	150
80	1	149	0.67	150
81	1	175	0.57	176
82	0	113	0.00	113
83	0	120	0.00	120
84	0	136	0.00	136
85	0	105	0.00	105
86	0	170	0.00	170
87	0	129	0.00	129
88	2	129	1.53	131
89	0	118	0.00	118
90	0	104	0.00	104
91	0	149	0.00	149
92	0	97	0.00	97
93	0	85	0.00	85
94	1	101	0.98	102
95	0	102	0.00	102
96	0	116	0.00	116
97	0	116	0.00	116
98	0	98	0.00	98
99	0	43	0.00	43
100	0	6	0.00	6
101	0	6	0.00	6
102	0	8	0.00	8
103	0	2	0.00	2
104	0	4	0.00	4
105	0	8	0.00	8
106	0	3	0.00	3
107	0	5	0.00	5
108	0	6	0.00	6
109	0	2	0.00	2
110	0	3	0.00	3
111	0	2	0.00	2
112	0	2	0.00	2
113	0	1	0.00	1
114	0	3	0.00	3
115	0	4	0.00	4
116	0	0		0
117	0	1	0.00	1
118	0	2	0.00	2
119	0	1	0.00	1
120	0	5	0.00	5
121	0	3	0.00	3
122	0	0		0
123	0	1	0.00	1
124	0	4	0.00	4
125	0	0		0
126	0	1	0.00	1
127	0	0		0
128	0	0		0
129	0	2	0.00	2
130	0	1	0.00	1
131	0	0		0
132	0	2	0.00	2
133	0	0		0
134	0	0		0
135	0	1	0.00	1
136	0	3	0.00	3
137	0	0		0
138	0	0		0
139	0	1	0.00	1
140	0	0		0
141	0	2	0.00	2
142	0	0		0
143	0	0		0
144	0	0		0
145	0	0		0
146	0	0		0
147	0	0		0
148	0	0		0
149	0	0		0

CHH context (R1)
================
position	count methylated	count unmethylated	% methylation	coverage
1	3	34	8.11	37
2	0	39	0.00	39
3	0	23	0.00	23
4	1	317	0.31	318
5	2	398	0.50	400
6	1	425	0.23	426
7	1	395	0.25	396
8	0	369	0.00	369
9	4	363	1.09	367
10	0	331	0.00	331
11	0	296	0.00	296
12	1	302	0.33	303
13	2	366	0.54	368
14	1	380	0.26	381
15	3	395	0.75	398
16	0	357	0.00	357
17	1	335	0.30	336
18	1	307	0.32	308
19	0	336	0.00	336
20	1	368	0.27	369
21	1	356	0.28	357
22	1	370	0.27	371
23	0	328	0.00	328
24	1	322	0.31	323
25	2	358	0.56	360
26	1	351	0.28	352
27	2	408	0.49	410
28	1	377	0.26	378
29	1	316	0.32	317
30	2	381	0.52	383
31	1	340	0.29	341
32	0	361	0.00	361
33	3	310	0.96	313
34	0	315	0.00	315
35	1	309	0.32	310
36	2	369	0.54	371
37	0	358	0.00	358
38	0	361	0.00	361
39	0	341	0.00	341
40	1	328	0.30	329
41	2	301	0.66	303
42	1	348	0.29	349
43	2	312	0.64	314
44	2	323	0.62	325
45	0	308	0.00	308
46	1	360	0.28	361
47	1	274	0.36	275
48	0	294	0.00	294
49	1	394	0.25	395
50	1	399	0.25	400
51	0	419	0.00	419
52	1	369	0.27	370
53	1	354	0.28	355
54	3	296	1.00	299
55	0	318	0.00	318
56	1	305	0.33	306
57	1	298	0.33	299
58	1	286	0.35	287
59	2	299	0.66	301
60	3	326	0.91	329
61	2	340	0.58	342
62	0	334	0.00	334
63	0	324	0.00	324
64	1	355	0.28	356
65	0	326	0.00	326
66	0	295	0.00	295
67	0	318	0.00	318
68	2	334	0.60	336
69	4	317	1.25	321
70	0	293	0.00	293
71	0	285	0.00	285
72	0	279	0.00	279
73	0	309	0.00	309
74	0	274	0.00	274
75	1	296	0.34	297
76	0	293	0.00	293
77	0	260	0.00	260
78	1	273	0.36	274
79	0	272	0.00	272
80	0	279	0.00	279
81	3	224	1.32	227
82	0	267	0.00	267
83	1	229	0.43	230
84	1	210	0.47	211
85	0	288	0.00	288
86	0	273	0.00	273
87	0	231	0.00	231
88	0	263	0.00	263
89	0	201	0.00	201
90	0	205	0.00	205
91	0	186	0.00	186
92	0	198	0.00	198
93	1	182	0.55	183
94	0	173	0.00	173
95	0	210	0.00	210
96	0	157	0.00	157
97	1	132	0.75	133
98	2	181	1.09	183
99	1	54	1.82	55
100	0	8	0.00	8
101	0	6	0.00	6
102	0	6	0.00	6
103	0	8	0.00	8
104	0	8	0.00	8
105	0	5	0.00	5
106	0	7	0.00	7
107	0	3	0.00	3
108	0	3	0.00	3
109	0	4	0.00	4
110	0	7	0.00	7
111	0	4	0.00	4
112	0	5	0.00	5
113	0	7	0.00	7
114	0	6	0.00	6
115	0	2	0.00	2
116	0	4	0.00	4
117	0	6	0.00	6
118	0	2	0.00	2
119	0	2	0.00	2
120	0	1	0.00	1
121	0	0		0
122	0	1	0.00	1
123	0	4	0.00	4
124	0	3	0.00	3
125	0	0		0
126	0	2	0.00	2
127	0	3	0.00	3
128	0	2	0.00	2
129	0	1	0.00	1
130	0	2	0.00	2
131	0	4	0.00	4
132	0	2	0.00	2
133	0	2	0.00	2
134	0	0		0
135	0	3	0.00	3
136	0	0		0
137	0	1	0.00	1
138	0	2	0.00	2
139	0	1	0.00	1
140	0	1	0.00	1
141	0	0		0
142	0	0		0
143	0	0		0
144	0	0		0
145	0	0		0
146	0	2	0.00	2
147	0	2	0.00	2
148	0	0		0
149	0	2	0.00	2

CpG context (R2)
================
position	count methylated	count unmethylated	% methylation	coverage
1	1	18	5.26	19
2	0	21	0.00	21
3	3	63	4.55	66
4	4	72	5.26	76
5	9	93	8.82	102
6	7	91	7.14	98
7	6	116	4.92	122
8	3	76	3.80	79
9	5	79	5.95	84
10	4	91	4.21	95
11	7	75	8.54	82
12	3	68	4.23	71
13	4	84	4.55	88
14	2	41	4.65	43
15	1	62	1.59	63
16	0	65	0.00	65
17	0	37	0.00	37
18	4	43	8.51	47
19	6	41	12.77	47
20	3	44	6.38	47
21	2	35	5.41	37
22	2	43	4.44	45
23	3	39	7.14	42
24	2	61	3.17	63
25	2	32	5.88	34
26	2	31	6.06	33
27	1	32	3.03	33
28	0	18	0.00	18
29	0	32	0.00	32
30	0	18	0.00	18
31	3	29	9.38	32
32	0	31	0.00	31
33	2	12	14.29	14
34	0	14	0.00	14
35	0	17	0.00	17
36	0	12	0.00	12
37	1	25	3.85	26
38	1	20	4.76	21
39	0	10	0.00	10
40	0	10	0.00	10
41	0	10	0.00	10
42	0	8	0.00	8
43	0	14	0.00	14
44	1	13	7.14	14
45	0	3	0.00	3
46	2	15	11.76	17
47	0	4	0.00	4
48	0	6	0.00	6
49	0	8	0.00	8
50	0	5	0.00	5
51	0	5	0.00	5
52	2	5	28.57	7
53	0	4	0.00	4
54	1	5	16.67	6
55	0	3	0.00	3
56	1	2	33.33	3
57	0	3	0.00	3
58	0	6	0.00	6
59	0	2	0.00	2
60	0	2	0.00	2
61	0	2	0.00	2
62	0	1	0.00	1
63	0	0		0
64	0	1	0.00	1
65	0	0		0
66	0	3	0.00	3
67	0	0		0
68	0	0		0
69	0	1	0.00	1
70	0	0		0
71	0	1	0.00	1
72	0	0		0
73	0	0		0
74	0	0		0
75	0	0		0
76	0	2	0.00	2
77	0	0		0
78	0	0		0
79	0	0		0
80	0	2	0.00	2
81	0	2	0.00	2
82	0	0		0
83	0	2	0.00	2
84	0	0		0
85	0	0		0
86	0	1	0.00	1
87	0	0		0
88	0	0		0
89	0	0		0
90	0	0		0
91	0	1	0.00	1
92	0	0		0
93	0	0		0
94	0	2	0.00	2
95	0	0		0
96	0	1	0.00	1
97	0	1	0.00	1

CHG context (R2)
================
position	count methylated	count unmethylated	% methylation	coverage
1	13	2115	0.61	2128
2	0	23	0.00	23
3	0	4	0.00	4
4	0	48	0.00	48
5	1	53	1.85	54
6	0	82	0.00	82
7	2	89	2.20	91
8	1	83	1.19	84
9	1	80	1.23	81
10	2	68	2.86	70
11	0	65	0.00	65
12	0	51	0.00	51
13	0	47	0.00	47
14	0	63	0.00	63
15	0	41	0.00	41
16	0	45	0.00	45
17	0	50	0.00	50
18	0	53	0.00	53
19	0	38	0.00	38
20	0	59	0.00	59
21	0	37	0.00	37
22	0	36	0.00	36
23	0	33	0.00	33
24	0	18	0.00	18
25	0	40	0.00	40
26	0	25	0.00	25
27	0	15	0.00	15
28	0	20	0.00	20
29	0	27	0.00	27
30	0	26	0.00	26
31	0	24	0.00	24
32	0	21	0.00	21
33	0	22	0.00	22
34	0	17	0.00	17
35	0	22	0.00	22
36	0	15	0.00	15
37	0	12	0.00	12
38	0	8	0.00	8
39	0	15	0.00	15
40	0	11	0.00	11
41	0	19	0.00	19
42	0	7	0.00	7
43	0	6	0.00	6
44	0	4	0.00	4
45	0	11	0.00	11
46	0	1	0.00	1
47	0	8	0.00	8
48	0	3	0.00	3
49	0	10	0.00	10
50	0	8	0.00	8
51	0	3	0.00	3
52	0	5	0.00	5
53	0	4	0.00	4
54	0	2	0.00	2
55	0	5	0.00	5
56	0	3	0.00	3
57	0	0		0
58	0	3	0.00	3
59	0	1	0.00	1
60	0	3	0.00	3
61	0	0		0
62	0	0		0
63	0	3	0.00	3
64	0	0		0
65	0	0		0
66	0	1	0.00	1
67	0	2	0.00	2
68	0	0		0
69	0	0		0
70	0	0		0
71	0	0		0
72	0	2	0.00	2
73	0	1	0.00	1
74	0	1	0.00	1
75	0	2	0.00	2
76	0	0		0
77	0	0		0
78	0	1	0.00	1
79	0	0		0
80	0	0		0
81	0	1	0.00	1
82	0	0		0
83	0	0		0
84	0	0		0
85	0	0		0
86	0	0		0
87	0	1	0.00	1
88	0	0		0
89	0	1	0.00	1
90	0	0		0
91	0	0		0
92	0	1	0.00	1
93	0	0		0
94	0	0		0
95	0	0		0
96	0	0		0
97	0	1	0.00	1

CHH context (R2)
================
position	count methylated	count unmethylated	% methylation	coverage
1	0	13	0.00	13
2	0	966	0.00	966
3	0	275	0.00	275
4	0	201	0.00	201
5	0	142	0.00	142
6	0	86	0.00	86
7	0	100	0.00	100
8	0	131	0.00	131
9	0	128	0.00	128
10	0	131	0.00	131
11	0	88	0.00	88
12	0	73	0.00	73
13	0	72	0.00	72
14	0	87	0.00	87
15	0	73	0.00	73
16	0	64	0.00	64
17	0	72	0.00	72
18	0	74	0.00	74
19	0	78	0.00	78
20	0	68	0.00	68
21	1	45	2.17	46
22	0	47	0.00	47
23	0	39	0.00	39
24	0	42	0.00	42
25	0	44	0.00	44
26	0	32	0.00	32
27	0	40	0.00	40
28	0	34	0.00	34
29	0	41	0.00	41
30	0	33	0.00	33
31	0	18	0.00	18
32	1	22	4.35	23
33	0	23	0.00	23
34	0	32	0.00	32
35	0	32	0.00	32
36	0	31	0.00	31
37	1	14	6.67	15
38	0	26	0.00	26
39	0	11	0.00	11
40	0	21	0.00	21
41	0	15	0.00	15
42	0	16	0.00	16
43	0	16	0.00	16
44	0	18	0.00	18
45	0	11	0.00	11
46	0	19	0.00	19
47	0	11	0.00	11
48	0	7	0.00	7
49	0	4	0.00	4
50	0	6	0.00	6
51	0	11	0.00	11
52	0	13	0.00	13
53	0	15	0.00	15
54	0	6	0.00	6
55	0	8	0.00	8
56	0	6	0.00	6
57	0	2	0.00	2
58	0	1	0.00	1
59	0	0		0
60	0	2	0.00	2
61	0	2	0.00	2
62	0	2	0.00	2
63	0	0		0
64	0	2	0.00	2
65	0	0		0
66	0	0		0
67	0	0		0
68	0	1	0.00	1
69	0	2	0.00	2
70	0	0		0
71	0	0		0
72	0	1	0.00	1
73	0	0		0
74	0	0		0
75	0	1	0.00	1
76	0	1	0.00	1
77	0	0		0
78	0	0		0
79	0	1	0.00	1
80	0	0		0
81	0	0		0
82	0	0		0
83	0	1	0.00	1
84	0	0		0
85	0	0		0
86	0	0		0
87	0	0		0
88	0	1	0.00	1
89	0	0		0
90	0	1	0.00	1
91	0	1	0.00	1
92	0	0		0
93	0	1	0.00	1
94	0	2	0.00	2
95	0	0		0
96	0	0		0
97	0	0		0

