CpG context (R1)
================
position	count methylated	count unmethylated	% methylation	coverage
1	206	2157	8.72	2363
2	1	23	4.17	24
3	2	12	14.29	14
4	12	184	6.12	196
5	6	184	3.16	190
6	7	259	2.63	266
7	17	230	6.88	247
8	15	269	5.28	284
9	15	265	5.36	280
10	20	226	8.13	246
11	8	239	3.24	247
12	18	287	5.90	305
13	16	271	5.57	287
14	13	252	4.91	265
15	4	237	1.66	241
16	25	298	7.74	323
17	9	224	3.86	233
18	11	266	3.97	277
19	9	325	2.69	334
20	16	236	6.35	252
21	8	210	3.67	218
22	17	253	6.30	270
23	7	270	2.53	277
24	20	203	8.97	223
25	20	303	6.19	323
26	16	290	5.23	306
27	14	282	4.73	296
28	17	268	5.96	285
29	17	270	5.92	287
30	17	262	6.09	279
31	17	281	5.70	298
32	17	276	5.80	293
33	8	213	3.62	221
34	23	277	7.67	300
35	15	263	5.40	278
36	13	217	5.65	230
37	12	255	4.49	267
38	11	239	4.40	250
39	21	238	8.11	259
40	14	240	5.51	254
41	16	245	6.13	261
42	18	260	6.47	278
43	13	266	4.66	279
44	10	255	3.77	265
45	12	288	4.00	300
46	13	239	5.16	252
47	19	261	6.79	280
48	14	261	5.09	275
49	20	235	7.84	255
50	12	253	4.53	265
51	20	222	8.26	242
52	16	257	5.86	273
53	7	229	2.97	236
54	15	285	5.00	300
55	12	277	4.15	289
56	21	232	8.30	253
57	14	228	5.79	242
58	7	242	2.81	249
59	12	261	4.40	273
60	14	239	5.53	253
61	14	208	6.31	222
62	10	257	3.75	267
63	14	197	6.64	211
64	16	253	5.95	269
65	19	252	7.01	271
66	16	261	5.78	277
67	20	215	8.51	235
68	11	218	4.80	229
69	12	224	5.08	236
70	13	212	5.78	225
71	16	232	6.45	248
72	14	241	5.49	255
73	16	201	7.37	217
74	11	193	5.39	204
75	9	176	4.86	185
76	15	205	6.82	220
77	10	234	4.10	244
78	10	195	4.88	205
79	12	211	5.38	223
80	8	194	3.96	202
81	6	176	3.30	182
82	9	200	4.31	209
83	7	139	4.79	146
84	8	179	4.28	187
85	8	183	4.19	191
86	11	173	5.98	184
87	10	155	6.06	165
88	6	132	4.35	138
89	7	153	4.38	160
90	8	141	5.37	149
91	5	148	3.27	153
92	4	122	3.17	126
93	6	137	4.20	143
94	5	137	3.52	142
95	10	120	7.69	130
96	10	116	7.94	126
97	4	121	3.20	125
98	3	95	3.06	98
99	1	59	1.67	60
100	1	9	10.00	10
101	0	4	0.00	4
102	0	4	0.00	4
103	1	11	8.33	12
104	1	5	16.67	6
105	0	2	0.00	2
106	1	7	12.50	8
107	0	2	0.00	2
108	0	7	0.00	7
109	1	4	20.00	5
110	0	5	0.00	5
111	0	6	0.00	6
112	0	3	0.00	3
113	0	2	0.00	2
114	0	5	0.00	5
115	2	1	66.67	3
116	0	4	0.00	4
117	0	3	0.00	3
118	0	3	0.00	3
119	0	0		0
120	1	4	20.00	5
121	1	2	33.33	3
122	0	8	0.00	8
123	1	5	16.67	6
124	0	5	0.00	5
125	0	1	0.00	1
126	0	3	0.00	3
127	0	1	0.00	1
128	1	5	16.67	6
129	1	1	50.00	2
130	0	2	0.00	2
131	1	4	20.00	5
132	0	3	0.00	3
133	0	2	0.00	2
134	0	2	0.00	2
135	0	1	0.00	1
136	0	2	0.00	2
137	0	3	0.00	3
138	0	1	0.00	1
139	0	1	0.00	1
140	0	0		0
141	0	1	0.00	1
142	0	0		0
143	0	0		0
144	0	2	0.00	2
145	0	2	0.00	2
146	0	0		0
147	0	2	0.00	2
148	0	1	0.00	1
149	0	1	0.00	1

CHG context (R1)
================
position	count methylated	count unmethylated	% methylation	coverage
1	1	17	5.56	18
2	0	19	0.00	19
3	0	10	0.00	10
4	0	137	0.00	137
5	1	201	0.50	202
6	0	253	0.00	253
7	1	239	0.42	240
8	0	225	0.00	225
9	1	244	0.41	245
10	1	181	0.55	182
11	1	263	0.38	264
12	1	198	0.50	199
13	2	201	0.99	203
14	1	193	0.52	194
15	0	252	0.00	252
16	0	210	0.00	210
17	2	244	0.81	246
18	0	270	0.00	270
19	2	193	1.03	195
20	0	172	0.00	172
21	2	216	0.92	218
22	0	232	0.00	232
23	1	224	0.44	225
24	0	208	0.00	208
25	0	245	0.00	245
26	0	194	0.00	194
27	0	244	0.00	244
28	1	228	0.44	229
29	1	180	0.55	181
30	0	178	0.00	178
31	3	223	1.33	226
32	2	189	1.05	191
33	2	255	0.78	257
34	0	220	0.00	220
35	1	216	0.46	217
36	0	224	0.00	224
37	0	214	0.00	214
38	1	217	0.46	218
39	0	232	0.00	232
40	0	216	0.00	216
41	2	251	0.79	253
42	1	225	0.44	226
43	2	206	0.96	208
44	0	242	0.00	242
45	2	219	0.90	221
46	0	209	0.00	209
47	0	169	0.00	169
48	0	226	0.00	226
49	1	235	0.42	236
50	0	193	0.00	193
51	1	228	0.44	229
52	0	218	0.00	218
53	0	203	0.00	203
54	0	192	0.00	192
55	1	168	0.59	169
56	2	210	0.94	212
57	0	194	0.00	194
58	0	243	0.00	243
59	0	198	0.00	198
60	0	146	0.00	146
61	0	179	0.00	179
62	0	159	0.00	159
63	0	199	0.00	199
64	0	188	0.00	188
65	0	208	0.00	208
66	1	180	0.55	181
67	1	166	0.60	167
68	0	202	0.00	202
69	1	180	0.55	181
70	3	182	1.62	185
71	1	197	0.51	198
72	3	157	1.88	160
73	1	171	0.58	172
74	1	166	0.60	167
75	0	164	0.00	164
76	0	166	0.00	166
77	0	177	0.00	177
78	0	156	0.00	156
79	1	146	0.68	147
80	1	160	0.62	161
81	0	203	0.00	203
82	1	121	0.82	122
83	0	128	0.00	128
84	0	128	0.00	128
85	0	139	0.00	139
86	0	149	0.00	149
87	1	119	0.83	120
88	0	148	0.00	148
89	1	122	0.81	123
90	0	111	0.00	111
91	0	126	0.00	126
92	0	108	0.00	108
93	0	93	0.00	93
94	0	99	0.00	99
95	1	102	0.97	103
96	0	116	0.00	116
97	0	127	0.00	127
98	1	98	1.01	99
99	0	38	0.00	38
100	0	5	0.00	5
101	0	3	0.00	3
102	0	8	0.00	8
103	0	7	0.00	7
104	0	0		0
105	0	10	0.00	10
106	0	10	0.00	10
107	0	2	0.00	2
108	0	2	0.00	2
109	0	2	0.00	2
110	0	5	0.00	5
111	0	4	0.00	4
112	0	2	0.00	2
113	0	4	0.00	4
114	0	3	0.00	3
115	0	4	0.00	4
116	0	6	0.00	6
117	0	2	0.00	2
118	0	1	0.00	1
119	0	3	0.00	3
120	0	2	0.00	2
121	0	4	0.00	4
122	0	2	0.00	2
123	0	0		0
124	0	1	0.00	1
125	0	3	0.00	3
126	0	1	0.00	1
127	0	2	0.00	2
128	0	0		0
129	0	0		0
130	0	3	0.00	3
131	0	1	0.00	1
132	0	3	0.00	3
133	0	1	0.00	1
134	0	1	0.00	1
135	0	2	0.00	2
136	0	3	0.00	3
137	0	0		0
138	0	1	0.00	1
139	0	2	0.00	2
140	0	0		0
141	0	1	0.00	1
142	0	0		0
143	0	0		0
144	0	1	0.00	1
145	0	0		0
146	0	1	0.00	1
147	0	1	0.00	1
148	0	1	0.00	1
149	0	0		0

CHH context (R1)
================
position	count methylated	count unmethylated	% methylation	coverage
1	0	32	0.00	32
2	1	34	2.86	35
3	0	33	0.00	33
4	0	349	0.00	349
5	2	393	0.51	395
6	0	417	0.00	417
7	2	381	0.52	383
8	0	341	0.00	341
9	0	309	0.00	309
10	1	333	0.30	334
11	3	332	0.90	335
12	1	345	0.29	346
13	4	354	1.12	358
14	0	374	0.00	374
15	1	372	0.27	373
16	1	376	0.27	377
17	0	315	0.00	315
18	1	299	0.33	300
19	0	270	0.00	270
20	1	311	0.32	312
21	2	340	0.58	342
22	1	337	0.30	338
23	1	339	0.29	340
24	0	367	0.00	367
25	0	397	0.00	397
26	3	321	0.93	324
27	1	380	0.26	381
28	3	364	0.82	367
29	1	357	0.28	358
30	0	380	0.00	380
31	1	378	0.26	379
32	2	367	0.54	369
33	3	315	0.94	318
34	1	314	0.32	315
35	1	283	0.35	284
36	1	353	0.28	354
37	3	329	0.90	332
38	0	344	0.00	344
39	0	327	0.00	327
40	1	337	0.30	338
41	0	359	0.00	359
42	1	344	0.29	345
43	1	311	0.32	312
44	4	328	1.20	332
45	1	288	0.35	289
46	2	316	0.63	318
47	0	308	0.00	308
48	3	329	0.90	332
49	1	347	0.29	348
50	0	367	0.00	367
51	0	383	0.00	383
52	2	335	0.59	337
53	0	314	0.00	314
54	0	307	0.00	307
55	1	289	0.34	290
56	1	307	0.32	308
57	0	308	0.00	308
58	0	305	0.00	305
59	2	296	0.67	298
60	1	335	0.30	336
61	0	354	0.00	354
62	1	318	0.31	319
63	1	289	0.34	290
64	4	323	1.22	327
65	2	289	0.69	291
66	1	282	0.35	283
67	1	322	0.31	323
68	2	327	0.61	329
69	0	294	0.00	294
70	0	301	0.00	301
71	3	300	0.99	303
72	1	292	0.34	293
73	1	305	0.33	306
74	2	266	0.75	268
75	0	308	0.00	308
76	1	292	0.34	293
77	1	260	0.38	261
78	1	258	0.39	259
79	0	253	0.00	253
80	0	294	0.00	294
81	0	232	0.00	232
82	1	251	0.40	252
83	1	232	0.43	233
84	1	267	0.37	268
85	0	239	0.00	239
86	0	269	0.00	269
87	0	218	0.00	218
88	1	239	0.42	240
89	0	216	0.00	216
90	1	195	0.51	196
91	0	189	0.00	189
92	0	201	0.00	201
93	2	182	1.09	184
94	0	159	0.00	159
95	1	182	0.55	183
96	0	155	0.00	155
97	1	164	0.61	165
98	1	178	0.56	179
99	0	69	0.00	69
100	0	13	0.00	13
101	0	12	0.00	12
102	0	7	0.00	7
103	0	7	0.00	7
104	0	10	0.00	10
105	0	8	0.00	8
106	0	5	0.00	5
107	0	3	0.00	3
108	0	4	0.00	4
109	0	4	0.00	4
110	0	6	0.00	6
111	0	5	0.00	5
112	0	5	0.00	5
113	0	4	0.00	4
114	0	5	0.00	5
115	0	4	0.00	4
116	0	3	0.00	3
117	0	5	0.00	5
118	0	3	0.00	3
119	0	3	0.00	3
120	0	5	0.00	5
121	0	3	0.00	3
122	0	2	0.00	2
123	0	1	0.00	1
124	0	4	0.00	4
125	0	2	0.00	2
126	0	4	0.00	4
127	0	2	0.00	2
128	0	4	0.00	4
129	0	4	0.00	4
130	0	2	0.00	2
131	0	4	0.00	4
132	0	2	0.00	2
133	0	3	0.00	3
134	0	3	0.00	3
135	0	4	0.00	4
136	0	2	0.00	2
137	0	3	0.00	3
138	0	2	0.00	2
139	0	2	0.00	2
140	0	3	0.00	3
141	0	2	0.00	2
142	0	1	0.00	1
143	0	2	0.00	2
144	0	1	0.00	1
145	0	1	0.00	1
146	0	1	0.00	1
147	0	1	0.00	1
148	0	0		0
149	0	1	0.00	1

CpG context (R2)
================
position	count methylated	count unmethylated	% methylation	coverage
1	0	21	0.00	21
2	0	14	0.00	14
3	5	78	6.02	83
4	3	49	5.77	52
5	7	93	7.00	100
6	6	72	7.69	78
7	4	127	3.05	131
8	3	87	3.33	90
9	1	86	1.15	87
10	5	85	5.56	90
11	7	66	9.59	73
12	5	73	6.41	78
13	8	64	11.11	72
14	5	46	9.80	51
15	5	58	7.94	63
16	0	67	0.00	67
17	0	42	0.00	42
18	6	44	12.00	50
19	1	31	3.12	32
20	4	48	7.69	52
21	1	43	2.27	44
22	2	44	4.35	46
23	4	51	7.27	55
24	1	59	1.67	60
25	1	37	2.63	38
26	1	38	2.56	39
27	3	35	7.89	38
28	2	40	4.76	42
29	1	45	2.17	46
30	3	25	10.71	28
31	2	27	6.90	29
32	0	26	0.00	26
33	1	15	6.25	16
34	1	26	3.70	27
35	0	14	0.00	14
36	1	14	6.67	15
37	0	19	0.00	19
38	1	23	4.17	24
39	0	8	0.00	8
40	1	5	16.67	6
41	0	8	0.00	8
42	0	10	0.00	10
43	0	16	0.00	16
44	0	19	0.00	19
45	0	3	0.00	3
46	3	21	12.50	24
47	0	11	0.00	11
48	0	10	0.00	10
49	0	5	0.00	5
50	0	4	0.00	4
51	0	7	0.00	7
52	2	4	33.33	6
53	0	4	0.00	4
54	1	4	20.00	5
55	0	3	0.00	3
56	2	5	28.57	7
57	0	2	0.00	2
58	0	7	0.00	7
59	0	4	0.00	4
60	1	2	33.33	3
61	0	4	0.00	4
62	0	1	0.00	1
63	0	1	0.00	1
64	0	1	0.00	1
65	0	2	0.00	2
66	0	1	0.00	1
67	0	0		0
68	0	1	0.00	1
69	0	1	0.00	1
70	0	1	0.00	1
71	0	2	0.00	2
72	0	0		0
73	0	2	0.00	2
74	0	0		0
75	0	1	0.00	1
76	1	2	33.33	3
77	0	1	0.00	1
78	0	0		0
79	0	0		0
80	0	0		0
81	0	3	0.00	3
82	0	2	0.00	2
83	0	2	0.00	2
84	0	0		0
85	0	2	0.00	2
86	0	0		0
87	0	1	0.00	1
88	0	0		0
89	0	1	0.00	1
90	0	1	0.00	1
91	0	2	0.00	2
92	0	0		0
93	0	2	0.00	2
94	0	0		0
95	0	1	0.00	1
96	0	0		0
97	0	0		0

CHG context (R2)
================
position	count methylated	count unmethylated	% methylation	coverage
1	17	2113	0.80	2130
2	0	24	0.00	24
3	0	3	0.00	3
4	1	44	2.22	45
5	0	47	0.00	47
6	0	87	0.00	87
7	0	74	0.00	74
8	2	101	1.94	103
9	0	74	0.00	74
10	1	69	1.43	70
11	1	81	1.22	82
12	0	40	0.00	40
13	0	50	0.00	50
14	0	61	0.00	61
15	0	61	0.00	61
16	0	43	0.00	43
17	0	54	0.00	54
18	0	46	0.00	46
19	0	57	0.00	57
20	0	53	0.00	53
21	0	41	0.00	41
22	0	62	0.00	62
23	0	35	0.00	35
24	0	22	0.00	22
25	0	39	0.00	39
26	0	23	0.00	23
27	0	19	0.00	19
28	0	27	0.00	27
29	0	31	0.00	31
30	0	26	0.00	26
31	0	33	0.00	33
32	0	17	0.00	17
33	0	19	0.00	19
34	0	27	0.00	27
35	1	25	3.85	26
36	0	17	0.00	17
37	0	13	0.00	13
38	0	14	0.00	14
39	0	9	0.00	9
40	0	19	0.00	19
41	0	20	0.00	20
42	0	5	0.00	5
43	0	6	0.00	6
44	0	5	0.00	5
45	0	5	0.00	5
46	0	3	0.00	3
47	0	11	0.00	11
48	0	4	0.00	4
49	0	17	0.00	17
50	0	9	0.00	9
51	0	4	0.00	4
52	0	9	0.00	9
53	0	6	0.00	6
54	0	1	0.00	1
55	0	5	0.00	5
56	1	5	16.67	6
57	0	1	0.00	1
58	0	1	0.00	1
59	0	0		0
60	1	7	12.50	8
61	0	2	0.00	2
62	0	1	0.00	1
63	0	2	0.00	2
64	0	3	0.00	3
65	0	0		0
66	0	1	0.00	1
67	0	0		0
68	0	1	0.00	1
69	0	0		0
70	0	1	0.00	1
71	0	2	0.00	2
72	0	0		0
73	0	2	0.00	2
74	0	1	0.00	1
75	0	1	0.00	1
76	0	0		0
77	0	1	0.00	1
78	0	1	0.00	1
79	0	1	0.00	1
80	0	0		0
81	0	0		0
82	0	0		0
83	0	0		0
84	0	1	0.00	1
85	0	1	0.00	1
86	0	2	0.00	2
87	0	0		0
88	0	1	0.00	1
89	0	0		0
90	0	0		0
91	0	0		0
92	0	0		0
93	0	0		0
94	0	1	0.00	1
95	0	0		0
96	0	0		0
97	0	1	0.00	1

CHH context (R2)
================
position	count methylated	count unmethylated	% methylation	coverage
1	0	8	0.00	8
2	3	956	0.31	959
3	0	289	0.00	289
4	0	193	0.00	193
5	1	165	0.60	166
6	1	108	0.92	109
7	0	119	0.00	119
8	0	136	0.00	136
9	1	115	0.86	116
10	0	131	0.00	131
11	0	93	0.00	93
12	0	77	0.00	77
13	0	62	0.00	62
14	0	92	0.00	92
15	1	67	1.47	68
16	0	68	0.00	68
17	0	69	0.00	69
18	0	83	0.00	83
19	1	75	1.32	76
20	0	67	0.00	67
21	0	56	0.00	56
22	0	54	0.00	54
23	0	48	0.00	48
24	0	42	0.00	42
25	0	56	0.00	56
26	0	34	0.00	34
27	0	34	0.00	34
28	0	32	0.00	32
29	0	26	0.00	26
30	1	14	6.67	15
31	0	30	0.00	30
32	0	31	0.00	31
33	1	19	5.00	20
34	1	24	4.00	25
35	2	36	5.26	38
36	0	27	0.00	27
37	0	18	0.00	18
38	0	17	0.00	17
39	0	10	0.00	10
40	0	14	0.00	14
41	0	11	0.00	11
42	0	21	0.00	21
43	0	23	0.00	23
44	0	18	0.00	18
45	0	13	0.00	13
46	2	17	10.53	19
47	0	13	0.00	13
48	0	6	0.00	6
49	0	9	0.00	9
50	0	7	0.00	7
51	0	19	0.00	19
52	0	19	0.00	19
53	0	15	0.00	15
54	0	11	0.00	11
55	0	11	0.00	11
56	0	6	0.00	6
57	0	6	0.00	6
58	0	4	0.00	4
59	0	2	0.00	2
60	0	0		0
61	0	3	0.00	3
62	0	1	0.00	1
63	0	0		0
64	0	0		0
65	0	1	0.00	1
66	0	0		0
67	0	0		0
68	0	2	0.00	2
69	0	2	0.00	2
70	0	0		0
71	0	0		0
72	0	1	0.00	1
73	0	0		0
74	0	2	0.00	2
75	0	0		0
76	0	0		0
77	0	0		0
78	0	0		0
79	0	1	0.00	1
80	0	1	0.00	1
81	0	0		0
82	0	0		0
83	0	0		0
84	0	1	0.00	1
85	0	0		0
86	0	0		0
87	0	0		0
88	0	0		0
89	0	0		0
90	0	0		0
91	0	0		0
92	0	0		0
93	0	0		0
94	0	0		0
95	0	0		0
96	0	0		0
97	0	0		0

