CpG context (R1)
================
position	count methylated	count unmethylated	% methylation	coverage
1	182	2187	7.68	2369
2	1	15	6.25	16
3	0	19	0.00	19
4	13	186	6.53	199
5	8	195	3.94	203
6	15	249	5.68	264
7	10	238	4.03	248
8	13	267	4.64	280
9	9	246	3.53	255
10	16	262	5.76	278
11	8	259	3.00	267
12	17	269	5.94	286
13	10	273	3.53	283
14	4	259	1.52	263
15	8	229	3.38	237
16	6	299	1.97	305
17	13	248	4.98	261
18	9	236	3.67	245
19	15	309	4.63	324
20	6	224	2.61	230
21	11	197	5.29	208
22	6	265	2.21	271
23	15	260	5.45	275
24	11	230	4.56	241
25	9	290	3.01	299
26	19	275	6.46	294
27	8	257	3.02	265
28	17	231	6.85	248
29	10	285	3.39	295
30	11	263	4.01	274
31	23	270	7.85	293
32	10	255	3.77	265
33	24	225	9.64	249
34	13	255	4.85	268
35	17	276	5.80	293
36	11	217	4.82	228
37	13	260	4.76	273
38	12	251	4.56	263
39	8	244	3.17	252
40	11	273	3.87	284
41	13	251	4.92	264
42	8	289	2.69	297
43	12	256	4.48	268
44	11	276	3.83	287
45	15	262	5.42	277
46	11	232	4.53	243
47	18	270	6.25	288
48	4	249	1.58	253
49	17	236	6.72	253
50	13	239	5.16	252
51	16	240	6.25	256
52	12	238	4.80	250
53	11	236	4.45	247
54	10	247	3.89	257
55	18	269	6.27	287
56	14	249	5.32	263
57	17	222	7.11	239
58	8	245	3.16	253
59	11	266	3.97	277
60	7	224	3.03	231
61	13	234	5.26	247
62	18	216	7.69	234
63	9	187	4.59	196
64	11	236	4.45	247
65	6	243	2.41	249
66	10	246	3.91	256
67	15	241	5.86	256
68	12	196	5.77	208
69	10	192	4.95	202
70	11	241	4.37	252
71	11	240	4.38	251
72	4	237	1.66	241
73	9	216	4.00	225
74	15	203	6.88	218
75	11	165	6.25	176
76	12	196	5.77	208
77	10	215	4.44	225
78	12	189	5.97	201
79	8	206	3.74	214
80	11	166	6.21	177
81	7	183	3.68	190
82	9	186	4.62	195
83	5	132	3.65	137
84	3	191	1.55	194
85	6	196	2.97	202
86	12	162	6.90	174
87	2	148	1.33	150
88	9	143	5.92	152
89	9	157	5.42	166
90	6	113	5.04	119
91	6	125	4.58	131
92	3	144	2.04	147
93	10	126	7.35	136
94	5	116	4.13	121
95	5	114	4.20	119
96	9	100	8.26	109
97	4	134	2.90	138
98	2	105	1.87	107
99	1	57	1.72	58
100	0	9	0.00	9
101	0	4	0.00	4
102	0	5	0.00	5
103	0	5	0.00	5
104	0	4	0.00	4
105	0	4	0.00	4
106	1	6	14.29	7
107	0	6	0.00	6
108	0	4	0.00	4
109	2	9	18.18	11
110	0	6	0.00	6
111	1	4	20.00	5
112	0	9	0.00	9
113	0	2	0.00	2
114	0	9	0.00	9
115	1	5	16.67	6
116	0	2	0.00	2
117	0	1	0.00	1
118	0	2	0.00	2
119	0	3	0.00	3
120	0	3	0.00	3
121	0	4	0.00	4
122	0	2	0.00	2
123	0	2	0.00	2
124	0	1	0.00	1
125	0	2	0.00	2
126	0	4	0.00	4
127	0	1	0.00	1
128	1	3	25.00	4
129	0	2	0.00	2
130	0	2	0.00	2
131	0	1	0.00	1
132	0	0		0
133	0	0		0
134	0	0		0
135	0	0		0
136	0	1	0.00	1
137	0	0		0
138	0	1	0.00	1
139	0	1	0.00	1
140	0	0		0
141	0	0		0
142	0	2	0.00	2
143	0	2	0.00	2
144	0	2	0.00	2
145	0	3	0.00	3
146	0	0		0
147	0	1	0.00	1
148	0	0		0
149	0	0		0

CHG context (R1)
================
position	count methylated	count unmethylated	% methylation	coverage
1	1	13	7.14	14
2	0	26	0.00	26
3	0	15	0.00	15
4	0	124	0.00	124
5	1	186	0.53	187
6	0	244	0.00	244
7	1	229	0.43	230
8	2	218	0.91	220
9	0	247	0.00	247
10	1	202	0.49	203
11	0	259	0.00	259
12	2	222	0.89	224
13	1	196	0.51	197
14	0	204	0.00	204
15	0	237	0.00	237
16	1	235	0.42	236
17	0	221	0.00	221
18	0	295	0.00	295
19	2	207	0.96	209
20	1	175	0.57	176
21	0	194	0.00	194
22	1	227	0.44	228
23	0	195	0.00	195
24	1	216	0.46	217
25	2	238	0.83	240
26	0	192	0.00	192
27	0	222	0.00	222
28	1	247	0.40	248
29	0	167	0.00	167
30	0	194	0.00	194
31	2	242	0.82	244
32	0	195	0.00	195
33	0	235	0.00	235
34	1	224	0.44	225
35	0	231	0.00	231
36	0	217	0.00	217
37	2	213	0.93	215
38	1	201	0.50	202
39	0	201	0.00	201
40	1	204	0.49	205
41	1	285	0.35	286
42	0	189	0.00	189
43	2	195	1.02	197
44	0	254	0.00	254
45	2	200	0.99	202
46	0	205	0.00	205
47	0	184	0.00	184
48	2	210	0.94	212
49	1	209	0.48	210
50	3	198	1.49	201
51	3	209	1.42	212
52	0	219	0.00	219
53	4	204	1.92	208
54	2	177	1.12	179
55	2	198	1.00	200
56	1	230	0.43	231
57	1	202	0.49	203
58	0	192	0.00	192
59	0	175	0.00	175
60	0	176	0.00	176
61	1	182	0.55	183
62	1	173	0.57	174
63	1	196	0.51	197
64	3	204	1.45	207
65	1	204	0.49	205
66	1	184	0.54	185
67	0	173	0.00	173
68	0	193	0.00	193
69	2	214	0.93	216
70	0	177	0.00	177
71	0	157	0.00	157
72	0	178	0.00	178
73	3	171	1.72	174
74	0	159	0.00	159
75	0	167	0.00	167
76	1	153	0.65	154
77	0	166	0.00	166
78	0	171	0.00	171
79	1	146	0.68	147
80	0	152	0.00	152
81	0	172	0.00	172
82	0	123	0.00	123
83	0	150	0.00	150
84	0	147	0.00	147
85	0	122	0.00	122
86	2	130	1.52	132
87	0	117	0.00	117
88	0	141	0.00	141
89	0	112	0.00	112
90	0	98	0.00	98
91	1	144	0.69	145
92	0	107	0.00	107
93	0	91	0.00	91
94	1	103	0.96	104
95	0	124	0.00	124
96	0	114	0.00	114
97	0	107	0.00	107
98	1	94	1.05	95
99	0	58	0.00	58
100	0	7	0.00	7
101	0	7	0.00	7
102	0	12	0.00	12
103	0	6	0.00	6
104	0	2	0.00	2
105	0	9	0.00	9
106	0	6	0.00	6
107	0	3	0.00	3
108	0	6	0.00	6
109	0	4	0.00	4
110	0	7	0.00	7
111	0	4	0.00	4
112	0	2	0.00	2
113	0	1	0.00	1
114	0	3	0.00	3
115	0	2	0.00	2
116	0	3	0.00	3
117	0	1	0.00	1
118	0	4	0.00	4
119	0	2	0.00	2
120	0	2	0.00	2
121	0	3	0.00	3
122	0	2	0.00	2
123	0	1	0.00	1
124	0	1	0.00	1
125	0	0		0
126	0	3	0.00	3
127	0	4	0.00	4
128	0	0		0
129	0	0		0
130	0	2	0.00	2
131	1	0	100.00	1
132	0	1	0.00	1
133	0	3	0.00	3
134	0	2	0.00	2
135	0	1	0.00	1
136	0	1	0.00	1
137	0	0		0
138	0	0		0
139	0	1	0.00	1
140	0	0		0
141	0	1	0.00	1
142	0	2	0.00	2
143	0	0		0
144	0	0		0
145	0	0		0
146	0	0		0
147	0	3	0.00	3
148	0	1	0.00	1
149	0	1	0.00	1

CHH context (R1)
================
position	count methylated	count unmethylated	% methylation	coverage
1	1	37	2.63	38
2	0	26	0.00	26
3	1	15	6.25	16
4	0	348	0.00	348
5	2	400	0.50	402
6	1	417	0.24	418
7	1	408	0.24	409
8	1	378	0.26	379
9	1	344	0.29	345
10	1	336	0.30	337
11	1	344	0.29	345
12	1	337	0.30	338
13	1	385	0.26	386
14	1	412	0.24	413
15	0	362	0.00	362
16	0	330	0.00	330
17	0	332	0.00	332
18	0	297	0.00	297
19	0	330	0.00	330
20	3	342	0.87	345
21	0	354	0.00	354
22	1	345	0.29	346
23	2	338	0.59	340
24	0	384	0.00	384
25	3	401	0.74	404
26	2	365	0.54	367
27	1	401	0.25	402
28	2	378	0.53	380
29	1	353	0.28	354
30	0	383	0.00	383
31	1	358	0.28	359
32	1	356	0.28	357
33	4	333	1.19	337
34	0	327	0.00	327
35	3	311	0.96	314
36	2	362	0.55	364
37	3	317	0.94	320
38	1	329	0.30	330
39	1	329	0.30	330
40	0	341	0.00	341
41	3	323	0.92	326
42	0	352	0.00	352
43	1	340	0.29	341
44	2	359	0.55	361
45	1	290	0.34	291
46	2	315	0.63	317
47	0	327	0.00	327
48	3	342	0.87	345
49	0	381	0.00	381
50	0	381	0.00	381
51	0	392	0.00	392
52	1	352	0.28	353
53	3	319	0.93	322
54	1	305	0.33	306
55	0	293	0.00	293
56	2	310	0.64	312
57	1	303	0.33	304
58	3	303	0.98	306
59	2	328	0.61	330
60	2	322	0.62	324
61	0	351	0.00	351
62	1	352	0.28	353
63	1	322	0.31	323
64	0	368	0.00	368
65	0	284	0.00	284
66	2	281	0.71	283
67	1	319	0.31	320
68	0	327	0.00	327
69	0	294	0.00	294
70	2	290	0.68	292
71	1	299	0.33	300
72	0	256	0.00	256
73	0	319	0.00	319
74	0	278	0.00	278
75	0	313	0.00	313
76	0	315	0.00	315
77	1	267	0.37	268
78	0	259	0.00	259
79	1	298	0.33	299
80	1	281	0.35	282
81	2	246	0.81	248
82	1	284	0.35	285
83	2	225	0.88	227
84	2	225	0.88	227
85	0	251	0.00	251
86	1	244	0.41	245
87	1	222	0.45	223
88	4	239	1.65	243
89	2	208	0.95	210
90	2	185	1.07	187
91	0	211	0.00	211
92	1	218	0.46	219
93	1	192	0.52	193
94	0	185	0.00	185
95	0	196	0.00	196
96	0	152	0.00	152
97	1	155	0.64	156
98	1	161	0.62	162
99	0	73	0.00	73
100	0	8	0.00	8
101	0	11	0.00	11
102	0	12	0.00	12
103	1	5	16.67	6
104	0	4	0.00	4
105	0	11	0.00	11
106	0	9	0.00	9
107	0	7	0.00	7
108	0	8	0.00	8
109	0	4	0.00	4
110	0	7	0.00	7
111	0	1	0.00	1
112	0	2	0.00	2
113	0	3	0.00	3
114	0	5	0.00	5
115	0	3	0.00	3
116	0	2	0.00	2
117	0	7	0.00	7
118	0	5	0.00	5
119	0	4	0.00	4
120	0	1	0.00	1
121	0	4	0.00	4
122	0	3	0.00	3
123	0	2	0.00	2
124	0	2	0.00	2
125	0	4	0.00	4
126	0	3	0.00	3
127	0	3	0.00	3
128	0	0		0
129	0	1	0.00	1
130	0	2	0.00	2
131	0	2	0.00	2
132	0	3	0.00	3
133	0	2	0.00	2
134	0	3	0.00	3
135	0	1	0.00	1
136	0	1	0.00	1
137	0	0		0
138	0	1	0.00	1
139	0	2	0.00	2
140	0	0		0
141	0	1	0.00	1
142	0	0		0
143	0	0		0
144	0	0		0
145	0	0		0
146	0	2	0.00	2
147	0	1	0.00	1
148	0	2	0.00	2
149	0	1	0.00	1

CpG context (R2)
================
position	count methylated	count unmethylated	% methylation	coverage
1	0	30	0.00	30
2	0	17	0.00	17
3	5	72	6.49	77
4	3	64	4.48	67
5	3	118	2.48	121
6	1	70	1.41	71
7	4	142	2.74	146
8	1	79	1.25	80
9	7	83	7.78	90
10	2	85	2.30	87
11	6	87	6.45	93
12	5	70	6.67	75
13	5	86	5.49	91
14	2	47	4.08	49
15	3	68	4.23	71
16	5	62	7.46	67
17	3	42	6.67	45
18	4	66	5.71	70
19	1	35	2.78	36
20	0	48	0.00	48
21	2	35	5.41	37
22	3	42	6.67	45
23	3	36	7.69	39
24	2	49	3.92	51
25	1	35	2.78	36
26	1	23	4.17	24
27	3	40	6.98	43
28	2	35	5.41	37
29	1	43	2.27	44
30	0	17	0.00	17
31	3	27	10.00	30
32	0	28	0.00	28
33	2	14	12.50	16
34	1	19	5.00	20
35	1	17	5.56	18
36	1	14	6.67	15
37	0	21	0.00	21
38	1	27	3.57	28
39	0	11	0.00	11
40	0	11	0.00	11
41	0	8	0.00	8
42	1	10	9.09	11
43	2	12	14.29	14
44	0	16	0.00	16
45	0	2	0.00	2
46	2	11	15.38	13
47	0	3	0.00	3
48	0	7	0.00	7
49	0	3	0.00	3
50	0	5	0.00	5
51	0	9	0.00	9
52	0	7	0.00	7
53	0	7	0.00	7
54	0	4	0.00	4
55	0	2	0.00	2
56	1	4	20.00	5
57	0	2	0.00	2
58	0	7	0.00	7
59	0	2	0.00	2
60	0	0		0
61	0	3	0.00	3
62	0	0		0
63	0	1	0.00	1
64	0	1	0.00	1
65	0	0		0
66	0	4	0.00	4
67	0	2	0.00	2
68	0	1	0.00	1
69	0	3	0.00	3
70	0	0		0
71	0	1	0.00	1
72	0	1	0.00	1
73	0	0		0
74	0	1	0.00	1
75	0	0		0
76	0	0		0
77	0	1	0.00	1
78	0	0		0
79	0	0		0
80	0	2	0.00	2
81	0	0		0
82	0	0		0
83	0	2	0.00	2
84	0	0		0
85	0	0		0
86	0	1	0.00	1
87	0	1	0.00	1
88	0	0		0
89	0	0		0
90	0	0		0
91	0	1	0.00	1
92	0	0		0
93	0	0		0
94	0	0		0

CHG context (R2)
================
position	count methylated	count unmethylated	% methylation	coverage
1	10	2121	0.47	2131
2	0	35	0.00	35
3	0	6	0.00	6
4	0	35	0.00	35
5	0	62	0.00	62
6	1	74	1.33	75
7	0	59	0.00	59
8	0	100	0.00	100
9	0	82	0.00	82
10	0	60	0.00	60
11	0	56	0.00	56
12	0	41	0.00	41
13	0	28	0.00	28
14	0	58	0.00	58
15	0	49	0.00	49
16	0	55	0.00	55
17	1	34	2.86	35
18	0	60	0.00	60
19	0	59	0.00	59
20	0	54	0.00	54
21	1	41	2.38	42
22	0	44	0.00	44
23	0	26	0.00	26
24	0	22	0.00	22
25	0	39	0.00	39
26	0	22	0.00	22
27	0	15	0.00	15
28	0	17	0.00	17
29	0	24	0.00	24
30	0	21	0.00	21
31	0	30	0.00	30
32	0	26	0.00	26
33	0	18	0.00	18
34	0	11	0.00	11
35	0	26	0.00	26
36	0	28	0.00	28
37	0	13	0.00	13
38	0	8	0.00	8
39	0	13	0.00	13
40	0	16	0.00	16
41	0	26	0.00	26
42	0	7	0.00	7
43	0	8	0.00	8
44	0	4	0.00	4
45	0	10	0.00	10
46	0	1	0.00	1
47	0	6	0.00	6
48	0	7	0.00	7
49	0	17	0.00	17
50	0	11	0.00	11
51	0	6	0.00	6
52	0	5	0.00	5
53	0	2	0.00	2
54	0	3	0.00	3
55	0	4	0.00	4
56	0	5	0.00	5
57	0	1	0.00	1
58	0	4	0.00	4
59	0	1	0.00	1
60	0	4	0.00	4
61	0	0		0
62	0	1	0.00	1
63	0	2	0.00	2
64	0	1	0.00	1
65	0	1	0.00	1
66	0	2	0.00	2
67	0	4	0.00	4
68	0	1	0.00	1
69	0	0		0
70	0	2	0.00	2
71	0	0		0
72	0	1	0.00	1
73	0	1	0.00	1
74	0	0		0
75	0	0		0
76	0	0		0
77	0	1	0.00	1
78	0	0		0
79	0	0		0
80	0	1	0.00	1
81	0	1	0.00	1
82	0	0		0
83	0	1	0.00	1
84	0	1	0.00	1
85	0	0		0
86	0	1	0.00	1
87	0	0		0
88	0	0		0
89	0	1	0.00	1
90	0	0		0
91	0	0		0
92	0	0		0
93	0	0		0
94	0	0		0

CHH context (R2)
================
position	count methylated	count unmethylated	% methylation	coverage
1	0	14	0.00	14
2	2	1005	0.20	1007
3	0	242	0.00	242
4	0	195	0.00	195
5	0	138	0.00	138
6	0	92	0.00	92
7	0	110	0.00	110
8	2	110	1.79	112
9	0	125	0.00	125
10	0	121	0.00	121
11	0	75	0.00	75
12	0	79	0.00	79
13	1	66	1.49	67
14	0	91	0.00	91
15	1	95	1.04	96
16	1	69	1.43	70
17	0	69	0.00	69
18	0	69	0.00	69
19	1	65	1.52	66
20	0	69	0.00	69
21	0	54	0.00	54
22	1	46	2.13	47
23	0	56	0.00	56
24	0	41	0.00	41
25	0	40	0.00	40
26	0	43	0.00	43
27	1	32	3.03	33
28	0	24	0.00	24
29	0	32	0.00	32
30	0	36	0.00	36
31	0	33	0.00	33
32	0	25	0.00	25
33	0	26	0.00	26
34	0	20	0.00	20
35	0	28	0.00	28
36	0	25	0.00	25
37	0	17	0.00	17
38	0	29	0.00	29
39	0	8	0.00	8
40	0	20	0.00	20
41	0	12	0.00	12
42	0	24	0.00	24
43	0	24	0.00	24
44	0	29	0.00	29
45	0	12	0.00	12
46	0	25	0.00	25
47	0	14	0.00	14
48	0	2	0.00	2
49	0	4	0.00	4
50	0	1	0.00	1
51	0	16	0.00	16
52	0	13	0.00	13
53	0	12	0.00	12
54	0	6	0.00	6
55	0	13	0.00	13
56	0	7	0.00	7
57	0	5	0.00	5
58	0	1	0.00	1
59	0	0		0
60	0	3	0.00	3
61	0	2	0.00	2
62	0	6	0.00	6
63	0	2	0.00	2
64	0	0		0
65	0	0		0
66	0	0		0
67	0	0		0
68	0	1	0.00	1
69	0	1	0.00	1
70	0	0		0
71	0	1	0.00	1
72	0	0		0
73	0	1	0.00	1
74	0	0		0
75	0	2	0.00	2
76	0	0		0
77	0	1	0.00	1
78	0	2	0.00	2
79	0	1	0.00	1
80	0	0		0
81	0	0		0
82	0	0		0
83	0	0		0
84	0	1	0.00	1
85	0	1	0.00	1
86	0	0		0
87	0	0		0
88	0	0		0
89	0	0		0
90	0	0		0
91	0	0		0
92	0	0		0
93	0	0		0
94	0	1	0.00	1

