CpG context (R1)
================
position	count methylated	count unmethylated	% methylation	coverage
1	202	2165	8.53	2367
2	0	18	0.00	18
3	0	20	0.00	20
4	10	186	5.10	196
5	11	185	5.61	196
6	12	241	4.74	253
7	11	222	4.72	233
8	11	263	4.01	274
9	8	248	3.12	256
10	17	245	6.49	262
11	13	248	4.98	261
12	10	288	3.36	298
13	16	269	5.61	285
14	17	224	7.05	241
15	10	248	3.88	258
16	15	290	4.92	305
17	5	216	2.26	221
18	9	258	3.37	267
19	16	300	5.06	316
20	14	224	5.88	238
21	16	219	6.81	235
22	19	254	6.96	273
23	16	263	5.73	279
24	19	233	7.54	252
25	15	278	5.12	293
26	15	269	5.28	284
27	12	261	4.40	273
28	15	252	5.62	267
29	7	270	2.53	277
30	19	268	6.62	287
31	12	267	4.30	279
32	19	278	6.40	297
33	4	220	1.79	224
34	8	264	2.94	272
35	19	237	7.42	256
36	17	216	7.30	233
37	14	274	4.86	288
38	14	245	5.41	259
39	13	215	5.70	228
40	6	256	2.29	262
41	8	252	3.08	260
42	9	283	3.08	292
43	19	264	6.71	283
44	17	258	6.18	275
45	16	259	5.82	275
46	11	237	4.44	248
47	13	265	4.68	278
48	9	277	3.15	286
49	12	229	4.98	241
50	4	264	1.49	268
51	19	225	7.79	244
52	14	234	5.65	248
53	14	235	5.62	249
54	9	207	4.17	216
55	10	279	3.46	289
56	19	221	7.92	240
57	19	254	6.96	273
58	19	224	7.82	243
59	16	272	5.56	288
60	18	214	7.76	232
61	14	255	5.20	269
62	22	220	9.09	242
63	14	222	5.93	236
64	15	238	5.93	253
65	12	259	4.43	271
66	17	254	6.27	271
67	15	212	6.61	227
68	12	207	5.48	219
69	8	195	3.94	203
70	14	243	5.45	257
71	15	213	6.58	228
72	5	237	2.07	242
73	17	238	6.67	255
74	10	187	5.08	197
75	12	164	6.82	176
76	14	199	6.57	213
77	12	220	5.17	232
78	7	186	3.63	193
79	12	204	5.56	216
80	11	170	6.08	181
81	8	165	4.62	173
82	10	192	4.95	202
83	12	155	7.19	167
84	10	128	7.25	138
85	10	178	5.32	188
86	8	159	4.79	167
87	9	188	4.57	197
88	1	115	0.86	116
89	7	137	4.86	144
90	6	115	4.96	121
91	3	133	2.21	136
92	8	142	5.33	150
93	9	138	6.12	147
94	13	125	9.42	138
95	6	105	5.41	111
96	4	115	3.36	119
97	5	118	4.07	123
98	7	102	6.42	109
99	5	56	8.20	61
100	0	10	0.00	10
101	0	1	0.00	1
102	0	2	0.00	2
103	0	8	0.00	8
104	0	3	0.00	3
105	0	6	0.00	6
106	0	6	0.00	6
107	0	1	0.00	1
108	0	4	0.00	4
109	0	5	0.00	5
110	0	3	0.00	3
111	0	4	0.00	4
112	0	3	0.00	3
113	0	4	0.00	4
114	1	1	50.00	2
115	0	5	0.00	5
116	1	2	33.33	3
117	0	1	0.00	1
118	0	1	0.00	1
119	0	1	0.00	1
120	0	2	0.00	2
121	0	1	0.00	1
122	0	3	0.00	3
123	0	1	0.00	1
124	0	2	0.00	2
125	0	2	0.00	2
126	0	1	0.00	1
127	0	1	0.00	1
128	0	0		0
129	0	4	0.00	4
130	0	1	0.00	1
131	0	4	0.00	4
132	0	0		0
133	0	1	0.00	1
134	0	2	0.00	2
135	0	0		0
136	0	2	0.00	2
137	0	3	0.00	3
138	0	0		0
139	0	0		0
140	0	1	0.00	1
141	0	3	0.00	3
142	0	1	0.00	1
143	0	0		0
144	0	1	0.00	1
145	0	1	0.00	1
146	0	0		0
147	0	0		0
148	0	1	0.00	1
149	0	0		0

CHG context (R1)
================
position	count methylated	count unmethylated	% methylation	coverage
1	0	16	0.00	16
2	0	17	0.00	17
3	0	18	0.00	18
4	1	126	0.79	127
5	1	193	0.52	194
6	2	249	0.80	251
7	1	266	0.37	267
8	0	211	0.00	211
9	1	248	0.40	249
10	1	227	0.44	228
11	0	236	0.00	236
12	0	195	0.00	195
13	0	204	0.00	204
14	0	184	0.00	184
15	2	239	0.83	241
16	0	200	0.00	200
17	0	232	0.00	232
18	2	258	0.77	260
19	0	212	0.00	212
20	2	170	1.16	172
21	0	210	0.00	210
22	0	218	0.00	218
23	0	189	0.00	189
24	2	193	1.03	195
25	0	244	0.00	244
26	0	212	0.00	212
27	2	236	0.84	238
28	1	259	0.38	260
29	0	193	0.00	193
30	0	167	0.00	167
31	0	263	0.00	263
32	0	170	0.00	170
33	0	234	0.00	234
34	2	221	0.90	223
35	1	233	0.43	234
36	0	244	0.00	244
37	1	227	0.44	228
38	0	165	0.00	165
39	0	229	0.00	229
40	1	212	0.47	213
41	1	256	0.39	257
42	0	219	0.00	219
43	2	199	1.00	201
44	0	255	0.00	255
45	0	197	0.00	197
46	0	211	0.00	211
47	0	221	0.00	221
48	2	218	0.91	220
49	1	184	0.54	185
50	1	199	0.50	200
51	1	221	0.45	222
52	1	216	0.46	217
53	0	212	0.00	212
54	1	213	0.47	214
55	0	150	0.00	150
56	0	217	0.00	217
57	1	207	0.48	208
58	1	197	0.51	198
59	1	173	0.57	174
60	0	164	0.00	164
61	0	192	0.00	192
62	0	167	0.00	167
63	0	186	0.00	186
64	0	190	0.00	190
65	1	188	0.53	189
66	0	170	0.00	170
67	2	178	1.11	180
68	0	166	0.00	166
69	0	200	0.00	200
70	1	181	0.55	182
71	1	161	0.62	162
72	2	162	1.22	164
73	0	163	0.00	163
74	0	128	0.00	128
75	0	156	0.00	156
76	0	186	0.00	186
77	0	185	0.00	185
78	0	141	0.00	141
79	0	157	0.00	157
80	0	111	0.00	111
81	1	184	0.54	185
82	2	129	1.53	131
83	0	114	0.00	114
84	0	122	0.00	122
85	2	119	1.65	121
86	0	148	0.00	148
87	2	131	1.50	133
88	1	143	0.69	144
89	0	101	0.00	101
90	0	107	0.00	107
91	0	135	0.00	135
92	0	102	0.00	102
93	2	85	2.30	87
94	2	103	1.90	105
95	1	96	1.03	97
96	0	121	0.00	121
97	0	110	0.00	110
98	0	108	0.00	108
99	0	37	0.00	37
100	0	4	0.00	4
101	0	5	0.00	5
102	0	6	0.00	6
103	0	3	0.00	3
104	0	5	0.00	5
105	0	2	0.00	2
106	0	2	0.00	2
107	0	1	0.00	1
108	0	7	0.00	7
109	0	5	0.00	5
110	0	1	0.00	1
111	0	2	0.00	2
112	0	6	0.00	6
113	0	0		0
114	0	0		0
115	0	2	0.00	2
116	0	3	0.00	3
117	0	1	0.00	1
118	0	5	0.00	5
119	0	3	0.00	3
120	0	3	0.00	3
121	0	3	0.00	3
122	0	2	0.00	2
123	0	1	0.00	1
124	0	3	0.00	3
125	0	4	0.00	4
126	0	1	0.00	1
127	0	0		0
128	0	1	0.00	1
129	0	0		0
130	0	3	0.00	3
131	0	1	0.00	1
132	0	0		0
133	0	0		0
134	0	1	0.00	1
135	0	2	0.00	2
136	0	0		0
137	0	1	0.00	1
138	0	0		0
139	0	1	0.00	1
140	0	0		0
141	0	1	0.00	1
142	0	0		0
143	0	1	0.00	1
144	0	0		0
145	0	0		0
146	0	1	0.00	1
147	0	1	0.00	1
148	0	0		0
149	0	0		0

CHH context (R1)
================
position	count methylated	count unmethylated	% methylation	coverage
1	1	26	3.70	27
2	0	31	0.00	31
3	0	18	0.00	18
4	2	329	0.60	331
5	3	408	0.73	411
6	2	448	0.44	450
7	1	391	0.26	392
8	1	355	0.28	356
9	1	313	0.32	314
10	2	322	0.62	324
11	3	306	0.97	309
12	2	311	0.64	313
13	1	389	0.26	390
14	2	399	0.50	401
15	1	373	0.27	374
16	2	366	0.54	368
17	1	303	0.33	304
18	1	318	0.31	319
19	0	324	0.00	324
20	1	318	0.31	319
21	3	337	0.88	340
22	3	328	0.91	331
23	0	329	0.00	329
24	1	359	0.28	360
25	1	386	0.26	387
26	1	370	0.27	371
27	4	398	1.00	402
28	2	375	0.53	377
29	0	332	0.00	332
30	3	396	0.75	399
31	0	361	0.00	361
32	1	368	0.27	369
33	1	332	0.30	333
34	0	310	0.00	310
35	0	313	0.00	313
36	1	335	0.30	336
37	4	320	1.23	324
38	3	360	0.83	363
39	0	357	0.00	357
40	2	362	0.55	364
41	1	326	0.31	327
42	3	317	0.94	320
43	1	331	0.30	332
44	1	325	0.31	326
45	1	299	0.33	300
46	2	327	0.61	329
47	0	282	0.00	282
48	1	334	0.30	335
49	0	339	0.00	339
50	0	384	0.00	384
51	2	415	0.48	417
52	0	341	0.00	341
53	3	325	0.91	328
54	1	297	0.34	298
55	4	354	1.12	358
56	1	300	0.33	301
57	0	278	0.00	278
58	1	273	0.36	274
59	0	326	0.00	326
60	0	327	0.00	327
61	0	312	0.00	312
62	0	330	0.00	330
63	1	303	0.33	304
64	0	357	0.00	357
65	2	300	0.66	302
66	1	274	0.36	275
67	0	309	0.00	309
68	0	343	0.00	343
69	0	293	0.00	293
70	2	269	0.74	271
71	1	304	0.33	305
72	0	253	0.00	253
73	1	281	0.35	282
74	1	240	0.41	241
75	0	325	0.00	325
76	0	276	0.00	276
77	0	285	0.00	285
78	1	272	0.37	273
79	0	278	0.00	278
80	0	297	0.00	297
81	1	269	0.37	270
82	1	243	0.41	244
83	0	227	0.00	227
84	1	244	0.41	245
85	0	258	0.00	258
86	1	270	0.37	271
87	0	204	0.00	204
88	1	231	0.43	232
89	0	208	0.00	208
90	3	195	1.52	198
91	0	188	0.00	188
92	1	197	0.51	198
93	1	174	0.57	175
94	0	153	0.00	153
95	0	188	0.00	188
96	1	149	0.67	150
97	0	134	0.00	134
98	0	156	0.00	156
99	1	68	1.45	69
100	0	12	0.00	12
101	0	4	0.00	4
102	0	7	0.00	7
103	0	6	0.00	6
104	0	6	0.00	6
105	0	4	0.00	4
106	0	2	0.00	2
107	0	7	0.00	7
108	0	2	0.00	2
109	0	3	0.00	3
110	0	4	0.00	4
111	0	5	0.00	5
112	0	3	0.00	3
113	0	3	0.00	3
114	0	7	0.00	7
115	0	2	0.00	2
116	0	2	0.00	2
117	0	4	0.00	4
118	0	3	0.00	3
119	0	3	0.00	3
120	0	2	0.00	2
121	0	4	0.00	4
122	0	3	0.00	3
123	0	2	0.00	2
124	0	2	0.00	2
125	0	0		0
126	0	2	0.00	2
127	0	2	0.00	2
128	0	3	0.00	3
129	0	3	0.00	3
130	0	0		0
131	0	1	0.00	1
132	0	1	0.00	1
133	0	3	0.00	3
134	0	1	0.00	1
135	0	0		0
136	0	1	0.00	1
137	0	2	0.00	2
138	0	1	0.00	1
139	0	1	0.00	1
140	0	0		0
141	0	0		0
142	0	0		0
143	0	1	0.00	1
144	0	1	0.00	1
145	0	1	0.00	1
146	0	0		0
147	0	0		0
148	0	0		0
149	0	1	0.00	1

CpG context (R2)
================
position	count methylated	count unmethylated	% methylation	coverage
1	0	19	0.00	19
2	0	12	0.00	12
3	5	74	6.33	79
4	3	71	4.05	74
5	8	96	7.69	104
6	6	74	7.50	80
7	5	115	4.17	120
8	1	85	1.16	86
9	2	60	3.23	62
10	5	107	4.46	112
11	3	64	4.48	67
12	3	63	4.55	66
13	5	87	5.43	92
14	4	43	8.51	47
15	1	59	1.67	60
16	2	44	4.35	46
17	0	36	0.00	36
18	5	44	10.20	49
19	2	40	4.76	42
20	3	43	6.52	46
21	3	37	7.50	40
22	3	39	7.14	42
23	2	28	6.67	30
24	5	60	7.69	65
25	0	29	0.00	29
26	4	21	16.00	25
27	5	32	13.51	37
28	1	26	3.70	27
29	2	26	7.14	28
30	2	17	10.53	19
31	3	25	10.71	28
32	1	15	6.25	16
33	2	15	11.76	17
34	3	19	13.64	22
35	0	14	0.00	14
36	0	12	0.00	12
37	2	15	11.76	17
38	1	10	9.09	11
39	0	7	0.00	7
40	0	6	0.00	6
41	0	14	0.00	14
42	2	8	20.00	10
43	2	11	15.38	13
44	0	11	0.00	11
45	0	2	0.00	2
46	2	13	13.33	15
47	0	8	0.00	8
48	0	3	0.00	3
49	0	5	0.00	5
50	2	2	50.00	4
51	1	8	11.11	9
52	0	6	0.00	6
53	1	2	33.33	3
54	1	6	14.29	7
55	0	3	0.00	3
56	0	1	0.00	1
57	0	1	0.00	1
58	0	3	0.00	3
59	0	4	0.00	4
60	2	0	100.00	2
61	0	2	0.00	2
62	0	0		0
63	0	2	0.00	2
64	0	0		0
65	0	0		0
66	1	0	100.00	1
67	0	1	0.00	1
68	0	1	0.00	1
69	0	1	0.00	1
70	0	1	0.00	1
71	1	0	100.00	1
72	0	1	0.00	1
73	0	0		0
74	0	1	0.00	1
75	0	0		0
76	0	1	0.00	1
77	0	0		0
78	0	0		0
79	0	0		0
80	0	0		0
81	0	0		0
82	0	0		0
83	0	0		0
84	0	0		0
85	0	0		0
86	0	0		0
87	0	0		0
88	0	0		0
89	0	0		0
90	0	0		0
91	0	0		0
92	0	1	0.00	1
93	0	0		0
94	0	0		0
95	0	1	0.00	1
96	0	0		0
97	0	1	0.00	1

CHG context (R2)
================
position	count methylated	count unmethylated	% methylation	coverage
1	12	2119	0.56	2131
2	0	21	0.00	21
3	0	9	0.00	9
4	0	42	0.00	42
5	0	55	0.00	55
6	0	58	0.00	58
7	1	70	1.41	71
8	1	94	1.05	95
9	0	86	0.00	86
10	1	57	1.72	58
11	0	70	0.00	70
12	0	25	0.00	25
13	0	52	0.00	52
14	2	44	4.35	46
15	0	41	0.00	41
16	0	44	0.00	44
17	0	47	0.00	47
18	0	41	0.00	41
19	0	48	0.00	48
20	0	53	0.00	53
21	0	35	0.00	35
22	0	51	0.00	51
23	0	28	0.00	28
24	0	13	0.00	13
25	0	37	0.00	37
26	0	14	0.00	14
27	0	2	0.00	2
28	0	21	0.00	21
29	0	14	0.00	14
30	0	19	0.00	19
31	1	30	3.23	31
32	0	10	0.00	10
33	0	22	0.00	22
34	0	16	0.00	16
35	0	17	0.00	17
36	0	10	0.00	10
37	0	9	0.00	9
38	0	9	0.00	9
39	0	11	0.00	11
40	0	15	0.00	15
41	0	5	0.00	5
42	0	3	0.00	3
43	0	6	0.00	6
44	0	5	0.00	5
45	0	4	0.00	4
46	0	0		0
47	0	6	0.00	6
48	0	7	0.00	7
49	0	6	0.00	6
50	0	4	0.00	4
51	0	2	0.00	2
52	1	7	12.50	8
53	0	3	0.00	3
54	0	1	0.00	1
55	0	7	0.00	7
56	0	3	0.00	3
57	0	0		0
58	0	1	0.00	1
59	0	0		0
60	0	5	0.00	5
61	0	2	0.00	2
62	0	0		0
63	0	1	0.00	1
64	0	3	0.00	3
65	0	0		0
66	0	1	0.00	1
67	0	0		0
68	0	0		0
69	0	0		0
70	0	1	0.00	1
71	0	0		0
72	0	1	0.00	1
73	0	2	0.00	2
74	0	0		0
75	0	0		0
76	0	0		0
77	0	0		0
78	0	0		0
79	0	0		0
80	0	0		0
81	0	0		0
82	0	0		0
83	0	0		0
84	0	0		0
85	0	0		0
86	0	0		0
87	0	0		0
88	0	0		0
89	0	0		0
90	0	0		0
91	0	0		0
92	0	0		0
93	0	0		0
94	0	0		0
95	0	0		0
96	0	0		0
97	0	0		0

CHH context (R2)
================
position	count methylated	count unmethylated	% methylation	coverage
1	0	13	0.00	13
2	5	977	0.51	982
3	0	247	0.00	247
4	0	201	0.00	201
5	1	138	0.72	139
6	1	100	0.99	101
7	0	97	0.00	97
8	0	125	0.00	125
9	0	118	0.00	118
10	0	123	0.00	123
11	1	74	1.33	75
12	0	77	0.00	77
13	0	58	0.00	58
14	0	83	0.00	83
15	0	75	0.00	75
16	0	62	0.00	62
17	0	70	0.00	70
18	0	61	0.00	61
19	0	76	0.00	76
20	0	48	0.00	48
21	1	41	2.38	42
22	0	32	0.00	32
23	0	41	0.00	41
24	0	31	0.00	31
25	0	47	0.00	47
26	1	30	3.23	31
27	0	31	0.00	31
28	0	22	0.00	22
29	0	30	0.00	30
30	0	23	0.00	23
31	0	22	0.00	22
32	0	28	0.00	28
33	1	14	6.67	15
34	1	31	3.12	32
35	0	22	0.00	22
36	0	13	0.00	13
37	0	13	0.00	13
38	0	13	0.00	13
39	0	8	0.00	8
40	0	14	0.00	14
41	0	9	0.00	9
42	0	9	0.00	9
43	0	19	0.00	19
44	0	22	0.00	22
45	1	17	5.56	18
46	0	18	0.00	18
47	0	7	0.00	7
48	0	4	0.00	4
49	0	10	0.00	10
50	0	5	0.00	5
51	0	5	0.00	5
52	0	8	0.00	8
53	1	10	9.09	11
54	0	10	0.00	10
55	0	7	0.00	7
56	0	7	0.00	7
57	0	3	0.00	3
58	0	3	0.00	3
59	0	1	0.00	1
60	0	0		0
61	1	2	33.33	3
62	0	3	0.00	3
63	0	2	0.00	2
64	0	1	0.00	1
65	0	1	0.00	1
66	0	0		0
67	0	0		0
68	0	2	0.00	2
69	0	1	0.00	1
70	0	0		0
71	0	0		0
72	0	1	0.00	1
73	0	1	0.00	1
74	0	2	0.00	2
75	0	1	0.00	1
76	0	0		0
77	0	1	0.00	1
78	0	1	0.00	1
79	0	0		0
80	0	0		0
81	0	0		0
82	0	1	0.00	1
83	0	0		0
84	0	1	0.00	1
85	0	1	0.00	1
86	0	0		0
87	0	0		0
88	0	0		0
89	0	0		0
90	0	0		0
91	0	0		0
92	0	0		0
93	0	0		0
94	0	0		0
95	0	0		0
96	0	0		0
97	0	0		0

