CpG context (R1)
================
position	count methylated	count unmethylated	% methylation	coverage
1	202	2182	8.47	2384
2	0	13	0.00	13
3	0	19	0.00	19
4	12	174	6.45	186
5	8	206	3.74	214
6	9	262	3.32	271
7	6	219	2.67	225
8	10	300	3.23	310
9	15	254	5.58	269
10	13	260	4.76	273
11	19	253	6.99	272
12	17	275	5.82	292
13	22	297	6.90	319
14	15	251	5.64	266
15	11	240	4.38	251
16	16	276	5.48	292
17	8	218	3.54	226
18	12	230	4.96	242
19	18	284	5.96	302
20	12	216	5.26	228
21	13	238	5.18	251
22	12	292	3.95	304
23	13	240	5.14	253
24	16	229	6.53	245
25	14	280	4.76	294
26	16	259	5.82	275
27	9	290	3.01	299
28	20	239	7.72	259
29	7	275	2.48	282
30	14	236	5.60	250
31	18	301	5.64	319
32	19	263	6.74	282
33	9	231	3.75	240
34	12	244	4.69	256
35	11	301	3.53	312
36	11	209	5.00	220
37	19	284	6.27	303
38	15	264	5.38	279
39	13	234	5.26	247
40	10	243	3.95	253
41	11	218	4.80	229
42	11	272	3.89	283
43	11	265	3.99	276
44	9	225	3.85	234
45	14	278	4.79	292
46	16	235	6.37	251
47	13	279	4.45	292
48	7	246	2.77	253
49	11	221	4.74	232
50	13	247	5.00	260
51	9	246	3.53	255
52	12	242	4.72	254
53	10	192	4.95	202
54	8	252	3.08	260
55	20	285	6.56	305
56	11	215	4.87	226
57	11	233	4.51	244
58	15	221	6.36	236
59	12	284	4.05	296
60	7	230	2.95	237
61	13	256	4.83	269
62	22	240	8.40	262
63	9	204	4.23	213
64	13	228	5.39	241
65	14	291	4.59	305
66	12	237	4.82	249
67	15	223	6.30	238
68	9	186	4.62	195
69	10	215	4.44	225
70	13	189	6.44	202
71	8	257	3.02	265
72	5	266	1.85	271
73	9	226	3.83	235
74	11	182	5.70	193
75	11	179	5.79	190
76	13	203	6.02	216
77	11	213	4.91	224
78	13	191	6.37	204
79	17	193	8.10	210
80	10	156	6.02	166
81	8	171	4.47	179
82	9	192	4.48	201
83	8	129	5.84	137
84	9	149	5.70	158
85	9	177	4.84	186
86	11	144	7.10	155
87	9	152	5.59	161
88	2	130	1.52	132
89	9	147	5.77	156
90	6	136	4.23	142
91	9	116	7.20	125
92	6	135	4.26	141
93	8	118	6.35	126
94	4	134	2.90	138
95	6	107	5.31	113
96	7	95	6.86	102
97	6	117	4.88	123
98	7	109	6.03	116
99	5	43	10.42	48
100	0	8	0.00	8
101	1	3	25.00	4
102	0	5	0.00	5
103	1	5	16.67	6
104	0	3	0.00	3
105	2	2	50.00	4
106	0	5	0.00	5
107	1	3	25.00	4
108	2	5	28.57	7
109	0	8	0.00	8
110	0	2	0.00	2
111	3	7	30.00	10
112	0	5	0.00	5
113	0	5	0.00	5
114	0	3	0.00	3
115	0	2	0.00	2
116	2	2	50.00	4
117	0	4	0.00	4
118	0	1	0.00	1
119	0	3	0.00	3
120	0	1	0.00	1
121	0	1	0.00	1
122	0	2	0.00	2
123	0	2	0.00	2
124	0	0		0
125	0	2	0.00	2
126	0	3	0.00	3
127	0	1	0.00	1
128	0	1	0.00	1
129	0	3	0.00	3
130	1	2	33.33	3
131	0	2	0.00	2
132	0	1	0.00	1
133	0	2	0.00	2
134	0	0		0
135	0	1	0.00	1
136	0	0		0
137	1	1	50.00	2
138	0	3	0.00	3
139	0	1	0.00	1
140	0	1	0.00	1
141	0	2	0.00	2
142	0	0		0
143	0	0		0
144	0	0		0
145	0	0		0
146	0	0		0
147	0	0		0
148	0	1	0.00	1
149	0	1	0.00	1

CHG context (R1)
================
position	count methylated	count unmethylated	% methylation	coverage
1	0	12	0.00	12
2	0	19	0.00	19
3	0	8	0.00	8
4	0	144	0.00	144
5	0	203	0.00	203
6	0	257	0.00	257
7	2	271	0.73	273
8	1	204	0.49	205
9	2	230	0.86	232
10	1	200	0.50	201
11	0	233	0.00	233
12	1	205	0.49	206
13	1	204	0.49	205
14	0	197	0.00	197
15	1	207	0.48	208
16	1	188	0.53	189
17	1	226	0.44	227
18	2	247	0.80	249
19	0	192	0.00	192
20	2	170	1.16	172
21	0	226	0.00	226
22	0	229	0.00	229
23	1	199	0.50	200
24	0	191	0.00	191
25	1	238	0.42	239
26	1	216	0.46	217
27	3	227	1.30	230
28	0	240	0.00	240
29	1	202	0.49	203
30	2	207	0.96	209
31	1	241	0.41	242
32	1	195	0.51	196
33	1	224	0.44	225
34	2	266	0.75	268
35	0	215	0.00	215
36	0	197	0.00	197
37	0	210	0.00	210
38	0	196	0.00	196
39	0	206	0.00	206
40	2	222	0.89	224
41	6	277	2.12	283
42	0	223	0.00	223
43	1	198	0.50	199
44	1	248	0.40	249
45	0	195	0.00	195
46	0	249	0.00	249
47	0	187	0.00	187
48	1	220	0.45	221
49	0	198	0.00	198
50	0	194	0.00	194
51	1	219	0.45	220
52	1	221	0.45	222
53	0	216	0.00	216
54	3	200	1.48	203
55	1	159	0.62	160
56	1	220	0.45	221
57	1	201	0.50	202
58	0	194	0.00	194
59	0	167	0.00	167
60	0	148	0.00	148
61	0	183	0.00	183
62	0	176	0.00	176
63	0	176	0.00	176
64	4	216	1.82	220
65	0	210	0.00	210
66	1	175	0.57	176
67	0	190	0.00	190
68	2	181	1.09	183
69	0	184	0.00	184
70	0	189	0.00	189
71	1	187	0.53	188
72	0	140	0.00	140
73	1	162	0.61	163
74	0	174	0.00	174
75	1	150	0.66	151
76	1	178	0.56	179
77	0	147	0.00	147
78	0	162	0.00	162
79	0	167	0.00	167
80	2	150	1.32	152
81	0	193	0.00	193
82	0	109	0.00	109
83	0	149	0.00	149
84	0	112	0.00	112
85	1	127	0.78	128
86	0	149	0.00	149
87	0	126	0.00	126
88	1	144	0.69	145
89	0	122	0.00	122
90	0	111	0.00	111
91	0	166	0.00	166
92	0	113	0.00	113
93	1	80	1.23	81
94	1	95	1.04	96
95	0	95	0.00	95
96	0	117	0.00	117
97	0	103	0.00	103
98	0	80	0.00	80
99	0	48	0.00	48
100	0	4	0.00	4
101	0	3	0.00	3
102	0	11	0.00	11
103	0	8	0.00	8
104	0	3	0.00	3
105	0	9	0.00	9
106	0	3	0.00	3
107	0	2	0.00	2
108	0	6	0.00	6
109	0	3	0.00	3
110	0	1	0.00	1
111	0	3	0.00	3
112	0	4	0.00	4
113	0	3	0.00	3
114	0	1	0.00	1
115	0	1	0.00	1
116	0	1	0.00	1
117	0	0		0
118	0	4	0.00	4
119	0	1	0.00	1
120	0	4	0.00	4
121	0	0		0
122	0	2	0.00	2
123	0	1	0.00	1
124	0	1	0.00	1
125	0	0		0
126	0	2	0.00	2
127	0	1	0.00	1
128	0	3	0.00	3
129	0	2	0.00	2
130	0	0		0
131	0	0		0
132	0	1	0.00	1
133	0	2	0.00	2
134	0	1	0.00	1
135	0	1	0.00	1
136	0	1	0.00	1
137	0	1	0.00	1
138	0	0		0
139	0	1	0.00	1
140	0	0		0
141	0	1	0.00	1
142	0	0		0
143	0	0		0
144	0	0		0
145	0	0		0
146	0	0		0
147	0	1	0.00	1
148	0	1	0.00	1
149	0	1	0.00	1

CHH context (R1)
================
position	count methylated	count unmethylated	% methylation	coverage
1	0	30	0.00	30
2	0	31	0.00	31
3	0	22	0.00	22
4	0	346	0.00	346
5	2	396	0.50	398
6	0	420	0.00	420
7	1	371	0.27	372
8	1	351	0.28	352
9	2	327	0.61	329
10	1	332	0.30	333
11	0	325	0.00	325
12	0	336	0.00	336
13	2	398	0.50	400
14	4	338	1.17	342
15	5	339	1.45	344
16	1	365	0.27	366
17	0	345	0.00	345
18	0	338	0.00	338
19	1	327	0.30	328
20	4	376	1.05	380
21	1	340	0.29	341
22	0	317	0.00	317
23	1	364	0.27	365
24	0	365	0.00	365
25	0	384	0.00	384
26	0	364	0.00	364
27	1	399	0.25	400
28	1	370	0.27	371
29	0	323	0.00	323
30	1	371	0.27	372
31	0	318	0.00	318
32	2	365	0.54	367
33	0	336	0.00	336
34	0	325	0.00	325
35	2	320	0.62	322
36	1	359	0.28	360
37	1	330	0.30	331
38	0	299	0.00	299
39	0	337	0.00	337
40	3	349	0.85	352
41	3	321	0.93	324
42	0	312	0.00	312
43	1	305	0.33	306
44	0	355	0.00	355
45	0	295	0.00	295
46	0	335	0.00	335
47	1	338	0.29	339
48	0	311	0.00	311
49	0	356	0.00	356
50	1	383	0.26	384
51	0	414	0.00	414
52	1	355	0.28	356
53	0	338	0.00	338
54	1	302	0.33	303
55	1	314	0.32	315
56	2	290	0.68	292
57	1	294	0.34	295
58	3	301	0.99	304
59	2	323	0.62	325
60	1	315	0.32	316
61	1	354	0.28	355
62	4	345	1.15	349
63	0	327	0.00	327
64	0	394	0.00	394
65	2	310	0.64	312
66	2	279	0.71	281
67	0	344	0.00	344
68	1	318	0.31	319
69	1	319	0.31	320
70	5	287	1.71	292
71	0	300	0.00	300
72	0	287	0.00	287
73	0	299	0.00	299
74	2	253	0.78	255
75	0	285	0.00	285
76	0	275	0.00	275
77	1	271	0.37	272
78	3	285	1.04	288
79	0	305	0.00	305
80	0	285	0.00	285
81	2	252	0.79	254
82	1	240	0.41	241
83	0	246	0.00	246
84	1	266	0.37	267
85	1	275	0.36	276
86	0	260	0.00	260
87	1	214	0.47	215
88	0	242	0.00	242
89	0	217	0.00	217
90	0	183	0.00	183
91	0	178	0.00	178
92	0	191	0.00	191
93	1	171	0.58	172
94	0	151	0.00	151
95	1	186	0.53	187
96	0	168	0.00	168
97	0	166	0.00	166
98	1	160	0.62	161
99	0	76	0.00	76
100	0	9	0.00	9
101	0	11	0.00	11
102	0	6	0.00	6
103	0	6	0.00	6
104	0	6	0.00	6
105	0	5	0.00	5
106	0	8	0.00	8
107	0	8	0.00	8
108	0	4	0.00	4
109	0	3	0.00	3
110	0	4	0.00	4
111	0	4	0.00	4
112	0	2	0.00	2
113	0	2	0.00	2
114	0	4	0.00	4
115	0	5	0.00	5
116	0	7	0.00	7
117	0	12	0.00	12
118	0	6	0.00	6
119	0	3	0.00	3
120	0	2	0.00	2
121	0	2	0.00	2
122	0	3	0.00	3
123	0	8	0.00	8
124	0	3	0.00	3
125	0	2	0.00	2
126	0	4	0.00	4
127	0	3	0.00	3
128	0	1	0.00	1
129	0	0		0
130	0	0		0
131	0	0		0
132	0	2	0.00	2
133	0	2	0.00	2
134	0	3	0.00	3
135	0	1	0.00	1
136	0	1	0.00	1
137	0	1	0.00	1
138	0	1	0.00	1
139	0	0		0
140	0	1	0.00	1
141	0	0		0
142	0	0		0
143	0	0		0
144	0	1	0.00	1
145	0	1	0.00	1
146	0	1	0.00	1
147	0	1	0.00	1
148	0	0		0
149	0	0		0

CpG context (R2)
================
position	count methylated	count unmethylated	% methylation	coverage
1	0	15	0.00	15
2	0	20	0.00	20
3	2	85	2.30	87
4	2	81	2.41	83
5	1	105	0.94	106
6	6	93	6.06	99
7	6	142	4.05	148
8	4	82	4.65	86
9	7	75	8.54	82
10	4	77	4.94	81
11	4	64	5.88	68
12	2	82	2.38	84
13	4	85	4.49	89
14	2	49	3.92	51
15	4	59	6.35	63
16	3	47	6.00	50
17	0	44	0.00	44
18	5	54	8.47	59
19	2	29	6.45	31
20	3	47	6.00	50
21	2	35	5.41	37
22	2	49	3.92	51
23	4	27	12.90	31
24	4	56	6.67	60
25	0	31	0.00	31
26	1	23	4.17	24
27	3	36	7.69	39
28	2	29	6.45	31
29	3	33	8.33	36
30	0	18	0.00	18
31	3	30	9.09	33
32	2	22	8.33	24
33	3	17	15.00	20
34	1	20	4.76	21
35	1	12	7.69	13
36	0	12	0.00	12
37	0	19	0.00	19
38	2	19	9.52	21
39	0	6	0.00	6
40	0	7	0.00	7
41	0	7	0.00	7
42	2	10	16.67	12
43	0	16	0.00	16
44	1	7	12.50	8
45	0	2	0.00	2
46	2	15	11.76	17
47	1	8	11.11	9
48	0	11	0.00	11
49	0	4	0.00	4
50	2	7	22.22	9
51	1	6	14.29	7
52	1	3	25.00	4
53	0	3	0.00	3
54	0	6	0.00	6
55	0	2	0.00	2
56	1	2	33.33	3
57	0	3	0.00	3
58	1	7	12.50	8
59	0	2	0.00	2
60	0	3	0.00	3
61	0	2	0.00	2
62	0	1	0.00	1
63	1	3	25.00	4
64	0	1	0.00	1
65	0	3	0.00	3
66	0	1	0.00	1
67	0	1	0.00	1
68	0	1	0.00	1
69	0	1	0.00	1
70	0	0		0
71	0	0		0
72	0	0		0
73	0	1	0.00	1
74	0	0		0
75	0	2	0.00	2
76	0	1	0.00	1
77	0	0		0
78	0	1	0.00	1
79	0	1	0.00	1
80	0	1	0.00	1
81	0	0		0
82	0	0		0
83	0	1	0.00	1
84	0	0		0
85	0	0		0
86	0	0		0
87	0	1	0.00	1
88	0	0		0
89	0	0		0
90	0	1	0.00	1
91	0	0		0
92	0	0		0
93	0	0		0
94	0	1	0.00	1
95	0	0		0
96	0	0		0
97	0	0		0
98	0	0		0

CHG context (R2)
================
position	count methylated	count unmethylated	% methylation	coverage
1	16	2152	0.74	2168
2	0	14	0.00	14
3	0	7	0.00	7
4	0	41	0.00	41
5	1	49	2.00	50
6	0	61	0.00	61
7	0	76	0.00	76
8	0	108	0.00	108
9	0	72	0.00	72
10	1	49	2.00	50
11	0	66	0.00	66
12	0	39	0.00	39
13	0	42	0.00	42
14	0	60	0.00	60
15	0	56	0.00	56
16	0	61	0.00	61
17	0	65	0.00	65
18	1	44	2.22	45
19	0	40	0.00	40
20	0	53	0.00	53
21	1	28	3.45	29
22	0	52	0.00	52
23	0	27	0.00	27
24	0	12	0.00	12
25	0	35	0.00	35
26	0	16	0.00	16
27	0	14	0.00	14
28	0	20	0.00	20
29	0	22	0.00	22
30	0	24	0.00	24
31	0	20	0.00	20
32	0	12	0.00	12
33	1	15	6.25	16
34	1	19	5.00	20
35	1	21	4.55	22
36	0	22	0.00	22
37	0	11	0.00	11
38	0	14	0.00	14
39	0	19	0.00	19
40	0	17	0.00	17
41	0	15	0.00	15
42	0	6	0.00	6
43	0	10	0.00	10
44	0	6	0.00	6
45	0	4	0.00	4
46	0	2	0.00	2
47	0	7	0.00	7
48	0	4	0.00	4
49	0	14	0.00	14
50	0	7	0.00	7
51	0	1	0.00	1
52	0	6	0.00	6
53	0	5	0.00	5
54	0	1	0.00	1
55	0	3	0.00	3
56	0	6	0.00	6
57	0	1	0.00	1
58	0	1	0.00	1
59	0	0		0
60	0	4	0.00	4
61	0	1	0.00	1
62	0	0		0
63	0	1	0.00	1
64	0	1	0.00	1
65	0	0		0
66	0	0		0
67	0	0		0
68	0	1	0.00	1
69	0	0		0
70	0	2	0.00	2
71	0	0		0
72	0	0		0
73	0	1	0.00	1
74	0	0		0
75	0	0		0
76	0	0		0
77	0	0		0
78	0	1	0.00	1
79	0	0		0
80	0	1	0.00	1
81	0	0		0
82	0	0		0
83	0	0		0
84	0	0		0
85	0	0		0
86	0	0		0
87	0	0		0
88	0	0		0
89	0	0		0
90	0	0		0
91	0	0		0
92	0	0		0
93	0	0		0
94	0	0		0
95	0	0		0
96	0	0		0
97	0	1	0.00	1
98	0	0		0

CHH context (R2)
================
position	count methylated	count unmethylated	% methylation	coverage
1	0	9	0.00	9
2	3	976	0.31	979
3	2	246	0.81	248
4	1	185	0.54	186
5	0	155	0.00	155
6	0	100	0.00	100
7	0	95	0.00	95
8	1	127	0.78	128
9	1	119	0.83	120
10	0	108	0.00	108
11	0	91	0.00	91
12	0	66	0.00	66
13	0	66	0.00	66
14	0	87	0.00	87
15	2	81	2.41	83
16	1	81	1.22	82
17	0	63	0.00	63
18	0	87	0.00	87
19	0	86	0.00	86
20	0	71	0.00	71
21	0	53	0.00	53
22	0	49	0.00	49
23	0	48	0.00	48
24	0	41	0.00	41
25	0	49	0.00	49
26	0	41	0.00	41
27	0	33	0.00	33
28	0	28	0.00	28
29	0	36	0.00	36
30	0	35	0.00	35
31	0	25	0.00	25
32	0	26	0.00	26
33	0	23	0.00	23
34	0	24	0.00	24
35	0	26	0.00	26
36	0	19	0.00	19
37	0	14	0.00	14
38	0	22	0.00	22
39	0	12	0.00	12
40	0	19	0.00	19
41	0	13	0.00	13
42	0	14	0.00	14
43	0	15	0.00	15
44	0	22	0.00	22
45	0	20	0.00	20
46	0	18	0.00	18
47	1	12	7.69	13
48	0	7	0.00	7
49	0	10	0.00	10
50	0	5	0.00	5
51	0	12	0.00	12
52	0	10	0.00	10
53	1	9	10.00	10
54	0	6	0.00	6
55	0	7	0.00	7
56	0	6	0.00	6
57	0	2	0.00	2
58	0	1	0.00	1
59	0	1	0.00	1
60	0	0		0
61	0	2	0.00	2
62	0	1	0.00	1
63	0	1	0.00	1
64	0	1	0.00	1
65	0	2	0.00	2
66	0	0		0
67	0	1	0.00	1
68	0	1	0.00	1
69	0	0		0
70	0	1	0.00	1
71	0	1	0.00	1
72	0	0		0
73	0	0		0
74	0	1	0.00	1
75	0	0		0
76	0	0		0
77	0	1	0.00	1
78	0	0		0
79	0	0		0
80	0	0		0
81	0	0		0
82	0	0		0
83	0	0		0
84	0	0		0
85	0	1	0.00	1
86	0	0		0
87	0	0		0
88	0	0		0
89	0	0		0
90	0	0		0
91	0	0		0
92	0	0		0
93	0	0		0
94	0	0		0
95	0	0		0
96	0	0		0
97	0	0		0
98	0	1	0.00	1

