CpG context (R1)
================
position	count methylated	count unmethylated	% methylation	coverage
1	237	2164	9.87	2401
2	1	12	7.69	13
3	0	8	0.00	8
4	11	176	5.88	187
5	10	188	5.05	198
6	17	259	6.16	276
7	16	237	6.32	253
8	14	281	4.75	295
9	13	255	4.85	268
10	17	239	6.64	256
11	10	234	4.10	244
12	15	291	4.90	306
13	24	270	8.16	294
14	14	243	5.45	257
15	4	245	1.61	249
16	20	275	6.78	295
17	13	210	5.83	223
18	4	260	1.52	264
19	16	305	4.98	321
20	10	219	4.37	229
21	7	217	3.12	224
22	12	273	4.21	285
23	11	238	4.42	249
24	10	235	4.08	245
25	9	297	2.94	306
26	14	266	5.00	280
27	4	251	1.57	255
28	15	247	5.73	262
29	8	262	2.96	270
30	6	267	2.20	273
31	5	280	1.75	285
32	14	260	5.11	274
33	12	243	4.71	255
34	18	268	6.29	286
35	14	259	5.13	273
36	15	214	6.55	229
37	10	230	4.17	240
38	14	218	6.03	232
39	16	262	5.76	278
40	5	249	1.97	254
41	16	242	6.20	258
42	11	286	3.70	297
43	11	253	4.17	264
44	16	232	6.45	248
45	10	285	3.39	295
46	18	224	7.44	242
47	15	276	5.15	291
48	10	255	3.77	265
49	14	247	5.36	261
50	13	240	5.14	253
51	22	261	7.77	283
52	10	235	4.08	245
53	14	207	6.33	221
54	8	253	3.07	261
55	13	265	4.68	278
56	12	229	4.98	241
57	12	261	4.40	273
58	11	230	4.56	241
59	8	313	2.49	321
60	9	231	3.75	240
61	14	237	5.58	251
62	15	255	5.56	270
63	11	202	5.16	213
64	11	218	4.80	229
65	14	248	5.34	262
66	8	261	2.97	269
67	11	230	4.56	241
68	17	200	7.83	217
69	13	217	5.65	230
70	10	224	4.27	234
71	10	254	3.79	264
72	10	257	3.75	267
73	15	216	6.49	231
74	7	188	3.59	195
75	8	176	4.35	184
76	13	209	5.86	222
77	8	229	3.38	237
78	9	212	4.07	221
79	8	226	3.42	234
80	8	196	3.92	204
81	5	198	2.46	203
82	8	199	3.86	207
83	6	131	4.38	137
84	8	183	4.19	191
85	6	205	2.84	211
86	14	172	7.53	186
87	6	194	3.00	200
88	6	132	4.35	138
89	10	149	6.29	159
90	11	139	7.33	150
91	10	144	6.49	154
92	11	143	7.14	154
93	12	127	8.63	139
94	4	138	2.82	142
95	5	102	4.67	107
96	3	121	2.42	124
97	6	127	4.51	133
98	7	104	6.31	111
99	1	50	1.96	51
100	0	8	0.00	8
101	1	4	20.00	5
102	1	2	33.33	3
103	1	8	11.11	9
104	1	5	16.67	6
105	0	7	0.00	7
106	2	6	25.00	8
107	2	7	22.22	9
108	0	4	0.00	4
109	2	3	40.00	5
110	0	7	0.00	7
111	1	3	25.00	4
112	0	6	0.00	6
113	1	1	50.00	2
114	1	3	25.00	4
115	0	4	0.00	4
116	3	1	75.00	4
117	3	4	42.86	7
118	1	1	50.00	2
119	0	4	0.00	4
120	1	6	14.29	7
121	1	0	100.00	1
122	0	2	0.00	2
123	2	3	40.00	5
124	0	1	0.00	1
125	0	3	0.00	3
126	1	0	100.00	1
127	0	1	0.00	1
128	1	2	33.33	3
129	0	2	0.00	2
130	0	0		0
131	0	2	0.00	2
132	0	0		0
133	0	0		0
134	1	1	50.00	2
135	2	1	66.67	3
136	0	2	0.00	2
137	0	3	0.00	3
138	0	0		0
139	0	1	0.00	1
140	0	1	0.00	1
141	0	0		0
142	0	2	0.00	2
143	0	1	0.00	1
144	0	1	0.00	1
145	0	2	0.00	2
146	0	0		0
147	0	1	0.00	1
148	0	0		0
149	1	2	33.33	3

CHG context (R1)
================
position	count methylated	count unmethylated	% methylation	coverage
1	0	12	0.00	12
2	0	15	0.00	15
3	0	10	0.00	10
4	0	121	0.00	121
5	0	200	0.00	200
6	1	240	0.41	241
7	3	250	1.19	253
8	1	216	0.46	217
9	0	223	0.00	223
10	1	190	0.52	191
11	0	271	0.00	271
12	0	212	0.00	212
13	0	187	0.00	187
14	0	206	0.00	206
15	1	228	0.44	229
16	0	197	0.00	197
17	2	249	0.80	251
18	0	260	0.00	260
19	0	176	0.00	176
20	0	179	0.00	179
21	2	214	0.93	216
22	0	230	0.00	230
23	0	199	0.00	199
24	0	177	0.00	177
25	0	211	0.00	211
26	1	202	0.49	203
27	1	246	0.40	247
28	0	243	0.00	243
29	0	167	0.00	167
30	0	161	0.00	161
31	0	236	0.00	236
32	2	198	1.00	200
33	1	203	0.49	204
34	2	228	0.87	230
35	0	241	0.00	241
36	0	233	0.00	233
37	2	211	0.94	213
38	0	197	0.00	197
39	0	222	0.00	222
40	0	199	0.00	199
41	2	281	0.71	283
42	0	210	0.00	210
43	0	214	0.00	214
44	0	247	0.00	247
45	0	204	0.00	204
46	0	224	0.00	224
47	1	210	0.47	211
48	0	219	0.00	219
49	0	191	0.00	191
50	1	229	0.43	230
51	2	221	0.90	223
52	0	209	0.00	209
53	2	233	0.85	235
54	1	198	0.50	199
55	0	194	0.00	194
56	0	210	0.00	210
57	1	177	0.56	178
58	1	231	0.43	232
59	0	217	0.00	217
60	1	162	0.61	163
61	0	191	0.00	191
62	1	165	0.60	166
63	0	183	0.00	183
64	3	203	1.46	206
65	1	216	0.46	217
66	1	192	0.52	193
67	0	173	0.00	173
68	1	211	0.47	212
69	0	181	0.00	181
70	0	171	0.00	171
71	0	199	0.00	199
72	0	162	0.00	162
73	0	163	0.00	163
74	1	169	0.59	170
75	2	173	1.14	175
76	1	200	0.50	201
77	0	169	0.00	169
78	0	165	0.00	165
79	0	157	0.00	157
80	1	154	0.65	155
81	0	204	0.00	204
82	0	109	0.00	109
83	0	157	0.00	157
84	0	137	0.00	137
85	2	132	1.49	134
86	0	158	0.00	158
87	0	111	0.00	111
88	0	130	0.00	130
89	0	118	0.00	118
90	0	107	0.00	107
91	1	142	0.70	143
92	0	96	0.00	96
93	0	100	0.00	100
94	0	105	0.00	105
95	0	99	0.00	99
96	1	98	1.01	99
97	0	120	0.00	120
98	0	77	0.00	77
99	0	49	0.00	49
100	0	6	0.00	6
101	0	7	0.00	7
102	0	6	0.00	6
103	0	3	0.00	3
104	0	7	0.00	7
105	0	5	0.00	5
106	0	4	0.00	4
107	0	2	0.00	2
108	0	5	0.00	5
109	0	3	0.00	3
110	0	2	0.00	2
111	0	1	0.00	1
112	0	3	0.00	3
113	0	4	0.00	4
114	0	2	0.00	2
115	0	3	0.00	3
116	0	4	0.00	4
117	0	0		0
118	0	1	0.00	1
119	0	4	0.00	4
120	0	3	0.00	3
121	0	1	0.00	1
122	0	0		0
123	0	2	0.00	2
124	0	2	0.00	2
125	0	3	0.00	3
126	0	4	0.00	4
127	0	2	0.00	2
128	0	0		0
129	0	0		0
130	0	2	0.00	2
131	0	1	0.00	1
132	0	0		0
133	0	1	0.00	1
134	0	4	0.00	4
135	0	2	0.00	2
136	0	1	0.00	1
137	0	0		0
138	0	0		0
139	0	2	0.00	2
140	0	1	0.00	1
141	0	1	0.00	1
142	0	1	0.00	1
143	0	1	0.00	1
144	0	1	0.00	1
145	0	0		0
146	0	0		0
147	0	1	0.00	1
148	0	2	0.00	2
149	0	1	0.00	1

CHH context (R1)
================
position	count methylated	count unmethylated	% methylation	coverage
1	2	32	5.88	34
2	0	27	0.00	27
3	0	19	0.00	19
4	0	343	0.00	343
5	1	395	0.25	396
6	1	407	0.25	408
7	3	379	0.79	382
8	0	354	0.00	354
9	1	318	0.31	319
10	1	351	0.28	352
11	3	311	0.96	314
12	1	307	0.32	308
13	1	358	0.28	359
14	1	386	0.26	387
15	1	357	0.28	358
16	0	379	0.00	379
17	0	331	0.00	331
18	2	306	0.65	308
19	0	333	0.00	333
20	2	356	0.56	358
21	2	318	0.62	320
22	0	356	0.00	356
23	0	331	0.00	331
24	2	357	0.56	359
25	2	392	0.51	394
26	0	383	0.00	383
27	0	419	0.00	419
28	3	392	0.76	395
29	3	346	0.86	349
30	0	378	0.00	378
31	2	370	0.54	372
32	0	383	0.00	383
33	1	335	0.30	336
34	1	343	0.29	344
35	0	330	0.00	330
36	2	361	0.55	363
37	0	337	0.00	337
38	0	345	0.00	345
39	2	354	0.56	356
40	0	345	0.00	345
41	2	332	0.60	334
42	0	325	0.00	325
43	1	350	0.28	351
44	2	335	0.59	337
45	3	328	0.91	331
46	0	352	0.00	352
47	0	318	0.00	318
48	1	290	0.34	291
49	1	366	0.27	367
50	0	376	0.00	376
51	1	388	0.26	389
52	0	355	0.00	355
53	2	354	0.56	356
54	1	361	0.28	362
55	3	347	0.86	350
56	3	305	0.97	308
57	0	300	0.00	300
58	1	309	0.32	310
59	0	304	0.00	304
60	1	305	0.33	306
61	1	374	0.27	375
62	0	369	0.00	369
63	2	334	0.60	336
64	2	356	0.56	358
65	0	302	0.00	302
66	3	269	1.10	272
67	1	334	0.30	335
68	2	354	0.56	356
69	1	316	0.32	317
70	1	287	0.35	288
71	0	282	0.00	282
72	0	261	0.00	261
73	1	329	0.30	330
74	1	300	0.33	301
75	0	323	0.00	323
76	2	314	0.63	316
77	0	274	0.00	274
78	1	267	0.37	268
79	0	252	0.00	252
80	2	288	0.69	290
81	2	260	0.76	262
82	1	299	0.33	300
83	1	254	0.39	255
84	0	272	0.00	272
85	0	249	0.00	249
86	2	250	0.79	252
87	0	212	0.00	212
88	1	253	0.39	254
89	1	221	0.45	222
90	0	222	0.00	222
91	1	200	0.50	201
92	2	189	1.05	191
93	2	181	1.09	183
94	0	184	0.00	184
95	0	207	0.00	207
96	0	146	0.00	146
97	0	169	0.00	169
98	2	155	1.27	157
99	1	69	1.43	70
100	1	8	11.11	9
101	0	4	0.00	4
102	0	4	0.00	4
103	0	6	0.00	6
104	0	9	0.00	9
105	0	7	0.00	7
106	0	6	0.00	6
107	0	5	0.00	5
108	0	4	0.00	4
109	0	8	0.00	8
110	0	6	0.00	6
111	0	1	0.00	1
112	0	5	0.00	5
113	0	4	0.00	4
114	0	0		0
115	0	5	0.00	5
116	0	2	0.00	2
117	0	2	0.00	2
118	0	5	0.00	5
119	0	2	0.00	2
120	0	2	0.00	2
121	0	7	0.00	7
122	0	5	0.00	5
123	0	3	0.00	3
124	0	3	0.00	3
125	0	2	0.00	2
126	0	3	0.00	3
127	0	2	0.00	2
128	0	3	0.00	3
129	0	5	0.00	5
130	0	4	0.00	4
131	0	3	0.00	3
132	0	1	0.00	1
133	0	2	0.00	2
134	0	2	0.00	2
135	0	0		0
136	0	1	0.00	1
137	0	2	0.00	2
138	0	1	0.00	1
139	0	2	0.00	2
140	0	1	0.00	1
141	0	2	0.00	2
142	0	1	0.00	1
143	0	1	0.00	1
144	0	0		0
145	0	2	0.00	2
146	0	3	0.00	3
147	0	1	0.00	1
148	0	2	0.00	2
149	0	1	0.00	1

CpG context (R2)
================
position	count methylated	count unmethylated	% methylation	coverage
1	0	17	0.00	17
2	0	21	0.00	21
3	2	71	2.74	73
4	5	87	5.43	92
5	4	110	3.51	114
6	6	91	6.19	97
7	3	133	2.21	136
8	2	82	2.38	84
9	5	84	5.62	89
10	6	106	5.36	112
11	2	67	2.90	69
12	1	86	1.15	87
13	4	91	4.21	95
14	4	41	8.89	45
15	2	77	2.53	79
16	3	71	4.05	74
17	0	40	0.00	40
18	4	46	8.00	50
19	2	38	5.00	40
20	3	41	6.82	44
21	2	35	5.41	37
22	3	38	7.32	41
23	2	45	4.26	47
24	1	66	1.49	67
25	3	32	8.57	35
26	0	35	0.00	35
27	3	35	7.89	38
28	2	22	8.33	24
29	0	42	0.00	42
30	0	21	0.00	21
31	1	36	2.70	37
32	0	38	0.00	38
33	3	15	16.67	18
34	1	24	4.00	25
35	0	19	0.00	19
36	2	15	11.76	17
37	0	33	0.00	33
38	0	26	0.00	26
39	0	16	0.00	16
40	0	8	0.00	8
41	0	9	0.00	9
42	1	16	5.88	17
43	2	8	20.00	10
44	0	18	0.00	18
45	0	1	0.00	1
46	2	14	12.50	16
47	1	11	8.33	12
48	0	13	0.00	13
49	0	5	0.00	5
50	1	7	12.50	8
51	0	6	0.00	6
52	1	8	11.11	9
53	0	6	0.00	6
54	3	3	50.00	6
55	0	3	0.00	3
56	0	2	0.00	2
57	2	2	50.00	4
58	1	7	12.50	8
59	0	3	0.00	3
60	2	2	50.00	4
61	0	2	0.00	2
62	0	2	0.00	2
63	0	3	0.00	3
64	0	1	0.00	1
65	2	0	100.00	2
66	0	2	0.00	2
67	0	2	0.00	2
68	0	1	0.00	1
69	0	1	0.00	1
70	0	1	0.00	1
71	0	1	0.00	1
72	0	1	0.00	1
73	0	0		0
74	0	0		0
75	0	1	0.00	1
76	0	0		0
77	0	2	0.00	2
78	0	0		0
79	0	1	0.00	1
80	0	0		0
81	0	2	0.00	2
82	0	0		0
83	0	1	0.00	1
84	0	0		0
85	0	0		0
86	0	1	0.00	1
87	0	0		0
88	0	0		0
89	0	0		0

CHG context (R2)
================
position	count methylated	count unmethylated	% methylation	coverage
1	13	2137	0.60	2150
2	0	19	0.00	19
3	0	2	0.00	2
4	0	48	0.00	48
5	0	53	0.00	53
6	0	67	0.00	67
7	1	70	1.41	71
8	1	95	1.04	96
9	0	72	0.00	72
10	0	60	0.00	60
11	0	65	0.00	65
12	0	36	0.00	36
13	0	52	0.00	52
14	0	47	0.00	47
15	0	49	0.00	49
16	1	54	1.82	55
17	0	59	0.00	59
18	0	49	0.00	49
19	0	51	0.00	51
20	0	61	0.00	61
21	1	30	3.23	31
22	0	49	0.00	49
23	0	36	0.00	36
24	0	21	0.00	21
25	0	39	0.00	39
26	0	18	0.00	18
27	0	14	0.00	14
28	0	17	0.00	17
29	1	32	3.03	33
30	0	25	0.00	25
31	0	27	0.00	27
32	0	23	0.00	23
33	0	25	0.00	25
34	0	31	0.00	31
35	0	33	0.00	33
36	1	21	4.55	22
37	0	10	0.00	10
38	0	16	0.00	16
39	1	14	6.67	15
40	0	24	0.00	24
41	0	23	0.00	23
42	0	3	0.00	3
43	0	11	0.00	11
44	0	7	0.00	7
45	0	12	0.00	12
46	0	2	0.00	2
47	0	11	0.00	11
48	0	9	0.00	9
49	1	14	6.67	15
50	0	8	0.00	8
51	0	5	0.00	5
52	0	10	0.00	10
53	0	6	0.00	6
54	0	1	0.00	1
55	0	5	0.00	5
56	0	9	0.00	9
57	0	0		0
58	1	2	33.33	3
59	0	1	0.00	1
60	0	6	0.00	6
61	0	1	0.00	1
62	0	0		0
63	0	3	0.00	3
64	0	1	0.00	1
65	0	0		0
66	0	1	0.00	1
67	0	1	0.00	1
68	0	1	0.00	1
69	0	0		0
70	0	1	0.00	1
71	0	1	0.00	1
72	0	1	0.00	1
73	0	1	0.00	1
74	0	1	0.00	1
75	0	1	0.00	1
76	0	0		0
77	0	1	0.00	1
78	0	0		0
79	0	0		0
80	0	0		0
81	0	0		0
82	0	1	0.00	1
83	0	0		0
84	0	0		0
85	0	1	0.00	1
86	0	0		0
87	0	0		0
88	0	0		0
89	0	0		0

CHH context (R2)
================
position	count methylated	count unmethylated	% methylation	coverage
1	0	19	0.00	19
2	2	937	0.21	939
3	2	270	0.74	272
4	0	202	0.00	202
5	1	139	0.71	140
6	0	95	0.00	95
7	0	101	0.00	101
8	1	147	0.68	148
9	0	128	0.00	128
10	0	146	0.00	146
11	0	106	0.00	106
12	0	90	0.00	90
13	0	70	0.00	70
14	2	88	2.22	90
15	0	84	0.00	84
16	0	66	0.00	66
17	0	70	0.00	70
18	0	89	0.00	89
19	0	86	0.00	86
20	0	80	0.00	80
21	0	58	0.00	58
22	0	41	0.00	41
23	0	47	0.00	47
24	0	46	0.00	46
25	0	47	0.00	47
26	0	47	0.00	47
27	0	39	0.00	39
28	0	37	0.00	37
29	0	33	0.00	33
30	0	27	0.00	27
31	0	22	0.00	22
32	0	22	0.00	22
33	1	21	4.55	22
34	0	17	0.00	17
35	0	33	0.00	33
36	0	19	0.00	19
37	0	13	0.00	13
38	0	11	0.00	11
39	0	9	0.00	9
40	0	24	0.00	24
41	0	20	0.00	20
42	0	24	0.00	24
43	0	16	0.00	16
44	0	20	0.00	20
45	0	19	0.00	19
46	0	14	0.00	14
47	0	11	0.00	11
48	0	5	0.00	5
49	0	13	0.00	13
50	0	9	0.00	9
51	1	14	6.67	15
52	0	11	0.00	11
53	0	13	0.00	13
54	0	12	0.00	12
55	0	13	0.00	13
56	0	13	0.00	13
57	0	6	0.00	6
58	0	4	0.00	4
59	0	2	0.00	2
60	0	1	0.00	1
61	0	1	0.00	1
62	1	1	50.00	2
63	0	0		0
64	0	1	0.00	1
65	0	1	0.00	1
66	0	0		0
67	0	0		0
68	0	3	0.00	3
69	0	2	0.00	2
70	0	1	0.00	1
71	0	0		0
72	0	0		0
73	0	1	0.00	1
74	0	1	0.00	1
75	0	0		0
76	0	0		0
77	0	0		0
78	0	1	0.00	1
79	0	0		0
80	0	0		0
81	0	0		0
82	0	0		0
83	0	0		0
84	0	0		0
85	0	0		0
86	0	0		0
87	0	0		0
88	0	0		0
89	0	1	0.00	1

