CpG context (R1)
================
position	count methylated	count unmethylated	% methylation	coverage
1	200	2173	8.43	2373
2	0	15	0.00	15
3	2	21	8.70	23
4	4	172	2.27	176
5	13	206	5.94	219
6	9	246	3.53	255
7	15	215	6.52	230
8	17	281	5.70	298
9	10	219	4.37	229
10	18	262	6.43	280
11	6	216	2.70	222
12	17	271	5.90	288
13	20	281	6.64	301
14	14	241	5.49	255
15	16	246	6.11	262
16	9	284	3.07	293
17	14	219	6.01	233
18	5	244	2.01	249
19	19	266	6.67	285
20	6	220	2.65	226
21	13	259	4.78	272
22	7	267	2.55	274
23	12	245	4.67	257
24	7	242	2.81	249
25	12	288	4.00	300
26	4	250	1.57	254
27	7	263	2.59	270
28	20	290	6.45	310
29	12	270	4.26	282
30	11	269	3.93	280
31	12	262	4.38	274
32	8	260	2.99	268
33	9	231	3.75	240
34	10	251	3.83	261
35	15	268	5.30	283
36	11	219	4.78	230
37	15	252	5.62	267
38	15	212	6.61	227
39	12	232	4.92	244
40	9	246	3.53	255
41	13	223	5.51	236
42	11	284	3.73	295
43	13	222	5.53	235
44	12	234	4.88	246
45	14	251	5.28	265
46	18	222	7.50	240
47	8	291	2.68	299
48	11	252	4.18	263
49	9	244	3.56	253
50	6	245	2.39	251
51	15	209	6.70	224
52	13	246	5.02	259
53	9	237	3.66	246
54	19	252	7.01	271
55	12	269	4.27	281
56	14	228	5.79	242
57	15	218	6.44	233
58	7	256	2.66	263
59	17	222	7.11	239
60	16	255	5.90	271
61	12	242	4.72	254
62	14	188	6.93	202
63	15	236	5.98	251
64	14	233	5.67	247
65	11	236	4.45	247
66	8	242	3.20	250
67	13	203	6.02	216
68	11	232	4.53	243
69	12	212	5.36	224
70	12	201	5.63	213
71	12	239	4.78	251
72	5	234	2.09	239
73	10	208	4.59	218
74	7	179	3.76	186
75	5	195	2.50	200
76	13	195	6.25	208
77	7	211	3.21	218
78	5	211	2.31	216
79	12	214	5.31	226
80	7	192	3.52	199
81	8	194	3.96	202
82	6	176	3.30	182
83	6	141	4.08	147
84	4	175	2.23	179
85	9	176	4.86	185
86	15	133	10.14	148
87	6	187	3.11	193
88	5	117	4.10	122
89	14	149	8.59	163
90	8	104	7.14	112
91	8	146	5.19	154
92	5	118	4.07	123
93	7	137	4.86	144
94	7	120	5.51	127
95	10	123	7.52	133
96	5	98	4.85	103
97	7	129	5.15	136
98	4	86	4.44	90
99	4	52	7.14	56
100	0	6	0.00	6
101	0	9	0.00	9
102	0	4	0.00	4
103	1	6	14.29	7
104	0	2	0.00	2
105	0	5	0.00	5
106	0	4	0.00	4
107	0	4	0.00	4
108	0	4	0.00	4
109	1	5	16.67	6
110	0	2	0.00	2
111	1	2	33.33	3
112	0	3	0.00	3
113	0	4	0.00	4
114	1	0	100.00	1
115	0	5	0.00	5
116	1	1	50.00	2
117	0	1	0.00	1
118	0	2	0.00	2
119	0	2	0.00	2
120	0	0		0
121	0	1	0.00	1
122	0	1	0.00	1
123	0	0		0
124	0	1	0.00	1
125	1	4	20.00	5
126	1	1	50.00	2
127	0	1	0.00	1
128	0	0		0
129	0	1	0.00	1
130	0	1	0.00	1
131	0	0		0
132	0	2	0.00	2
133	0	0		0
134	1	1	50.00	2
135	0	1	0.00	1
136	0	2	0.00	2
137	0	2	0.00	2
138	0	2	0.00	2
139	0	0		0
140	0	0		0
141	1	0	100.00	1
142	0	0		0
143	0	1	0.00	1
144	0	0		0
145	1	1	50.00	2
146	0	0		0
147	0	1	0.00	1
148	0	0		0
149	0	1	0.00	1

CHG context (R1)
================
position	count methylated	count unmethylated	% methylation	coverage
1	0	12	0.00	12
2	0	32	0.00	32
3	0	11	0.00	11
4	0	136	0.00	136
5	1	191	0.52	192
6	0	220	0.00	220
7	0	243	0.00	243
8	1	210	0.47	211
9	2	235	0.84	237
10	0	211	0.00	211
11	1	239	0.42	240
12	0	206	0.00	206
13	2	212	0.93	214
14	0	182	0.00	182
15	1	244	0.41	245
16	1	219	0.45	220
17	0	204	0.00	204
18	2	249	0.80	251
19	2	214	0.93	216
20	1	156	0.64	157
21	3	232	1.28	235
22	0	225	0.00	225
23	0	219	0.00	219
24	0	197	0.00	197
25	0	222	0.00	222
26	0	212	0.00	212
27	0	241	0.00	241
28	1	225	0.44	226
29	1	192	0.52	193
30	1	195	0.51	196
31	1	247	0.40	248
32	1	196	0.51	197
33	0	221	0.00	221
34	1	213	0.47	214
35	0	239	0.00	239
36	0	203	0.00	203
37	0	194	0.00	194
38	2	203	0.98	205
39	1	241	0.41	242
40	2	195	1.02	197
41	1	277	0.36	278
42	1	204	0.49	205
43	0	192	0.00	192
44	3	251	1.18	254
45	3	184	1.60	187
46	0	221	0.00	221
47	2	202	0.98	204
48	2	226	0.88	228
49	0	223	0.00	223
50	2	182	1.09	184
51	0	224	0.00	224
52	0	181	0.00	181
53	0	219	0.00	219
54	0	223	0.00	223
55	0	183	0.00	183
56	0	209	0.00	209
57	0	207	0.00	207
58	0	207	0.00	207
59	1	193	0.52	194
60	1	129	0.77	130
61	1	184	0.54	185
62	0	160	0.00	160
63	1	206	0.48	207
64	0	199	0.00	199
65	0	199	0.00	199
66	3	172	1.71	175
67	0	175	0.00	175
68	1	181	0.55	182
69	0	203	0.00	203
70	0	209	0.00	209
71	1	171	0.58	172
72	0	157	0.00	157
73	0	172	0.00	172
74	1	146	0.68	147
75	0	155	0.00	155
76	0	169	0.00	169
77	1	175	0.57	176
78	1	162	0.61	163
79	1	162	0.61	163
80	2	137	1.44	139
81	0	192	0.00	192
82	0	102	0.00	102
83	1	133	0.75	134
84	0	137	0.00	137
85	0	108	0.00	108
86	0	163	0.00	163
87	0	112	0.00	112
88	1	145	0.68	146
89	0	109	0.00	109
90	0	118	0.00	118
91	0	137	0.00	137
92	0	102	0.00	102
93	0	83	0.00	83
94	1	102	0.97	103
95	1	83	1.19	84
96	0	121	0.00	121
97	1	88	1.12	89
98	0	90	0.00	90
99	0	42	0.00	42
100	0	8	0.00	8
101	0	7	0.00	7
102	0	5	0.00	5
103	0	7	0.00	7
104	0	3	0.00	3
105	0	5	0.00	5
106	0	6	0.00	6
107	0	6	0.00	6
108	0	2	0.00	2
109	0	2	0.00	2
110	0	4	0.00	4
111	1	2	33.33	3
112	0	3	0.00	3
113	0	2	0.00	2
114	0	2	0.00	2
115	0	1	0.00	1
116	0	1	0.00	1
117	0	1	0.00	1
118	0	2	0.00	2
119	0	1	0.00	1
120	0	1	0.00	1
121	0	1	0.00	1
122	0	2	0.00	2
123	0	1	0.00	1
124	0	1	0.00	1
125	0	0		0
126	0	0		0
127	0	1	0.00	1
128	0	1	0.00	1
129	0	0		0
130	0	2	0.00	2
131	0	1	0.00	1
132	0	1	0.00	1
133	0	0		0
134	0	1	0.00	1
135	0	0		0
136	0	1	0.00	1
137	0	0		0
138	0	0		0
139	0	0		0
140	0	1	0.00	1
141	0	0		0
142	0	0		0
143	0	1	0.00	1
144	0	1	0.00	1
145	0	0		0
146	0	0		0
147	0	1	0.00	1
148	0	1	0.00	1
149	0	0		0

CHH context (R1)
================
position	count methylated	count unmethylated	% methylation	coverage
1	4	40	9.09	44
2	1	21	4.55	22
3	0	11	0.00	11
4	1	335	0.30	336
5	1	399	0.25	400
6	2	421	0.47	423
7	0	398	0.00	398
8	1	377	0.26	378
9	2	331	0.60	333
10	1	347	0.29	348
11	0	333	0.00	333
12	0	332	0.00	332
13	0	380	0.00	380
14	4	347	1.14	351
15	0	392	0.00	392
16	5	350	1.41	355
17	1	345	0.29	346
18	1	287	0.35	288
19	0	314	0.00	314
20	1	367	0.27	368
21	2	331	0.60	333
22	0	318	0.00	318
23	3	344	0.86	347
24	0	356	0.00	356
25	1	394	0.25	395
26	1	354	0.28	355
27	1	393	0.25	394
28	0	367	0.00	367
29	2	364	0.55	366
30	2	364	0.55	366
31	0	359	0.00	359
32	2	349	0.57	351
33	1	352	0.28	353
34	0	317	0.00	317
35	1	327	0.30	328
36	0	407	0.00	407
37	0	374	0.00	374
38	2	350	0.57	352
39	0	348	0.00	348
40	1	375	0.27	376
41	2	338	0.59	340
42	0	338	0.00	338
43	1	325	0.31	326
44	2	340	0.58	342
45	1	330	0.30	331
46	1	355	0.28	356
47	1	308	0.32	309
48	1	310	0.32	311
49	0	343	0.00	343
50	1	357	0.28	358
51	1	420	0.24	421
52	0	369	0.00	369
53	2	325	0.61	327
54	0	332	0.00	332
55	2	304	0.65	306
56	0	283	0.00	283
57	1	307	0.32	308
58	3	314	0.95	317
59	1	305	0.33	306
60	2	317	0.63	319
61	0	343	0.00	343
62	0	375	0.00	375
63	4	315	1.25	319
64	0	366	0.00	366
65	2	321	0.62	323
66	1	278	0.36	279
67	0	360	0.00	360
68	1	339	0.29	340
69	0	251	0.00	251
70	0	300	0.00	300
71	1	265	0.38	266
72	1	299	0.33	300
73	2	310	0.64	312
74	0	246	0.00	246
75	1	287	0.35	288
76	0	269	0.00	269
77	0	261	0.00	261
78	1	268	0.37	269
79	1	255	0.39	256
80	0	287	0.00	287
81	2	218	0.91	220
82	0	296	0.00	296
83	1	232	0.43	233
84	1	244	0.41	245
85	1	247	0.40	248
86	1	255	0.39	256
87	0	233	0.00	233
88	1	223	0.45	224
89	0	226	0.00	226
90	0	166	0.00	166
91	0	169	0.00	169
92	0	203	0.00	203
93	0	173	0.00	173
94	0	139	0.00	139
95	1	188	0.53	189
96	1	158	0.63	159
97	1	154	0.65	155
98	0	191	0.00	191
99	0	88	0.00	88
100	0	9	0.00	9
101	0	10	0.00	10
102	0	6	0.00	6
103	0	3	0.00	3
104	0	7	0.00	7
105	0	5	0.00	5
106	0	3	0.00	3
107	0	4	0.00	4
108	0	2	0.00	2
109	0	2	0.00	2
110	0	7	0.00	7
111	0	2	0.00	2
112	0	6	0.00	6
113	0	4	0.00	4
114	0	2	0.00	2
115	0	4	0.00	4
116	0	3	0.00	3
117	0	3	0.00	3
118	0	2	0.00	2
119	0	2	0.00	2
120	0	3	0.00	3
121	0	6	0.00	6
122	0	3	0.00	3
123	0	4	0.00	4
124	0	2	0.00	2
125	0	1	0.00	1
126	0	3	0.00	3
127	0	4	0.00	4
128	0	2	0.00	2
129	0	3	0.00	3
130	0	0		0
131	0	2	0.00	2
132	0	1	0.00	1
133	0	1	0.00	1
134	0	1	0.00	1
135	0	0		0
136	0	0		0
137	0	0		0
138	0	0		0
139	0	0		0
140	0	0		0
141	0	0		0
142	0	0		0
143	0	2	0.00	2
144	0	0		0
145	0	0		0
146	0	1	0.00	1
147	0	0		0
148	0	0		0
149	0	0		0

CpG context (R2)
================
position	count methylated	count unmethylated	% methylation	coverage
1	0	26	0.00	26
2	0	21	0.00	21
3	5	67	6.94	72
4	4	74	5.13	78
5	6	124	4.62	130
6	7	99	6.60	106
7	8	137	5.52	145
8	2	71	2.74	73
9	5	83	5.68	88
10	9	67	11.84	76
11	6	72	7.69	78
12	2	59	3.28	61
13	2	60	3.23	62
14	5	48	9.43	53
15	3	63	4.55	66
16	0	62	0.00	62
17	0	49	0.00	49
18	4	47	7.84	51
19	2	30	6.25	32
20	6	33	15.38	39
21	1	38	2.56	39
22	3	40	6.98	43
23	3	48	5.88	51
24	2	58	3.33	60
25	1	35	2.78	36
26	0	19	0.00	19
27	4	43	8.51	47
28	2	27	6.90	29
29	0	32	0.00	32
30	0	30	0.00	30
31	2	33	5.71	35
32	0	28	0.00	28
33	1	15	6.25	16
34	1	18	5.26	19
35	3	5	37.50	8
36	0	7	0.00	7
37	1	27	3.57	28
38	0	14	0.00	14
39	0	10	0.00	10
40	1	4	20.00	5
41	0	16	0.00	16
42	0	12	0.00	12
43	4	17	19.05	21
44	1	14	6.67	15
45	1	3	25.00	4
46	5	13	27.78	18
47	0	13	0.00	13
48	0	3	0.00	3
49	0	4	0.00	4
50	1	5	16.67	6
51	0	7	0.00	7
52	0	12	0.00	12
53	0	3	0.00	3
54	2	7	22.22	9
55	0	2	0.00	2
56	0	2	0.00	2
57	0	3	0.00	3
58	0	7	0.00	7
59	0	3	0.00	3
60	0	2	0.00	2
61	0	1	0.00	1
62	0	1	0.00	1
63	0	0		0
64	0	2	0.00	2
65	0	0		0
66	0	2	0.00	2
67	0	0		0
68	0	1	0.00	1
69	0	0		0
70	0	0		0
71	0	1	0.00	1
72	1	1	50.00	2
73	0	0		0
74	0	2	0.00	2
75	0	1	0.00	1
76	0	0		0
77	0	1	0.00	1
78	0	0		0
79	1	0	100.00	1
80	0	0		0
81	0	0		0
82	0	2	0.00	2
83	0	0		0
84	0	0		0
85	0	0		0
86	0	0		0
87	0	0		0
88	0	0		0
89	0	0		0
90	0	0		0
91	0	1	0.00	1
92	0	0		0
93	0	0		0
94	0	1	0.00	1
95	0	1	0.00	1
96	0	0		0
97	0	1	0.00	1

CHG context (R2)
================
position	count methylated	count unmethylated	% methylation	coverage
1	11	2123	0.52	2134
2	0	29	0.00	29
3	0	3	0.00	3
4	2	31	6.06	33
5	0	78	0.00	78
6	0	71	0.00	71
7	1	85	1.16	86
8	1	103	0.96	104
9	0	64	0.00	64
10	1	55	1.79	56
11	0	70	0.00	70
12	1	57	1.72	58
13	0	43	0.00	43
14	0	51	0.00	51
15	1	41	2.38	42
16	0	48	0.00	48
17	0	58	0.00	58
18	1	64	1.54	65
19	0	37	0.00	37
20	0	60	0.00	60
21	0	40	0.00	40
22	0	44	0.00	44
23	0	34	0.00	34
24	0	24	0.00	24
25	0	50	0.00	50
26	0	27	0.00	27
27	0	6	0.00	6
28	0	33	0.00	33
29	0	23	0.00	23
30	0	29	0.00	29
31	0	32	0.00	32
32	0	21	0.00	21
33	1	27	3.57	28
34	0	26	0.00	26
35	0	29	0.00	29
36	0	26	0.00	26
37	0	13	0.00	13
38	0	4	0.00	4
39	0	9	0.00	9
40	0	9	0.00	9
41	0	15	0.00	15
42	0	10	0.00	10
43	0	8	0.00	8
44	0	5	0.00	5
45	0	9	0.00	9
46	0	2	0.00	2
47	0	11	0.00	11
48	0	4	0.00	4
49	0	6	0.00	6
50	0	11	0.00	11
51	0	2	0.00	2
52	0	10	0.00	10
53	0	3	0.00	3
54	0	2	0.00	2
55	0	9	0.00	9
56	0	4	0.00	4
57	0	0		0
58	0	4	0.00	4
59	0	1	0.00	1
60	0	3	0.00	3
61	0	2	0.00	2
62	0	1	0.00	1
63	0	1	0.00	1
64	0	1	0.00	1
65	0	0		0
66	0	0		0
67	0	2	0.00	2
68	0	2	0.00	2
69	0	0		0
70	0	0		0
71	0	0		0
72	0	1	0.00	1
73	0	0		0
74	0	0		0
75	0	1	0.00	1
76	0	0		0
77	0	0		0
78	0	1	0.00	1
79	0	0		0
80	0	1	0.00	1
81	0	0		0
82	0	0		0
83	0	0		0
84	0	1	0.00	1
85	0	0		0
86	0	1	0.00	1
87	0	2	0.00	2
88	0	0		0
89	0	1	0.00	1
90	0	0		0
91	0	0		0
92	0	0		0
93	0	0		0
94	0	0		0
95	0	1	0.00	1
96	0	0		0
97	0	0		0

CHH context (R2)
================
position	count methylated	count unmethylated	% methylation	coverage
1	0	9	0.00	9
2	2	954	0.21	956
3	1	261	0.38	262
4	1	176	0.56	177
5	1	133	0.75	134
6	0	95	0.00	95
7	0	112	0.00	112
8	1	121	0.82	122
9	0	114	0.00	114
10	0	134	0.00	134
11	1	92	1.08	93
12	0	114	0.00	114
13	1	94	1.05	95
14	0	105	0.00	105
15	1	90	1.10	91
16	0	76	0.00	76
17	0	82	0.00	82
18	0	88	0.00	88
19	1	93	1.06	94
20	0	69	0.00	69
21	0	43	0.00	43
22	0	32	0.00	32
23	0	39	0.00	39
24	0	42	0.00	42
25	0	60	0.00	60
26	0	37	0.00	37
27	0	34	0.00	34
28	0	35	0.00	35
29	0	29	0.00	29
30	0	32	0.00	32
31	0	34	0.00	34
32	0	37	0.00	37
33	0	27	0.00	27
34	0	30	0.00	30
35	0	50	0.00	50
36	0	22	0.00	22
37	1	26	3.70	27
38	0	34	0.00	34
39	0	14	0.00	14
40	0	15	0.00	15
41	0	10	0.00	10
42	0	15	0.00	15
43	0	18	0.00	18
44	0	26	0.00	26
45	0	16	0.00	16
46	0	8	0.00	8
47	0	7	0.00	7
48	0	5	0.00	5
49	0	11	0.00	11
50	0	11	0.00	11
51	1	9	10.00	10
52	1	8	11.11	9
53	0	13	0.00	13
54	0	9	0.00	9
55	0	8	0.00	8
56	0	8	0.00	8
57	0	6	0.00	6
58	0	6	0.00	6
59	0	5	0.00	5
60	0	2	0.00	2
61	0	4	0.00	4
62	0	4	0.00	4
63	0	1	0.00	1
64	0	1	0.00	1
65	0	0		0
66	0	2	0.00	2
67	0	0		0
68	0	1	0.00	1
69	0	3	0.00	3
70	0	0		0
71	0	0		0
72	0	1	0.00	1
73	0	0		0
74	0	0		0
75	0	0		0
76	0	0		0
77	0	0		0
78	0	1	0.00	1
79	0	1	0.00	1
80	0	1	0.00	1
81	0	1	0.00	1
82	0	0		0
83	0	0		0
84	0	2	0.00	2
85	0	0		0
86	0	0		0
87	0	1	0.00	1
88	0	1	0.00	1
89	0	0		0
90	0	0		0
91	0	0		0
92	0	0		0
93	0	0		0
94	0	0		0
95	0	0		0
96	0	0		0
97	0	0		0

