CpG context (R1)
================
position	count methylated	count unmethylated	% methylation	coverage
1	206	2169	8.67	2375
2	0	14	0.00	14
3	2	17	10.53	19
4	13	170	7.10	183
5	4	235	1.67	239
6	14	267	4.98	281
7	17	227	6.97	244
8	16	261	5.78	277
9	15	234	6.02	249
10	11	250	4.21	261
11	12	303	3.81	315
12	22	274	7.43	296
13	11	284	3.73	295
14	10	235	4.08	245
15	10	244	3.94	254
16	10	309	3.13	319
17	9	241	3.60	250
18	4	260	1.52	264
19	16	309	4.92	325
20	10	221	4.33	231
21	16	238	6.30	254
22	14	279	4.78	293
23	9	237	3.66	246
24	15	229	6.15	244
25	8	290	2.68	298
26	20	301	6.23	321
27	13	280	4.44	293
28	15	260	5.45	275
29	7	276	2.47	283
30	11	253	4.17	264
31	18	280	6.04	298
32	17	269	5.94	286
33	16	254	5.93	270
34	15	252	5.62	267
35	6	258	2.27	264
36	15	242	5.84	257
37	13	266	4.66	279
38	11	225	4.66	236
39	11	236	4.45	247
40	9	259	3.36	268
41	9	250	3.47	259
42	11	288	3.68	299
43	14	271	4.91	285
44	13	243	5.08	256
45	12	296	3.90	308
46	19	255	6.93	274
47	25	275	8.33	300
48	4	266	1.48	270
49	11	223	4.70	234
50	8	247	3.14	255
51	10	254	3.79	264
52	15	243	5.81	258
53	11	239	4.40	250
54	9	251	3.46	260
55	19	282	6.31	301
56	10	217	4.41	227
57	12	255	4.49	267
58	12	222	5.13	234
59	11	264	4.00	275
60	9	261	3.33	270
61	17	247	6.44	264
62	14	235	5.62	249
63	9	219	3.95	228
64	14	229	5.76	243
65	10	245	3.92	255
66	7	258	2.64	265
67	9	211	4.09	220
68	12	200	5.66	212
69	10	199	4.78	209
70	15	184	7.54	199
71	12	267	4.30	279
72	11	221	4.74	232
73	17	238	6.67	255
74	9	182	4.71	191
75	6	173	3.35	179
76	12	199	5.69	211
77	14	197	6.64	211
78	5	188	2.59	193
79	8	217	3.56	225
80	14	177	7.33	191
81	5	145	3.33	150
82	10	194	4.90	204
83	7	121	5.47	128
84	5	190	2.56	195
85	9	173	4.95	182
86	13	174	6.95	187
87	13	166	7.26	179
88	4	123	3.15	127
89	6	150	3.85	156
90	7	126	5.26	133
91	8	135	5.59	143
92	3	129	2.27	132
93	8	124	6.06	132
94	10	109	8.40	119
95	5	120	4.00	125
96	5	122	3.94	127
97	7	117	5.65	124
98	6	102	5.56	108
99	3	60	4.76	63
100	0	7	0.00	7
101	0	5	0.00	5
102	1	7	12.50	8
103	0	10	0.00	10
104	0	6	0.00	6
105	0	6	0.00	6
106	0	1	0.00	1
107	0	3	0.00	3
108	0	6	0.00	6
109	0	6	0.00	6
110	0	3	0.00	3
111	0	8	0.00	8
112	0	4	0.00	4
113	0	6	0.00	6
114	0	7	0.00	7
115	0	3	0.00	3
116	0	0		0
117	0	5	0.00	5
118	0	3	0.00	3
119	0	3	0.00	3
120	1	3	25.00	4
121	0	4	0.00	4
122	0	2	0.00	2
123	0	4	0.00	4
124	0	3	0.00	3
125	0	2	0.00	2
126	0	0		0
127	0	2	0.00	2
128	0	5	0.00	5
129	0	1	0.00	1
130	1	3	25.00	4
131	0	3	0.00	3
132	0	1	0.00	1
133	1	2	33.33	3
134	0	2	0.00	2
135	0	0		0
136	0	0		0
137	1	3	25.00	4
138	0	3	0.00	3
139	0	1	0.00	1
140	0	2	0.00	2
141	0	1	0.00	1
142	0	1	0.00	1
143	0	1	0.00	1
144	0	1	0.00	1
145	0	1	0.00	1
146	0	1	0.00	1
147	0	0		0
148	0	2	0.00	2
149	1	1	50.00	2

CHG context (R1)
================
position	count methylated	count unmethylated	% methylation	coverage
1	0	14	0.00	14
2	0	12	0.00	12
3	0	15	0.00	15
4	0	154	0.00	154
5	1	197	0.51	198
6	3	231	1.28	234
7	0	266	0.00	266
8	0	258	0.00	258
9	1	224	0.44	225
10	0	212	0.00	212
11	0	224	0.00	224
12	0	195	0.00	195
13	1	188	0.53	189
14	0	207	0.00	207
15	3	248	1.20	251
16	0	198	0.00	198
17	0	233	0.00	233
18	2	272	0.73	274
19	0	219	0.00	219
20	0	172	0.00	172
21	3	214	1.38	217
22	1	236	0.42	237
23	0	236	0.00	236
24	0	164	0.00	164
25	5	240	2.04	245
26	0	216	0.00	216
27	1	218	0.46	219
28	0	251	0.00	251
29	3	171	1.72	174
30	0	211	0.00	211
31	1	240	0.41	241
32	0	214	0.00	214
33	0	211	0.00	211
34	2	226	0.88	228
35	1	243	0.41	244
36	0	226	0.00	226
37	0	202	0.00	202
38	1	207	0.48	208
39	1	225	0.44	226
40	2	199	1.00	201
41	0	275	0.00	275
42	0	205	0.00	205
43	0	214	0.00	214
44	1	235	0.42	236
45	3	217	1.36	220
46	0	226	0.00	226
47	1	177	0.56	178
48	3	221	1.34	224
49	0	208	0.00	208
50	0	213	0.00	213
51	1	207	0.48	208
52	0	242	0.00	242
53	1	228	0.44	229
54	2	210	0.94	212
55	0	159	0.00	159
56	0	232	0.00	232
57	0	207	0.00	207
58	0	207	0.00	207
59	0	186	0.00	186
60	0	151	0.00	151
61	1	199	0.50	200
62	0	179	0.00	179
63	1	183	0.54	184
64	2	201	0.99	203
65	0	195	0.00	195
66	0	201	0.00	201
67	0	178	0.00	178
68	2	188	1.05	190
69	0	185	0.00	185
70	1	196	0.51	197
71	1	166	0.60	167
72	0	173	0.00	173
73	0	184	0.00	184
74	1	135	0.74	136
75	0	161	0.00	161
76	0	179	0.00	179
77	0	170	0.00	170
78	0	168	0.00	168
79	0	154	0.00	154
80	1	132	0.75	133
81	1	175	0.57	176
82	0	116	0.00	116
83	1	141	0.70	142
84	0	125	0.00	125
85	0	136	0.00	136
86	0	156	0.00	156
87	0	104	0.00	104
88	0	151	0.00	151
89	1	128	0.78	129
90	0	93	0.00	93
91	1	125	0.79	126
92	0	98	0.00	98
93	0	103	0.00	103
94	0	100	0.00	100
95	0	90	0.00	90
96	0	109	0.00	109
97	0	127	0.00	127
98	0	106	0.00	106
99	0	40	0.00	40
100	0	9	0.00	9
101	0	12	0.00	12
102	0	5	0.00	5
103	0	1	0.00	1
104	0	5	0.00	5
105	0	2	0.00	2
106	0	9	0.00	9
107	0	3	0.00	3
108	0	6	0.00	6
109	0	1	0.00	1
110	0	5	0.00	5
111	0	5	0.00	5
112	0	2	0.00	2
113	0	4	0.00	4
114	1	5	16.67	6
115	0	0		0
116	0	5	0.00	5
117	0	3	0.00	3
118	0	1	0.00	1
119	0	3	0.00	3
120	0	2	0.00	2
121	0	2	0.00	2
122	0	3	0.00	3
123	0	2	0.00	2
124	0	0		0
125	0	0		0
126	0	1	0.00	1
127	0	3	0.00	3
128	0	2	0.00	2
129	0	2	0.00	2
130	0	2	0.00	2
131	0	0		0
132	0	2	0.00	2
133	0	3	0.00	3
134	0	0		0
135	0	2	0.00	2
136	0	4	0.00	4
137	0	0		0
138	0	0		0
139	0	3	0.00	3
140	0	1	0.00	1
141	0	0		0
142	0	1	0.00	1
143	0	0		0
144	0	0		0
145	0	0		0
146	0	0		0
147	0	1	0.00	1
148	0	2	0.00	2
149	0	0		0

CHH context (R1)
================
position	count methylated	count unmethylated	% methylation	coverage
1	0	34	0.00	34
2	0	41	0.00	41
3	0	16	0.00	16
4	1	307	0.32	308
5	1	352	0.28	353
6	3	405	0.74	408
7	3	394	0.76	397
8	3	354	0.84	357
9	0	337	0.00	337
10	2	337	0.59	339
11	1	340	0.29	341
12	1	343	0.29	344
13	1	376	0.27	377
14	1	377	0.26	378
15	1	355	0.28	356
16	1	358	0.28	359
17	1	326	0.31	327
18	3	292	1.02	295
19	0	311	0.00	311
20	2	306	0.65	308
21	2	318	0.62	320
22	0	349	0.00	349
23	0	343	0.00	343
24	3	345	0.86	348
25	2	397	0.50	399
26	2	371	0.54	373
27	1	396	0.25	397
28	0	363	0.00	363
29	1	334	0.30	335
30	1	374	0.27	375
31	2	362	0.55	364
32	3	359	0.83	362
33	5	280	1.75	285
34	2	299	0.66	301
35	1	298	0.33	299
36	0	350	0.00	350
37	1	346	0.29	347
38	0	339	0.00	339
39	1	352	0.28	353
40	0	323	0.00	323
41	2	325	0.61	327
42	2	340	0.58	342
43	0	299	0.00	299
44	1	346	0.29	347
45	2	316	0.63	318
46	1	318	0.31	319
47	1	301	0.33	302
48	1	305	0.33	306
49	2	394	0.51	396
50	0	403	0.00	403
51	0	426	0.00	426
52	2	381	0.52	383
53	0	350	0.00	350
54	0	306	0.00	306
55	2	333	0.60	335
56	3	290	1.02	293
57	1	304	0.33	305
58	2	313	0.63	315
59	2	311	0.64	313
60	1	315	0.32	316
61	2	328	0.61	330
62	2	295	0.67	297
63	2	304	0.65	306
64	1	370	0.27	371
65	3	304	0.98	307
66	0	276	0.00	276
67	1	349	0.29	350
68	2	344	0.58	346
69	1	342	0.29	343
70	0	299	0.00	299
71	0	306	0.00	306
72	0	278	0.00	278
73	1	299	0.33	300
74	1	266	0.37	267
75	2	299	0.66	301
76	1	290	0.34	291
77	0	279	0.00	279
78	0	290	0.00	290
79	0	274	0.00	274
80	0	276	0.00	276
81	1	288	0.35	289
82	1	285	0.35	286
83	1	226	0.44	227
84	2	243	0.82	245
85	1	237	0.42	238
86	0	249	0.00	249
87	1	217	0.46	218
88	0	250	0.00	250
89	1	192	0.52	193
90	2	177	1.12	179
91	1	187	0.53	188
92	1	180	0.55	181
93	2	184	1.08	186
94	1	153	0.65	154
95	0	181	0.00	181
96	0	163	0.00	163
97	1	147	0.68	148
98	0	142	0.00	142
99	0	65	0.00	65
100	0	10	0.00	10
101	0	8	0.00	8
102	0	7	0.00	7
103	0	8	0.00	8
104	0	7	0.00	7
105	0	16	0.00	16
106	0	10	0.00	10
107	0	7	0.00	7
108	0	2	0.00	2
109	0	4	0.00	4
110	0	8	0.00	8
111	0	8	0.00	8
112	0	6	0.00	6
113	0	5	0.00	5
114	0	2	0.00	2
115	0	3	0.00	3
116	0	5	0.00	5
117	0	3	0.00	3
118	0	3	0.00	3
119	0	3	0.00	3
120	0	3	0.00	3
121	0	0		0
122	0	1	0.00	1
123	0	1	0.00	1
124	0	0		0
125	0	6	0.00	6
126	0	6	0.00	6
127	0	0		0
128	0	2	0.00	2
129	0	2	0.00	2
130	0	3	0.00	3
131	0	5	0.00	5
132	0	6	0.00	6
133	0	2	0.00	2
134	0	3	0.00	3
135	0	3	0.00	3
136	0	0		0
137	0	1	0.00	1
138	0	0		0
139	0	0		0
140	0	0		0
141	0	1	0.00	1
142	0	1	0.00	1
143	0	0		0
144	0	0		0
145	0	0		0
146	0	0		0
147	0	0		0
148	0	0		0
149	0	0		0

CpG context (R2)
================
position	count methylated	count unmethylated	% methylation	coverage
1	0	26	0.00	26
2	0	21	0.00	21
3	5	65	7.14	70
4	4	50	7.41	54
5	4	99	3.88	103
6	4	81	4.71	85
7	1	131	0.76	132
8	4	79	4.82	83
9	2	79	2.47	81
10	3	92	3.16	95
11	4	67	5.63	71
12	4	69	5.48	73
13	3	64	4.48	67
14	3	42	6.67	45
15	4	63	5.97	67
16	3	56	5.08	59
17	1	38	2.56	39
18	3	40	6.98	43
19	4	37	9.76	41
20	3	47	6.00	50
21	3	29	9.38	32
22	2	35	5.41	37
23	3	43	6.52	46
24	1	55	1.79	56
25	0	21	0.00	21
26	1	37	2.63	38
27	2	23	8.00	25
28	1	20	4.76	21
29	3	47	6.00	50
30	2	14	12.50	16
31	0	23	0.00	23
32	2	26	7.14	28
33	1	16	5.88	17
34	1	18	5.26	19
35	1	12	7.69	13
36	0	18	0.00	18
37	1	19	5.00	20
38	1	24	4.00	25
39	0	15	0.00	15
40	1	7	12.50	8
41	0	10	0.00	10
42	0	7	0.00	7
43	2	16	11.11	18
44	0	12	0.00	12
45	0	3	0.00	3
46	1	20	4.76	21
47	0	6	0.00	6
48	0	8	0.00	8
49	0	4	0.00	4
50	1	8	11.11	9
51	0	5	0.00	5
52	0	4	0.00	4
53	1	1	50.00	2
54	0	6	0.00	6
55	1	2	33.33	3
56	0	4	0.00	4
57	0	4	0.00	4
58	1	3	25.00	4
59	0	4	0.00	4
60	0	1	0.00	1
61	0	4	0.00	4
62	0	1	0.00	1
63	0	2	0.00	2
64	0	1	0.00	1
65	0	1	0.00	1
66	0	2	0.00	2
67	0	0		0
68	0	1	0.00	1
69	0	0		0
70	0	1	0.00	1
71	0	1	0.00	1
72	0	0		0
73	0	1	0.00	1
74	0	0		0
75	0	1	0.00	1
76	0	1	0.00	1
77	0	0		0
78	0	1	0.00	1
79	0	1	0.00	1
80	0	0		0
81	0	2	0.00	2
82	0	0		0
83	0	1	0.00	1
84	0	0		0
85	0	0		0
86	0	1	0.00	1
87	0	0		0
88	0	1	0.00	1
89	0	0		0
90	0	0		0
91	0	0		0
92	0	1	0.00	1
93	0	0		0
94	0	2	0.00	2
95	0	0		0
96	0	1	0.00	1

CHG context (R2)
================
position	count methylated	count unmethylated	% methylation	coverage
1	19	2062	0.91	2081
2	0	27	0.00	27
3	0	8	0.00	8
4	1	34	2.86	35
5	0	48	0.00	48
6	1	74	1.33	75
7	0	65	0.00	65
8	1	113	0.88	114
9	0	67	0.00	67
10	0	51	0.00	51
11	1	60	1.64	61
12	0	33	0.00	33
13	0	45	0.00	45
14	0	48	0.00	48
15	0	54	0.00	54
16	0	43	0.00	43
17	2	51	3.77	53
18	0	52	0.00	52
19	0	43	0.00	43
20	0	50	0.00	50
21	0	35	0.00	35
22	0	35	0.00	35
23	0	22	0.00	22
24	0	19	0.00	19
25	0	39	0.00	39
26	0	19	0.00	19
27	1	17	5.56	18
28	0	19	0.00	19
29	0	27	0.00	27
30	0	25	0.00	25
31	0	24	0.00	24
32	0	16	0.00	16
33	0	23	0.00	23
34	0	23	0.00	23
35	1	29	3.33	30
36	0	18	0.00	18
37	0	11	0.00	11
38	1	8	11.11	9
39	0	7	0.00	7
40	0	15	0.00	15
41	0	19	0.00	19
42	0	4	0.00	4
43	0	7	0.00	7
44	0	4	0.00	4
45	0	9	0.00	9
46	0	1	0.00	1
47	0	10	0.00	10
48	0	8	0.00	8
49	0	7	0.00	7
50	0	7	0.00	7
51	1	5	16.67	6
52	0	4	0.00	4
53	0	7	0.00	7
54	0	0		0
55	0	3	0.00	3
56	0	2	0.00	2
57	0	0		0
58	0	0		0
59	0	1	0.00	1
60	0	4	0.00	4
61	0	0		0
62	0	2	0.00	2
63	0	2	0.00	2
64	0	1	0.00	1
65	0	0		0
66	0	0		0
67	0	0		0
68	0	1	0.00	1
69	0	0		0
70	0	1	0.00	1
71	0	1	0.00	1
72	0	0		0
73	0	0		0
74	0	2	0.00	2
75	0	0		0
76	0	0		0
77	0	1	0.00	1
78	0	1	0.00	1
79	0	0		0
80	0	0		0
81	0	0		0
82	0	0		0
83	0	0		0
84	0	0		0
85	0	0		0
86	0	0		0
87	0	0		0
88	0	0		0
89	0	1	0.00	1
90	0	0		0
91	0	0		0
92	0	1	0.00	1
93	0	0		0
94	0	0		0
95	0	0		0
96	0	0		0

CHH context (R2)
================
position	count methylated	count unmethylated	% methylation	coverage
1	0	11	0.00	11
2	4	938	0.42	942
3	1	260	0.38	261
4	1	184	0.54	185
5	0	129	0.00	129
6	0	92	0.00	92
7	1	90	1.10	91
8	1	111	0.89	112
9	0	116	0.00	116
10	1	126	0.79	127
11	0	70	0.00	70
12	1	76	1.30	77
13	1	55	1.79	56
14	0	75	0.00	75
15	0	63	0.00	63
16	0	54	0.00	54
17	0	51	0.00	51
18	0	57	0.00	57
19	0	68	0.00	68
20	0	48	0.00	48
21	1	44	2.22	45
22	0	52	0.00	52
23	1	44	2.22	45
24	1	48	2.04	49
25	0	41	0.00	41
26	0	29	0.00	29
27	0	31	0.00	31
28	0	26	0.00	26
29	0	29	0.00	29
30	0	26	0.00	26
31	0	31	0.00	31
32	1	36	2.70	37
33	1	14	6.67	15
34	0	34	0.00	34
35	0	33	0.00	33
36	0	26	0.00	26
37	0	12	0.00	12
38	0	20	0.00	20
39	0	8	0.00	8
40	0	20	0.00	20
41	0	15	0.00	15
42	0	19	0.00	19
43	0	15	0.00	15
44	0	18	0.00	18
45	0	5	0.00	5
46	0	19	0.00	19
47	0	13	0.00	13
48	0	8	0.00	8
49	0	13	0.00	13
50	0	6	0.00	6
51	0	14	0.00	14
52	0	16	0.00	16
53	0	11	0.00	11
54	0	6	0.00	6
55	0	7	0.00	7
56	0	4	0.00	4
57	0	4	0.00	4
58	0	3	0.00	3
59	0	3	0.00	3
60	0	0		0
61	0	1	0.00	1
62	0	0		0
63	0	1	0.00	1
64	0	0		0
65	0	0		0
66	0	0		0
67	0	1	0.00	1
68	0	1	0.00	1
69	0	1	0.00	1
70	0	0		0
71	0	2	0.00	2
72	0	1	0.00	1
73	0	0		0
74	0	0		0
75	0	0		0
76	0	0		0
77	0	0		0
78	0	0		0
79	0	0		0
80	0	0		0
81	0	0		0
82	0	0		0
83	0	1	0.00	1
84	0	0		0
85	0	0		0
86	0	0		0
87	0	0		0
88	0	0		0
89	0	0		0
90	0	1	0.00	1
91	0	0		0
92	0	0		0
93	0	1	0.00	1
94	0	1	0.00	1
95	0	0		0
96	0	0		0

