CpG context (R1)
================
position	count methylated	count unmethylated	% methylation	coverage
1	193	2186	8.11	2379
2	0	12	0.00	12
3	0	18	0.00	18
4	9	189	4.55	198
5	12	172	6.52	184
6	9	254	3.42	263
7	12	214	5.31	226
8	17	272	5.88	289
9	7	255	2.67	262
10	11	257	4.10	268
11	12	248	4.62	260
12	16	267	5.65	283
13	6	313	1.88	319
14	10	249	3.86	259
15	9	242	3.59	251
16	17	304	5.30	321
17	13	211	5.80	224
18	10	267	3.61	277
19	12	269	4.27	281
20	7	246	2.77	253
21	10	242	3.97	252
22	12	273	4.21	285
23	12	276	4.17	288
24	20	237	7.78	257
25	17	273	5.86	290
26	8	291	2.68	299
27	16	256	5.88	272
28	15	269	5.28	284
29	11	262	4.03	273
30	16	250	6.02	266
31	9	269	3.24	278
32	11	300	3.54	311
33	10	226	4.24	236
34	16	260	5.80	276
35	17	249	6.39	266
36	13	224	5.49	237
37	18	287	5.90	305
38	13	227	5.42	240
39	6	263	2.23	269
40	8	257	3.02	265
41	10	212	4.50	222
42	14	282	4.73	296
43	9	257	3.38	266
44	11	290	3.65	301
45	9	250	3.47	259
46	13	236	5.22	249
47	14	251	5.28	265
48	9	255	3.41	264
49	21	240	8.05	261
50	12	251	4.56	263
51	16	226	6.61	242
52	14	243	5.45	257
53	11	261	4.04	272
54	14	216	6.09	230
55	10	278	3.47	288
56	17	233	6.80	250
57	12	245	4.67	257
58	11	221	4.74	232
59	8	268	2.90	276
60	8	248	3.12	256
61	19	239	7.36	258
62	18	223	7.47	241
63	5	200	2.44	205
64	9	258	3.37	267
65	13	259	4.78	272
66	8	237	3.27	245
67	10	235	4.08	245
68	11	208	5.02	219
69	13	208	5.88	221
70	9	232	3.73	241
71	18	223	7.47	241
72	10	286	3.38	296
73	13	206	5.94	219
74	5	194	2.51	199
75	7	166	4.05	173
76	10	195	4.88	205
77	15	214	6.55	229
78	8	220	3.51	228
79	13	220	5.58	233
80	7	203	3.33	210
81	7	167	4.02	174
82	12	188	6.00	200
83	8	119	6.30	127
84	11	163	6.32	174
85	8	186	4.12	194
86	14	171	7.57	185
87	9	162	5.26	171
88	4	118	3.28	122
89	5	161	3.01	166
90	5	122	3.94	127
91	5	133	3.62	138
92	9	119	7.03	128
93	7	149	4.49	156
94	3	112	2.61	115
95	8	115	6.50	123
96	6	120	4.76	126
97	7	107	6.14	114
98	9	105	7.89	114
99	2	54	3.57	56
100	1	10	9.09	11
101	0	5	0.00	5
102	1	3	25.00	4
103	0	13	0.00	13
104	1	4	20.00	5
105	0	8	0.00	8
106	0	2	0.00	2
107	1	7	12.50	8
108	0	4	0.00	4
109	1	9	10.00	10
110	0	4	0.00	4
111	0	5	0.00	5
112	0	4	0.00	4
113	0	2	0.00	2
114	0	3	0.00	3
115	0	4	0.00	4
116	1	2	33.33	3
117	0	3	0.00	3
118	1	0	100.00	1
119	0	4	0.00	4
120	0	3	0.00	3
121	0	4	0.00	4
122	0	2	0.00	2
123	0	3	0.00	3
124	0	1	0.00	1
125	0	3	0.00	3
126	0	4	0.00	4
127	0	0		0
128	0	1	0.00	1
129	0	3	0.00	3
130	0	1	0.00	1
131	0	4	0.00	4
132	0	0		0
133	0	0		0
134	0	0		0
135	1	0	100.00	1
136	0	2	0.00	2
137	0	2	0.00	2
138	0	1	0.00	1
139	0	0		0
140	0	1	0.00	1
141	0	0		0
142	0	1	0.00	1
143	0	0		0
144	0	1	0.00	1
145	0	0		0
146	0	0		0
147	0	0		0
148	0	0		0
149	0	0		0

CHG context (R1)
================
position	count methylated	count unmethylated	% methylation	coverage
1	0	15	0.00	15
2	0	21	0.00	21
3	0	10	0.00	10
4	1	109	0.91	110
5	0	187	0.00	187
6	1	223	0.45	224
7	1	249	0.40	250
8	0	233	0.00	233
9	0	243	0.00	243
10	1	208	0.48	209
11	1	231	0.43	232
12	0	215	0.00	215
13	1	204	0.49	205
14	0	220	0.00	220
15	1	250	0.40	251
16	0	215	0.00	215
17	0	231	0.00	231
18	0	261	0.00	261
19	0	206	0.00	206
20	0	180	0.00	180
21	0	214	0.00	214
22	0	226	0.00	226
23	0	202	0.00	202
24	0	192	0.00	192
25	1	247	0.40	248
26	1	210	0.47	211
27	1	227	0.44	228
28	1	215	0.46	216
29	0	198	0.00	198
30	0	183	0.00	183
31	0	250	0.00	250
32	0	198	0.00	198
33	0	232	0.00	232
34	0	220	0.00	220
35	2	230	0.86	232
36	1	231	0.43	232
37	0	229	0.00	229
38	1	208	0.48	209
39	1	223	0.45	224
40	1	191	0.52	192
41	0	275	0.00	275
42	0	220	0.00	220
43	0	212	0.00	212
44	0	240	0.00	240
45	2	187	1.06	189
46	1	218	0.46	219
47	0	184	0.00	184
48	0	221	0.00	221
49	0	194	0.00	194
50	1	205	0.49	206
51	0	190	0.00	190
52	1	257	0.39	258
53	0	198	0.00	198
54	2	188	1.05	190
55	0	163	0.00	163
56	1	211	0.47	212
57	0	223	0.00	223
58	0	232	0.00	232
59	0	185	0.00	185
60	0	149	0.00	149
61	0	181	0.00	181
62	0	197	0.00	197
63	0	202	0.00	202
64	0	204	0.00	204
65	0	192	0.00	192
66	1	192	0.52	193
67	0	180	0.00	180
68	0	183	0.00	183
69	1	192	0.52	193
70	0	188	0.00	188
71	0	190	0.00	190
72	1	168	0.59	169
73	0	154	0.00	154
74	1	166	0.60	167
75	0	161	0.00	161
76	0	170	0.00	170
77	1	179	0.56	180
78	0	150	0.00	150
79	0	160	0.00	160
80	3	129	2.27	132
81	0	174	0.00	174
82	0	105	0.00	105
83	0	153	0.00	153
84	0	123	0.00	123
85	0	111	0.00	111
86	0	146	0.00	146
87	1	113	0.88	114
88	1	134	0.74	135
89	0	117	0.00	117
90	0	100	0.00	100
91	0	140	0.00	140
92	0	108	0.00	108
93	0	72	0.00	72
94	0	108	0.00	108
95	1	99	1.00	100
96	0	101	0.00	101
97	0	109	0.00	109
98	0	121	0.00	121
99	0	48	0.00	48
100	0	6	0.00	6
101	0	6	0.00	6
102	0	4	0.00	4
103	0	3	0.00	3
104	0	7	0.00	7
105	0	5	0.00	5
106	0	5	0.00	5
107	0	2	0.00	2
108	0	5	0.00	5
109	0	4	0.00	4
110	0	1	0.00	1
111	0	3	0.00	3
112	0	4	0.00	4
113	0	2	0.00	2
114	1	1	50.00	2
115	0	4	0.00	4
116	0	5	0.00	5
117	0	1	0.00	1
118	0	2	0.00	2
119	0	0		0
120	0	3	0.00	3
121	0	2	0.00	2
122	0	1	0.00	1
123	0	0		0
124	0	1	0.00	1
125	0	3	0.00	3
126	0	0		0
127	0	1	0.00	1
128	0	4	0.00	4
129	0	1	0.00	1
130	0	2	0.00	2
131	0	0		0
132	0	2	0.00	2
133	0	1	0.00	1
134	0	1	0.00	1
135	0	1	0.00	1
136	0	0		0
137	0	0		0
138	0	0		0
139	0	1	0.00	1
140	0	1	0.00	1
141	0	0		0
142	0	0		0
143	0	1	0.00	1
144	0	0		0
145	0	0		0
146	0	0		0
147	0	1	0.00	1
148	0	0		0
149	0	1	0.00	1

CHH context (R1)
================
position	count methylated	count unmethylated	% methylation	coverage
1	0	34	0.00	34
2	0	36	0.00	36
3	0	30	0.00	30
4	0	340	0.00	340
5	0	418	0.00	418
6	2	471	0.42	473
7	1	416	0.24	417
8	0	326	0.00	326
9	1	313	0.32	314
10	1	308	0.32	309
11	2	296	0.67	298
12	1	343	0.29	344
13	0	381	0.00	381
14	0	380	0.00	380
15	2	354	0.56	356
16	0	354	0.00	354
17	1	327	0.30	328
18	0	308	0.00	308
19	1	310	0.32	311
20	1	348	0.29	349
21	1	333	0.30	334
22	2	322	0.62	324
23	0	328	0.00	328
24	1	365	0.27	366
25	1	383	0.26	384
26	2	359	0.55	361
27	1	380	0.26	381
28	1	362	0.28	363
29	1	332	0.30	333
30	2	396	0.50	398
31	1	375	0.27	376
32	1	360	0.28	361
33	1	309	0.32	310
34	2	337	0.59	339
35	0	288	0.00	288
36	0	347	0.00	347
37	2	344	0.58	346
38	1	324	0.31	325
39	2	317	0.63	319
40	0	322	0.00	322
41	0	311	0.00	311
42	1	365	0.27	366
43	1	349	0.29	350
44	2	315	0.63	317
45	1	267	0.37	268
46	3	356	0.84	359
47	0	340	0.00	340
48	1	344	0.29	345
49	0	367	0.00	367
50	2	405	0.49	407
51	1	406	0.25	407
52	2	341	0.58	343
53	1	315	0.32	316
54	0	335	0.00	335
55	1	320	0.31	321
56	0	322	0.00	322
57	0	321	0.00	321
58	1	291	0.34	292
59	2	326	0.61	328
60	1	296	0.34	297
61	1	335	0.30	336
62	1	344	0.29	345
63	0	328	0.00	328
64	2	342	0.58	344
65	1	306	0.33	307
66	0	291	0.00	291
67	0	336	0.00	336
68	0	322	0.00	322
69	0	322	0.00	322
70	3	283	1.05	286
71	1	293	0.34	294
72	0	261	0.00	261
73	0	276	0.00	276
74	0	253	0.00	253
75	0	315	0.00	315
76	2	327	0.61	329
77	1	271	0.37	272
78	0	268	0.00	268
79	1	262	0.38	263
80	0	280	0.00	280
81	0	248	0.00	248
82	0	319	0.00	319
83	0	230	0.00	230
84	2	246	0.81	248
85	2	271	0.73	273
86	1	260	0.38	261
87	0	193	0.00	193
88	2	251	0.79	253
89	0	207	0.00	207
90	2	161	1.23	163
91	1	201	0.50	202
92	0	174	0.00	174
93	0	159	0.00	159
94	0	161	0.00	161
95	1	168	0.59	169
96	0	157	0.00	157
97	2	161	1.23	163
98	0	147	0.00	147
99	0	61	0.00	61
100	0	8	0.00	8
101	0	8	0.00	8
102	0	12	0.00	12
103	0	9	0.00	9
104	0	3	0.00	3
105	0	4	0.00	4
106	0	4	0.00	4
107	0	9	0.00	9
108	0	4	0.00	4
109	0	6	0.00	6
110	0	3	0.00	3
111	0	3	0.00	3
112	0	6	0.00	6
113	0	4	0.00	4
114	0	5	0.00	5
115	0	2	0.00	2
116	0	5	0.00	5
117	0	1	0.00	1
118	0	3	0.00	3
119	0	3	0.00	3
120	0	2	0.00	2
121	0	1	0.00	1
122	0	0		0
123	0	3	0.00	3
124	0	1	0.00	1
125	0	2	0.00	2
126	0	1	0.00	1
127	0	2	0.00	2
128	0	1	0.00	1
129	0	4	0.00	4
130	0	0		0
131	0	0		0
132	0	1	0.00	1
133	0	4	0.00	4
134	0	1	0.00	1
135	0	0		0
136	0	0		0
137	0	1	0.00	1
138	0	2	0.00	2
139	0	0		0
140	0	1	0.00	1
141	0	0		0
142	0	0		0
143	0	0		0
144	0	0		0
145	0	0		0
146	0	1	0.00	1
147	0	0		0
148	0	0		0
149	0	0		0

CpG context (R2)
================
position	count methylated	count unmethylated	% methylation	coverage
1	0	15	0.00	15
2	0	12	0.00	12
3	1	86	1.15	87
4	2	59	3.28	61
5	3	88	3.30	91
6	3	88	3.30	91
7	4	127	3.05	131
8	1	80	1.23	81
9	3	66	4.35	69
10	5	80	5.88	85
11	6	72	7.69	78
12	2	64	3.03	66
13	2	80	2.44	82
14	4	45	8.16	49
15	2	59	3.28	61
16	1	61	1.61	62
17	2	30	6.25	32
18	4	34	10.53	38
19	0	30	0.00	30
20	4	46	8.00	50
21	3	38	7.32	41
22	2	37	5.13	39
23	2	39	4.88	41
24	1	70	1.41	71
25	1	31	3.12	32
26	1	33	2.94	34
27	5	26	16.13	31
28	1	13	7.14	14
29	4	45	8.16	49
30	1	16	5.88	17
31	1	31	3.12	32
32	0	21	0.00	21
33	1	13	7.14	14
34	1	13	7.14	14
35	1	11	8.33	12
36	0	15	0.00	15
37	3	16	15.79	19
38	0	19	0.00	19
39	1	7	12.50	8
40	0	9	0.00	9
41	0	11	0.00	11
42	0	1	0.00	1
43	0	12	0.00	12
44	0	14	0.00	14
45	0	3	0.00	3
46	1	12	7.69	13
47	0	9	0.00	9
48	0	9	0.00	9
49	0	1	0.00	1
50	0	2	0.00	2
51	0	5	0.00	5
52	1	4	20.00	5
53	0	2	0.00	2
54	0	5	0.00	5
55	1	2	33.33	3
56	0	2	0.00	2
57	0	1	0.00	1
58	0	2	0.00	2
59	0	3	0.00	3
60	0	2	0.00	2
61	0	3	0.00	3
62	0	0		0
63	0	2	0.00	2
64	0	0		0
65	0	0		0
66	0	3	0.00	3
67	0	0		0
68	0	1	0.00	1
69	0	0		0
70	0	0		0
71	0	1	0.00	1
72	0	1	0.00	1
73	0	1	0.00	1
74	0	1	0.00	1
75	0	0		0
76	0	1	0.00	1
77	0	1	0.00	1
78	0	0		0
79	0	0		0
80	0	1	0.00	1
81	0	0		0
82	0	1	0.00	1
83	0	1	0.00	1
84	0	0		0
85	0	0		0
86	0	0		0
87	0	0		0
88	0	0		0
89	0	0		0
90	0	0		0
91	0	1	0.00	1
92	0	0		0
93	0	0		0
94	0	0		0
95	0	0		0
96	0	0		0
97	0	1	0.00	1

CHG context (R2)
================
position	count methylated	count unmethylated	% methylation	coverage
1	9	2136	0.42	2145
2	1	19	5.00	20
3	0	6	0.00	6
4	0	41	0.00	41
5	1	54	1.82	55
6	0	68	0.00	68
7	0	75	0.00	75
8	2	90	2.17	92
9	0	78	0.00	78
10	2	52	3.70	54
11	2	76	2.56	78
12	0	41	0.00	41
13	0	45	0.00	45
14	0	45	0.00	45
15	0	50	0.00	50
16	0	47	0.00	47
17	0	51	0.00	51
18	0	51	0.00	51
19	0	40	0.00	40
20	0	60	0.00	60
21	0	27	0.00	27
22	0	47	0.00	47
23	1	30	3.23	31
24	0	14	0.00	14
25	0	40	0.00	40
26	0	18	0.00	18
27	0	10	0.00	10
28	1	19	5.00	20
29	1	19	5.00	20
30	0	25	0.00	25
31	0	20	0.00	20
32	0	22	0.00	22
33	0	21	0.00	21
34	0	21	0.00	21
35	0	20	0.00	20
36	0	15	0.00	15
37	0	9	0.00	9
38	0	5	0.00	5
39	0	7	0.00	7
40	0	14	0.00	14
41	0	12	0.00	12
42	0	6	0.00	6
43	0	7	0.00	7
44	0	4	0.00	4
45	0	8	0.00	8
46	0	1	0.00	1
47	0	5	0.00	5
48	0	4	0.00	4
49	0	5	0.00	5
50	0	7	0.00	7
51	0	1	0.00	1
52	0	6	0.00	6
53	0	3	0.00	3
54	0	1	0.00	1
55	0	3	0.00	3
56	0	6	0.00	6
57	0	0		0
58	0	2	0.00	2
59	0	0		0
60	0	2	0.00	2
61	0	1	0.00	1
62	0	1	0.00	1
63	0	2	0.00	2
64	0	2	0.00	2
65	0	1	0.00	1
66	0	0		0
67	0	1	0.00	1
68	0	1	0.00	1
69	0	0		0
70	0	0		0
71	0	2	0.00	2
72	0	0		0
73	0	0		0
74	0	0		0
75	0	0		0
76	0	0		0
77	0	1	0.00	1
78	0	0		0
79	0	0		0
80	0	1	0.00	1
81	0	0		0
82	0	0		0
83	0	0		0
84	0	0		0
85	0	0		0
86	0	2	0.00	2
87	0	0		0
88	0	0		0
89	0	0		0
90	0	0		0
91	0	0		0
92	0	0		0
93	0	0		0
94	0	0		0
95	0	1	0.00	1
96	0	0		0
97	0	0		0

CHH context (R2)
================
position	count methylated	count unmethylated	% methylation	coverage
1	0	12	0.00	12
2	2	968	0.21	970
3	1	254	0.39	255
4	1	165	0.60	166
5	0	124	0.00	124
6	0	80	0.00	80
7	0	97	0.00	97
8	1	130	0.76	131
9	1	130	0.76	131
10	0	110	0.00	110
11	0	66	0.00	66
12	0	94	0.00	94
13	0	61	0.00	61
14	2	92	2.13	94
15	0	63	0.00	63
16	0	62	0.00	62
17	0	63	0.00	63
18	0	60	0.00	60
19	0	66	0.00	66
20	0	46	0.00	46
21	1	41	2.38	42
22	0	43	0.00	43
23	0	34	0.00	34
24	0	39	0.00	39
25	0	35	0.00	35
26	0	29	0.00	29
27	0	35	0.00	35
28	0	31	0.00	31
29	0	34	0.00	34
30	0	23	0.00	23
31	1	24	4.00	25
32	0	21	0.00	21
33	0	23	0.00	23
34	0	27	0.00	27
35	0	27	0.00	27
36	0	21	0.00	21
37	0	10	0.00	10
38	0	15	0.00	15
39	0	6	0.00	6
40	0	17	0.00	17
41	0	13	0.00	13
42	0	10	0.00	10
43	0	8	0.00	8
44	0	12	0.00	12
45	0	9	0.00	9
46	0	13	0.00	13
47	0	8	0.00	8
48	0	2	0.00	2
49	0	9	0.00	9
50	0	12	0.00	12
51	0	9	0.00	9
52	1	6	14.29	7
53	0	4	0.00	4
54	0	4	0.00	4
55	0	5	0.00	5
56	0	10	0.00	10
57	0	9	0.00	9
58	0	7	0.00	7
59	0	5	0.00	5
60	0	0		0
61	0	2	0.00	2
62	0	3	0.00	3
63	0	1	0.00	1
64	0	2	0.00	2
65	0	1	0.00	1
66	0	1	0.00	1
67	0	2	0.00	2
68	0	2	0.00	2
69	0	1	0.00	1
70	0	1	0.00	1
71	0	0		0
72	0	0		0
73	0	0		0
74	0	1	0.00	1
75	0	0		0
76	0	1	0.00	1
77	0	1	0.00	1
78	0	0		0
79	0	1	0.00	1
80	0	1	0.00	1
81	0	0		0
82	0	0		0
83	0	0		0
84	0	0		0
85	0	0		0
86	0	0		0
87	0	1	0.00	1
88	0	0		0
89	0	0		0
90	0	0		0
91	0	0		0
92	0	0		0
93	0	0		0
94	0	0		0
95	0	0		0
96	0	0		0
97	0	0		0

