CpG context (R1)
================
position	count methylated	count unmethylated	% methylation	coverage
1	213	2149	9.02	2362
2	0	15	0.00	15
3	0	18	0.00	18
4	7	178	3.78	185
5	16	197	7.51	213
6	5	282	1.74	287
7	14	215	6.11	229
8	15	264	5.38	279
9	13	229	5.37	242
10	7	248	2.75	255
11	7	250	2.72	257
12	17	285	5.63	302
13	24	288	7.69	312
14	11	243	4.33	254
15	7	236	2.88	243
16	22	296	6.92	318
17	4	210	1.87	214
18	7	258	2.64	265
19	9	300	2.91	309
20	6	224	2.61	230
21	11	212	4.93	223
22	17	285	5.63	302
23	21	254	7.64	275
24	21	236	8.17	257
25	11	305	3.48	316
26	8	310	2.52	318
27	6	233	2.51	239
28	20	257	7.22	277
29	10	240	4.00	250
30	9	267	3.26	276
31	6	266	2.21	272
32	20	296	6.33	316
33	11	226	4.64	237
34	13	290	4.29	303
35	14	241	5.49	255
36	11	198	5.26	209
37	15	270	5.26	285
38	18	233	7.17	251
39	10	247	3.89	257
40	8	240	3.23	248
41	12	241	4.74	253
42	15	268	5.30	283
43	16	239	6.27	255
44	14	249	5.32	263
45	17	298	5.40	315
46	16	214	6.96	230
47	15	263	5.40	278
48	11	249	4.23	260
49	18	227	7.35	245
50	11	240	4.38	251
51	13	218	5.63	231
52	13	237	5.20	250
53	16	261	5.78	277
54	16	232	6.45	248
55	17	291	5.52	308
56	9	240	3.61	249
57	17	233	6.80	250
58	10	269	3.58	279
59	10	248	3.88	258
60	13	231	5.33	244
61	13	243	5.08	256
62	19	224	7.82	243
63	13	222	5.53	235
64	12	263	4.36	275
65	14	237	5.58	251
66	16	224	6.67	240
67	15	251	5.64	266
68	7	210	3.23	217
69	13	211	5.80	224
70	12	237	4.82	249
71	11	259	4.07	270
72	3	230	1.29	233
73	5	230	2.13	235
74	11	185	5.61	196
75	8	187	4.10	195
76	14	185	7.04	199
77	9	202	4.27	211
78	11	198	5.26	209
79	9	201	4.29	210
80	4	180	2.17	184
81	8	173	4.42	181
82	13	199	6.13	212
83	9	154	5.52	163
84	6	183	3.17	189
85	6	187	3.11	193
86	17	183	8.50	200
87	10	179	5.29	189
88	2	116	1.69	118
89	7	150	4.46	157
90	4	132	2.94	136
91	8	149	5.10	157
92	2	135	1.46	137
93	13	137	8.67	150
94	7	117	5.65	124
95	4	113	3.42	117
96	5	115	4.17	120
97	4	124	3.12	128
98	4	107	3.60	111
99	1	44	2.22	45
100	1	7	12.50	8
101	0	3	0.00	3
102	0	6	0.00	6
103	0	5	0.00	5
104	1	1	50.00	2
105	0	10	0.00	10
106	0	4	0.00	4
107	0	3	0.00	3
108	1	4	20.00	5
109	0	4	0.00	4
110	0	4	0.00	4
111	0	3	0.00	3
112	0	6	0.00	6
113	1	3	25.00	4
114	0	3	0.00	3
115	0	5	0.00	5
116	0	2	0.00	2
117	1	3	25.00	4
118	1	0	100.00	1
119	0	4	0.00	4
120	0	2	0.00	2
121	1	5	16.67	6
122	0	2	0.00	2
123	0	3	0.00	3
124	0	2	0.00	2
125	1	2	33.33	3
126	0	4	0.00	4
127	1	2	33.33	3
128	0	0		0
129	0	2	0.00	2
130	2	0	100.00	2
131	0	2	0.00	2
132	0	2	0.00	2
133	0	2	0.00	2
134	0	0		0
135	1	1	50.00	2
136	0	1	0.00	1
137	1	1	50.00	2
138	1	0	100.00	1
139	0	1	0.00	1
140	0	0		0
141	0	0		0
142	0	1	0.00	1
143	0	0		0
144	0	1	0.00	1
145	0	0		0
146	0	0		0
147	1	0	100.00	1
148	0	0		0
149	0	0		0

CHG context (R1)
================
position	count methylated	count unmethylated	% methylation	coverage
1	1	9	10.00	10
2	0	26	0.00	26
3	0	11	0.00	11
4	0	121	0.00	121
5	0	202	0.00	202
6	2	219	0.90	221
7	2	268	0.74	270
8	1	223	0.45	224
9	1	217	0.46	218
10	1	225	0.44	226
11	0	238	0.00	238
12	0	191	0.00	191
13	1	187	0.53	188
14	0	190	0.00	190
15	0	273	0.00	273
16	1	189	0.53	190
17	1	248	0.40	249
18	2	271	0.73	273
19	1	180	0.55	181
20	1	173	0.57	174
21	0	219	0.00	219
22	1	233	0.43	234
23	0	213	0.00	213
24	0	173	0.00	173
25	0	257	0.00	257
26	1	219	0.45	220
27	0	220	0.00	220
28	1	222	0.45	223
29	0	195	0.00	195
30	1	175	0.57	176
31	1	275	0.36	276
32	3	206	1.44	209
33	0	227	0.00	227
34	1	224	0.44	225
35	2	233	0.85	235
36	1	203	0.49	204
37	1	248	0.40	249
38	3	203	1.46	206
39	2	221	0.90	223
40	0	196	0.00	196
41	0	252	0.00	252
42	1	221	0.45	222
43	1	194	0.51	195
44	0	254	0.00	254
45	0	204	0.00	204
46	0	220	0.00	220
47	2	205	0.97	207
48	1	197	0.51	198
49	0	216	0.00	216
50	0	210	0.00	210
51	0	215	0.00	215
52	1	236	0.42	237
53	0	216	0.00	216
54	0	209	0.00	209
55	3	171	1.72	174
56	0	197	0.00	197
57	0	202	0.00	202
58	0	204	0.00	204
59	0	197	0.00	197
60	0	167	0.00	167
61	1	178	0.56	179
62	1	172	0.58	173
63	0	218	0.00	218
64	0	194	0.00	194
65	2	184	1.08	186
66	1	191	0.52	192
67	0	178	0.00	178
68	0	184	0.00	184
69	0	178	0.00	178
70	1	162	0.61	163
71	0	146	0.00	146
72	0	180	0.00	180
73	0	161	0.00	161
74	0	170	0.00	170
75	2	165	1.20	167
76	0	155	0.00	155
77	2	178	1.11	180
78	0	156	0.00	156
79	1	151	0.66	152
80	1	142	0.70	143
81	0	169	0.00	169
82	0	104	0.00	104
83	2	137	1.44	139
84	0	130	0.00	130
85	0	135	0.00	135
86	0	151	0.00	151
87	1	115	0.86	116
88	2	133	1.48	135
89	0	110	0.00	110
90	0	111	0.00	111
91	0	128	0.00	128
92	0	116	0.00	116
93	1	74	1.33	75
94	0	110	0.00	110
95	0	106	0.00	106
96	0	120	0.00	120
97	0	140	0.00	140
98	0	105	0.00	105
99	0	48	0.00	48
100	0	10	0.00	10
101	0	3	0.00	3
102	0	6	0.00	6
103	0	7	0.00	7
104	0	5	0.00	5
105	0	3	0.00	3
106	0	9	0.00	9
107	0	2	0.00	2
108	0	8	0.00	8
109	0	5	0.00	5
110	0	2	0.00	2
111	0	4	0.00	4
112	0	3	0.00	3
113	0	0		0
114	0	1	0.00	1
115	0	0		0
116	0	4	0.00	4
117	0	2	0.00	2
118	0	4	0.00	4
119	0	1	0.00	1
120	0	2	0.00	2
121	0	4	0.00	4
122	0	1	0.00	1
123	0	0		0
124	0	0		0
125	0	0		0
126	0	3	0.00	3
127	0	2	0.00	2
128	0	0		0
129	0	2	0.00	2
130	0	1	0.00	1
131	0	1	0.00	1
132	0	1	0.00	1
133	0	2	0.00	2
134	0	3	0.00	3
135	0	0		0
136	0	0		0
137	0	1	0.00	1
138	0	0		0
139	0	1	0.00	1
140	0	0		0
141	0	1	0.00	1
142	0	0		0
143	0	2	0.00	2
144	0	0		0
145	0	0		0
146	0	0		0
147	0	1	0.00	1
148	0	3	0.00	3
149	0	0		0

CHH context (R1)
================
position	count methylated	count unmethylated	% methylation	coverage
1	1	36	2.70	37
2	0	31	0.00	31
3	0	30	0.00	30
4	4	348	1.14	352
5	1	398	0.25	399
6	2	420	0.47	422
7	0	414	0.00	414
8	0	341	0.00	341
9	0	345	0.00	345
10	1	337	0.30	338
11	1	316	0.32	317
12	2	344	0.58	346
13	2	385	0.52	387
14	2	423	0.47	425
15	2	378	0.53	380
16	1	366	0.27	367
17	3	321	0.93	324
18	3	306	0.97	309
19	1	321	0.31	322
20	0	371	0.00	371
21	1	366	0.27	367
22	0	330	0.00	330
23	1	297	0.34	298
24	0	356	0.00	356
25	0	376	0.00	376
26	1	359	0.28	360
27	0	400	0.00	400
28	2	390	0.51	392
29	3	356	0.84	359
30	0	392	0.00	392
31	1	333	0.30	334
32	2	377	0.53	379
33	1	306	0.33	307
34	3	326	0.91	329
35	0	316	0.00	316
36	0	391	0.00	391
37	1	341	0.29	342
38	3	337	0.88	340
39	0	326	0.00	326
40	0	328	0.00	328
41	1	334	0.30	335
42	0	373	0.00	373
43	1	323	0.31	324
44	2	344	0.58	346
45	1	314	0.32	315
46	0	370	0.00	370
47	2	322	0.62	324
48	2	336	0.59	338
49	3	365	0.82	368
50	1	411	0.24	412
51	1	419	0.24	420
52	0	356	0.00	356
53	2	310	0.64	312
54	2	287	0.69	289
55	0	293	0.00	293
56	1	288	0.35	289
57	0	289	0.00	289
58	0	288	0.00	288
59	1	327	0.30	328
60	1	301	0.33	302
61	1	316	0.32	317
62	0	339	0.00	339
63	1	301	0.33	302
64	0	324	0.00	324
65	2	312	0.64	314
66	1	246	0.40	247
67	1	333	0.30	334
68	2	346	0.57	348
69	0	320	0.00	320
70	2	276	0.72	278
71	0	299	0.00	299
72	1	286	0.35	287
73	2	280	0.71	282
74	0	259	0.00	259
75	0	293	0.00	293
76	0	325	0.00	325
77	4	271	1.45	275
78	0	300	0.00	300
79	1	283	0.35	284
80	1	313	0.32	314
81	3	246	1.20	249
82	0	279	0.00	279
83	0	228	0.00	228
84	2	243	0.82	245
85	0	268	0.00	268
86	0	270	0.00	270
87	0	218	0.00	218
88	2	264	0.75	266
89	1	220	0.45	221
90	0	174	0.00	174
91	0	196	0.00	196
92	1	210	0.47	211
93	0	187	0.00	187
94	0	189	0.00	189
95	0	243	0.00	243
96	0	170	0.00	170
97	1	170	0.58	171
98	0	180	0.00	180
99	0	56	0.00	56
100	0	11	0.00	11
101	0	8	0.00	8
102	0	7	0.00	7
103	0	5	0.00	5
104	0	8	0.00	8
105	0	10	0.00	10
106	0	8	0.00	8
107	0	12	0.00	12
108	0	7	0.00	7
109	0	1	0.00	1
110	0	7	0.00	7
111	0	6	0.00	6
112	0	1	0.00	1
113	0	5	0.00	5
114	0	5	0.00	5
115	0	6	0.00	6
116	0	4	0.00	4
117	0	4	0.00	4
118	0	1	0.00	1
119	0	3	0.00	3
120	0	1	0.00	1
121	0	2	0.00	2
122	0	0		0
123	0	3	0.00	3
124	0	3	0.00	3
125	0	2	0.00	2
126	0	3	0.00	3
127	0	4	0.00	4
128	0	1	0.00	1
129	0	4	0.00	4
130	0	2	0.00	2
131	0	2	0.00	2
132	0	1	0.00	1
133	0	1	0.00	1
134	0	0		0
135	0	1	0.00	1
136	0	1	0.00	1
137	0	0		0
138	0	1	0.00	1
139	0	1	0.00	1
140	0	0		0
141	0	0		0
142	0	0		0
143	0	0		0
144	0	0		0
145	0	1	0.00	1
146	0	2	0.00	2
147	0	0		0
148	0	1	0.00	1
149	0	1	0.00	1

CpG context (R2)
================
position	count methylated	count unmethylated	% methylation	coverage
1	1	17	5.56	18
2	0	15	0.00	15
3	3	65	4.41	68
4	2	91	2.15	93
5	6	96	5.88	102
6	4	89	4.30	93
7	6	128	4.48	134
8	4	83	4.60	87
9	4	84	4.55	88
10	5	85	5.56	90
11	7	70	9.09	77
12	6	73	7.59	79
13	5	82	5.75	87
14	4	46	8.00	50
15	2	65	2.99	67
16	2	60	3.23	62
17	0	28	0.00	28
18	2	55	3.51	57
19	0	30	0.00	30
20	1	62	1.59	63
21	2	17	10.53	19
22	2	33	5.71	35
23	6	35	14.63	41
24	3	49	5.77	52
25	0	40	0.00	40
26	1	27	3.57	28
27	4	30	11.76	34
28	2	35	5.41	37
29	0	35	0.00	35
30	2	22	8.33	24
31	1	24	4.00	25
32	1	31	3.12	32
33	1	10	9.09	11
34	2	16	11.11	18
35	1	17	5.56	18
36	1	15	6.25	16
37	0	23	0.00	23
38	1	21	4.55	22
39	0	11	0.00	11
40	1	6	14.29	7
41	0	13	0.00	13
42	1	6	14.29	7
43	0	15	0.00	15
44	1	15	6.25	16
45	0	1	0.00	1
46	1	11	8.33	12
47	0	7	0.00	7
48	0	11	0.00	11
49	1	5	16.67	6
50	0	4	0.00	4
51	1	6	14.29	7
52	0	3	0.00	3
53	0	2	0.00	2
54	0	6	0.00	6
55	0	3	0.00	3
56	0	2	0.00	2
57	0	3	0.00	3
58	0	6	0.00	6
59	0	3	0.00	3
60	0	3	0.00	3
61	0	3	0.00	3
62	0	0		0
63	2	1	66.67	3
64	0	0		0
65	1	1	50.00	2
66	0	1	0.00	1
67	0	0		0
68	0	1	0.00	1
69	0	0		0
70	0	1	0.00	1
71	0	0		0
72	0	1	0.00	1
73	0	0		0
74	0	0		0
75	0	0		0
76	0	1	0.00	1
77	0	1	0.00	1
78	0	0		0
79	0	0		0
80	0	0		0
81	0	2	0.00	2
82	0	0		0
83	0	1	0.00	1
84	0	0		0
85	0	0		0
86	0	0		0
87	0	0		0
88	0	0		0
89	0	0		0
90	0	0		0
91	0	0		0
92	0	1	0.00	1
93	0	0		0
94	0	1	0.00	1
95	0	0		0
96	0	1	0.00	1
97	0	1	0.00	1

CHG context (R2)
================
position	count methylated	count unmethylated	% methylation	coverage
1	25	2100	1.18	2125
2	0	20	0.00	20
3	0	8	0.00	8
4	0	38	0.00	38
5	0	55	0.00	55
6	0	61	0.00	61
7	0	80	0.00	80
8	0	99	0.00	99
9	0	83	0.00	83
10	0	53	0.00	53
11	0	56	0.00	56
12	0	49	0.00	49
13	0	47	0.00	47
14	1	56	1.75	57
15	0	41	0.00	41
16	0	43	0.00	43
17	0	62	0.00	62
18	0	51	0.00	51
19	0	47	0.00	47
20	0	44	0.00	44
21	0	53	0.00	53
22	0	39	0.00	39
23	0	29	0.00	29
24	0	18	0.00	18
25	0	39	0.00	39
26	0	21	0.00	21
27	0	15	0.00	15
28	1	19	5.00	20
29	0	26	0.00	26
30	0	29	0.00	29
31	0	34	0.00	34
32	0	11	0.00	11
33	0	22	0.00	22
34	0	14	0.00	14
35	0	25	0.00	25
36	0	19	0.00	19
37	0	10	0.00	10
38	0	7	0.00	7
39	0	10	0.00	10
40	0	17	0.00	17
41	0	14	0.00	14
42	0	5	0.00	5
43	1	8	11.11	9
44	0	10	0.00	10
45	0	10	0.00	10
46	0	2	0.00	2
47	0	6	0.00	6
48	0	5	0.00	5
49	0	11	0.00	11
50	0	6	0.00	6
51	0	6	0.00	6
52	0	9	0.00	9
53	0	3	0.00	3
54	0	1	0.00	1
55	0	5	0.00	5
56	0	5	0.00	5
57	0	0		0
58	0	1	0.00	1
59	0	1	0.00	1
60	0	4	0.00	4
61	0	1	0.00	1
62	0	0		0
63	0	3	0.00	3
64	0	2	0.00	2
65	0	0		0
66	0	1	0.00	1
67	0	1	0.00	1
68	0	0		0
69	0	0		0
70	0	1	0.00	1
71	0	0		0
72	0	0		0
73	0	3	0.00	3
74	0	0		0
75	0	0		0
76	0	0		0
77	0	0		0
78	0	1	0.00	1
79	0	0		0
80	0	0		0
81	0	0		0
82	0	1	0.00	1
83	0	0		0
84	0	0		0
85	0	0		0
86	0	0		0
87	0	0		0
88	0	0		0
89	0	0		0
90	0	0		0
91	0	0		0
92	0	0		0
93	0	0		0
94	0	0		0
95	0	0		0
96	0	0		0
97	0	1	0.00	1

CHH context (R2)
================
position	count methylated	count unmethylated	% methylation	coverage
1	0	12	0.00	12
2	2	978	0.20	980
3	1	258	0.39	259
4	0	224	0.00	224
5	1	150	0.66	151
6	0	89	0.00	89
7	0	118	0.00	118
8	0	126	0.00	126
9	0	132	0.00	132
10	0	113	0.00	113
11	0	71	0.00	71
12	0	64	0.00	64
13	0	58	0.00	58
14	0	88	0.00	88
15	0	84	0.00	84
16	0	67	0.00	67
17	0	81	0.00	81
18	1	85	1.16	86
19	1	71	1.39	72
20	0	57	0.00	57
21	0	43	0.00	43
22	0	38	0.00	38
23	1	50	1.96	51
24	0	29	0.00	29
25	0	36	0.00	36
26	0	31	0.00	31
27	0	27	0.00	27
28	0	29	0.00	29
29	0	38	0.00	38
30	0	28	0.00	28
31	1	30	3.23	31
32	0	37	0.00	37
33	1	19	5.00	20
34	0	21	0.00	21
35	0	23	0.00	23
36	0	18	0.00	18
37	0	20	0.00	20
38	0	23	0.00	23
39	0	12	0.00	12
40	0	12	0.00	12
41	0	15	0.00	15
42	0	15	0.00	15
43	0	16	0.00	16
44	0	12	0.00	12
45	0	16	0.00	16
46	1	12	7.69	13
47	0	9	0.00	9
48	0	3	0.00	3
49	0	9	0.00	9
50	0	7	0.00	7
51	0	13	0.00	13
52	0	15	0.00	15
53	0	14	0.00	14
54	0	8	0.00	8
55	0	11	0.00	11
56	1	6	14.29	7
57	0	2	0.00	2
58	0	2	0.00	2
59	0	0		0
60	0	0		0
61	1	3	25.00	4
62	0	2	0.00	2
63	0	0		0
64	0	0		0
65	0	1	0.00	1
66	0	0		0
67	0	0		0
68	0	2	0.00	2
69	0	0		0
70	0	0		0
71	0	0		0
72	0	0		0
73	0	1	0.00	1
74	0	2	0.00	2
75	0	1	0.00	1
76	0	0		0
77	0	0		0
78	0	0		0
79	0	1	0.00	1
80	0	0		0
81	0	0		0
82	0	0		0
83	0	0		0
84	0	0		0
85	0	1	0.00	1
86	0	0		0
87	0	0		0
88	0	1	0.00	1
89	0	0		0
90	0	1	0.00	1
91	0	1	0.00	1
92	0	0		0
93	0	0		0
94	0	0		0
95	0	0		0
96	0	0		0
97	0	0		0

