CpG context (R1)
================
position	count methylated	count unmethylated	% methylation	coverage
1	203	2176	8.53	2379
2	0	23	0.00	23
3	0	13	0.00	13
4	15	190	7.32	205
5	14	225	5.86	239
6	9	267	3.26	276
7	9	237	3.66	246
8	13	274	4.53	287
9	8	255	3.04	263
10	14	239	5.53	253
11	10	275	3.51	285
12	14	261	5.09	275
13	17	294	5.47	311
14	9	278	3.14	287
15	13	231	5.33	244
16	13	278	4.47	291
17	10	222	4.31	232
18	11	270	3.91	281
19	19	274	6.48	293
20	11	240	4.38	251
21	9	227	3.81	236
22	16	292	5.19	308
23	11	266	3.97	277
24	13	257	4.81	270
25	16	291	5.21	307
26	11	321	3.31	332
27	9	272	3.20	281
28	22	281	7.26	303
29	7	255	2.67	262
30	13	285	4.36	298
31	13	275	4.51	288
32	13	279	4.45	292
33	11	220	4.76	231
34	17	283	5.67	300
35	15	271	5.24	286
36	9	226	3.83	235
37	23	270	7.85	293
38	6	246	2.38	252
39	7	251	2.71	258
40	7	271	2.52	278
41	17	264	6.05	281
42	11	301	3.53	312
43	13	230	5.35	243
44	17	290	5.54	307
45	13	257	4.81	270
46	19	225	7.79	244
47	19	280	6.35	299
48	13	243	5.08	256
49	13	233	5.28	246
50	13	255	4.85	268
51	10	254	3.79	264
52	18	244	6.87	262
53	16	235	6.37	251
54	11	264	4.00	275
55	21	281	6.95	302
56	10	238	4.03	248
57	15	224	6.28	239
58	17	228	6.94	245
59	11	278	3.81	289
60	12	262	4.38	274
61	11	243	4.33	254
62	19	252	7.01	271
63	18	223	7.47	241
64	16	229	6.53	245
65	16	274	5.52	290
66	8	247	3.14	255
67	15	199	7.01	214
68	9	211	4.09	220
69	6	208	2.80	214
70	7	218	3.11	225
71	9	238	3.64	247
72	5	249	1.97	254
73	14	224	5.88	238
74	10	215	4.44	225
75	9	178	4.81	187
76	9	200	4.31	209
77	15	226	6.22	241
78	11	181	5.73	192
79	15	221	6.36	236
80	3	194	1.52	197
81	6	176	3.30	182
82	7	189	3.57	196
83	11	137	7.43	148
84	6	181	3.21	187
85	2	180	1.10	182
86	8	158	4.82	166
87	6	176	3.30	182
88	5	120	4.00	125
89	8	142	5.33	150
90	7	128	5.19	135
91	8	135	5.59	143
92	6	153	3.77	159
93	7	129	5.15	136
94	15	124	10.79	139
95	6	107	5.31	113
96	6	96	5.88	102
97	4	127	3.05	131
98	6	86	6.52	92
99	3	49	5.77	52
100	0	8	0.00	8
101	0	7	0.00	7
102	1	3	25.00	4
103	0	8	0.00	8
104	1	5	16.67	6
105	0	8	0.00	8
106	0	3	0.00	3
107	1	7	12.50	8
108	0	8	0.00	8
109	1	9	10.00	10
110	0	4	0.00	4
111	1	4	20.00	5
112	1	2	33.33	3
113	1	5	16.67	6
114	0	6	0.00	6
115	0	2	0.00	2
116	2	3	40.00	5
117	1	5	16.67	6
118	1	4	20.00	5
119	0	5	0.00	5
120	0	0		0
121	1	5	16.67	6
122	0	5	0.00	5
123	2	2	50.00	4
124	0	3	0.00	3
125	0	6	0.00	6
126	1	6	14.29	7
127	1	2	33.33	3
128	2	1	66.67	3
129	1	1	50.00	2
130	0	3	0.00	3
131	0	4	0.00	4
132	1	1	50.00	2
133	0	1	0.00	1
134	1	1	50.00	2
135	0	3	0.00	3
136	0	1	0.00	1
137	0	4	0.00	4
138	0	1	0.00	1
139	0	1	0.00	1
140	0	2	0.00	2
141	0	1	0.00	1
142	0	1	0.00	1
143	0	1	0.00	1
144	0	1	0.00	1
145	0	1	0.00	1
146	0	0		0
147	0	0		0
148	0	1	0.00	1
149	0	2	0.00	2

CHG context (R1)
================
position	count methylated	count unmethylated	% methylation	coverage
1	0	16	0.00	16
2	0	18	0.00	18
3	0	11	0.00	11
4	1	147	0.68	148
5	0	198	0.00	198
6	1	217	0.46	218
7	1	261	0.38	262
8	0	216	0.00	216
9	2	234	0.85	236
10	0	234	0.00	234
11	3	238	1.24	241
12	0	209	0.00	209
13	0	214	0.00	214
14	2	198	1.00	200
15	0	247	0.00	247
16	0	213	0.00	213
17	0	258	0.00	258
18	0	242	0.00	242
19	1	207	0.48	208
20	0	176	0.00	176
21	1	208	0.48	209
22	0	240	0.00	240
23	1	209	0.48	210
24	0	193	0.00	193
25	0	236	0.00	236
26	0	230	0.00	230
27	2	220	0.90	222
28	0	214	0.00	214
29	1	194	0.51	195
30	0	180	0.00	180
31	2	223	0.89	225
32	0	215	0.00	215
33	0	257	0.00	257
34	0	214	0.00	214
35	0	218	0.00	218
36	0	216	0.00	216
37	1	214	0.47	215
38	0	186	0.00	186
39	1	218	0.46	219
40	0	230	0.00	230
41	1	245	0.41	246
42	0	212	0.00	212
43	0	189	0.00	189
44	0	238	0.00	238
45	0	205	0.00	205
46	2	235	0.84	237
47	1	167	0.60	168
48	1	215	0.46	216
49	1	224	0.44	225
50	2	222	0.89	224
51	0	204	0.00	204
52	0	237	0.00	237
53	1	208	0.48	209
54	0	200	0.00	200
55	0	159	0.00	159
56	1	221	0.45	222
57	0	196	0.00	196
58	1	219	0.45	220
59	1	175	0.57	176
60	3	128	2.29	131
61	3	192	1.54	195
62	1	174	0.57	175
63	1	186	0.53	187
64	1	207	0.48	208
65	1	178	0.56	179
66	0	189	0.00	189
67	2	170	1.16	172
68	0	209	0.00	209
69	0	167	0.00	167
70	1	180	0.55	181
71	1	203	0.49	204
72	0	155	0.00	155
73	0	195	0.00	195
74	0	150	0.00	150
75	1	144	0.69	145
76	1	193	0.52	194
77	1	153	0.65	154
78	0	169	0.00	169
79	0	148	0.00	148
80	1	143	0.69	144
81	1	191	0.52	192
82	0	115	0.00	115
83	0	119	0.00	119
84	0	145	0.00	145
85	1	106	0.93	107
86	0	159	0.00	159
87	0	104	0.00	104
88	0	134	0.00	134
89	0	115	0.00	115
90	0	90	0.00	90
91	0	142	0.00	142
92	1	101	0.98	102
93	0	88	0.00	88
94	0	103	0.00	103
95	1	104	0.95	105
96	1	117	0.85	118
97	0	106	0.00	106
98	0	95	0.00	95
99	1	44	2.22	45
100	0	9	0.00	9
101	0	5	0.00	5
102	0	10	0.00	10
103	0	3	0.00	3
104	0	7	0.00	7
105	0	4	0.00	4
106	0	9	0.00	9
107	0	5	0.00	5
108	0	3	0.00	3
109	0	8	0.00	8
110	0	4	0.00	4
111	0	4	0.00	4
112	0	6	0.00	6
113	0	4	0.00	4
114	0	5	0.00	5
115	0	3	0.00	3
116	0	5	0.00	5
117	0	2	0.00	2
118	0	1	0.00	1
119	0	1	0.00	1
120	0	4	0.00	4
121	0	3	0.00	3
122	0	1	0.00	1
123	0	1	0.00	1
124	0	3	0.00	3
125	0	0		0
126	0	3	0.00	3
127	0	5	0.00	5
128	0	2	0.00	2
129	0	3	0.00	3
130	0	2	0.00	2
131	0	2	0.00	2
132	0	1	0.00	1
133	0	2	0.00	2
134	0	1	0.00	1
135	0	0		0
136	0	2	0.00	2
137	0	0		0
138	0	0		0
139	0	1	0.00	1
140	0	1	0.00	1
141	0	1	0.00	1
142	0	0		0
143	0	1	0.00	1
144	0	1	0.00	1
145	0	0		0
146	0	0		0
147	0	1	0.00	1
148	0	2	0.00	2
149	0	2	0.00	2

CHH context (R1)
================
position	count methylated	count unmethylated	% methylation	coverage
1	0	35	0.00	35
2	0	32	0.00	32
3	1	19	5.00	20
4	0	335	0.00	335
5	1	382	0.26	383
6	1	384	0.26	385
7	1	386	0.26	387
8	1	363	0.27	364
9	1	304	0.33	305
10	2	305	0.65	307
11	2	295	0.67	297
12	2	322	0.62	324
13	3	378	0.79	381
14	1	380	0.26	381
15	4	345	1.15	349
16	0	375	0.00	375
17	0	329	0.00	329
18	1	335	0.30	336
19	2	329	0.60	331
20	0	365	0.00	365
21	2	327	0.61	329
22	1	331	0.30	332
23	0	335	0.00	335
24	1	355	0.28	356
25	2	382	0.52	384
26	2	350	0.57	352
27	1	341	0.29	342
28	2	369	0.54	371
29	0	352	0.00	352
30	1	375	0.27	376
31	1	380	0.26	381
32	1	393	0.25	394
33	1	309	0.32	310
34	0	319	0.00	319
35	0	306	0.00	306
36	1	362	0.28	363
37	1	350	0.28	351
38	3	372	0.80	375
39	1	353	0.28	354
40	0	357	0.00	357
41	1	322	0.31	323
42	0	318	0.00	318
43	0	320	0.00	320
44	1	319	0.31	320
45	1	313	0.32	314
46	1	346	0.29	347
47	0	340	0.00	340
48	3	349	0.85	352
49	0	417	0.00	417
50	0	412	0.00	412
51	0	402	0.00	402
52	1	330	0.30	331
53	1	346	0.29	347
54	0	298	0.00	298
55	2	307	0.65	309
56	1	295	0.34	296
57	0	286	0.00	286
58	1	306	0.33	307
59	2	330	0.60	332
60	0	326	0.00	326
61	1	350	0.28	351
62	1	350	0.28	351
63	1	317	0.31	318
64	3	339	0.88	342
65	0	305	0.00	305
66	1	278	0.36	279
67	2	330	0.60	332
68	0	322	0.00	322
69	1	319	0.31	320
70	3	286	1.04	289
71	0	287	0.00	287
72	0	272	0.00	272
73	0	250	0.00	250
74	0	293	0.00	293
75	0	297	0.00	297
76	0	279	0.00	279
77	1	269	0.37	270
78	1	261	0.38	262
79	0	288	0.00	288
80	0	310	0.00	310
81	2	232	0.85	234
82	0	253	0.00	253
83	2	232	0.85	234
84	1	240	0.41	241
85	1	268	0.37	269
86	1	243	0.41	244
87	0	222	0.00	222
88	0	256	0.00	256
89	0	224	0.00	224
90	1	181	0.55	182
91	0	187	0.00	187
92	1	188	0.53	189
93	4	154	2.53	158
94	0	162	0.00	162
95	0	187	0.00	187
96	1	176	0.56	177
97	0	169	0.00	169
98	1	163	0.61	164
99	0	75	0.00	75
100	0	10	0.00	10
101	0	9	0.00	9
102	1	8	11.11	9
103	0	7	0.00	7
104	0	13	0.00	13
105	0	10	0.00	10
106	0	7	0.00	7
107	0	6	0.00	6
108	0	3	0.00	3
109	0	2	0.00	2
110	0	7	0.00	7
111	0	3	0.00	3
112	0	6	0.00	6
113	0	6	0.00	6
114	0	4	0.00	4
115	0	2	0.00	2
116	0	3	0.00	3
117	0	3	0.00	3
118	0	1	0.00	1
119	0	8	0.00	8
120	0	4	0.00	4
121	0	4	0.00	4
122	0	4	0.00	4
123	0	6	0.00	6
124	0	4	0.00	4
125	0	2	0.00	2
126	0	3	0.00	3
127	0	4	0.00	4
128	0	1	0.00	1
129	0	3	0.00	3
130	0	3	0.00	3
131	0	2	0.00	2
132	0	5	0.00	5
133	0	3	0.00	3
134	0	6	0.00	6
135	0	2	0.00	2
136	0	1	0.00	1
137	0	1	0.00	1
138	0	1	0.00	1
139	0	1	0.00	1
140	0	0		0
141	0	0		0
142	0	0		0
143	0	1	0.00	1
144	0	0		0
145	0	0		0
146	0	2	0.00	2
147	0	4	0.00	4
148	0	2	0.00	2
149	0	2	0.00	2

CpG context (R2)
================
position	count methylated	count unmethylated	% methylation	coverage
1	0	26	0.00	26
2	0	20	0.00	20
3	7	72	8.86	79
4	6	82	6.82	88
5	1	85	1.16	86
6	3	79	3.66	82
7	6	135	4.26	141
8	0	67	0.00	67
9	5	84	5.62	89
10	7	77	8.33	84
11	2	73	2.67	75
12	4	70	5.41	74
13	4	76	5.00	80
14	3	31	8.82	34
15	1	61	1.61	62
16	1	58	1.69	59
17	1	41	2.38	42
18	4	43	8.51	47
19	3	27	10.00	30
20	0	41	0.00	41
21	2	32	5.88	34
22	0	35	0.00	35
23	3	33	8.33	36
24	5	58	7.94	63
25	0	26	0.00	26
26	2	21	8.70	23
27	3	41	6.82	44
28	3	18	14.29	21
29	1	40	2.44	41
30	1	20	4.76	21
31	2	41	4.65	43
32	0	31	0.00	31
33	1	21	4.55	22
34	3	18	14.29	21
35	0	17	0.00	17
36	1	17	5.56	18
37	2	26	7.14	28
38	0	18	0.00	18
39	0	9	0.00	9
40	0	10	0.00	10
41	0	10	0.00	10
42	0	12	0.00	12
43	2	11	15.38	13
44	1	13	7.14	14
45	1	5	16.67	6
46	1	12	7.69	13
47	0	3	0.00	3
48	2	5	28.57	7
49	0	4	0.00	4
50	1	5	16.67	6
51	1	1	50.00	2
52	2	5	28.57	7
53	0	2	0.00	2
54	1	5	16.67	6
55	0	2	0.00	2
56	0	2	0.00	2
57	1	3	25.00	4
58	0	8	0.00	8
59	0	1	0.00	1
60	2	1	66.67	3
61	0	3	0.00	3
62	0	1	0.00	1
63	1	0	100.00	1
64	0	0		0
65	0	1	0.00	1
66	0	0		0
67	0	1	0.00	1
68	0	1	0.00	1
69	0	1	0.00	1
70	0	0		0
71	0	0		0
72	1	1	50.00	2
73	0	0		0
74	0	1	0.00	1
75	0	0		0
76	0	0		0
77	0	0		0
78	0	0		0
79	1	0	100.00	1
80	0	1	0.00	1
81	0	0		0
82	0	2	0.00	2
83	0	0		0
84	0	0		0
85	0	0		0
86	0	1	0.00	1
87	0	0		0
88	0	0		0
89	0	0		0
90	0	0		0
91	0	2	0.00	2
92	0	0		0
93	0	0		0
94	0	0		0
95	0	3	0.00	3
96	0	0		0
97	0	1	0.00	1

CHG context (R2)
================
position	count methylated	count unmethylated	% methylation	coverage
1	7	2126	0.33	2133
2	0	19	0.00	19
3	0	8	0.00	8
4	1	34	2.86	35
5	0	61	0.00	61
6	1	78	1.27	79
7	2	81	2.41	83
8	1	101	0.98	102
9	0	60	0.00	60
10	1	60	1.64	61
11	2	68	2.86	70
12	0	44	0.00	44
13	0	47	0.00	47
14	2	40	4.76	42
15	0	38	0.00	38
16	0	41	0.00	41
17	0	59	0.00	59
18	0	52	0.00	52
19	0	42	0.00	42
20	0	52	0.00	52
21	0	26	0.00	26
22	0	39	0.00	39
23	0	31	0.00	31
24	0	15	0.00	15
25	0	53	0.00	53
26	0	25	0.00	25
27	0	10	0.00	10
28	0	33	0.00	33
29	0	22	0.00	22
30	0	19	0.00	19
31	0	19	0.00	19
32	0	27	0.00	27
33	1	12	7.69	13
34	0	22	0.00	22
35	0	29	0.00	29
36	0	14	0.00	14
37	0	12	0.00	12
38	0	8	0.00	8
39	0	13	0.00	13
40	0	21	0.00	21
41	0	19	0.00	19
42	0	8	0.00	8
43	0	4	0.00	4
44	0	6	0.00	6
45	0	14	0.00	14
46	0	4	0.00	4
47	0	9	0.00	9
48	0	8	0.00	8
49	0	4	0.00	4
50	0	12	0.00	12
51	0	3	0.00	3
52	0	9	0.00	9
53	0	3	0.00	3
54	0	2	0.00	2
55	0	5	0.00	5
56	0	3	0.00	3
57	0	1	0.00	1
58	0	0		0
59	0	1	0.00	1
60	0	5	0.00	5
61	0	2	0.00	2
62	0	0		0
63	0	1	0.00	1
64	0	4	0.00	4
65	0	0		0
66	0	1	0.00	1
67	0	0		0
68	0	0		0
69	0	0		0
70	0	1	0.00	1
71	0	1	0.00	1
72	0	1	0.00	1
73	0	2	0.00	2
74	0	0		0
75	0	0		0
76	0	0		0
77	0	0		0
78	0	0		0
79	0	0		0
80	0	1	0.00	1
81	0	1	0.00	1
82	0	0		0
83	0	0		0
84	0	0		0
85	0	0		0
86	0	1	0.00	1
87	0	1	0.00	1
88	0	0		0
89	0	1	0.00	1
90	0	0		0
91	0	0		0
92	0	0		0
93	0	0		0
94	0	0		0
95	0	1	0.00	1
96	0	0		0
97	0	0		0

CHH context (R2)
================
position	count methylated	count unmethylated	% methylation	coverage
1	0	13	0.00	13
2	1	977	0.10	978
3	0	257	0.00	257
4	1	185	0.54	186
5	0	134	0.00	134
6	1	87	1.14	88
7	0	111	0.00	111
8	0	125	0.00	125
9	1	113	0.88	114
10	0	133	0.00	133
11	0	93	0.00	93
12	1	90	1.10	91
13	0	82	0.00	82
14	0	94	0.00	94
15	0	61	0.00	61
16	0	57	0.00	57
17	0	61	0.00	61
18	0	70	0.00	70
19	1	77	1.28	78
20	0	69	0.00	69
21	0	49	0.00	49
22	0	51	0.00	51
23	0	36	0.00	36
24	0	44	0.00	44
25	0	47	0.00	47
26	0	32	0.00	32
27	0	39	0.00	39
28	0	32	0.00	32
29	0	47	0.00	47
30	0	33	0.00	33
31	0	30	0.00	30
32	1	26	3.70	27
33	0	23	0.00	23
34	0	23	0.00	23
35	0	34	0.00	34
36	0	24	0.00	24
37	0	18	0.00	18
38	0	18	0.00	18
39	1	10	9.09	11
40	0	17	0.00	17
41	0	14	0.00	14
42	0	15	0.00	15
43	0	16	0.00	16
44	0	21	0.00	21
45	0	11	0.00	11
46	0	19	0.00	19
47	0	10	0.00	10
48	0	6	0.00	6
49	0	8	0.00	8
50	0	8	0.00	8
51	0	14	0.00	14
52	1	11	8.33	12
53	0	14	0.00	14
54	0	5	0.00	5
55	0	10	0.00	10
56	0	11	0.00	11
57	0	1	0.00	1
58	0	0		0
59	0	0		0
60	0	0		0
61	0	1	0.00	1
62	0	3	0.00	3
63	0	2	0.00	2
64	0	1	0.00	1
65	0	1	0.00	1
66	0	2	0.00	2
67	0	0		0
68	0	0		0
69	0	4	0.00	4
70	0	0		0
71	0	0		0
72	0	3	0.00	3
73	0	0		0
74	0	1	0.00	1
75	0	2	0.00	2
76	0	0		0
77	0	1	0.00	1
78	0	0		0
79	0	0		0
80	0	0		0
81	0	0		0
82	0	0		0
83	0	0		0
84	0	4	0.00	4
85	0	0		0
86	0	0		0
87	0	1	0.00	1
88	0	1	0.00	1
89	0	0		0
90	0	0		0
91	0	0		0
92	0	0		0
93	0	0		0
94	0	1	0.00	1
95	0	0		0
96	0	0		0
97	0	0		0

