CpG context (R1)
================
position	count methylated	count unmethylated	% methylation	coverage
1	226	2165	9.45	2391
2	1	12	7.69	13
3	0	14	0.00	14
4	8	194	3.96	202
5	6	213	2.74	219
6	10	261	3.69	271
7	13	235	5.24	248
8	15	263	5.40	278
9	19	252	7.01	271
10	11	238	4.42	249
11	14	235	5.62	249
12	15	294	4.85	309
13	10	319	3.04	329
14	17	243	6.54	260
15	11	265	3.99	276
16	14	258	5.15	272
17	13	218	5.63	231
18	9	274	3.18	283
19	13	304	4.10	317
20	7	243	2.80	250
21	19	240	7.34	259
22	9	283	3.08	292
23	17	273	5.86	290
24	21	220	8.71	241
25	7	298	2.30	305
26	13	295	4.22	308
27	13	285	4.36	298
28	19	260	6.81	279
29	8	264	2.94	272
30	13	256	4.83	269
31	18	263	6.41	281
32	7	283	2.41	290
33	7	237	2.87	244
34	15	240	5.88	255
35	13	273	4.55	286
36	14	227	5.81	241
37	9	261	3.33	270
38	14	214	6.14	228
39	17	287	5.59	304
40	8	259	3.00	267
41	10	251	3.83	261
42	12	284	4.05	296
43	17	266	6.01	283
44	21	254	7.64	275
45	12	271	4.24	283
46	23	235	8.91	258
47	25	245	9.26	270
48	15	272	5.23	287
49	20	229	8.03	249
50	12	258	4.44	270
51	14	224	5.88	238
52	8	229	3.38	237
53	14	243	5.45	257
54	17	260	6.14	277
55	13	259	4.78	272
56	13	233	5.28	246
57	9	226	3.83	235
58	13	255	4.85	268
59	9	254	3.42	263
60	10	224	4.27	234
61	9	237	3.66	246
62	10	216	4.42	226
63	12	194	5.83	206
64	10	238	4.03	248
65	11	231	4.55	242
66	14	252	5.26	266
67	16	210	7.08	226
68	12	201	5.63	213
69	5	209	2.34	214
70	12	203	5.58	215
71	9	237	3.66	246
72	6	234	2.50	240
73	9	235	3.69	244
74	9	206	4.19	215
75	9	190	4.52	199
76	8	170	4.49	178
77	9	245	3.54	254
78	15	181	7.65	196
79	10	208	4.59	218
80	7	167	4.02	174
81	7	165	4.07	172
82	10	200	4.76	210
83	8	135	5.59	143
84	5	166	2.92	171
85	7	179	3.76	186
86	11	156	6.59	167
87	5	173	2.81	178
88	4	125	3.10	129
89	7	164	4.09	171
90	2	117	1.68	119
91	8	137	5.52	145
92	2	125	1.57	127
93	5	154	3.14	159
94	5	129	3.73	134
95	5	109	4.39	114
96	8	118	6.35	126
97	3	125	2.34	128
98	7	86	7.53	93
99	2	54	3.57	56
100	0	11	0.00	11
101	0	5	0.00	5
102	0	7	0.00	7
103	0	11	0.00	11
104	0	8	0.00	8
105	0	0		0
106	1	8	11.11	9
107	0	2	0.00	2
108	0	4	0.00	4
109	0	12	0.00	12
110	0	3	0.00	3
111	0	5	0.00	5
112	0	4	0.00	4
113	0	5	0.00	5
114	0	4	0.00	4
115	0	2	0.00	2
116	0	2	0.00	2
117	1	4	20.00	5
118	1	2	33.33	3
119	0	3	0.00	3
120	0	3	0.00	3
121	2	3	40.00	5
122	0	2	0.00	2
123	0	3	0.00	3
124	1	1	50.00	2
125	0	2	0.00	2
126	0	2	0.00	2
127	0	1	0.00	1
128	0	2	0.00	2
129	0	1	0.00	1
130	0	1	0.00	1
131	0	2	0.00	2
132	2	1	66.67	3
133	0	1	0.00	1
134	0	2	0.00	2
135	0	1	0.00	1
136	0	2	0.00	2
137	0	1	0.00	1
138	0	0		0
139	1	2	33.33	3
140	0	1	0.00	1
141	0	1	0.00	1
142	0	2	0.00	2
143	0	1	0.00	1
144	1	1	50.00	2
145	1	1	50.00	2
146	0	0		0
147	0	1	0.00	1
148	0	2	0.00	2
149	0	2	0.00	2

CHG context (R1)
================
position	count methylated	count unmethylated	% methylation	coverage
1	0	12	0.00	12
2	0	21	0.00	21
3	0	5	0.00	5
4	0	127	0.00	127
5	0	194	0.00	194
6	1	247	0.40	248
7	0	250	0.00	250
8	1	222	0.45	223
9	0	261	0.00	261
10	1	185	0.54	186
11	1	236	0.42	237
12	0	234	0.00	234
13	1	205	0.49	206
14	0	203	0.00	203
15	4	247	1.59	251
16	0	220	0.00	220
17	0	260	0.00	260
18	0	268	0.00	268
19	0	206	0.00	206
20	1	170	0.58	171
21	3	211	1.40	214
22	0	228	0.00	228
23	0	218	0.00	218
24	0	205	0.00	205
25	0	230	0.00	230
26	1	199	0.50	200
27	0	236	0.00	236
28	0	232	0.00	232
29	0	195	0.00	195
30	1	189	0.53	190
31	0	224	0.00	224
32	1	239	0.42	240
33	2	248	0.80	250
34	5	226	2.16	231
35	0	230	0.00	230
36	0	220	0.00	220
37	0	207	0.00	207
38	0	205	0.00	205
39	0	235	0.00	235
40	0	218	0.00	218
41	1	270	0.37	271
42	2	200	0.99	202
43	1	215	0.46	216
44	1	259	0.38	260
45	0	212	0.00	212
46	0	219	0.00	219
47	0	187	0.00	187
48	1	198	0.50	199
49	1	224	0.44	225
50	2	204	0.97	206
51	2	225	0.88	227
52	0	235	0.00	235
53	0	205	0.00	205
54	2	187	1.06	189
55	0	167	0.00	167
56	2	216	0.92	218
57	1	208	0.48	209
58	0	203	0.00	203
59	0	171	0.00	171
60	0	143	0.00	143
61	2	183	1.08	185
62	1	179	0.56	180
63	0	190	0.00	190
64	0	181	0.00	181
65	2	187	1.06	189
66	1	166	0.60	167
67	0	174	0.00	174
68	1	191	0.52	192
69	0	185	0.00	185
70	1	181	0.55	182
71	1	184	0.54	185
72	1	177	0.56	178
73	1	171	0.58	172
74	2	148	1.33	150
75	1	154	0.65	155
76	1	174	0.57	175
77	0	188	0.00	188
78	0	158	0.00	158
79	0	173	0.00	173
80	1	140	0.71	141
81	0	164	0.00	164
82	0	105	0.00	105
83	1	152	0.65	153
84	0	126	0.00	126
85	1	121	0.82	122
86	1	158	0.63	159
87	0	100	0.00	100
88	1	138	0.72	139
89	0	106	0.00	106
90	2	104	1.89	106
91	0	143	0.00	143
92	0	110	0.00	110
93	1	89	1.11	90
94	0	90	0.00	90
95	1	96	1.03	97
96	0	126	0.00	126
97	0	95	0.00	95
98	0	109	0.00	109
99	0	46	0.00	46
100	0	6	0.00	6
101	0	5	0.00	5
102	0	8	0.00	8
103	0	6	0.00	6
104	0	3	0.00	3
105	0	9	0.00	9
106	0	6	0.00	6
107	0	5	0.00	5
108	0	8	0.00	8
109	0	7	0.00	7
110	0	2	0.00	2
111	0	3	0.00	3
112	0	2	0.00	2
113	0	2	0.00	2
114	0	3	0.00	3
115	0	1	0.00	1
116	0	1	0.00	1
117	0	3	0.00	3
118	0	4	0.00	4
119	0	1	0.00	1
120	0	2	0.00	2
121	0	4	0.00	4
122	0	0		0
123	0	3	0.00	3
124	0	5	0.00	5
125	0	1	0.00	1
126	0	1	0.00	1
127	0	3	0.00	3
128	0	1	0.00	1
129	0	1	0.00	1
130	0	0		0
131	2	3	40.00	5
132	0	1	0.00	1
133	0	0		0
134	0	1	0.00	1
135	0	2	0.00	2
136	0	2	0.00	2
137	0	0		0
138	0	0		0
139	0	0		0
140	0	1	0.00	1
141	0	2	0.00	2
142	0	0		0
143	0	0		0
144	0	0		0
145	0	0		0
146	0	0		0
147	0	1	0.00	1
148	0	2	0.00	2
149	0	0		0

CHH context (R1)
================
position	count methylated	count unmethylated	% methylation	coverage
1	1	23	4.17	24
2	0	26	0.00	26
3	0	17	0.00	17
4	2	360	0.55	362
5	3	368	0.81	371
6	2	435	0.46	437
7	1	400	0.25	401
8	0	335	0.00	335
9	3	285	1.04	288
10	0	356	0.00	356
11	1	344	0.29	345
12	1	327	0.30	328
13	2	359	0.55	361
14	0	363	0.00	363
15	1	382	0.26	383
16	2	354	0.56	356
17	0	317	0.00	317
18	0	292	0.00	292
19	2	331	0.60	333
20	2	347	0.57	349
21	0	333	0.00	333
22	1	350	0.28	351
23	0	339	0.00	339
24	1	357	0.28	358
25	2	388	0.51	390
26	3	342	0.87	345
27	1	391	0.26	392
28	1	369	0.27	370
29	0	347	0.00	347
30	1	384	0.26	385
31	2	357	0.56	359
32	2	353	0.56	355
33	2	308	0.65	310
34	0	347	0.00	347
35	1	324	0.31	325
36	2	368	0.54	370
37	0	356	0.00	356
38	0	356	0.00	356
39	1	313	0.32	314
40	2	335	0.59	337
41	0	336	0.00	336
42	1	376	0.27	377
43	1	329	0.30	330
44	1	317	0.31	318
45	3	284	1.05	287
46	2	305	0.65	307
47	2	312	0.64	314
48	1	320	0.31	321
49	0	407	0.00	407
50	0	390	0.00	390
51	0	424	0.00	424
52	2	341	0.58	343
53	0	320	0.00	320
54	0	300	0.00	300
55	1	342	0.29	343
56	1	269	0.37	270
57	2	282	0.70	284
58	1	317	0.31	318
59	3	333	0.89	336
60	1	326	0.31	327
61	1	341	0.29	342
62	1	342	0.29	343
63	0	302	0.00	302
64	0	342	0.00	342
65	0	305	0.00	305
66	0	279	0.00	279
67	0	328	0.00	328
68	1	320	0.31	321
69	0	308	0.00	308
70	1	297	0.34	298
71	2	294	0.68	296
72	1	277	0.36	278
73	2	284	0.70	286
74	1	212	0.47	213
75	0	290	0.00	290
76	2	276	0.72	278
77	1	273	0.36	274
78	0	278	0.00	278
79	0	275	0.00	275
80	1	283	0.35	284
81	3	240	1.23	243
82	0	268	0.00	268
83	1	212	0.47	213
84	1	229	0.43	230
85	1	252	0.40	253
86	0	251	0.00	251
87	1	199	0.50	200
88	0	259	0.00	259
89	0	205	0.00	205
90	0	184	0.00	184
91	0	200	0.00	200
92	0	203	0.00	203
93	2	156	1.27	158
94	0	169	0.00	169
95	0	169	0.00	169
96	1	146	0.68	147
97	2	170	1.16	172
98	0	175	0.00	175
99	1	67	1.47	68
100	0	8	0.00	8
101	0	13	0.00	13
102	0	13	0.00	13
103	0	5	0.00	5
104	0	10	0.00	10
105	0	5	0.00	5
106	0	7	0.00	7
107	0	10	0.00	10
108	0	5	0.00	5
109	0	3	0.00	3
110	0	8	0.00	8
111	0	6	0.00	6
112	0	6	0.00	6
113	0	4	0.00	4
114	0	10	0.00	10
115	0	6	0.00	6
116	0	6	0.00	6
117	0	4	0.00	4
118	0	5	0.00	5
119	0	7	0.00	7
120	0	6	0.00	6
121	0	4	0.00	4
122	0	2	0.00	2
123	0	5	0.00	5
124	0	4	0.00	4
125	0	2	0.00	2
126	0	2	0.00	2
127	0	6	0.00	6
128	0	3	0.00	3
129	0	2	0.00	2
130	0	4	0.00	4
131	0	3	0.00	3
132	0	2	0.00	2
133	0	2	0.00	2
134	0	4	0.00	4
135	0	4	0.00	4
136	0	1	0.00	1
137	0	0		0
138	0	0		0
139	0	0		0
140	0	0		0
141	0	1	0.00	1
142	0	0		0
143	0	0		0
144	0	1	0.00	1
145	0	1	0.00	1
146	0	1	0.00	1
147	0	2	0.00	2
148	0	0		0
149	0	1	0.00	1

CpG context (R2)
================
position	count methylated	count unmethylated	% methylation	coverage
1	0	31	0.00	31
2	1	14	6.67	15
3	2	81	2.41	83
4	4	68	5.56	72
5	2	97	2.02	99
6	1	72	1.37	73
7	5	130	3.70	135
8	1	89	1.11	90
9	5	66	7.04	71
10	3	84	3.45	87
11	4	61	6.15	65
12	3	63	4.55	66
13	2	67	2.90	69
14	0	52	0.00	52
15	2	48	4.00	50
16	1	50	1.96	51
17	1	36	2.70	37
18	2	46	4.17	48
19	2	22	8.33	24
20	2	36	5.26	38
21	3	30	9.09	33
22	0	42	0.00	42
23	3	49	5.77	52
24	4	46	8.00	50
25	0	29	0.00	29
26	0	27	0.00	27
27	0	29	0.00	29
28	1	22	4.35	23
29	0	34	0.00	34
30	0	18	0.00	18
31	1	33	2.94	34
32	2	20	9.09	22
33	2	13	13.33	15
34	2	19	9.52	21
35	0	9	0.00	9
36	0	17	0.00	17
37	1	24	4.00	25
38	2	25	7.41	27
39	0	9	0.00	9
40	0	8	0.00	8
41	0	11	0.00	11
42	0	9	0.00	9
43	0	14	0.00	14
44	0	15	0.00	15
45	0	3	0.00	3
46	2	12	14.29	14
47	1	5	16.67	6
48	0	11	0.00	11
49	1	3	25.00	4
50	2	6	25.00	8
51	2	2	50.00	4
52	2	6	25.00	8
53	0	1	0.00	1
54	2	4	33.33	6
55	0	7	0.00	7
56	0	4	0.00	4
57	1	5	16.67	6
58	0	4	0.00	4
59	0	3	0.00	3
60	1	1	50.00	2
61	0	2	0.00	2
62	0	0		0
63	1	1	50.00	2
64	0	1	0.00	1
65	0	3	0.00	3
66	0	0		0
67	0	0		0
68	0	0		0
69	1	0	100.00	1
70	0	0		0
71	0	0		0
72	0	1	0.00	1
73	0	0		0
74	0	0		0
75	0	0		0
76	0	0		0
77	0	0		0
78	0	0		0
79	0	0		0
80	0	0		0
81	0	0		0
82	0	0		0
83	0	0		0
84	0	0		0
85	0	0		0
86	0	0		0
87	0	0		0
88	0	0		0
89	0	0		0
90	0	0		0
91	0	0		0
92	0	0		0
93	0	0		0
94	0	1	0.00	1
95	0	0		0
96	0	0		0
97	0	1	0.00	1

CHG context (R2)
================
position	count methylated	count unmethylated	% methylation	coverage
1	18	2110	0.85	2128
2	0	33	0.00	33
3	0	6	0.00	6
4	1	37	2.63	38
5	0	49	0.00	49
6	0	76	0.00	76
7	1	78	1.27	79
8	0	107	0.00	107
9	0	65	0.00	65
10	1	55	1.79	56
11	2	71	2.74	73
12	0	43	0.00	43
13	0	39	0.00	39
14	1	53	1.85	54
15	0	55	0.00	55
16	0	47	0.00	47
17	0	45	0.00	45
18	1	45	2.17	46
19	0	45	0.00	45
20	0	45	0.00	45
21	0	35	0.00	35
22	0	40	0.00	40
23	0	29	0.00	29
24	0	24	0.00	24
25	0	40	0.00	40
26	0	21	0.00	21
27	0	11	0.00	11
28	0	19	0.00	19
29	2	27	6.90	29
30	0	26	0.00	26
31	0	24	0.00	24
32	0	30	0.00	30
33	1	21	4.55	22
34	0	22	0.00	22
35	0	34	0.00	34
36	1	12	7.69	13
37	0	6	0.00	6
38	0	12	0.00	12
39	0	13	0.00	13
40	0	13	0.00	13
41	0	15	0.00	15
42	0	4	0.00	4
43	0	5	0.00	5
44	0	5	0.00	5
45	0	8	0.00	8
46	0	3	0.00	3
47	0	15	0.00	15
48	0	4	0.00	4
49	0	8	0.00	8
50	0	10	0.00	10
51	0	3	0.00	3
52	0	7	0.00	7
53	0	9	0.00	9
54	0	0		0
55	0	6	0.00	6
56	0	5	0.00	5
57	0	0		0
58	0	3	0.00	3
59	0	3	0.00	3
60	0	8	0.00	8
61	0	1	0.00	1
62	0	1	0.00	1
63	0	2	0.00	2
64	0	1	0.00	1
65	0	0		0
66	0	1	0.00	1
67	0	0		0
68	0	0		0
69	0	0		0
70	0	1	0.00	1
71	0	0		0
72	0	1	0.00	1
73	0	1	0.00	1
74	0	0		0
75	0	1	0.00	1
76	0	0		0
77	0	0		0
78	0	1	0.00	1
79	0	0		0
80	0	0		0
81	0	0		0
82	0	0		0
83	0	0		0
84	0	0		0
85	0	0		0
86	0	0		0
87	0	1	0.00	1
88	0	0		0
89	0	0		0
90	0	0		0
91	0	0		0
92	0	0		0
93	0	0		0
94	0	0		0
95	0	0		0
96	0	0		0
97	0	0		0

CHH context (R2)
================
position	count methylated	count unmethylated	% methylation	coverage
1	0	10	0.00	10
2	4	957	0.42	961
3	0	256	0.00	256
4	0	187	0.00	187
5	1	156	0.64	157
6	0	101	0.00	101
7	0	91	0.00	91
8	1	137	0.72	138
9	0	116	0.00	116
10	1	119	0.83	120
11	0	80	0.00	80
12	0	73	0.00	73
13	0	64	0.00	64
14	0	87	0.00	87
15	0	78	0.00	78
16	0	71	0.00	71
17	0	56	0.00	56
18	1	66	1.49	67
19	0	81	0.00	81
20	0	61	0.00	61
21	0	41	0.00	41
22	0	44	0.00	44
23	0	33	0.00	33
24	0	36	0.00	36
25	0	45	0.00	45
26	0	43	0.00	43
27	0	39	0.00	39
28	0	31	0.00	31
29	0	33	0.00	33
30	0	27	0.00	27
31	0	30	0.00	30
32	0	29	0.00	29
33	0	23	0.00	23
34	0	23	0.00	23
35	0	40	0.00	40
36	0	22	0.00	22
37	0	12	0.00	12
38	0	11	0.00	11
39	0	6	0.00	6
40	0	13	0.00	13
41	0	11	0.00	11
42	0	18	0.00	18
43	0	11	0.00	11
44	0	18	0.00	18
45	0	12	0.00	12
46	0	13	0.00	13
47	0	12	0.00	12
48	0	9	0.00	9
49	0	6	0.00	6
50	0	8	0.00	8
51	0	12	0.00	12
52	0	10	0.00	10
53	0	8	0.00	8
54	0	7	0.00	7
55	0	8	0.00	8
56	0	8	0.00	8
57	0	3	0.00	3
58	0	2	0.00	2
59	0	1	0.00	1
60	0	1	0.00	1
61	0	3	0.00	3
62	0	1	0.00	1
63	0	0		0
64	0	0		0
65	0	1	0.00	1
66	0	0		0
67	0	0		0
68	0	1	0.00	1
69	0	0		0
70	0	0		0
71	0	0		0
72	0	0		0
73	0	0		0
74	0	1	0.00	1
75	0	0		0
76	0	0		0
77	0	0		0
78	0	0		0
79	0	1	0.00	1
80	0	0		0
81	0	0		0
82	0	0		0
83	0	0		0
84	0	0		0
85	0	0		0
86	0	0		0
87	0	0		0
88	0	0		0
89	0	0		0
90	0	0		0
91	0	0		0
92	0	0		0
93	0	0		0
94	0	0		0
95	0	0		0
96	0	0		0
97	0	0		0

