CpG context (R1)
================
position	count methylated	count unmethylated	% methylation	coverage
1	192	2187	8.07	2379
2	0	17	0.00	17
3	1	10	9.09	11
4	3	188	1.57	191
5	8	231	3.35	239
6	15	276	5.15	291
7	9	198	4.35	207
8	10	291	3.32	301
9	7	251	2.71	258
10	20	262	7.09	282
11	7	206	3.29	213
12	16	311	4.89	327
13	13	269	4.61	282
14	10	271	3.56	281
15	11	227	4.62	238
16	20	295	6.35	315
17	11	238	4.42	249
18	13	266	4.66	279
19	16	298	5.10	314
20	4	237	1.66	241
21	11	235	4.47	246
22	14	299	4.47	313
23	10	236	4.07	246
24	13	232	5.31	245
25	15	287	4.97	302
26	9	308	2.84	317
27	11	275	3.85	286
28	17	265	6.03	282
29	7	280	2.44	287
30	11	270	3.91	281
31	11	272	3.89	283
32	8	297	2.62	305
33	10	233	4.12	243
34	20	273	6.83	293
35	7	293	2.33	300
36	10	268	3.60	278
37	12	270	4.26	282
38	9	268	3.25	277
39	13	239	5.16	252
40	13	263	4.71	276
41	12	236	4.84	248
42	15	276	5.15	291
43	9	248	3.50	257
44	11	242	4.35	253
45	19	280	6.35	299
46	22	232	8.66	254
47	18	280	6.04	298
48	8	234	3.31	242
49	9	225	3.85	234
50	12	240	4.76	252
51	10	238	4.03	248
52	12	246	4.65	258
53	10	248	3.88	258
54	11	252	4.18	263
55	11	278	3.81	289
56	10	221	4.33	231
57	10	244	3.94	254
58	17	245	6.49	262
59	10	271	3.56	281
60	8	232	3.33	240
61	19	243	7.25	262
62	18	233	7.17	251
63	17	220	7.17	237
64	5	271	1.81	276
65	11	258	4.09	269
66	12	252	4.55	264
67	10	227	4.22	237
68	8	222	3.48	230
69	10	206	4.63	216
70	11	229	4.58	240
71	12	264	4.35	276
72	16	247	6.08	263
73	7	252	2.70	259
74	7	200	3.38	207
75	7	168	4.00	175
76	7	211	3.21	218
77	6	206	2.83	212
78	8	184	4.17	192
79	12	213	5.33	225
80	4	175	2.23	179
81	6	161	3.59	167
82	12	188	6.00	200
83	6	146	3.95	152
84	3	184	1.60	187
85	10	164	5.75	174
86	6	202	2.88	208
87	4	149	2.61	153
88	3	108	2.70	111
89	8	127	5.93	135
90	3	123	2.38	126
91	8	159	4.79	167
92	4	128	3.03	132
93	9	104	7.96	113
94	6	133	4.32	139
95	8	117	6.40	125
96	6	93	6.06	99
97	5	132	3.65	137
98	5	95	5.00	100
99	0	58	0.00	58
100	1	6	14.29	7
101	0	4	0.00	4
102	0	4	0.00	4
103	0	5	0.00	5
104	0	6	0.00	6
105	0	1	0.00	1
106	1	2	33.33	3
107	0	4	0.00	4
108	0	2	0.00	2
109	0	4	0.00	4
110	0	3	0.00	3
111	0	4	0.00	4
112	0	7	0.00	7
113	0	1	0.00	1
114	0	2	0.00	2
115	0	0		0
116	0	0		0
117	0	1	0.00	1
118	0	2	0.00	2
119	0	0		0
120	0	0		0
121	0	2	0.00	2
122	0	1	0.00	1
123	0	0		0
124	0	1	0.00	1
125	0	1	0.00	1
126	0	2	0.00	2
127	0	0		0
128	0	0		0
129	0	0		0
130	0	0		0
131	0	0		0
132	0	1	0.00	1
133	0	0		0
134	0	0		0
135	0	0		0
136	0	1	0.00	1
137	0	0		0
138	0	0		0
139	0	1	0.00	1
140	0	0		0
141	0	0		0
142	0	0		0
143	0	0		0
144	0	0		0
145	0	1	0.00	1
146	0	0		0
147	0	0		0
148	0	1	0.00	1

CHG context (R1)
================
position	count methylated	count unmethylated	% methylation	coverage
1	0	14	0.00	14
2	0	17	0.00	17
3	0	9	0.00	9
4	1	129	0.77	130
5	2	188	1.05	190
6	1	248	0.40	249
7	2	245	0.81	247
8	1	215	0.46	216
9	1	234	0.43	235
10	1	209	0.48	210
11	1	265	0.38	266
12	1	198	0.50	199
13	0	195	0.00	195
14	1	208	0.48	209
15	1	262	0.38	263
16	1	223	0.45	224
17	0	239	0.00	239
18	0	263	0.00	263
19	1	203	0.49	204
20	0	164	0.00	164
21	1	211	0.47	212
22	1	250	0.40	251
23	0	194	0.00	194
24	1	200	0.50	201
25	0	240	0.00	240
26	0	189	0.00	189
27	1	241	0.41	242
28	0	259	0.00	259
29	2	186	1.06	188
30	0	197	0.00	197
31	0	233	0.00	233
32	1	210	0.47	211
33	0	226	0.00	226
34	0	200	0.00	200
35	0	249	0.00	249
36	1	251	0.40	252
37	1	199	0.50	200
38	2	194	1.02	196
39	0	229	0.00	229
40	1	193	0.52	194
41	1	286	0.35	287
42	1	224	0.44	225
43	1	211	0.47	212
44	0	240	0.00	240
45	0	226	0.00	226
46	3	214	1.38	217
47	0	180	0.00	180
48	0	226	0.00	226
49	1	195	0.51	196
50	0	208	0.00	208
51	1	219	0.45	220
52	0	219	0.00	219
53	0	191	0.00	191
54	1	171	0.58	172
55	0	182	0.00	182
56	0	231	0.00	231
57	1	221	0.45	222
58	1	198	0.50	199
59	1	178	0.56	179
60	0	179	0.00	179
61	1	194	0.51	195
62	1	171	0.58	172
63	0	193	0.00	193
64	1	192	0.52	193
65	1	189	0.53	190
66	0	183	0.00	183
67	0	150	0.00	150
68	2	205	0.97	207
69	0	191	0.00	191
70	0	195	0.00	195
71	1	175	0.57	176
72	0	172	0.00	172
73	2	170	1.16	172
74	0	148	0.00	148
75	0	184	0.00	184
76	4	169	2.31	173
77	0	167	0.00	167
78	0	157	0.00	157
79	0	152	0.00	152
80	1	137	0.72	138
81	0	183	0.00	183
82	0	149	0.00	149
83	0	135	0.00	135
84	0	138	0.00	138
85	0	120	0.00	120
86	0	141	0.00	141
87	0	118	0.00	118
88	0	129	0.00	129
89	0	122	0.00	122
90	0	120	0.00	120
91	0	118	0.00	118
92	0	98	0.00	98
93	1	108	0.92	109
94	0	92	0.00	92
95	0	91	0.00	91
96	1	128	0.78	129
97	1	120	0.83	121
98	0	91	0.00	91
99	0	51	0.00	51
100	0	2	0.00	2
101	0	2	0.00	2
102	0	3	0.00	3
103	0	2	0.00	2
104	0	1	0.00	1
105	0	6	0.00	6
106	0	3	0.00	3
107	0	1	0.00	1
108	0	5	0.00	5
109	0	2	0.00	2
110	0	1	0.00	1
111	0	0		0
112	0	0		0
113	0	2	0.00	2
114	0	0		0
115	0	1	0.00	1
116	0	1	0.00	1
117	0	1	0.00	1
118	0	0		0
119	0	1	0.00	1
120	0	1	0.00	1
121	0	0		0
122	0	0		0
123	0	1	0.00	1
124	0	0		0
125	0	0		0
126	0	0		0
127	0	1	0.00	1
128	0	0		0
129	0	0		0
130	0	1	0.00	1
131	0	1	0.00	1
132	0	0		0
133	0	0		0
134	0	0		0
135	0	1	0.00	1
136	0	0		0
137	0	0		0
138	0	0		0
139	0	0		0
140	0	0		0
141	0	0		0
142	0	0		0
143	0	0		0
144	0	0		0
145	0	0		0
146	0	0		0
147	0	1	0.00	1
148	0	0		0

CHH context (R1)
================
position	count methylated	count unmethylated	% methylation	coverage
1	0	25	0.00	25
2	0	24	0.00	24
3	0	19	0.00	19
4	1	307	0.32	308
5	2	372	0.53	374
6	1	393	0.25	394
7	0	400	0.00	400
8	0	333	0.00	333
9	3	291	1.02	294
10	0	324	0.00	324
11	1	316	0.32	317
12	1	357	0.28	358
13	0	373	0.00	373
14	2	387	0.51	389
15	2	379	0.52	381
16	2	335	0.59	337
17	1	311	0.32	312
18	1	309	0.32	310
19	0	285	0.00	285
20	0	342	0.00	342
21	0	354	0.00	354
22	1	311	0.32	312
23	2	325	0.61	327
24	0	359	0.00	359
25	3	390	0.76	393
26	1	381	0.26	382
27	0	374	0.00	374
28	3	378	0.79	381
29	0	342	0.00	342
30	0	377	0.00	377
31	1	334	0.30	335
32	2	340	0.58	342
33	1	331	0.30	332
34	0	342	0.00	342
35	1	293	0.34	294
36	1	349	0.29	350
37	2	311	0.64	313
38	2	338	0.59	340
39	0	323	0.00	323
40	3	331	0.90	334
41	1	336	0.30	337
42	1	343	0.29	344
43	0	339	0.00	339
44	2	340	0.58	342
45	0	298	0.00	298
46	1	323	0.31	324
47	1	290	0.34	291
48	0	335	0.00	335
49	0	383	0.00	383
50	2	392	0.51	394
51	1	391	0.26	392
52	1	334	0.30	335
53	1	346	0.29	347
54	0	318	0.00	318
55	2	313	0.63	315
56	1	287	0.35	288
57	2	266	0.75	268
58	0	269	0.00	269
59	2	337	0.59	339
60	0	312	0.00	312
61	1	343	0.29	344
62	2	359	0.55	361
63	0	334	0.00	334
64	2	331	0.60	333
65	2	285	0.70	287
66	1	243	0.41	244
67	1	335	0.30	336
68	1	360	0.28	361
69	1	330	0.30	331
70	2	288	0.69	290
71	1	274	0.36	275
72	3	257	1.15	260
73	1	274	0.36	275
74	0	282	0.00	282
75	1	299	0.33	300
76	1	325	0.31	326
77	2	276	0.72	278
78	0	289	0.00	289
79	0	253	0.00	253
80	1	295	0.34	296
81	1	243	0.41	244
82	0	255	0.00	255
83	2	202	0.98	204
84	1	238	0.42	239
85	1	267	0.37	268
86	1	231	0.43	232
87	0	219	0.00	219
88	0	253	0.00	253
89	0	205	0.00	205
90	1	169	0.59	170
91	0	180	0.00	180
92	0	190	0.00	190
93	2	156	1.27	158
94	0	169	0.00	169
95	0	193	0.00	193
96	0	143	0.00	143
97	0	131	0.00	131
98	1	169	0.59	170
99	0	68	0.00	68
100	0	8	0.00	8
101	0	11	0.00	11
102	0	5	0.00	5
103	0	3	0.00	3
104	0	4	0.00	4
105	0	4	0.00	4
106	0	5	0.00	5
107	0	5	0.00	5
108	0	0		0
109	0	0		0
110	0	1	0.00	1
111	0	1	0.00	1
112	0	3	0.00	3
113	0	0		0
114	0	3	0.00	3
115	0	2	0.00	2
116	0	3	0.00	3
117	0	2	0.00	2
118	0	3	0.00	3
119	0	1	0.00	1
120	0	1	0.00	1
121	0	4	0.00	4
122	0	2	0.00	2
123	0	3	0.00	3
124	0	2	0.00	2
125	0	0		0
126	0	0		0
127	0	3	0.00	3
128	0	0		0
129	0	1	0.00	1
130	0	1	0.00	1
131	0	0		0
132	0	0		0
133	0	0		0
134	0	2	0.00	2
135	0	0		0
136	0	0		0
137	0	0		0
138	0	0		0
139	0	0		0
140	0	0		0
141	0	0		0
142	0	0		0
143	0	0		0
144	0	0		0
145	0	0		0
146	0	0		0
147	0	0		0
148	0	0		0

CpG context (R2)
================
position	count methylated	count unmethylated	% methylation	coverage
1	1	18	5.26	19
2	0	14	0.00	14
3	2	63	3.08	65
4	1	73	1.35	74
5	2	107	1.83	109
6	3	72	4.00	75
7	4	125	3.10	129
8	4	75	5.06	79
9	3	89	3.26	92
10	4	85	4.49	89
11	7	55	11.29	62
12	5	65	7.14	70
13	4	75	5.06	79
14	4	40	9.09	44
15	5	60	7.69	65
16	0	46	0.00	46
17	2	40	4.76	42
18	7	52	11.86	59
19	3	34	8.11	37
20	2	45	4.26	47
21	2	34	5.56	36
22	1	43	2.27	44
23	2	41	4.65	43
24	0	48	0.00	48
25	2	31	6.06	33
26	2	33	5.71	35
27	1	30	3.23	31
28	2	25	7.41	27
29	1	31	3.12	32
30	0	24	0.00	24
31	1	35	2.78	36
32	1	23	4.17	24
33	3	11	21.43	14
34	2	19	9.52	21
35	2	9	18.18	11
36	0	15	0.00	15
37	1	29	3.33	30
38	1	19	5.00	20
39	0	16	0.00	16
40	1	3	25.00	4
41	1	13	7.14	14
42	1	10	9.09	11
43	1	10	9.09	11
44	1	13	7.14	14
45	1	6	14.29	7
46	2	12	14.29	14
47	0	5	0.00	5
48	0	13	0.00	13
49	0	8	0.00	8
50	0	7	0.00	7
51	0	3	0.00	3
52	0	8	0.00	8
53	0	7	0.00	7
54	0	3	0.00	3
55	0	4	0.00	4
56	0	4	0.00	4
57	0	1	0.00	1
58	0	2	0.00	2
59	0	1	0.00	1
60	0	0		0
61	0	1	0.00	1
62	0	1	0.00	1
63	0	1	0.00	1
64	0	0		0
65	0	0		0
66	0	3	0.00	3
67	0	0		0
68	0	0		0
69	0	0		0
70	0	0		0
71	0	1	0.00	1
72	0	0		0
73	0	0		0
74	0	0		0
75	0	1	0.00	1
76	0	0		0
77	0	1	0.00	1
78	0	0		0
79	0	0		0
80	0	1	0.00	1
81	0	0		0
82	0	0		0
83	0	0		0
84	0	0		0
85	0	0		0
86	0	1	0.00	1
87	0	0		0
88	0	0		0
89	0	0		0
90	0	0		0
91	0	1	0.00	1
92	0	0		0
93	0	0		0
94	0	0		0

CHG context (R2)
================
position	count methylated	count unmethylated	% methylation	coverage
1	12	2145	0.56	2157
2	0	21	0.00	21
3	0	3	0.00	3
4	1	38	2.56	39
5	0	61	0.00	61
6	1	83	1.19	84
7	0	66	0.00	66
8	0	89	0.00	89
9	0	61	0.00	61
10	0	66	0.00	66
11	1	72	1.37	73
12	0	33	0.00	33
13	0	41	0.00	41
14	0	58	0.00	58
15	0	38	0.00	38
16	0	47	0.00	47
17	0	48	0.00	48
18	0	55	0.00	55
19	0	45	0.00	45
20	0	52	0.00	52
21	0	35	0.00	35
22	0	42	0.00	42
23	0	22	0.00	22
24	0	24	0.00	24
25	0	38	0.00	38
26	0	14	0.00	14
27	0	13	0.00	13
28	0	32	0.00	32
29	0	32	0.00	32
30	0	24	0.00	24
31	0	21	0.00	21
32	1	21	4.55	22
33	1	25	3.85	26
34	0	26	0.00	26
35	0	23	0.00	23
36	0	13	0.00	13
37	0	10	0.00	10
38	0	9	0.00	9
39	0	10	0.00	10
40	0	18	0.00	18
41	0	10	0.00	10
42	0	8	0.00	8
43	0	10	0.00	10
44	0	4	0.00	4
45	0	6	0.00	6
46	0	7	0.00	7
47	0	11	0.00	11
48	0	11	0.00	11
49	0	3	0.00	3
50	0	4	0.00	4
51	0	5	0.00	5
52	0	7	0.00	7
53	0	7	0.00	7
54	0	3	0.00	3
55	0	4	0.00	4
56	0	9	0.00	9
57	0	0		0
58	0	4	0.00	4
59	0	2	0.00	2
60	0	4	0.00	4
61	0	1	0.00	1
62	0	0		0
63	0	3	0.00	3
64	0	3	0.00	3
65	0	0		0
66	0	1	0.00	1
67	0	2	0.00	2
68	0	1	0.00	1
69	0	0		0
70	0	2	0.00	2
71	0	1	0.00	1
72	0	1	0.00	1
73	0	2	0.00	2
74	0	0		0
75	0	0		0
76	0	0		0
77	0	0		0
78	0	0		0
79	0	0		0
80	0	0		0
81	0	1	0.00	1
82	0	0		0
83	0	0		0
84	0	0		0
85	0	0		0
86	0	0		0
87	0	0		0
88	0	0		0
89	0	1	0.00	1
90	0	0		0
91	0	0		0
92	0	0		0
93	0	0		0
94	0	0		0

CHH context (R2)
================
position	count methylated	count unmethylated	% methylation	coverage
1	0	18	0.00	18
2	4	996	0.40	1000
3	3	266	1.12	269
4	1	179	0.56	180
5	0	133	0.00	133
6	0	108	0.00	108
7	0	115	0.00	115
8	0	130	0.00	130
9	1	106	0.93	107
10	0	124	0.00	124
11	0	79	0.00	79
12	0	87	0.00	87
13	0	58	0.00	58
14	0	67	0.00	67
15	0	70	0.00	70
16	0	63	0.00	63
17	0	73	0.00	73
18	0	75	0.00	75
19	0	87	0.00	87
20	1	53	1.85	54
21	0	44	0.00	44
22	1	53	1.85	54
23	0	37	0.00	37
24	0	42	0.00	42
25	0	55	0.00	55
26	0	36	0.00	36
27	0	23	0.00	23
28	0	27	0.00	27
29	0	30	0.00	30
30	0	28	0.00	28
31	0	30	0.00	30
32	0	28	0.00	28
33	0	26	0.00	26
34	0	34	0.00	34
35	0	32	0.00	32
36	0	27	0.00	27
37	0	12	0.00	12
38	0	19	0.00	19
39	0	8	0.00	8
40	0	8	0.00	8
41	0	11	0.00	11
42	0	14	0.00	14
43	0	18	0.00	18
44	0	22	0.00	22
45	0	13	0.00	13
46	0	15	0.00	15
47	0	11	0.00	11
48	0	7	0.00	7
49	0	11	0.00	11
50	0	12	0.00	12
51	0	13	0.00	13
52	0	17	0.00	17
53	0	8	0.00	8
54	0	10	0.00	10
55	0	8	0.00	8
56	0	5	0.00	5
57	0	9	0.00	9
58	0	3	0.00	3
59	0	2	0.00	2
60	0	2	0.00	2
61	0	0		0
62	0	2	0.00	2
63	0	0		0
64	0	0		0
65	0	2	0.00	2
66	0	0		0
67	0	0		0
68	0	2	0.00	2
69	0	2	0.00	2
70	0	0		0
71	0	0		0
72	0	0		0
73	0	0		0
74	0	2	0.00	2
75	0	1	0.00	1
76	0	0		0
77	0	0		0
78	0	0		0
79	0	0		0
80	0	0		0
81	0	0		0
82	0	0		0
83	0	0		0
84	0	0		0
85	0	0		0
86	0	0		0
87	0	0		0
88	0	0		0
89	0	0		0
90	0	0		0
91	0	0		0
92	0	0		0
93	0	0		0
94	0	1	0.00	1

