CpG context (R1)
================
position	count methylated	count unmethylated	% methylation	coverage
1	230	2127	9.76	2357
2	1	18	5.26	19
3	4	16	20.00	20
4	8	186	4.12	194
5	15	183	7.58	198
6	14	254	5.22	268
7	4	224	1.75	228
8	10	251	3.83	261
9	11	276	3.83	287
10	12	237	4.82	249
11	15	235	6.00	250
12	15	294	4.85	309
13	18	262	6.43	280
14	18	247	6.79	265
15	10	258	3.73	268
16	18	299	5.68	317
17	9	209	4.13	218
18	13	262	4.73	275
19	17	279	5.74	296
20	8	244	3.17	252
21	14	194	6.73	208
22	16	281	5.39	297
23	14	282	4.73	296
24	14	204	6.42	218
25	12	305	3.79	317
26	14	275	4.84	289
27	5	255	1.92	260
28	20	290	6.45	310
29	10	234	4.10	244
30	10	242	3.97	252
31	13	263	4.71	276
32	18	281	6.02	299
33	8	234	3.31	242
34	16	273	5.54	289
35	19	283	6.29	302
36	11	212	4.93	223
37	12	257	4.46	269
38	14	253	5.24	267
39	5	229	2.14	234
40	9	267	3.26	276
41	16	250	6.02	266
42	11	250	4.21	261
43	10	274	3.52	284
44	16	237	6.32	253
45	20	245	7.55	265
46	22	235	8.56	257
47	18	279	6.06	297
48	16	219	6.81	235
49	13	250	4.94	263
50	12	216	5.26	228
51	12	236	4.84	248
52	26	240	9.77	266
53	18	216	7.69	234
54	10	225	4.26	235
55	13	289	4.30	302
56	12	233	4.90	245
57	11	223	4.70	234
58	20	245	7.55	265
59	10	253	3.80	263
60	13	227	5.42	240
61	12	234	4.88	246
62	13	231	5.33	244
63	16	221	6.75	237
64	11	217	4.82	228
65	15	226	6.22	241
66	15	237	5.95	252
67	15	233	6.05	248
68	11	175	5.91	186
69	9	196	4.39	205
70	14	245	5.41	259
71	12	231	4.94	243
72	8	234	3.31	242
73	11	208	5.02	219
74	6	203	2.87	209
75	10	179	5.29	189
76	9	186	4.62	195
77	8	211	3.65	219
78	11	183	5.67	194
79	11	218	4.80	229
80	7	164	4.09	171
81	7	153	4.38	160
82	7	197	3.43	204
83	6	150	3.85	156
84	8	132	5.71	140
85	10	212	4.50	222
86	11	147	6.96	158
87	4	150	2.60	154
88	3	118	2.48	121
89	9	151	5.62	160
90	8	115	6.50	123
91	8	140	5.41	148
92	5	135	3.57	140
93	5	102	4.67	107
94	4	125	3.10	129
95	6	103	5.50	109
96	4	98	3.92	102
97	9	145	5.84	154
98	6	94	6.00	100
99	3	61	4.69	64
100	0	9	0.00	9
101	0	4	0.00	4
102	0	6	0.00	6
103	0	4	0.00	4
104	0	3	0.00	3
105	0	4	0.00	4
106	0	3	0.00	3
107	1	3	25.00	4
108	0	3	0.00	3
109	1	3	25.00	4
110	0	4	0.00	4
111	1	1	50.00	2
112	0	1	0.00	1
113	0	1	0.00	1
114	1	1	50.00	2
115	0	4	0.00	4
116	1	2	33.33	3
117	0	4	0.00	4
118	1	2	33.33	3
119	0	0		0
120	0	1	0.00	1
121	0	0		0
122	0	2	0.00	2
123	1	1	50.00	2
124	0	0		0
125	0	2	0.00	2
126	0	1	0.00	1
127	0	0		0
128	0	2	0.00	2
129	0	0		0
130	0	0		0
131	0	3	0.00	3
132	0	0		0
133	0	0		0
134	0	0		0
135	0	0		0
136	0	1	0.00	1
137	0	0		0
138	0	1	0.00	1
139	0	0		0
140	0	1	0.00	1
141	0	0		0
142	0	0		0
143	0	0		0
144	0	0		0
145	0	1	0.00	1
146	0	0		0
147	0	2	0.00	2
148	0	0		0
149	0	2	0.00	2

CHG context (R1)
================
position	count methylated	count unmethylated	% methylation	coverage
1	0	18	0.00	18
2	0	30	0.00	30
3	0	10	0.00	10
4	0	122	0.00	122
5	1	207	0.48	208
6	2	249	0.80	251
7	2	269	0.74	271
8	2	220	0.90	222
9	1	226	0.44	227
10	0	208	0.00	208
11	0	219	0.00	219
12	0	216	0.00	216
13	1	188	0.53	189
14	0	189	0.00	189
15	2	211	0.94	213
16	1	187	0.53	188
17	1	239	0.42	240
18	3	257	1.15	260
19	5	216	2.26	221
20	0	145	0.00	145
21	1	243	0.41	244
22	0	248	0.00	248
23	0	183	0.00	183
24	0	207	0.00	207
25	1	249	0.40	250
26	1	226	0.44	227
27	1	245	0.41	246
28	0	234	0.00	234
29	0	186	0.00	186
30	2	187	1.06	189
31	4	241	1.63	245
32	0	187	0.00	187
33	0	225	0.00	225
34	2	217	0.91	219
35	0	209	0.00	209
36	0	215	0.00	215
37	1	200	0.50	201
38	0	210	0.00	210
39	0	236	0.00	236
40	0	194	0.00	194
41	1	274	0.36	275
42	2	211	0.94	213
43	1	211	0.47	212
44	1	218	0.46	219
45	0	199	0.00	199
46	2	231	0.86	233
47	1	183	0.54	184
48	1	222	0.45	223
49	3	205	1.44	208
50	1	222	0.45	223
51	0	241	0.00	241
52	0	215	0.00	215
53	2	192	1.03	194
54	0	193	0.00	193
55	0	170	0.00	170
56	2	208	0.95	210
57	3	187	1.58	190
58	0	243	0.00	243
59	0	195	0.00	195
60	0	144	0.00	144
61	0	201	0.00	201
62	0	149	0.00	149
63	0	180	0.00	180
64	2	178	1.11	180
65	0	227	0.00	227
66	1	181	0.55	182
67	0	190	0.00	190
68	0	176	0.00	176
69	0	191	0.00	191
70	0	173	0.00	173
71	0	163	0.00	163
72	0	149	0.00	149
73	0	170	0.00	170
74	0	152	0.00	152
75	1	154	0.65	155
76	2	162	1.22	164
77	0	187	0.00	187
78	2	154	1.28	156
79	0	166	0.00	166
80	0	114	0.00	114
81	0	181	0.00	181
82	0	107	0.00	107
83	1	116	0.85	117
84	0	141	0.00	141
85	0	121	0.00	121
86	0	154	0.00	154
87	0	124	0.00	124
88	0	133	0.00	133
89	1	121	0.82	122
90	0	98	0.00	98
91	0	151	0.00	151
92	0	84	0.00	84
93	0	86	0.00	86
94	2	97	2.02	99
95	1	92	1.08	93
96	0	118	0.00	118
97	0	109	0.00	109
98	1	76	1.30	77
99	0	51	0.00	51
100	0	5	0.00	5
101	0	4	0.00	4
102	0	4	0.00	4
103	0	3	0.00	3
104	0	5	0.00	5
105	0	3	0.00	3
106	0	4	0.00	4
107	0	4	0.00	4
108	0	1	0.00	1
109	0	4	0.00	4
110	0	0		0
111	0	2	0.00	2
112	0	4	0.00	4
113	0	2	0.00	2
114	0	1	0.00	1
115	0	0		0
116	0	2	0.00	2
117	0	2	0.00	2
118	0	2	0.00	2
119	0	0		0
120	0	1	0.00	1
121	0	0		0
122	0	0		0
123	0	0		0
124	0	0		0
125	0	0		0
126	0	2	0.00	2
127	0	1	0.00	1
128	0	0		0
129	0	0		0
130	0	0		0
131	0	0		0
132	0	0		0
133	0	0		0
134	0	0		0
135	0	1	0.00	1
136	0	0		0
137	0	0		0
138	0	0		0
139	0	1	0.00	1
140	0	0		0
141	0	0		0
142	0	0		0
143	0	0		0
144	0	1	0.00	1
145	0	0		0
146	0	0		0
147	0	0		0
148	0	1	0.00	1
149	0	0		0

CHH context (R1)
================
position	count methylated	count unmethylated	% methylation	coverage
1	0	35	0.00	35
2	0	32	0.00	32
3	0	18	0.00	18
4	1	314	0.32	315
5	2	408	0.49	410
6	1	433	0.23	434
7	0	404	0.00	404
8	2	350	0.57	352
9	0	323	0.00	323
10	1	319	0.31	320
11	2	317	0.63	319
12	0	348	0.00	348
13	4	390	1.02	394
14	1	372	0.27	373
15	1	352	0.28	353
16	0	367	0.00	367
17	2	339	0.59	341
18	1	310	0.32	311
19	1	307	0.32	308
20	3	365	0.82	368
21	2	329	0.60	331
22	0	331	0.00	331
23	1	346	0.29	347
24	0	336	0.00	336
25	2	409	0.49	411
26	1	336	0.30	337
27	0	366	0.00	366
28	2	347	0.57	349
29	2	340	0.58	342
30	1	394	0.25	395
31	1	362	0.28	363
32	1	367	0.27	368
33	2	324	0.61	326
34	1	323	0.31	324
35	3	306	0.97	309
36	1	394	0.25	395
37	1	358	0.28	359
38	0	350	0.00	350
39	1	322	0.31	323
40	2	329	0.60	331
41	0	329	0.00	329
42	0	340	0.00	340
43	1	317	0.31	318
44	1	356	0.28	357
45	2	302	0.66	304
46	0	355	0.00	355
47	0	349	0.00	349
48	2	364	0.55	366
49	1	394	0.25	395
50	1	384	0.26	385
51	1	403	0.25	404
52	0	308	0.00	308
53	1	350	0.28	351
54	0	317	0.00	317
55	0	334	0.00	334
56	0	306	0.00	306
57	1	320	0.31	321
58	0	289	0.00	289
59	1	316	0.32	317
60	4	318	1.24	322
61	1	312	0.32	313
62	2	352	0.56	354
63	0	311	0.00	311
64	1	354	0.28	355
65	0	326	0.00	326
66	0	292	0.00	292
67	2	317	0.63	319
68	1	320	0.31	321
69	1	295	0.34	296
70	1	253	0.39	254
71	1	268	0.37	269
72	1	281	0.35	282
73	0	302	0.00	302
74	1	270	0.37	271
75	0	304	0.00	304
76	0	302	0.00	302
77	2	250	0.79	252
78	2	270	0.74	272
79	1	257	0.39	258
80	1	272	0.37	273
81	3	267	1.11	270
82	1	310	0.32	311
83	0	250	0.00	250
84	2	265	0.75	267
85	1	292	0.34	293
86	0	255	0.00	255
87	1	223	0.45	224
88	0	262	0.00	262
89	0	212	0.00	212
90	0	190	0.00	190
91	0	178	0.00	178
92	0	212	0.00	212
93	1	178	0.56	179
94	0	187	0.00	187
95	1	200	0.50	201
96	0	140	0.00	140
97	0	144	0.00	144
98	1	162	0.61	163
99	0	72	0.00	72
100	0	7	0.00	7
101	0	5	0.00	5
102	0	3	0.00	3
103	0	6	0.00	6
104	0	6	0.00	6
105	0	8	0.00	8
106	0	5	0.00	5
107	0	3	0.00	3
108	0	0		0
109	0	4	0.00	4
110	0	4	0.00	4
111	0	7	0.00	7
112	0	3	0.00	3
113	0	3	0.00	3
114	0	5	0.00	5
115	0	6	0.00	6
116	1	1	50.00	2
117	0	3	0.00	3
118	0	0		0
119	0	1	0.00	1
120	0	1	0.00	1
121	0	2	0.00	2
122	0	3	0.00	3
123	0	0		0
124	0	2	0.00	2
125	0	2	0.00	2
126	0	3	0.00	3
127	0	1	0.00	1
128	0	0		0
129	0	2	0.00	2
130	0	2	0.00	2
131	0	3	0.00	3
132	0	2	0.00	2
133	0	2	0.00	2
134	0	0		0
135	0	0		0
136	0	0		0
137	0	1	0.00	1
138	0	1	0.00	1
139	0	0		0
140	0	1	0.00	1
141	0	1	0.00	1
142	0	1	0.00	1
143	0	2	0.00	2
144	0	1	0.00	1
145	0	1	0.00	1
146	0	0		0
147	0	0		0
148	0	0		0
149	0	0		0

CpG context (R2)
================
position	count methylated	count unmethylated	% methylation	coverage
1	0	23	0.00	23
2	1	15	6.25	16
3	1	81	1.22	82
4	1	87	1.14	88
5	5	114	4.20	119
6	3	93	3.12	96
7	4	120	3.23	124
8	3	72	4.00	75
9	6	75	7.41	81
10	8	85	8.60	93
11	4	78	4.88	82
12	3	64	4.48	67
13	4	77	4.94	81
14	3	43	6.52	46
15	1	68	1.45	69
16	0	67	0.00	67
17	0	40	0.00	40
18	3	49	5.77	52
19	0	38	0.00	38
20	4	46	8.00	50
21	3	32	8.57	35
22	0	39	0.00	39
23	4	33	10.81	37
24	1	57	1.72	58
25	2	35	5.41	37
26	0	29	0.00	29
27	3	27	10.00	30
28	1	23	4.17	24
29	4	33	10.81	37
30	1	15	6.25	16
31	1	30	3.23	31
32	4	23	14.81	27
33	0	13	0.00	13
34	2	20	9.09	22
35	0	10	0.00	10
36	2	14	12.50	16
37	0	21	0.00	21
38	4	10	28.57	14
39	0	13	0.00	13
40	1	5	16.67	6
41	0	9	0.00	9
42	1	15	6.25	16
43	1	7	12.50	8
44	1	18	5.26	19
45	0	5	0.00	5
46	3	9	25.00	12
47	0	5	0.00	5
48	1	8	11.11	9
49	0	3	0.00	3
50	0	5	0.00	5
51	0	3	0.00	3
52	1	6	14.29	7
53	0	5	0.00	5
54	0	4	0.00	4
55	1	2	33.33	3
56	1	5	16.67	6
57	0	3	0.00	3
58	1	6	14.29	7
59	1	0	100.00	1
60	0	3	0.00	3
61	0	1	0.00	1
62	0	0		0
63	0	1	0.00	1
64	0	1	0.00	1
65	0	0		0
66	0	0		0
67	0	1	0.00	1
68	0	0		0
69	0	1	0.00	1
70	0	0		0
71	0	2	0.00	2
72	0	0		0
73	0	0		0
74	0	0		0
75	0	2	0.00	2
76	0	0		0
77	0	2	0.00	2
78	0	0		0
79	0	0		0
80	0	0		0
81	0	1	0.00	1
82	0	0		0
83	0	1	0.00	1
84	0	0		0
85	0	0		0
86	0	0		0
87	0	0		0
88	0	0		0
89	0	0		0
90	0	1	0.00	1

CHG context (R2)
================
position	count methylated	count unmethylated	% methylation	coverage
1	13	2133	0.61	2146
2	0	19	0.00	19
3	0	5	0.00	5
4	0	47	0.00	47
5	0	47	0.00	47
6	0	81	0.00	81
7	0	83	0.00	83
8	2	95	2.06	97
9	0	70	0.00	70
10	0	52	0.00	52
11	0	69	0.00	69
12	0	50	0.00	50
13	0	41	0.00	41
14	0	50	0.00	50
15	0	53	0.00	53
16	0	49	0.00	49
17	0	49	0.00	49
18	0	38	0.00	38
19	0	53	0.00	53
20	1	54	1.82	55
21	0	31	0.00	31
22	0	47	0.00	47
23	1	18	5.26	19
24	0	20	0.00	20
25	0	44	0.00	44
26	0	19	0.00	19
27	1	14	6.67	15
28	1	23	4.17	24
29	0	32	0.00	32
30	0	24	0.00	24
31	0	28	0.00	28
32	0	21	0.00	21
33	0	18	0.00	18
34	0	21	0.00	21
35	0	22	0.00	22
36	1	18	5.26	19
37	0	9	0.00	9
38	0	4	0.00	4
39	0	17	0.00	17
40	0	20	0.00	20
41	0	12	0.00	12
42	0	3	0.00	3
43	0	8	0.00	8
44	0	4	0.00	4
45	0	5	0.00	5
46	0	4	0.00	4
47	0	6	0.00	6
48	0	2	0.00	2
49	0	5	0.00	5
50	0	11	0.00	11
51	0	7	0.00	7
52	0	7	0.00	7
53	0	1	0.00	1
54	0	0		0
55	0	5	0.00	5
56	0	5	0.00	5
57	0	0		0
58	0	3	0.00	3
59	0	2	0.00	2
60	0	0		0
61	0	1	0.00	1
62	0	0		0
63	0	0		0
64	0	1	0.00	1
65	0	2	0.00	2
66	0	0		0
67	0	0		0
68	0	2	0.00	2
69	0	0		0
70	0	1	0.00	1
71	0	0		0
72	0	0		0
73	0	0		0
74	0	0		0
75	0	0		0
76	0	0		0
77	0	1	0.00	1
78	0	0		0
79	0	0		0
80	0	0		0
81	0	0		0
82	0	0		0
83	0	0		0
84	0	0		0
85	0	0		0
86	0	1	0.00	1
87	0	0		0
88	0	0		0
89	0	0		0
90	0	0		0

CHH context (R2)
================
position	count methylated	count unmethylated	% methylation	coverage
1	0	10	0.00	10
2	5	970	0.51	975
3	3	270	1.10	273
4	0	199	0.00	199
5	0	135	0.00	135
6	0	97	0.00	97
7	0	110	0.00	110
8	0	143	0.00	143
9	1	126	0.79	127
10	0	115	0.00	115
11	0	76	0.00	76
12	0	91	0.00	91
13	1	62	1.59	63
14	0	76	0.00	76
15	0	61	0.00	61
16	0	74	0.00	74
17	0	69	0.00	69
18	0	73	0.00	73
19	1	68	1.45	69
20	0	58	0.00	58
21	0	47	0.00	47
22	0	45	0.00	45
23	0	46	0.00	46
24	0	36	0.00	36
25	0	49	0.00	49
26	0	40	0.00	40
27	0	31	0.00	31
28	0	30	0.00	30
29	0	29	0.00	29
30	0	35	0.00	35
31	0	28	0.00	28
32	0	35	0.00	35
33	1	24	4.00	25
34	0	26	0.00	26
35	0	34	0.00	34
36	0	19	0.00	19
37	1	19	5.00	20
38	0	21	0.00	21
39	0	5	0.00	5
40	0	17	0.00	17
41	0	10	0.00	10
42	0	13	0.00	13
43	0	12	0.00	12
44	0	21	0.00	21
45	0	14	0.00	14
46	0	20	0.00	20
47	0	19	0.00	19
48	0	3	0.00	3
49	0	9	0.00	9
50	0	10	0.00	10
51	0	9	0.00	9
52	0	10	0.00	10
53	0	9	0.00	9
54	0	7	0.00	7
55	0	6	0.00	6
56	0	4	0.00	4
57	0	7	0.00	7
58	0	2	0.00	2
59	0	2	0.00	2
60	0	0		0
61	0	0		0
62	0	0		0
63	0	0		0
64	0	0		0
65	0	0		0
66	0	0		0
67	0	0		0
68	0	0		0
69	0	2	0.00	2
70	0	0		0
71	0	0		0
72	0	0		0
73	0	0		0
74	0	0		0
75	0	0		0
76	0	0		0
77	0	0		0
78	0	0		0
79	0	0		0
80	0	0		0
81	0	0		0
82	0	0		0
83	0	0		0
84	0	0		0
85	0	0		0
86	0	0		0
87	0	0		0
88	0	0		0
89	0	0		0
90	0	0		0

