CpG context (R1)
================
position	count methylated	count unmethylated	% methylation	coverage
1	216	2156	9.11	2372
2	0	17	0.00	17
3	0	14	0.00	14
4	6	194	3.00	200
5	18	193	8.53	211
6	11	267	3.96	278
7	9	220	3.93	229
8	10	313	3.10	323
9	11	221	4.74	232
10	11	243	4.33	254
11	12	242	4.72	254
12	13	285	4.36	298
13	15	290	4.92	305
14	17	242	6.56	259
15	13	266	4.66	279
16	18	300	5.66	318
17	9	217	3.98	226
18	8	250	3.10	258
19	12	306	3.77	318
20	13	234	5.26	247
21	18	232	7.20	250
22	21	267	7.29	288
23	15	273	5.21	288
24	14	264	5.04	278
25	11	291	3.64	302
26	14	274	4.86	288
27	19	246	7.17	265
28	25	244	9.29	269
29	10	281	3.44	291
30	14	249	5.32	263
31	12	264	4.35	276
32	19	305	5.86	324
33	12	192	5.88	204
34	15	258	5.49	273
35	24	277	7.97	301
36	24	217	9.96	241
37	20	287	6.51	307
38	16	248	6.06	264
39	16	223	6.69	239
40	9	264	3.30	273
41	15	251	5.64	266
42	10	306	3.16	316
43	17	277	5.78	294
44	20	230	8.00	250
45	14	275	4.84	289
46	21	226	8.50	247
47	15	254	5.58	269
48	14	266	5.00	280
49	14	213	6.17	227
50	11	248	4.25	259
51	8	230	3.36	238
52	14	240	5.51	254
53	5	241	2.03	246
54	11	242	4.35	253
55	13	284	4.38	297
56	9	213	4.05	222
57	10	234	4.10	244
58	12	235	4.86	247
59	12	244	4.69	256
60	12	249	4.60	261
61	13	240	5.14	253
62	13	214	5.73	227
63	21	228	8.43	249
64	11	235	4.47	246
65	13	244	5.06	257
66	12	233	4.90	245
67	7	211	3.21	218
68	8	197	3.90	205
69	9	188	4.57	197
70	11	234	4.49	245
71	16	229	6.53	245
72	5	211	2.31	216
73	13	200	6.10	213
74	7	193	3.50	200
75	20	186	9.71	206
76	11	197	5.29	208
77	12	190	5.94	202
78	12	213	5.33	225
79	10	192	4.95	202
80	7	189	3.57	196
81	4	159	2.45	163
82	12	207	5.48	219
83	5	135	3.57	140
84	6	165	3.51	171
85	9	179	4.79	188
86	5	162	2.99	167
87	10	160	5.88	170
88	4	113	3.42	117
89	4	157	2.48	161
90	10	104	8.77	114
91	7	144	4.64	151
92	7	115	5.74	122
93	7	112	5.88	119
94	7	112	5.88	119
95	7	103	6.36	110
96	10	88	10.20	98
97	7	123	5.38	130
98	5	74	6.33	79
99	4	53	7.02	57
100	0	10	0.00	10
101	0	3	0.00	3
102	0	3	0.00	3
103	1	3	25.00	4
104	0	6	0.00	6
105	0	4	0.00	4
106	0	6	0.00	6
107	1	3	25.00	4
108	0	0		0
109	0	2	0.00	2
110	0	2	0.00	2
111	1	1	50.00	2
112	0	3	0.00	3
113	0	2	0.00	2
114	0	1	0.00	1
115	0	3	0.00	3
116	0	2	0.00	2
117	0	1	0.00	1
118	0	3	0.00	3
119	0	2	0.00	2
120	0	1	0.00	1
121	0	3	0.00	3
122	0	1	0.00	1
123	0	1	0.00	1
124	0	0		0
125	1	0	100.00	1
126	0	1	0.00	1
127	0	2	0.00	2
128	1	0	100.00	1
129	0	2	0.00	2
130	0	2	0.00	2
131	0	1	0.00	1
132	0	1	0.00	1
133	0	1	0.00	1
134	0	0		0
135	0	0		0
136	0	0		0
137	0	0		0
138	0	1	0.00	1
139	0	0		0
140	0	0		0
141	0	1	0.00	1
142	1	0	100.00	1
143	0	3	0.00	3
144	1	0	100.00	1
145	1	1	50.00	2
146	0	0		0
147	0	0		0
148	0	0		0
149	0	1	0.00	1

CHG context (R1)
================
position	count methylated	count unmethylated	% methylation	coverage
1	0	10	0.00	10
2	0	21	0.00	21
3	0	16	0.00	16
4	0	131	0.00	131
5	1	192	0.52	193
6	1	216	0.46	217
7	3	261	1.14	264
8	0	181	0.00	181
9	0	245	0.00	245
10	0	222	0.00	222
11	1	229	0.43	230
12	0	220	0.00	220
13	0	218	0.00	218
14	1	203	0.49	204
15	2	260	0.76	262
16	0	215	0.00	215
17	0	241	0.00	241
18	0	254	0.00	254
19	0	203	0.00	203
20	0	164	0.00	164
21	0	236	0.00	236
22	0	259	0.00	259
23	2	217	0.91	219
24	0	190	0.00	190
25	1	243	0.41	244
26	0	196	0.00	196
27	1	222	0.45	223
28	0	258	0.00	258
29	0	177	0.00	177
30	2	173	1.14	175
31	1	252	0.40	253
32	3	221	1.34	224
33	0	227	0.00	227
34	1	235	0.42	236
35	3	204	1.45	207
36	1	252	0.40	253
37	2	210	0.94	212
38	0	181	0.00	181
39	1	198	0.50	199
40	3	224	1.32	227
41	3	281	1.06	284
42	3	216	1.37	219
43	2	191	1.04	193
44	0	230	0.00	230
45	0	227	0.00	227
46	0	226	0.00	226
47	2	192	1.03	194
48	1	218	0.46	219
49	1	241	0.41	242
50	0	214	0.00	214
51	1	195	0.51	196
52	1	221	0.45	222
53	0	201	0.00	201
54	1	218	0.46	219
55	0	161	0.00	161
56	1	215	0.46	216
57	2	209	0.95	211
58	0	180	0.00	180
59	0	185	0.00	185
60	1	164	0.61	165
61	0	176	0.00	176
62	1	181	0.55	182
63	1	192	0.52	193
64	0	192	0.00	192
65	0	193	0.00	193
66	1	178	0.56	179
67	1	147	0.68	148
68	0	199	0.00	199
69	0	185	0.00	185
70	0	170	0.00	170
71	2	163	1.21	165
72	0	166	0.00	166
73	0	173	0.00	173
74	0	150	0.00	150
75	1	156	0.64	157
76	1	156	0.64	157
77	2	175	1.13	177
78	1	169	0.59	170
79	0	130	0.00	130
80	0	150	0.00	150
81	0	198	0.00	198
82	0	119	0.00	119
83	1	124	0.80	125
84	0	129	0.00	129
85	1	126	0.79	127
86	0	148	0.00	148
87	0	125	0.00	125
88	0	127	0.00	127
89	1	100	0.99	101
90	0	105	0.00	105
91	0	131	0.00	131
92	0	83	0.00	83
93	0	93	0.00	93
94	0	102	0.00	102
95	0	86	0.00	86
96	0	129	0.00	129
97	0	105	0.00	105
98	0	91	0.00	91
99	1	42	2.33	43
100	0	4	0.00	4
101	0	4	0.00	4
102	0	3	0.00	3
103	0	2	0.00	2
104	0	4	0.00	4
105	0	5	0.00	5
106	0	3	0.00	3
107	0	2	0.00	2
108	0	1	0.00	1
109	0	3	0.00	3
110	0	1	0.00	1
111	0	2	0.00	2
112	0	2	0.00	2
113	0	2	0.00	2
114	0	2	0.00	2
115	0	1	0.00	1
116	0	3	0.00	3
117	0	1	0.00	1
118	0	1	0.00	1
119	0	0		0
120	0	2	0.00	2
121	0	4	0.00	4
122	0	0		0
123	0	0		0
124	0	5	0.00	5
125	0	0		0
126	0	0		0
127	0	2	0.00	2
128	0	0		0
129	0	1	0.00	1
130	0	1	0.00	1
131	0	0		0
132	0	1	0.00	1
133	0	0		0
134	0	0		0
135	0	1	0.00	1
136	0	1	0.00	1
137	0	0		0
138	0	0		0
139	0	4	0.00	4
140	0	1	0.00	1
141	0	0		0
142	0	1	0.00	1
143	0	0		0
144	0	0		0
145	0	1	0.00	1
146	0	1	0.00	1
147	0	1	0.00	1
148	0	3	0.00	3
149	0	0		0

CHH context (R1)
================
position	count methylated	count unmethylated	% methylation	coverage
1	0	29	0.00	29
2	0	28	0.00	28
3	0	21	0.00	21
4	0	317	0.00	317
5	2	379	0.52	381
6	0	426	0.00	426
7	1	365	0.27	366
8	0	353	0.00	353
9	4	329	1.20	333
10	1	367	0.27	368
11	1	330	0.30	331
12	1	332	0.30	333
13	6	367	1.61	373
14	0	373	0.00	373
15	3	351	0.85	354
16	1	325	0.31	326
17	0	331	0.00	331
18	2	284	0.70	286
19	0	294	0.00	294
20	1	349	0.29	350
21	3	317	0.94	320
22	3	332	0.90	335
23	1	305	0.33	306
24	0	343	0.00	343
25	0	374	0.00	374
26	1	361	0.28	362
27	0	401	0.00	401
28	3	352	0.85	355
29	2	372	0.53	374
30	0	379	0.00	379
31	1	357	0.28	358
32	1	356	0.28	357
33	3	321	0.93	324
34	2	334	0.60	336
35	0	319	0.00	319
36	0	365	0.00	365
37	1	353	0.28	354
38	0	357	0.00	357
39	2	338	0.59	340
40	3	344	0.86	347
41	1	331	0.30	332
42	1	317	0.31	318
43	1	329	0.30	330
44	0	350	0.00	350
45	2	321	0.62	323
46	5	344	1.43	349
47	2	348	0.57	350
48	2	310	0.64	312
49	2	390	0.51	392
50	0	401	0.00	401
51	0	410	0.00	410
52	1	353	0.28	354
53	1	361	0.28	362
54	1	317	0.31	318
55	1	328	0.30	329
56	2	327	0.61	329
57	0	318	0.00	318
58	0	321	0.00	321
59	0	333	0.00	333
60	0	320	0.00	320
61	0	317	0.00	317
62	0	351	0.00	351
63	0	296	0.00	296
64	1	359	0.28	360
65	1	302	0.33	303
66	2	278	0.71	280
67	0	346	0.00	346
68	1	350	0.28	351
69	0	308	0.00	308
70	1	292	0.34	293
71	0	308	0.00	308
72	0	276	0.00	276
73	0	313	0.00	313
74	1	266	0.37	267
75	1	305	0.33	306
76	0	317	0.00	317
77	0	272	0.00	272
78	0	286	0.00	286
79	3	287	1.03	290
80	1	287	0.35	288
81	3	246	1.20	249
82	2	265	0.75	267
83	1	236	0.42	237
84	1	263	0.38	264
85	0	267	0.00	267
86	3	255	1.16	258
87	2	219	0.90	221
88	1	243	0.41	244
89	0	226	0.00	226
90	0	179	0.00	179
91	0	201	0.00	201
92	1	221	0.45	222
93	0	198	0.00	198
94	0	172	0.00	172
95	0	211	0.00	211
96	1	154	0.65	155
97	0	166	0.00	166
98	0	160	0.00	160
99	0	64	0.00	64
100	0	6	0.00	6
101	0	6	0.00	6
102	0	6	0.00	6
103	1	7	12.50	8
104	0	6	0.00	6
105	0	6	0.00	6
106	0	4	0.00	4
107	0	3	0.00	3
108	0	5	0.00	5
109	0	7	0.00	7
110	0	9	0.00	9
111	0	2	0.00	2
112	0	3	0.00	3
113	0	5	0.00	5
114	0	3	0.00	3
115	0	2	0.00	2
116	0	3	0.00	3
117	0	3	0.00	3
118	0	3	0.00	3
119	0	3	0.00	3
120	0	3	0.00	3
121	0	2	0.00	2
122	0	1	0.00	1
123	0	2	0.00	2
124	0	0		0
125	0	2	0.00	2
126	0	2	0.00	2
127	0	3	0.00	3
128	0	2	0.00	2
129	0	2	0.00	2
130	0	1	0.00	1
131	0	4	0.00	4
132	0	1	0.00	1
133	0	1	0.00	1
134	0	0		0
135	0	2	0.00	2
136	0	2	0.00	2
137	0	2	0.00	2
138	0	2	0.00	2
139	0	1	0.00	1
140	0	0		0
141	0	0		0
142	0	1	0.00	1
143	0	0		0
144	0	2	0.00	2
145	0	2	0.00	2
146	0	2	0.00	2
147	0	3	0.00	3
148	0	1	0.00	1
149	0	0		0

CpG context (R2)
================
position	count methylated	count unmethylated	% methylation	coverage
1	0	27	0.00	27
2	0	21	0.00	21
3	2	75	2.60	77
4	4	64	5.88	68
5	7	109	6.03	116
6	5	75	6.25	80
7	6	134	4.29	140
8	2	97	2.02	99
9	3	76	3.80	79
10	6	85	6.59	91
11	1	75	1.32	76
12	4	69	5.48	73
13	2	63	3.08	65
14	1	27	3.57	28
15	2	58	3.33	60
16	2	55	3.51	57
17	1	42	2.33	43
18	2	54	3.57	56
19	3	28	9.68	31
20	0	44	0.00	44
21	0	37	0.00	37
22	4	50	7.41	54
23	4	38	9.52	42
24	4	51	7.27	55
25	1	37	2.63	38
26	1	35	2.78	36
27	6	23	20.69	29
28	1	23	4.17	24
29	1	37	2.63	38
30	1	20	4.76	21
31	5	35	12.50	40
32	2	28	6.67	30
33	2	24	7.69	26
34	3	27	10.00	30
35	0	12	0.00	12
36	1	19	5.00	20
37	1	27	3.57	28
38	0	27	0.00	27
39	1	14	6.67	15
40	0	11	0.00	11
41	0	12	0.00	12
42	0	10	0.00	10
43	0	14	0.00	14
44	1	19	5.00	20
45	0	2	0.00	2
46	1	10	9.09	11
47	1	13	7.14	14
48	1	14	6.67	15
49	0	4	0.00	4
50	1	12	7.69	13
51	0	4	0.00	4
52	1	5	16.67	6
53	0	8	0.00	8
54	1	6	14.29	7
55	1	3	25.00	4
56	0	5	0.00	5
57	2	4	33.33	6
58	1	5	16.67	6
59	1	2	33.33	3
60	0	4	0.00	4
61	1	4	20.00	5
62	0	2	0.00	2
63	1	4	20.00	5
64	1	1	50.00	2
65	0	2	0.00	2
66	0	2	0.00	2
67	0	0		0
68	0	1	0.00	1
69	0	0		0
70	0	0		0
71	2	0	100.00	2
72	0	0		0
73	0	0		0
74	1	2	33.33	3
75	0	0		0
76	0	0		0
77	0	0		0
78	1	0	100.00	1
79	0	0		0
80	0	0		0
81	0	0		0
82	0	1	0.00	1
83	0	0		0
84	0	0		0
85	0	0		0
86	0	0		0
87	0	0		0
88	0	0		0
89	0	0		0
90	0	0		0
91	0	1	0.00	1
92	0	0		0
93	0	0		0
94	0	1	0.00	1
95	0	0		0
96	0	0		0
97	1	1	50.00	2

CHG context (R2)
================
position	count methylated	count unmethylated	% methylation	coverage
1	19	2139	0.88	2158
2	0	24	0.00	24
3	0	8	0.00	8
4	0	42	0.00	42
5	0	53	0.00	53
6	0	65	0.00	65
7	0	78	0.00	78
8	0	96	0.00	96
9	0	65	0.00	65
10	1	68	1.45	69
11	2	62	3.12	64
12	0	37	0.00	37
13	0	42	0.00	42
14	0	51	0.00	51
15	0	31	0.00	31
16	0	37	0.00	37
17	1	52	1.89	53
18	0	53	0.00	53
19	0	35	0.00	35
20	0	43	0.00	43
21	0	39	0.00	39
22	0	28	0.00	28
23	0	29	0.00	29
24	0	24	0.00	24
25	2	42	4.55	44
26	1	30	3.23	31
27	0	16	0.00	16
28	0	30	0.00	30
29	0	24	0.00	24
30	0	12	0.00	12
31	0	13	0.00	13
32	0	23	0.00	23
33	0	26	0.00	26
34	0	19	0.00	19
35	0	30	0.00	30
36	2	22	8.33	24
37	0	14	0.00	14
38	0	10	0.00	10
39	0	16	0.00	16
40	0	13	0.00	13
41	0	19	0.00	19
42	0	4	0.00	4
43	0	12	0.00	12
44	0	7	0.00	7
45	0	12	0.00	12
46	0	3	0.00	3
47	0	11	0.00	11
48	1	7	12.50	8
49	0	7	0.00	7
50	0	13	0.00	13
51	0	7	0.00	7
52	0	5	0.00	5
53	0	5	0.00	5
54	0	1	0.00	1
55	0	6	0.00	6
56	0	12	0.00	12
57	0	0		0
58	0	2	0.00	2
59	0	0		0
60	0	5	0.00	5
61	0	4	0.00	4
62	0	2	0.00	2
63	0	2	0.00	2
64	0	2	0.00	2
65	0	0		0
66	0	1	0.00	1
67	0	1	0.00	1
68	0	0		0
69	0	0		0
70	0	0		0
71	0	1	0.00	1
72	0	2	0.00	2
73	0	0		0
74	0	0		0
75	0	3	0.00	3
76	0	0		0
77	0	0		0
78	0	1	0.00	1
79	0	0		0
80	0	1	0.00	1
81	0	0		0
82	0	0		0
83	0	0		0
84	0	0		0
85	0	0		0
86	0	1	0.00	1
87	0	1	0.00	1
88	0	0		0
89	0	0		0
90	0	0		0
91	0	0		0
92	0	0		0
93	0	0		0
94	0	0		0
95	0	1	0.00	1
96	0	0		0
97	0	0		0

CHH context (R2)
================
position	count methylated	count unmethylated	% methylation	coverage
1	0	9	0.00	9
2	4	965	0.41	969
3	1	235	0.42	236
4	0	165	0.00	165
5	0	124	0.00	124
6	1	92	1.08	93
7	0	90	0.00	90
8	2	109	1.80	111
9	0	115	0.00	115
10	0	122	0.00	122
11	0	85	0.00	85
12	0	90	0.00	90
13	0	85	0.00	85
14	0	99	0.00	99
15	0	84	0.00	84
16	0	71	0.00	71
17	0	63	0.00	63
18	0	74	0.00	74
19	1	77	1.28	78
20	0	67	0.00	67
21	0	43	0.00	43
22	0	43	0.00	43
23	0	48	0.00	48
24	0	33	0.00	33
25	0	49	0.00	49
26	0	35	0.00	35
27	0	40	0.00	40
28	0	41	0.00	41
29	0	46	0.00	46
30	0	34	0.00	34
31	1	26	3.70	27
32	0	21	0.00	21
33	0	19	0.00	19
34	0	24	0.00	24
35	0	36	0.00	36
36	0	24	0.00	24
37	1	11	8.33	12
38	0	28	0.00	28
39	0	15	0.00	15
40	0	16	0.00	16
41	0	16	0.00	16
42	0	23	0.00	23
43	0	14	0.00	14
44	0	24	0.00	24
45	0	12	0.00	12
46	0	19	0.00	19
47	0	11	0.00	11
48	0	8	0.00	8
49	0	13	0.00	13
50	0	10	0.00	10
51	0	14	0.00	14
52	0	13	0.00	13
53	0	10	0.00	10
54	0	8	0.00	8
55	0	6	0.00	6
56	0	9	0.00	9
57	0	9	0.00	9
58	0	4	0.00	4
59	0	1	0.00	1
60	0	2	0.00	2
61	0	3	0.00	3
62	0	4	0.00	4
63	0	1	0.00	1
64	0	1	0.00	1
65	0	0		0
66	0	1	0.00	1
67	0	1	0.00	1
68	0	4	0.00	4
69	0	1	0.00	1
70	0	1	0.00	1
71	0	0		0
72	0	0		0
73	0	0		0
74	0	0		0
75	0	0		0
76	0	0		0
77	0	0		0
78	0	1	0.00	1
79	0	1	0.00	1
80	0	1	0.00	1
81	0	0		0
82	0	0		0
83	0	0		0
84	0	0		0
85	0	0		0
86	0	0		0
87	0	1	0.00	1
88	0	0		0
89	0	0		0
90	0	0		0
91	0	0		0
92	0	0		0
93	0	0		0
94	0	0		0
95	0	0		0
96	0	0		0
97	0	0		0

