CpG context (R1)
================
position	count methylated	count unmethylated	% methylation	coverage
1	178	2200	7.49	2378
2	0	25	0.00	25
3	0	14	0.00	14
4	16	161	9.04	177
5	8	215	3.59	223
6	5	273	1.80	278
7	9	218	3.96	227
8	10	281	3.44	291
9	11	236	4.45	247
10	14	243	5.45	257
11	7	257	2.65	264
12	13	273	4.55	286
13	15	269	5.28	284
14	11	257	4.10	268
15	7	226	3.00	233
16	8	307	2.54	315
17	8	240	3.23	248
18	6	231	2.53	237
19	13	260	4.76	273
20	9	246	3.53	255
21	14	208	6.31	222
22	12	275	4.18	287
23	6	281	2.09	287
24	17	220	7.17	237
25	12	288	4.00	300
26	10	285	3.39	295
27	15	257	5.51	272
28	15	260	5.45	275
29	11	237	4.44	248
30	14	266	5.00	280
31	13	282	4.41	295
32	18	299	5.68	317
33	5	197	2.48	202
34	12	278	4.14	290
35	13	274	4.53	287
36	13	213	5.75	226
37	11	263	4.01	274
38	21	211	9.05	232
39	7	235	2.89	242
40	9	257	3.38	266
41	17	272	5.88	289
42	11	258	4.09	269
43	15	259	5.47	274
44	14	246	5.38	260
45	11	314	3.38	325
46	15	202	6.91	217
47	23	283	7.52	306
48	5	260	1.89	265
49	16	233	6.43	249
50	11	239	4.40	250
51	15	230	6.12	245
52	13	228	5.39	241
53	7	239	2.85	246
54	11	266	3.97	277
55	15	299	4.78	314
56	8	236	3.28	244
57	14	242	5.47	256
58	11	253	4.17	264
59	11	262	4.03	273
60	19	258	6.86	277
61	11	209	5.00	220
62	14	220	5.98	234
63	17	222	7.11	239
64	8	231	3.35	239
65	11	255	4.14	266
66	16	274	5.52	290
67	12	206	5.50	218
68	8	207	3.72	215
69	8	193	3.98	201
70	17	216	7.30	233
71	20	237	7.78	257
72	10	213	4.48	223
73	14	246	5.38	260
74	9	194	4.43	203
75	11	160	6.43	171
76	14	206	6.36	220
77	16	196	7.55	212
78	5	195	2.50	200
79	8	217	3.56	225
80	7	169	3.98	176
81	5	173	2.81	178
82	11	188	5.53	199
83	10	132	7.04	142
84	9	153	5.56	162
85	5	189	2.58	194
86	14	148	8.64	162
87	7	165	4.07	172
88	5	116	4.13	121
89	8	149	5.10	157
90	7	122	5.43	129
91	10	151	6.21	161
92	9	136	6.21	145
93	13	123	9.56	136
94	5	127	3.79	132
95	9	121	6.92	130
96	6	104	5.45	110
97	3	119	2.46	122
98	5	104	4.59	109
99	2	64	3.03	66
100	1	7	12.50	8
101	0	4	0.00	4
102	1	5	16.67	6
103	0	5	0.00	5
104	0	4	0.00	4
105	0	3	0.00	3
106	0	5	0.00	5
107	0	5	0.00	5
108	0	2	0.00	2
109	0	8	0.00	8
110	0	4	0.00	4
111	0	3	0.00	3
112	1	4	20.00	5
113	0	4	0.00	4
114	0	4	0.00	4
115	0	2	0.00	2
116	0	2	0.00	2
117	0	4	0.00	4
118	0	1	0.00	1
119	0	2	0.00	2
120	0	3	0.00	3
121	0	5	0.00	5
122	0	3	0.00	3
123	0	3	0.00	3
124	0	5	0.00	5
125	0	1	0.00	1
126	0	3	0.00	3
127	0	3	0.00	3
128	0	1	0.00	1
129	0	2	0.00	2
130	0	1	0.00	1
131	0	0		0
132	0	6	0.00	6
133	0	3	0.00	3
134	0	2	0.00	2
135	0	0		0
136	0	2	0.00	2
137	0	2	0.00	2
138	1	1	50.00	2
139	0	1	0.00	1
140	0	0		0
141	0	1	0.00	1
142	0	0		0
143	0	1	0.00	1
144	0	2	0.00	2
145	0	0		0
146	0	0		0
147	0	0		0
148	0	0		0

CHG context (R1)
================
position	count methylated	count unmethylated	% methylation	coverage
1	0	18	0.00	18
2	0	25	0.00	25
3	0	16	0.00	16
4	0	134	0.00	134
5	0	202	0.00	202
6	0	216	0.00	216
7	1	240	0.41	241
8	0	226	0.00	226
9	3	212	1.40	215
10	0	209	0.00	209
11	1	242	0.41	243
12	1	205	0.49	206
13	0	208	0.00	208
14	0	207	0.00	207
15	0	229	0.00	229
16	1	203	0.49	204
17	1	240	0.41	241
18	0	242	0.00	242
19	1	222	0.45	223
20	1	195	0.51	196
21	0	222	0.00	222
22	0	258	0.00	258
23	0	188	0.00	188
24	0	167	0.00	167
25	0	246	0.00	246
26	0	213	0.00	213
27	0	235	0.00	235
28	0	224	0.00	224
29	0	213	0.00	213
30	0	203	0.00	203
31	3	231	1.28	234
32	1	181	0.55	182
33	0	255	0.00	255
34	1	257	0.39	258
35	0	224	0.00	224
36	1	202	0.49	203
37	1	216	0.46	217
38	0	207	0.00	207
39	3	198	1.49	201
40	2	212	0.93	214
41	2	233	0.85	235
42	0	211	0.00	211
43	1	215	0.46	216
44	0	277	0.00	277
45	0	174	0.00	174
46	0	216	0.00	216
47	2	202	0.98	204
48	0	213	0.00	213
49	2	217	0.91	219
50	0	199	0.00	199
51	1	222	0.45	223
52	2	218	0.91	220
53	1	192	0.52	193
54	2	187	1.06	189
55	0	174	0.00	174
56	0	232	0.00	232
57	0	172	0.00	172
58	0	211	0.00	211
59	0	185	0.00	185
60	1	156	0.64	157
61	1	174	0.57	175
62	1	174	0.57	175
63	1	178	0.56	179
64	1	202	0.49	203
65	1	216	0.46	217
66	1	168	0.59	169
67	0	185	0.00	185
68	1	182	0.55	183
69	0	178	0.00	178
70	1	207	0.48	208
71	1	151	0.66	152
72	2	170	1.16	172
73	0	157	0.00	157
74	0	127	0.00	127
75	0	159	0.00	159
76	0	164	0.00	164
77	1	167	0.60	168
78	1	135	0.74	136
79	0	144	0.00	144
80	0	162	0.00	162
81	0	178	0.00	178
82	1	98	1.01	99
83	1	141	0.70	142
84	1	134	0.74	135
85	0	120	0.00	120
86	0	159	0.00	159
87	0	117	0.00	117
88	1	132	0.75	133
89	0	97	0.00	97
90	0	112	0.00	112
91	0	130	0.00	130
92	0	73	0.00	73
93	0	87	0.00	87
94	0	103	0.00	103
95	0	80	0.00	80
96	0	108	0.00	108
97	0	136	0.00	136
98	0	99	0.00	99
99	0	39	0.00	39
100	0	5	0.00	5
101	0	6	0.00	6
102	0	6	0.00	6
103	0	5	0.00	5
104	0	1	0.00	1
105	0	9	0.00	9
106	0	7	0.00	7
107	0	0		0
108	0	11	0.00	11
109	0	4	0.00	4
110	0	0		0
111	0	8	0.00	8
112	0	5	0.00	5
113	0	3	0.00	3
114	0	2	0.00	2
115	0	0		0
116	0	2	0.00	2
117	0	2	0.00	2
118	0	4	0.00	4
119	0	0		0
120	0	5	0.00	5
121	0	4	0.00	4
122	0	1	0.00	1
123	0	6	0.00	6
124	0	0		0
125	0	3	0.00	3
126	0	2	0.00	2
127	0	0		0
128	0	2	0.00	2
129	0	0		0
130	0	2	0.00	2
131	0	3	0.00	3
132	0	3	0.00	3
133	0	1	0.00	1
134	0	0		0
135	0	1	0.00	1
136	0	3	0.00	3
137	0	1	0.00	1
138	0	0		0
139	0	1	0.00	1
140	0	0		0
141	0	0		0
142	0	0		0
143	0	0		0
144	0	0		0
145	0	0		0
146	0	0		0
147	0	0		0
148	0	1	0.00	1

CHH context (R1)
================
position	count methylated	count unmethylated	% methylation	coverage
1	2	34	5.56	36
2	0	26	0.00	26
3	0	16	0.00	16
4	1	346	0.29	347
5	2	404	0.49	406
6	4	430	0.92	434
7	0	391	0.00	391
8	1	374	0.27	375
9	2	352	0.56	354
10	2	328	0.61	330
11	0	321	0.00	321
12	0	359	0.00	359
13	1	375	0.27	376
14	0	369	0.00	369
15	1	354	0.28	355
16	0	326	0.00	326
17	4	322	1.23	326
18	2	318	0.62	320
19	0	348	0.00	348
20	6	349	1.69	355
21	1	349	0.29	350
22	2	318	0.62	320
23	5	335	1.47	340
24	3	379	0.79	382
25	0	390	0.00	390
26	1	327	0.30	328
27	0	370	0.00	370
28	0	385	0.00	385
29	1	354	0.28	355
30	3	368	0.81	371
31	0	327	0.00	327
32	1	378	0.26	379
33	2	325	0.61	327
34	2	299	0.66	301
35	1	286	0.35	287
36	1	409	0.24	410
37	1	379	0.26	380
38	1	344	0.29	345
39	1	336	0.30	337
40	0	325	0.00	325
41	1	342	0.29	343
42	1	346	0.29	347
43	2	376	0.53	378
44	1	326	0.31	327
45	0	278	0.00	278
46	0	326	0.00	326
47	0	326	0.00	326
48	1	341	0.29	342
49	1	377	0.26	378
50	0	392	0.00	392
51	0	398	0.00	398
52	0	366	0.00	366
53	1	324	0.31	325
54	0	329	0.00	329
55	2	313	0.63	315
56	1	294	0.34	295
57	0	278	0.00	278
58	1	281	0.35	282
59	2	317	0.63	319
60	0	319	0.00	319
61	1	366	0.27	367
62	1	346	0.29	347
63	1	320	0.31	321
64	0	331	0.00	331
65	2	298	0.67	300
66	5	278	1.77	283
67	1	328	0.30	329
68	1	361	0.28	362
69	0	295	0.00	295
70	0	260	0.00	260
71	1	292	0.34	293
72	1	268	0.37	269
73	0	277	0.00	277
74	0	267	0.00	267
75	1	319	0.31	320
76	0	303	0.00	303
77	2	248	0.80	250
78	1	274	0.36	275
79	1	266	0.37	267
80	0	281	0.00	281
81	2	242	0.82	244
82	2	251	0.79	253
83	0	238	0.00	238
84	1	230	0.43	231
85	0	250	0.00	250
86	0	248	0.00	248
87	0	204	0.00	204
88	4	243	1.62	247
89	0	204	0.00	204
90	2	174	1.14	176
91	0	191	0.00	191
92	1	193	0.52	194
93	1	175	0.57	176
94	1	144	0.69	145
95	0	182	0.00	182
96	1	137	0.72	138
97	1	161	0.62	162
98	1	141	0.70	142
99	0	64	0.00	64
100	0	3	0.00	3
101	0	8	0.00	8
102	0	11	0.00	11
103	0	7	0.00	7
104	0	12	0.00	12
105	0	8	0.00	8
106	0	6	0.00	6
107	0	4	0.00	4
108	0	4	0.00	4
109	0	3	0.00	3
110	0	5	0.00	5
111	0	2	0.00	2
112	0	2	0.00	2
113	0	1	0.00	1
114	0	2	0.00	2
115	0	3	0.00	3
116	0	0		0
117	0	5	0.00	5
118	0	3	0.00	3
119	0	4	0.00	4
120	0	2	0.00	2
121	0	2	0.00	2
122	0	3	0.00	3
123	0	1	0.00	1
124	0	4	0.00	4
125	0	2	0.00	2
126	0	6	0.00	6
127	0	2	0.00	2
128	0	3	0.00	3
129	0	4	0.00	4
130	0	3	0.00	3
131	0	1	0.00	1
132	0	1	0.00	1
133	0	0		0
134	0	5	0.00	5
135	0	4	0.00	4
136	0	1	0.00	1
137	0	0		0
138	0	3	0.00	3
139	0	0		0
140	0	1	0.00	1
141	0	0		0
142	0	1	0.00	1
143	0	1	0.00	1
144	0	0		0
145	0	0		0
146	0	0		0
147	0	0		0
148	0	0		0

CpG context (R2)
================
position	count methylated	count unmethylated	% methylation	coverage
1	0	18	0.00	18
2	1	19	5.00	20
3	4	64	5.88	68
4	4	60	6.25	64
5	2	70	2.78	72
6	6	64	8.57	70
7	4	131	2.96	135
8	2	70	2.78	72
9	5	70	6.67	75
10	0	79	0.00	79
11	1	60	1.64	61
12	1	67	1.47	68
13	7	88	7.37	95
14	3	37	7.50	40
15	3	57	5.00	60
16	3	40	6.98	43
17	1	40	2.44	41
18	4	44	8.33	48
19	1	33	2.94	34
20	3	38	7.32	41
21	0	22	0.00	22
22	5	39	11.36	44
23	3	40	6.98	43
24	2	51	3.77	53
25	0	41	0.00	41
26	1	32	3.03	33
27	4	35	10.26	39
28	2	28	6.67	30
29	2	27	6.90	29
30	1	17	5.56	18
31	0	34	0.00	34
32	0	18	0.00	18
33	0	9	0.00	9
34	1	28	3.45	29
35	0	10	0.00	10
36	1	12	7.69	13
37	0	26	0.00	26
38	0	20	0.00	20
39	0	11	0.00	11
40	0	12	0.00	12
41	0	15	0.00	15
42	0	13	0.00	13
43	1	14	6.67	15
44	0	18	0.00	18
45	0	4	0.00	4
46	1	14	6.67	15
47	0	10	0.00	10
48	0	14	0.00	14
49	1	4	20.00	5
50	0	5	0.00	5
51	0	7	0.00	7
52	0	7	0.00	7
53	0	3	0.00	3
54	0	5	0.00	5
55	1	3	25.00	4
56	0	2	0.00	2
57	1	2	33.33	3
58	0	7	0.00	7
59	0	2	0.00	2
60	0	2	0.00	2
61	0	6	0.00	6
62	0	0		0
63	1	2	33.33	3
64	0	1	0.00	1
65	0	1	0.00	1
66	0	2	0.00	2
67	0	1	0.00	1
68	0	0		0
69	0	1	0.00	1
70	0	0		0
71	0	0		0
72	0	1	0.00	1
73	0	0		0
74	0	0		0
75	0	0		0
76	0	0		0
77	0	0		0
78	0	0		0
79	0	0		0
80	0	0		0
81	0	1	0.00	1
82	0	0		0
83	0	1	0.00	1
84	0	0		0
85	0	0		0
86	0	0		0
87	0	0		0
88	0	0		0
89	0	0		0
90	0	1	0.00	1

CHG context (R2)
================
position	count methylated	count unmethylated	% methylation	coverage
1	6	2121	0.28	2127
2	0	25	0.00	25
3	0	8	0.00	8
4	0	38	0.00	38
5	0	52	0.00	52
6	0	64	0.00	64
7	0	84	0.00	84
8	1	99	1.00	100
9	0	60	0.00	60
10	0	58	0.00	58
11	0	67	0.00	67
12	0	20	0.00	20
13	0	50	0.00	50
14	0	58	0.00	58
15	0	47	0.00	47
16	0	42	0.00	42
17	0	49	0.00	49
18	0	51	0.00	51
19	0	52	0.00	52
20	0	55	0.00	55
21	0	40	0.00	40
22	0	46	0.00	46
23	0	31	0.00	31
24	0	14	0.00	14
25	0	37	0.00	37
26	0	20	0.00	20
27	0	11	0.00	11
28	0	15	0.00	15
29	0	28	0.00	28
30	0	24	0.00	24
31	0	21	0.00	21
32	0	26	0.00	26
33	0	17	0.00	17
34	0	19	0.00	19
35	1	32	3.03	33
36	0	11	0.00	11
37	0	11	0.00	11
38	0	11	0.00	11
39	0	10	0.00	10
40	0	15	0.00	15
41	0	10	0.00	10
42	0	3	0.00	3
43	0	7	0.00	7
44	0	11	0.00	11
45	0	10	0.00	10
46	0	3	0.00	3
47	0	7	0.00	7
48	0	10	0.00	10
49	0	8	0.00	8
50	0	11	0.00	11
51	0	3	0.00	3
52	0	12	0.00	12
53	0	4	0.00	4
54	0	2	0.00	2
55	0	4	0.00	4
56	0	6	0.00	6
57	0	0		0
58	0	2	0.00	2
59	0	0		0
60	0	3	0.00	3
61	0	1	0.00	1
62	0	0		0
63	0	5	0.00	5
64	0	2	0.00	2
65	0	0		0
66	0	0		0
67	0	0		0
68	0	0		0
69	0	0		0
70	0	0		0
71	0	2	0.00	2
72	0	0		0
73	0	1	0.00	1
74	0	0		0
75	0	0		0
76	0	0		0
77	0	1	0.00	1
78	0	0		0
79	0	0		0
80	0	0		0
81	0	0		0
82	0	0		0
83	0	0		0
84	0	0		0
85	0	0		0
86	0	1	0.00	1
87	0	0		0
88	0	0		0
89	0	0		0
90	0	0		0

CHH context (R2)
================
position	count methylated	count unmethylated	% methylation	coverage
1	0	8	0.00	8
2	0	1001	0.00	1001
3	2	262	0.76	264
4	1	195	0.51	196
5	1	157	0.63	158
6	0	84	0.00	84
7	0	99	0.00	99
8	1	119	0.83	120
9	0	116	0.00	116
10	0	124	0.00	124
11	0	67	0.00	67
12	0	77	0.00	77
13	0	45	0.00	45
14	0	69	0.00	69
15	0	72	0.00	72
16	0	69	0.00	69
17	0	55	0.00	55
18	0	61	0.00	61
19	1	62	1.59	63
20	0	51	0.00	51
21	1	50	1.96	51
22	0	36	0.00	36
23	0	36	0.00	36
24	1	43	2.27	44
25	0	40	0.00	40
26	0	41	0.00	41
27	0	25	0.00	25
28	0	29	0.00	29
29	0	35	0.00	35
30	0	24	0.00	24
31	0	25	0.00	25
32	0	35	0.00	35
33	0	22	0.00	22
34	0	23	0.00	23
35	0	18	0.00	18
36	0	19	0.00	19
37	0	13	0.00	13
38	0	17	0.00	17
39	0	10	0.00	10
40	0	24	0.00	24
41	1	19	5.00	20
42	0	16	0.00	16
43	0	11	0.00	11
44	0	17	0.00	17
45	0	13	0.00	13
46	0	9	0.00	9
47	0	9	0.00	9
48	0	4	0.00	4
49	0	9	0.00	9
50	0	10	0.00	10
51	0	14	0.00	14
52	1	13	7.14	14
53	0	17	0.00	17
54	0	8	0.00	8
55	0	10	0.00	10
56	0	11	0.00	11
57	0	5	0.00	5
58	0	4	0.00	4
59	0	1	0.00	1
60	0	1	0.00	1
61	0	2	0.00	2
62	0	3	0.00	3
63	0	1	0.00	1
64	0	0		0
65	0	0		0
66	0	0		0
67	0	0		0
68	0	3	0.00	3
69	0	0		0
70	0	0		0
71	0	0		0
72	0	0		0
73	0	0		0
74	0	0		0
75	0	1	0.00	1
76	0	0		0
77	0	1	0.00	1
78	0	0		0
79	0	0		0
80	0	0		0
81	0	0		0
82	0	0		0
83	0	0		0
84	0	0		0
85	0	0		0
86	0	0		0
87	0	0		0
88	0	0		0
89	0	0		0
90	0	0		0

