CpG context (R1)
================
position	count methylated	count unmethylated	% methylation	coverage
1	195	2177	8.22	2372
2	0	26	0.00	26
3	0	14	0.00	14
4	8	166	4.60	174
5	11	187	5.56	198
6	12	246	4.65	258
7	9	205	4.21	214
8	16	260	5.80	276
9	10	254	3.79	264
10	17	264	6.05	281
11	9	234	3.70	243
12	11	265	3.99	276
13	16	311	4.89	327
14	6	242	2.42	248
15	7	232	2.93	239
16	10	317	3.06	327
17	9	228	3.80	237
18	6	269	2.18	275
19	14	290	4.61	304
20	15	242	5.84	257
21	12	242	4.72	254
22	10	238	4.03	248
23	8	247	3.14	255
24	12	235	4.86	247
25	8	312	2.50	320
26	6	327	1.80	333
27	13	261	4.74	274
28	20	275	6.78	295
29	5	277	1.77	282
30	12	261	4.40	273
31	14	297	4.50	311
32	18	282	6.00	300
33	12	232	4.92	244
34	8	274	2.84	282
35	19	276	6.44	295
36	11	191	5.45	202
37	18	252	6.67	270
38	9	237	3.66	246
39	14	228	5.79	242
40	11	260	4.06	271
41	11	236	4.45	247
42	9	274	3.18	283
43	16	235	6.37	251
44	10	273	3.53	283
45	10	261	3.69	271
46	15	223	6.30	238
47	16	278	5.44	294
48	11	241	4.37	252
49	12	252	4.55	264
50	14	243	5.45	257
51	12	223	5.11	235
52	18	230	7.26	248
53	11	242	4.35	253
54	9	268	3.25	277
55	15	284	5.02	299
56	10	223	4.29	233
57	15	270	5.26	285
58	7	238	2.86	245
59	17	249	6.39	266
60	11	247	4.26	258
61	6	261	2.25	267
62	13	234	5.26	247
63	15	220	6.38	235
64	12	254	4.51	266
65	9	271	3.21	280
66	9	247	3.52	256
67	11	233	4.51	244
68	8	183	4.19	191
69	10	215	4.44	225
70	3	234	1.27	237
71	17	239	6.64	256
72	15	237	5.95	252
73	9	225	3.85	234
74	5	186	2.62	191
75	9	163	5.23	172
76	9	218	3.96	227
77	9	214	4.04	223
78	5	180	2.70	185
79	8	211	3.65	219
80	5	183	2.66	188
81	6	176	3.30	182
82	12	200	5.66	212
83	6	133	4.32	139
84	5	163	2.98	168
85	2	208	0.95	210
86	9	159	5.36	168
87	5	182	2.67	187
88	2	130	1.52	132
89	7	154	4.35	161
90	5	115	4.17	120
91	8	151	5.03	159
92	3	147	2.00	150
93	2	124	1.59	126
94	3	123	2.38	126
95	3	115	2.54	118
96	6	108	5.26	114
97	6	131	4.38	137
98	4	107	3.60	111
99	5	37	11.90	42
100	0	6	0.00	6
101	0	4	0.00	4
102	3	5	37.50	8
103	0	5	0.00	5
104	0	4	0.00	4
105	0	2	0.00	2
106	0	4	0.00	4
107	0	0		0
108	0	4	0.00	4
109	0	4	0.00	4
110	0	1	0.00	1
111	0	6	0.00	6
112	1	2	33.33	3
113	0	3	0.00	3
114	0	4	0.00	4
115	0	2	0.00	2
116	0	1	0.00	1
117	0	7	0.00	7
118	0	1	0.00	1
119	0	1	0.00	1
120	0	3	0.00	3
121	0	0		0
122	0	3	0.00	3
123	0	4	0.00	4
124	0	2	0.00	2
125	0	5	0.00	5
126	0	2	0.00	2
127	0	2	0.00	2
128	0	0		0
129	0	6	0.00	6
130	0	1	0.00	1
131	0	3	0.00	3
132	0	1	0.00	1
133	0	1	0.00	1
134	0	0		0
135	0	3	0.00	3
136	0	0		0
137	0	0		0
138	0	1	0.00	1
139	0	0		0
140	0	0		0
141	0	1	0.00	1
142	0	4	0.00	4
143	0	0		0
144	0	0		0
145	0	0		0
146	0	0		0
147	0	0		0
148	0	0		0
149	0	2	0.00	2

CHG context (R1)
================
position	count methylated	count unmethylated	% methylation	coverage
1	0	23	0.00	23
2	0	21	0.00	21
3	0	13	0.00	13
4	1	139	0.71	140
5	0	201	0.00	201
6	0	227	0.00	227
7	2	255	0.78	257
8	0	203	0.00	203
9	2	230	0.86	232
10	2	220	0.90	222
11	1	229	0.43	230
12	0	217	0.00	217
13	1	191	0.52	192
14	0	211	0.00	211
15	1	253	0.39	254
16	0	193	0.00	193
17	1	237	0.42	238
18	3	267	1.11	270
19	1	202	0.49	203
20	0	166	0.00	166
21	0	197	0.00	197
22	0	229	0.00	229
23	0	200	0.00	200
24	0	185	0.00	185
25	0	232	0.00	232
26	0	191	0.00	191
27	0	241	0.00	241
28	0	225	0.00	225
29	0	182	0.00	182
30	0	186	0.00	186
31	0	244	0.00	244
32	0	197	0.00	197
33	0	223	0.00	223
34	0	219	0.00	219
35	2	212	0.93	214
36	0	232	0.00	232
37	1	199	0.50	200
38	0	180	0.00	180
39	0	229	0.00	229
40	2	203	0.98	205
41	2	256	0.78	258
42	1	224	0.44	225
43	0	216	0.00	216
44	0	266	0.00	266
45	0	209	0.00	209
46	1	202	0.49	203
47	1	166	0.60	167
48	1	198	0.50	199
49	0	220	0.00	220
50	1	219	0.45	220
51	0	200	0.00	200
52	0	217	0.00	217
53	4	200	1.96	204
54	2	211	0.94	213
55	0	176	0.00	176
56	0	212	0.00	212
57	1	208	0.48	209
58	1	223	0.45	224
59	0	209	0.00	209
60	0	164	0.00	164
61	3	195	1.52	198
62	0	158	0.00	158
63	0	171	0.00	171
64	1	218	0.46	219
65	1	194	0.51	195
66	0	190	0.00	190
67	1	178	0.56	179
68	0	172	0.00	172
69	0	167	0.00	167
70	1	175	0.57	176
71	1	167	0.60	168
72	0	149	0.00	149
73	0	190	0.00	190
74	0	154	0.00	154
75	0	162	0.00	162
76	0	187	0.00	187
77	0	155	0.00	155
78	1	158	0.63	159
79	1	159	0.62	160
80	2	133	1.48	135
81	0	189	0.00	189
82	0	104	0.00	104
83	1	131	0.76	132
84	0	134	0.00	134
85	0	114	0.00	114
86	2	155	1.27	157
87	0	125	0.00	125
88	1	138	0.72	139
89	0	96	0.00	96
90	0	111	0.00	111
91	0	136	0.00	136
92	1	96	1.03	97
93	0	79	0.00	79
94	0	89	0.00	89
95	1	91	1.09	92
96	1	106	0.93	107
97	0	126	0.00	126
98	0	92	0.00	92
99	0	33	0.00	33
100	0	5	0.00	5
101	0	3	0.00	3
102	0	2	0.00	2
103	0	4	0.00	4
104	0	4	0.00	4
105	0	3	0.00	3
106	0	3	0.00	3
107	0	3	0.00	3
108	0	5	0.00	5
109	0	2	0.00	2
110	0	2	0.00	2
111	0	1	0.00	1
112	0	6	0.00	6
113	0	1	0.00	1
114	0	1	0.00	1
115	0	0		0
116	0	3	0.00	3
117	0	1	0.00	1
118	0	2	0.00	2
119	0	2	0.00	2
120	0	0		0
121	0	3	0.00	3
122	0	2	0.00	2
123	0	1	0.00	1
124	0	3	0.00	3
125	0	1	0.00	1
126	0	1	0.00	1
127	0	1	0.00	1
128	0	3	0.00	3
129	0	0		0
130	0	0		0
131	0	2	0.00	2
132	0	1	0.00	1
133	0	0		0
134	0	2	0.00	2
135	0	0		0
136	0	1	0.00	1
137	0	0		0
138	0	0		0
139	0	1	0.00	1
140	0	0		0
141	0	0		0
142	0	0		0
143	0	0		0
144	0	0		0
145	0	0		0
146	0	0		0
147	0	0		0
148	0	3	0.00	3
149	0	0		0

CHH context (R1)
================
position	count methylated	count unmethylated	% methylation	coverage
1	1	27	3.57	28
2	0	23	0.00	23
3	0	17	0.00	17
4	4	348	1.14	352
5	2	406	0.49	408
6	1	443	0.23	444
7	2	383	0.52	385
8	0	350	0.00	350
9	0	326	0.00	326
10	2	341	0.58	343
11	1	309	0.32	310
12	0	340	0.00	340
13	1	370	0.27	371
14	2	346	0.57	348
15	2	361	0.55	363
16	0	376	0.00	376
17	0	309	0.00	309
18	0	302	0.00	302
19	1	338	0.29	339
20	0	334	0.00	334
21	0	345	0.00	345
22	3	353	0.84	356
23	2	356	0.56	358
24	0	364	0.00	364
25	3	375	0.79	378
26	1	331	0.30	332
27	0	381	0.00	381
28	0	385	0.00	385
29	1	343	0.29	344
30	0	357	0.00	357
31	1	330	0.30	331
32	2	367	0.54	369
33	0	316	0.00	316
34	2	319	0.62	321
35	0	313	0.00	313
36	1	364	0.27	365
37	1	354	0.28	355
38	0	313	0.00	313
39	2	342	0.58	344
40	2	333	0.60	335
41	0	312	0.00	312
42	0	373	0.00	373
43	0	313	0.00	313
44	0	302	0.00	302
45	1	268	0.37	269
46	1	325	0.31	326
47	0	308	0.00	308
48	0	329	0.00	329
49	1	363	0.27	364
50	0	386	0.00	386
51	0	391	0.00	391
52	1	359	0.28	360
53	1	355	0.28	356
54	1	304	0.33	305
55	2	326	0.61	328
56	3	303	0.98	306
57	1	288	0.35	289
58	1	285	0.35	286
59	0	311	0.00	311
60	1	284	0.35	285
61	0	333	0.00	333
62	4	330	1.20	334
63	1	315	0.32	316
64	2	332	0.60	334
65	0	322	0.00	322
66	1	270	0.37	271
67	0	313	0.00	313
68	4	346	1.14	350
69	1	303	0.33	304
70	1	284	0.35	285
71	2	283	0.70	285
72	2	259	0.77	261
73	1	292	0.34	293
74	1	262	0.38	263
75	0	336	0.00	336
76	0	310	0.00	310
77	2	265	0.75	267
78	0	267	0.00	267
79	1	274	0.36	275
80	1	292	0.34	293
81	1	219	0.45	220
82	1	285	0.35	286
83	0	245	0.00	245
84	0	251	0.00	251
85	1	262	0.38	263
86	2	263	0.75	265
87	0	227	0.00	227
88	0	245	0.00	245
89	2	215	0.92	217
90	0	194	0.00	194
91	0	188	0.00	188
92	0	192	0.00	192
93	1	174	0.57	175
94	0	169	0.00	169
95	0	204	0.00	204
96	0	155	0.00	155
97	0	159	0.00	159
98	0	152	0.00	152
99	0	60	0.00	60
100	1	7	12.50	8
101	0	5	0.00	5
102	0	5	0.00	5
103	0	5	0.00	5
104	0	4	0.00	4
105	0	2	0.00	2
106	0	5	0.00	5
107	0	6	0.00	6
108	0	2	0.00	2
109	0	2	0.00	2
110	0	4	0.00	4
111	0	6	0.00	6
112	0	1	0.00	1
113	0	1	0.00	1
114	0	1	0.00	1
115	0	7	0.00	7
116	0	2	0.00	2
117	0	3	0.00	3
118	0	2	0.00	2
119	0	2	0.00	2
120	0	4	0.00	4
121	0	3	0.00	3
122	0	2	0.00	2
123	0	3	0.00	3
124	0	2	0.00	2
125	0	2	0.00	2
126	0	1	0.00	1
127	0	5	0.00	5
128	0	0		0
129	0	0		0
130	0	1	0.00	1
131	0	5	0.00	5
132	0	0		0
133	0	1	0.00	1
134	0	2	0.00	2
135	0	1	0.00	1
136	0	0		0
137	0	0		0
138	0	0		0
139	0	0		0
140	0	0		0
141	0	0		0
142	0	0		0
143	0	0		0
144	0	0		0
145	0	1	0.00	1
146	0	0		0
147	0	1	0.00	1
148	0	0		0
149	0	0		0

CpG context (R2)
================
position	count methylated	count unmethylated	% methylation	coverage
1	0	24	0.00	24
2	1	13	7.14	14
3	1	66	1.49	67
4	6	71	7.79	77
5	1	104	0.95	105
6	3	93	3.12	96
7	0	142	0.00	142
8	3	69	4.17	72
9	6	73	7.59	79
10	8	84	8.70	92
11	2	74	2.63	76
12	6	65	8.45	71
13	4	79	4.82	83
14	3	31	8.82	34
15	1	62	1.59	63
16	1	61	1.61	62
17	2	41	4.65	43
18	1	37	2.63	38
19	1	34	2.86	35
20	0	52	0.00	52
21	1	43	2.27	44
22	1	35	2.78	36
23	5	44	10.20	49
24	2	55	3.51	57
25	1	29	3.33	30
26	0	32	0.00	32
27	1	28	3.45	29
28	0	24	0.00	24
29	1	29	3.33	30
30	2	19	9.52	21
31	1	27	3.57	28
32	0	27	0.00	27
33	0	10	0.00	10
34	1	22	4.35	23
35	1	10	9.09	11
36	0	11	0.00	11
37	0	18	0.00	18
38	0	11	0.00	11
39	0	12	0.00	12
40	0	5	0.00	5
41	0	12	0.00	12
42	0	15	0.00	15
43	1	13	7.14	14
44	0	12	0.00	12
45	0	6	0.00	6
46	3	14	17.65	17
47	0	7	0.00	7
48	0	8	0.00	8
49	0	5	0.00	5
50	0	6	0.00	6
51	0	9	0.00	9
52	2	6	25.00	8
53	0	1	0.00	1
54	0	7	0.00	7
55	0	5	0.00	5
56	1	3	25.00	4
57	0	5	0.00	5
58	0	12	0.00	12
59	0	4	0.00	4
60	0	4	0.00	4
61	0	3	0.00	3
62	0	2	0.00	2
63	0	4	0.00	4
64	0	1	0.00	1
65	0	2	0.00	2
66	0	2	0.00	2
67	0	3	0.00	3
68	0	2	0.00	2
69	0	2	0.00	2
70	0	3	0.00	3
71	0	2	0.00	2
72	0	2	0.00	2
73	0	1	0.00	1
74	0	1	0.00	1
75	0	1	0.00	1
76	0	1	0.00	1
77	0	2	0.00	2
78	0	1	0.00	1
79	0	0		0
80	0	0		0
81	0	0		0
82	0	0		0
83	0	0		0
84	0	0		0
85	0	0		0
86	0	0		0
87	0	0		0
88	0	0		0
89	0	0		0
90	0	0		0
91	0	0		0
92	0	1	0.00	1
93	0	0		0
94	0	1	0.00	1
95	0	0		0
96	0	0		0
97	0	2	0.00	2

CHG context (R2)
================
position	count methylated	count unmethylated	% methylation	coverage
1	14	2087	0.67	2101
2	0	24	0.00	24
3	0	1	0.00	1
4	3	28	9.68	31
5	0	66	0.00	66
6	0	85	0.00	85
7	0	64	0.00	64
8	0	108	0.00	108
9	0	75	0.00	75
10	0	59	0.00	59
11	0	68	0.00	68
12	0	35	0.00	35
13	0	39	0.00	39
14	1	64	1.54	65
15	0	52	0.00	52
16	0	54	0.00	54
17	0	55	0.00	55
18	0	45	0.00	45
19	0	48	0.00	48
20	0	41	0.00	41
21	0	38	0.00	38
22	0	38	0.00	38
23	0	23	0.00	23
24	0	19	0.00	19
25	0	40	0.00	40
26	0	19	0.00	19
27	0	13	0.00	13
28	0	19	0.00	19
29	0	20	0.00	20
30	0	17	0.00	17
31	0	35	0.00	35
32	0	18	0.00	18
33	0	20	0.00	20
34	0	29	0.00	29
35	0	27	0.00	27
36	0	11	0.00	11
37	0	13	0.00	13
38	0	14	0.00	14
39	0	11	0.00	11
40	0	18	0.00	18
41	0	17	0.00	17
42	1	3	25.00	4
43	0	3	0.00	3
44	0	4	0.00	4
45	0	8	0.00	8
46	0	2	0.00	2
47	0	9	0.00	9
48	0	6	0.00	6
49	0	8	0.00	8
50	0	11	0.00	11
51	0	0		0
52	0	9	0.00	9
53	0	5	0.00	5
54	0	2	0.00	2
55	0	6	0.00	6
56	0	4	0.00	4
57	0	0		0
58	0	3	0.00	3
59	0	0		0
60	0	8	0.00	8
61	0	2	0.00	2
62	0	0		0
63	0	2	0.00	2
64	0	3	0.00	3
65	0	1	0.00	1
66	0	1	0.00	1
67	0	1	0.00	1
68	0	1	0.00	1
69	0	0		0
70	0	3	0.00	3
71	0	2	0.00	2
72	0	1	0.00	1
73	0	3	0.00	3
74	0	0		0
75	0	2	0.00	2
76	0	0		0
77	0	0		0
78	0	1	0.00	1
79	0	1	0.00	1
80	0	0		0
81	0	0		0
82	0	0		0
83	0	0		0
84	0	0		0
85	0	0		0
86	0	0		0
87	0	1	0.00	1
88	0	0		0
89	0	0		0
90	0	0		0
91	0	0		0
92	0	0		0
93	0	0		0
94	0	0		0
95	0	0		0
96	0	0		0
97	0	0		0

CHH context (R2)
================
position	count methylated	count unmethylated	% methylation	coverage
1	0	12	0.00	12
2	3	947	0.32	950
3	1	268	0.37	269
4	0	174	0.00	174
5	2	142	1.39	144
6	1	109	0.91	110
7	0	114	0.00	114
8	0	139	0.00	139
9	1	113	0.88	114
10	1	114	0.87	115
11	1	78	1.27	79
12	0	94	0.00	94
13	0	63	0.00	63
14	0	77	0.00	77
15	0	71	0.00	71
16	1	65	1.52	66
17	0	62	0.00	62
18	0	71	0.00	71
19	0	77	0.00	77
20	1	54	1.82	55
21	0	46	0.00	46
22	0	42	0.00	42
23	0	44	0.00	44
24	1	35	2.78	36
25	0	37	0.00	37
26	0	42	0.00	42
27	0	37	0.00	37
28	0	32	0.00	32
29	0	38	0.00	38
30	0	32	0.00	32
31	0	25	0.00	25
32	0	28	0.00	28
33	0	20	0.00	20
34	0	29	0.00	29
35	0	37	0.00	37
36	0	16	0.00	16
37	0	18	0.00	18
38	0	13	0.00	13
39	0	4	0.00	4
40	0	20	0.00	20
41	0	13	0.00	13
42	0	25	0.00	25
43	0	21	0.00	21
44	0	26	0.00	26
45	0	16	0.00	16
46	0	17	0.00	17
47	0	14	0.00	14
48	0	5	0.00	5
49	0	9	0.00	9
50	0	8	0.00	8
51	0	15	0.00	15
52	0	9	0.00	9
53	1	10	9.09	11
54	0	12	0.00	12
55	0	12	0.00	12
56	0	8	0.00	8
57	0	5	0.00	5
58	0	2	0.00	2
59	0	1	0.00	1
60	0	3	0.00	3
61	0	3	0.00	3
62	0	5	0.00	5
63	0	1	0.00	1
64	0	2	0.00	2
65	0	3	0.00	3
66	0	1	0.00	1
67	0	1	0.00	1
68	0	2	0.00	2
69	0	1	0.00	1
70	0	0		0
71	0	0		0
72	0	0		0
73	0	1	0.00	1
74	0	3	0.00	3
75	0	1	0.00	1
76	0	0		0
77	0	1	0.00	1
78	0	1	0.00	1
79	0	1	0.00	1
80	0	0		0
81	0	0		0
82	0	0		0
83	0	0		0
84	0	0		0
85	0	1	0.00	1
86	0	0		0
87	0	0		0
88	0	0		0
89	0	0		0
90	0	0		0
91	0	0		0
92	0	0		0
93	0	0		0
94	0	0		0
95	0	0		0
96	0	0		0
97	0	0		0

