CpG context (R1)
================
position	count methylated	count unmethylated	% methylation	coverage
1	193	2187	8.11	2380
2	0	15	0.00	15
3	2	15	11.76	17
4	8	177	4.32	185
5	14	212	6.19	226
6	12	268	4.29	280
7	17	220	7.17	237
8	19	276	6.44	295
9	10	246	3.91	256
10	12	252	4.55	264
11	12	246	4.65	258
12	20	277	6.73	297
13	20	290	6.45	310
14	12	260	4.41	272
15	15	217	6.47	232
16	16	297	5.11	313
17	6	219	2.67	225
18	7	279	2.45	286
19	11	305	3.48	316
20	10	242	3.97	252
21	8	226	3.42	234
22	18	264	6.38	282
23	12	256	4.48	268
24	14	250	5.30	264
25	18	310	5.49	328
26	12	274	4.20	286
27	5	271	1.81	276
28	11	240	4.38	251
29	10	244	3.94	254
30	14	270	4.93	284
31	16	295	5.14	311
32	14	269	4.95	283
33	9	202	4.27	211
34	13	269	4.61	282
35	14	267	4.98	281
36	12	207	5.48	219
37	15	271	5.24	286
38	13	222	5.53	235
39	10	235	4.08	245
40	11	248	4.25	259
41	17	266	6.01	283
42	18	259	6.50	277
43	6	247	2.37	253
44	7	243	2.80	250
45	16	257	5.86	273
46	21	222	8.64	243
47	19	292	6.11	311
48	8	235	3.29	243
49	21	220	8.71	241
50	7	211	3.21	218
51	12	233	4.90	245
52	11	254	4.15	265
53	10	202	4.72	212
54	14	227	5.81	241
55	11	299	3.55	310
56	13	225	5.46	238
57	11	222	4.72	233
58	12	234	4.88	246
59	9	264	3.30	273
60	15	236	5.98	251
61	6	234	2.50	240
62	13	225	5.46	238
63	15	182	7.61	197
64	13	261	4.74	274
65	16	273	5.54	289
66	17	230	6.88	247
67	8	226	3.42	234
68	6	232	2.52	238
69	8	179	4.28	187
70	12	210	5.41	222
71	12	242	4.72	254
72	9	216	4.00	225
73	12	227	5.02	239
74	6	199	2.93	205
75	12	185	6.09	197
76	7	193	3.50	200
77	9	221	3.91	230
78	10	199	4.78	209
79	12	240	4.76	252
80	7	172	3.91	179
81	13	146	8.18	159
82	9	199	4.33	208
83	5	171	2.84	176
84	5	178	2.73	183
85	6	177	3.28	183
86	11	188	5.53	199
87	5	166	2.92	171
88	4	116	3.33	120
89	15	162	8.47	177
90	6	145	3.97	151
91	5	144	3.36	149
92	6	155	3.73	161
93	11	131	7.75	142
94	10	122	7.58	132
95	6	113	5.04	119
96	8	96	7.69	104
97	9	120	6.98	129
98	6	114	5.00	120
99	1	49	2.00	50
100	0	12	0.00	12
101	0	6	0.00	6
102	0	2	0.00	2
103	2	9	18.18	11
104	1	7	12.50	8
105	0	2	0.00	2
106	0	4	0.00	4
107	0	2	0.00	2
108	0	4	0.00	4
109	0	4	0.00	4
110	0	3	0.00	3
111	1	2	33.33	3
112	0	4	0.00	4
113	0	1	0.00	1
114	0	2	0.00	2
115	1	1	50.00	2
116	1	2	33.33	3
117	1	4	20.00	5
118	1	1	50.00	2
119	0	3	0.00	3
120	0	1	0.00	1
121	0	3	0.00	3
122	0	1	0.00	1
123	0	0		0
124	1	4	20.00	5
125	0	1	0.00	1
126	0	1	0.00	1
127	0	1	0.00	1
128	0	1	0.00	1
129	0	1	0.00	1
130	1	0	100.00	1
131	0	2	0.00	2
132	1	0	100.00	1
133	1	2	33.33	3
134	0	1	0.00	1
135	0	2	0.00	2
136	0	0		0
137	0	0		0
138	0	2	0.00	2
139	1	0	100.00	1
140	0	0		0
141	0	1	0.00	1
142	0	2	0.00	2
143	0	0		0
144	0	0		0
145	1	0	100.00	1
146	0	0		0
147	0	0		0
148	0	1	0.00	1
149	0	1	0.00	1

CHG context (R1)
================
position	count methylated	count unmethylated	% methylation	coverage
1	0	13	0.00	13
2	0	21	0.00	21
3	0	18	0.00	18
4	0	131	0.00	131
5	0	199	0.00	199
6	0	220	0.00	220
7	1	257	0.39	258
8	0	223	0.00	223
9	0	228	0.00	228
10	0	224	0.00	224
11	0	226	0.00	226
12	2	233	0.85	235
13	0	220	0.00	220
14	0	203	0.00	203
15	1	231	0.43	232
16	1	231	0.43	232
17	0	214	0.00	214
18	1	238	0.42	239
19	1	210	0.47	211
20	0	200	0.00	200
21	3	224	1.32	227
22	0	239	0.00	239
23	0	218	0.00	218
24	0	184	0.00	184
25	0	260	0.00	260
26	1	215	0.46	216
27	0	212	0.00	212
28	2	241	0.82	243
29	0	187	0.00	187
30	0	201	0.00	201
31	0	252	0.00	252
32	1	207	0.48	208
33	0	235	0.00	235
34	1	235	0.42	236
35	0	244	0.00	244
36	1	223	0.45	224
37	1	227	0.44	228
38	1	192	0.52	193
39	2	221	0.90	223
40	0	213	0.00	213
41	1	289	0.34	290
42	0	219	0.00	219
43	0	195	0.00	195
44	3	256	1.16	259
45	0	212	0.00	212
46	0	231	0.00	231
47	0	199	0.00	199
48	1	210	0.47	211
49	0	201	0.00	201
50	0	194	0.00	194
51	0	227	0.00	227
52	0	200	0.00	200
53	0	219	0.00	219
54	3	215	1.38	218
55	1	172	0.58	173
56	0	205	0.00	205
57	1	205	0.49	206
58	1	209	0.48	210
59	0	169	0.00	169
60	0	164	0.00	164
61	3	190	1.55	193
62	0	143	0.00	143
63	0	197	0.00	197
64	1	214	0.47	215
65	2	175	1.13	177
66	1	164	0.61	165
67	0	207	0.00	207
68	1	186	0.53	187
69	0	183	0.00	183
70	2	191	1.04	193
71	0	172	0.00	172
72	0	142	0.00	142
73	1	164	0.61	165
74	1	136	0.73	137
75	1	147	0.68	148
76	0	172	0.00	172
77	0	172	0.00	172
78	0	151	0.00	151
79	0	157	0.00	157
80	0	108	0.00	108
81	1	174	0.57	175
82	1	123	0.81	124
83	1	126	0.79	127
84	0	115	0.00	115
85	1	111	0.89	112
86	0	175	0.00	175
87	0	119	0.00	119
88	1	140	0.71	141
89	0	120	0.00	120
90	1	93	1.06	94
91	0	141	0.00	141
92	0	81	0.00	81
93	1	86	1.15	87
94	3	118	2.48	121
95	0	104	0.00	104
96	0	104	0.00	104
97	0	131	0.00	131
98	1	87	1.14	88
99	0	35	0.00	35
100	0	2	0.00	2
101	0	4	0.00	4
102	0	6	0.00	6
103	0	4	0.00	4
104	0	3	0.00	3
105	0	5	0.00	5
106	0	4	0.00	4
107	0	3	0.00	3
108	0	4	0.00	4
109	0	4	0.00	4
110	0	5	0.00	5
111	0	3	0.00	3
112	0	2	0.00	2
113	0	1	0.00	1
114	0	5	0.00	5
115	0	0		0
116	0	2	0.00	2
117	0	0		0
118	0	3	0.00	3
119	0	1	0.00	1
120	0	0		0
121	0	3	0.00	3
122	0	0		0
123	0	1	0.00	1
124	0	1	0.00	1
125	0	1	0.00	1
126	0	0		0
127	0	1	0.00	1
128	0	2	0.00	2
129	0	0		0
130	0	0		0
131	0	0		0
132	0	3	0.00	3
133	0	0		0
134	0	0		0
135	0	1	0.00	1
136	0	0		0
137	0	0		0
138	0	0		0
139	0	0		0
140	0	0		0
141	0	0		0
142	0	0		0
143	0	0		0
144	0	0		0
145	0	0		0
146	0	0		0
147	0	1	0.00	1
148	0	1	0.00	1
149	0	1	0.00	1

CHH context (R1)
================
position	count methylated	count unmethylated	% methylation	coverage
1	0	25	0.00	25
2	0	32	0.00	32
3	0	21	0.00	21
4	1	334	0.30	335
5	0	397	0.00	397
6	3	429	0.69	432
7	0	452	0.00	452
8	1	348	0.29	349
9	2	349	0.57	351
10	0	350	0.00	350
11	2	368	0.54	370
12	0	343	0.00	343
13	2	350	0.57	352
14	1	386	0.26	387
15	3	398	0.75	401
16	0	351	0.00	351
17	0	338	0.00	338
18	0	289	0.00	289
19	0	315	0.00	315
20	2	358	0.56	360
21	3	305	0.97	308
22	0	323	0.00	323
23	2	326	0.61	328
24	2	341	0.58	343
25	0	377	0.00	377
26	2	374	0.53	376
27	2	417	0.48	419
28	0	378	0.00	378
29	1	357	0.28	358
30	2	394	0.51	396
31	0	362	0.00	362
32	1	414	0.24	415
33	5	309	1.59	314
34	0	329	0.00	329
35	1	314	0.32	315
36	0	373	0.00	373
37	3	305	0.97	308
38	0	327	0.00	327
39	0	347	0.00	347
40	0	294	0.00	294
41	0	314	0.00	314
42	0	335	0.00	335
43	2	344	0.58	346
44	0	342	0.00	342
45	0	318	0.00	318
46	0	330	0.00	330
47	0	323	0.00	323
48	1	315	0.32	316
49	3	395	0.75	398
50	2	390	0.51	392
51	1	372	0.27	373
52	2	318	0.62	320
53	2	326	0.61	328
54	0	300	0.00	300
55	0	335	0.00	335
56	1	286	0.35	287
57	0	293	0.00	293
58	1	298	0.33	299
59	2	342	0.58	344
60	1	331	0.30	332
61	0	328	0.00	328
62	4	374	1.06	378
63	1	296	0.34	297
64	3	334	0.89	337
65	0	301	0.00	301
66	0	283	0.00	283
67	2	322	0.62	324
68	1	333	0.30	334
69	1	311	0.32	312
70	0	316	0.00	316
71	1	275	0.36	276
72	1	284	0.35	285
73	0	287	0.00	287
74	1	285	0.35	286
75	0	295	0.00	295
76	0	333	0.00	333
77	2	273	0.73	275
78	2	271	0.73	273
79	1	257	0.39	258
80	0	301	0.00	301
81	0	278	0.00	278
82	1	284	0.35	285
83	0	234	0.00	234
84	2	239	0.83	241
85	1	289	0.34	290
86	1	281	0.35	282
87	0	219	0.00	219
88	0	252	0.00	252
89	0	217	0.00	217
90	1	211	0.47	212
91	0	182	0.00	182
92	1	202	0.49	203
93	1	183	0.54	184
94	0	181	0.00	181
95	2	207	0.96	209
96	1	162	0.61	163
97	0	159	0.00	159
98	2	175	1.13	177
99	0	60	0.00	60
100	0	8	0.00	8
101	0	5	0.00	5
102	0	9	0.00	9
103	0	5	0.00	5
104	0	5	0.00	5
105	0	9	0.00	9
106	0	10	0.00	10
107	0	6	0.00	6
108	1	5	16.67	6
109	0	4	0.00	4
110	0	5	0.00	5
111	0	3	0.00	3
112	0	1	0.00	1
113	0	5	0.00	5
114	0	3	0.00	3
115	0	1	0.00	1
116	0	1	0.00	1
117	0	3	0.00	3
118	0	1	0.00	1
119	0	3	0.00	3
120	0	2	0.00	2
121	0	1	0.00	1
122	0	3	0.00	3
123	0	2	0.00	2
124	0	2	0.00	2
125	0	1	0.00	1
126	0	1	0.00	1
127	0	0		0
128	0	1	0.00	1
129	0	0		0
130	0	1	0.00	1
131	0	2	0.00	2
132	0	0		0
133	0	0		0
134	0	1	0.00	1
135	0	1	0.00	1
136	0	0		0
137	0	0		0
138	0	0		0
139	0	0		0
140	0	0		0
141	0	1	0.00	1
142	0	0		0
143	0	0		0
144	0	0		0
145	0	0		0
146	0	0		0
147	0	0		0
148	0	0		0
149	0	0		0

CpG context (R2)
================
position	count methylated	count unmethylated	% methylation	coverage
1	0	23	0.00	23
2	0	20	0.00	20
3	2	77	2.53	79
4	8	71	10.13	79
5	7	95	6.86	102
6	7	76	8.43	83
7	9	134	6.29	143
8	3	79	3.66	82
9	7	88	7.37	95
10	1	70	1.41	71
11	5	59	7.81	64
12	3	72	4.00	75
13	6	74	7.50	80
14	0	47	0.00	47
15	2	55	3.51	57
16	2	51	3.77	53
17	0	36	0.00	36
18	3	45	6.25	48
19	2	31	6.06	33
20	4	49	7.55	53
21	1	29	3.33	30
22	4	38	9.52	42
23	4	40	9.09	44
24	2	59	3.28	61
25	2	31	6.06	33
26	1	36	2.70	37
27	4	28	12.50	32
28	0	22	0.00	22
29	3	36	7.69	39
30	2	18	10.00	20
31	3	19	13.64	22
32	3	26	10.34	29
33	2	15	11.76	17
34	5	14	26.32	19
35	1	12	7.69	13
36	0	12	0.00	12
37	2	15	11.76	17
38	3	17	15.00	20
39	1	14	6.67	15
40	0	7	0.00	7
41	1	10	9.09	11
42	1	7	12.50	8
43	1	15	6.25	16
44	1	13	7.14	14
45	0	1	0.00	1
46	2	14	12.50	16
47	0	9	0.00	9
48	0	8	0.00	8
49	0	3	0.00	3
50	2	5	28.57	7
51	2	7	22.22	9
52	1	5	16.67	6
53	1	4	20.00	5
54	1	6	14.29	7
55	1	1	50.00	2
56	0	4	0.00	4
57	0	3	0.00	3
58	1	2	33.33	3
59	0	3	0.00	3
60	1	2	33.33	3
61	0	0		0
62	0	1	0.00	1
63	0	2	0.00	2
64	0	2	0.00	2
65	1	1	50.00	2
66	0	2	0.00	2
67	0	0		0
68	0	0		0
69	0	0		0
70	0	0		0
71	0	1	0.00	1
72	0	0		0
73	0	0		0
74	0	0		0
75	0	1	0.00	1
76	0	0		0
77	0	1	0.00	1
78	0	0		0
79	0	0		0
80	0	0		0
81	0	0		0
82	0	0		0
83	0	0		0
84	0	0		0
85	0	0		0
86	0	0		0
87	0	0		0
88	0	0		0
89	0	0		0
90	0	0		0
91	0	0		0
92	0	0		0
93	0	0		0
94	0	1	0.00	1
95	0	0		0
96	0	0		0
97	0	1	0.00	1

CHG context (R2)
================
position	count methylated	count unmethylated	% methylation	coverage
1	9	2122	0.42	2131
2	0	24	0.00	24
3	0	5	0.00	5
4	0	36	0.00	36
5	0	66	0.00	66
6	0	75	0.00	75
7	1	77	1.28	78
8	2	109	1.80	111
9	0	68	0.00	68
10	0	58	0.00	58
11	2	65	2.99	67
12	0	35	0.00	35
13	0	40	0.00	40
14	0	53	0.00	53
15	0	46	0.00	46
16	0	53	0.00	53
17	1	49	2.00	50
18	0	50	0.00	50
19	0	45	0.00	45
20	0	55	0.00	55
21	0	39	0.00	39
22	0	45	0.00	45
23	0	34	0.00	34
24	0	17	0.00	17
25	0	42	0.00	42
26	0	21	0.00	21
27	1	6	14.29	7
28	0	18	0.00	18
29	1	28	3.45	29
30	0	22	0.00	22
31	1	29	3.33	30
32	0	15	0.00	15
33	0	31	0.00	31
34	1	21	4.55	22
35	0	23	0.00	23
36	1	14	6.67	15
37	0	7	0.00	7
38	0	13	0.00	13
39	0	10	0.00	10
40	0	19	0.00	19
41	0	14	0.00	14
42	0	5	0.00	5
43	0	4	0.00	4
44	0	2	0.00	2
45	0	11	0.00	11
46	0	3	0.00	3
47	1	9	10.00	10
48	0	6	0.00	6
49	0	7	0.00	7
50	1	7	12.50	8
51	0	5	0.00	5
52	0	11	0.00	11
53	0	4	0.00	4
54	0	2	0.00	2
55	0	6	0.00	6
56	0	5	0.00	5
57	0	1	0.00	1
58	0	3	0.00	3
59	0	3	0.00	3
60	0	4	0.00	4
61	0	1	0.00	1
62	0	0		0
63	0	2	0.00	2
64	0	1	0.00	1
65	0	0		0
66	0	0		0
67	0	2	0.00	2
68	0	1	0.00	1
69	0	0		0
70	0	0		0
71	0	0		0
72	0	1	0.00	1
73	0	0		0
74	0	0		0
75	0	1	0.00	1
76	0	0		0
77	0	0		0
78	0	1	0.00	1
79	0	0		0
80	0	0		0
81	0	0		0
82	0	0		0
83	0	0		0
84	0	0		0
85	0	0		0
86	0	0		0
87	0	1	0.00	1
88	0	0		0
89	0	0		0
90	0	0		0
91	0	0		0
92	0	0		0
93	0	0		0
94	0	0		0
95	0	0		0
96	0	0		0
97	0	0		0

CHH context (R2)
================
position	count methylated	count unmethylated	% methylation	coverage
1	0	7	0.00	7
2	2	993	0.20	995
3	1	259	0.38	260
4	0	181	0.00	181
5	0	127	0.00	127
6	0	99	0.00	99
7	0	112	0.00	112
8	1	131	0.76	132
9	0	119	0.00	119
10	1	126	0.79	127
11	0	88	0.00	88
12	0	85	0.00	85
13	3	64	4.48	67
14	0	89	0.00	89
15	0	71	0.00	71
16	1	65	1.52	66
17	0	66	0.00	66
18	0	62	0.00	62
19	0	75	0.00	75
20	0	59	0.00	59
21	0	50	0.00	50
22	0	50	0.00	50
23	1	44	2.22	45
24	0	40	0.00	40
25	0	50	0.00	50
26	0	36	0.00	36
27	0	40	0.00	40
28	1	31	3.12	32
29	1	26	3.70	27
30	0	25	0.00	25
31	0	26	0.00	26
32	0	29	0.00	29
33	0	22	0.00	22
34	0	27	0.00	27
35	0	28	0.00	28
36	0	22	0.00	22
37	0	12	0.00	12
38	0	21	0.00	21
39	0	5	0.00	5
40	0	12	0.00	12
41	0	10	0.00	10
42	0	15	0.00	15
43	0	15	0.00	15
44	0	15	0.00	15
45	0	11	0.00	11
46	1	16	5.88	17
47	0	12	0.00	12
48	0	6	0.00	6
49	0	12	0.00	12
50	0	9	0.00	9
51	0	12	0.00	12
52	0	9	0.00	9
53	0	10	0.00	10
54	0	8	0.00	8
55	0	10	0.00	10
56	0	9	0.00	9
57	0	5	0.00	5
58	0	2	0.00	2
59	0	1	0.00	1
60	0	2	0.00	2
61	0	2	0.00	2
62	0	2	0.00	2
63	0	0		0
64	0	0		0
65	0	1	0.00	1
66	0	0		0
67	0	0		0
68	0	1	0.00	1
69	0	2	0.00	2
70	0	0		0
71	0	0		0
72	0	0		0
73	0	0		0
74	0	0		0
75	0	0		0
76	0	0		0
77	0	0		0
78	0	0		0
79	0	1	0.00	1
80	0	0		0
81	0	0		0
82	0	0		0
83	0	0		0
84	0	0		0
85	0	0		0
86	0	0		0
87	0	0		0
88	0	0		0
89	0	0		0
90	0	0		0
91	0	0		0
92	0	0		0
93	0	0		0
94	0	0		0
95	0	0		0
96	0	0		0
97	0	0		0

