CpG context (R1)
================
position	count methylated	count unmethylated	% methylation	coverage
1	214	2156	9.03	2370
2	0	13	0.00	13
3	1	17	5.56	18
4	4	187	2.09	191
5	5	198	2.46	203
6	12	295	3.91	307
7	11	215	4.87	226
8	12	289	3.99	301
9	13	241	5.12	254
10	13	249	4.96	262
11	8	240	3.23	248
12	17	277	5.78	294
13	17	308	5.23	325
14	8	243	3.19	251
15	12	256	4.48	268
16	13	315	3.96	328
17	12	222	5.13	234
18	6	251	2.33	257
19	11	302	3.51	313
20	12	210	5.41	222
21	14	232	5.69	246
22	10	268	3.60	278
23	13	261	4.74	274
24	13	240	5.14	253
25	6	306	1.92	312
26	18	283	5.98	301
27	10	249	3.86	259
28	16	284	5.33	300
29	14	284	4.70	298
30	12	255	4.49	267
31	18	266	6.34	284
32	12	286	4.03	298
33	12	222	5.13	234
34	14	269	4.95	283
35	21	283	6.91	304
36	13	254	4.87	267
37	16	266	5.67	282
38	19	226	7.76	245
39	12	250	4.58	262
40	13	255	4.85	268
41	20	242	7.63	262
42	12	303	3.81	315
43	16	260	5.80	276
44	14	232	5.69	246
45	15	258	5.49	273
46	21	234	8.24	255
47	12	271	4.24	283
48	15	240	5.88	255
49	15	224	6.28	239
50	8	267	2.91	275
51	22	230	8.73	252
52	10	226	4.24	236
53	8	243	3.19	251
54	13	224	5.49	237
55	10	290	3.33	300
56	11	238	4.42	249
57	21	244	7.92	265
58	11	236	4.45	247
59	13	302	4.13	315
60	10	237	4.05	247
61	21	252	7.69	273
62	12	238	4.80	250
63	19	212	8.23	231
64	25	240	9.43	265
65	11	258	4.09	269
66	19	248	7.12	267
67	13	206	5.94	219
68	11	196	5.31	207
69	7	200	3.38	207
70	10	230	4.17	240
71	21	253	7.66	274
72	12	238	4.80	250
73	9	243	3.57	252
74	11	189	5.50	200
75	14	178	7.29	192
76	15	189	7.35	204
77	7	216	3.14	223
78	7	198	3.41	205
79	12	186	6.06	198
80	8	178	4.30	186
81	8	192	4.00	200
82	12	194	5.83	206
83	9	135	6.25	144
84	7	157	4.27	164
85	2	162	1.22	164
86	14	143	8.92	157
87	10	158	5.95	168
88	3	142	2.07	145
89	10	144	6.49	154
90	2	116	1.69	118
91	8	140	5.41	148
92	7	130	5.11	137
93	6	127	4.51	133
94	4	127	3.05	131
95	7	117	5.65	124
96	2	94	2.08	96
97	6	126	4.55	132
98	8	112	6.67	120
99	4	64	5.88	68
100	1	7	12.50	8
101	0	5	0.00	5
102	0	6	0.00	6
103	0	8	0.00	8
104	1	10	9.09	11
105	0	5	0.00	5
106	1	5	16.67	6
107	0	3	0.00	3
108	0	4	0.00	4
109	1	9	10.00	10
110	0	3	0.00	3
111	1	2	33.33	3
112	0	3	0.00	3
113	0	3	0.00	3
114	0	2	0.00	2
115	1	7	12.50	8
116	1	1	50.00	2
117	0	4	0.00	4
118	0	1	0.00	1
119	0	3	0.00	3
120	0	1	0.00	1
121	0	0		0
122	0	3	0.00	3
123	0	2	0.00	2
124	0	2	0.00	2
125	0	5	0.00	5
126	0	0		0
127	0	2	0.00	2
128	0	1	0.00	1
129	0	2	0.00	2
130	0	0		0
131	0	1	0.00	1
132	0	0		0
133	0	1	0.00	1
134	0	0		0
135	0	1	0.00	1
136	0	1	0.00	1
137	0	0		0
138	0	3	0.00	3
139	0	0		0
140	0	1	0.00	1
141	0	1	0.00	1
142	0	0		0
143	1	1	50.00	2
144	0	0		0
145	0	1	0.00	1
146	0	0		0
147	0	2	0.00	2
148	0	0		0
149	0	1	0.00	1

CHG context (R1)
================
position	count methylated	count unmethylated	% methylation	coverage
1	0	11	0.00	11
2	1	22	4.35	23
3	0	13	0.00	13
4	1	120	0.83	121
5	1	188	0.53	189
6	2	213	0.93	215
7	1	237	0.42	238
8	1	214	0.47	215
9	1	242	0.41	243
10	1	203	0.49	204
11	0	264	0.00	264
12	0	216	0.00	216
13	0	170	0.00	170
14	0	211	0.00	211
15	3	236	1.26	239
16	2	198	1.00	200
17	1	234	0.43	235
18	1	258	0.39	259
19	2	174	1.14	176
20	1	176	0.56	177
21	2	188	1.05	190
22	0	237	0.00	237
23	0	212	0.00	212
24	1	199	0.50	200
25	0	249	0.00	249
26	1	208	0.48	209
27	1	208	0.48	209
28	0	245	0.00	245
29	1	192	0.52	193
30	0	181	0.00	181
31	3	244	1.21	247
32	0	180	0.00	180
33	0	235	0.00	235
34	1	227	0.44	228
35	1	248	0.40	249
36	0	197	0.00	197
37	0	203	0.00	203
38	0	194	0.00	194
39	1	192	0.52	193
40	2	200	0.99	202
41	1	257	0.39	258
42	0	208	0.00	208
43	0	200	0.00	200
44	0	257	0.00	257
45	5	227	2.16	232
46	0	219	0.00	219
47	0	199	0.00	199
48	0	210	0.00	210
49	0	208	0.00	208
50	0	202	0.00	202
51	0	226	0.00	226
52	0	215	0.00	215
53	2	214	0.93	216
54	2	211	0.94	213
55	0	173	0.00	173
56	0	221	0.00	221
57	3	199	1.49	202
58	1	219	0.45	220
59	1	187	0.53	188
60	2	150	1.32	152
61	0	181	0.00	181
62	2	174	1.14	176
63	0	176	0.00	176
64	1	198	0.50	199
65	0	194	0.00	194
66	0	171	0.00	171
67	1	189	0.53	190
68	0	205	0.00	205
69	0	175	0.00	175
70	2	179	1.10	181
71	0	168	0.00	168
72	1	161	0.62	162
73	1	167	0.60	168
74	0	146	0.00	146
75	2	145	1.36	147
76	0	172	0.00	172
77	0	196	0.00	196
78	1	154	0.65	155
79	0	133	0.00	133
80	3	150	1.96	153
81	1	175	0.57	176
82	0	119	0.00	119
83	0	124	0.00	124
84	1	121	0.82	122
85	1	143	0.69	144
86	0	144	0.00	144
87	0	125	0.00	125
88	1	126	0.79	127
89	0	107	0.00	107
90	1	108	0.92	109
91	0	135	0.00	135
92	1	76	1.30	77
93	0	74	0.00	74
94	1	115	0.86	116
95	0	74	0.00	74
96	1	113	0.88	114
97	0	123	0.00	123
98	0	82	0.00	82
99	0	35	0.00	35
100	0	6	0.00	6
101	0	3	0.00	3
102	0	4	0.00	4
103	0	3	0.00	3
104	0	3	0.00	3
105	0	5	0.00	5
106	0	4	0.00	4
107	0	2	0.00	2
108	0	9	0.00	9
109	0	2	0.00	2
110	0	5	0.00	5
111	0	3	0.00	3
112	0	7	0.00	7
113	0	1	0.00	1
114	0	3	0.00	3
115	0	1	0.00	1
116	0	3	0.00	3
117	0	3	0.00	3
118	0	0		0
119	0	1	0.00	1
120	0	2	0.00	2
121	0	2	0.00	2
122	0	0		0
123	0	0		0
124	0	2	0.00	2
125	0	0		0
126	0	2	0.00	2
127	0	2	0.00	2
128	0	1	0.00	1
129	0	0		0
130	0	0		0
131	0	1	0.00	1
132	0	2	0.00	2
133	0	1	0.00	1
134	0	0		0
135	0	3	0.00	3
136	0	0		0
137	0	0		0
138	0	0		0
139	0	1	0.00	1
140	0	0		0
141	0	1	0.00	1
142	0	1	0.00	1
143	0	0		0
144	0	0		0
145	0	0		0
146	0	0		0
147	0	0		0
148	0	1	0.00	1
149	0	1	0.00	1

CHH context (R1)
================
position	count methylated	count unmethylated	% methylation	coverage
1	1	36	2.70	37
2	0	42	0.00	42
3	1	23	4.17	24
4	0	343	0.00	343
5	0	387	0.00	387
6	2	432	0.46	434
7	0	404	0.00	404
8	0	361	0.00	361
9	2	323	0.62	325
10	0	331	0.00	331
11	2	309	0.64	311
12	2	331	0.60	333
13	1	373	0.27	374
14	1	360	0.28	361
15	0	373	0.00	373
16	2	377	0.53	379
17	1	348	0.29	349
18	2	276	0.72	278
19	0	325	0.00	325
20	4	358	1.10	362
21	1	319	0.31	320
22	2	315	0.63	317
23	0	335	0.00	335
24	2	341	0.58	343
25	0	369	0.00	369
26	1	353	0.28	354
27	0	411	0.00	411
28	2	379	0.52	381
29	1	314	0.32	315
30	3	333	0.89	336
31	1	352	0.28	353
32	0	402	0.00	402
33	3	302	0.98	305
34	0	309	0.00	309
35	0	291	0.00	291
36	0	350	0.00	350
37	1	341	0.29	342
38	2	342	0.58	344
39	1	354	0.28	355
40	1	344	0.29	345
41	1	318	0.31	319
42	0	311	0.00	311
43	0	338	0.00	338
44	2	328	0.61	330
45	1	310	0.32	311
46	2	337	0.59	339
47	2	312	0.64	314
48	3	342	0.87	345
49	1	393	0.25	394
50	1	397	0.25	398
51	0	389	0.00	389
52	1	337	0.30	338
53	2	349	0.57	351
54	2	323	0.62	325
55	0	334	0.00	334
56	0	309	0.00	309
57	2	305	0.65	307
58	0	274	0.00	274
59	2	303	0.66	305
60	2	273	0.73	275
61	2	320	0.62	322
62	1	307	0.32	308
63	0	314	0.00	314
64	1	326	0.31	327
65	1	317	0.31	318
66	1	290	0.34	291
67	1	323	0.31	324
68	1	344	0.29	345
69	3	290	1.02	293
70	1	299	0.33	300
71	0	270	0.00	270
72	1	261	0.38	262
73	1	265	0.38	266
74	3	274	1.08	277
75	0	289	0.00	289
76	1	304	0.33	305
77	2	271	0.73	273
78	1	278	0.36	279
79	1	275	0.36	276
80	1	275	0.36	276
81	3	241	1.23	244
82	2	264	0.75	266
83	0	233	0.00	233
84	2	242	0.82	244
85	0	261	0.00	261
86	2	265	0.75	267
87	1	186	0.53	187
88	1	240	0.41	241
89	0	210	0.00	210
90	1	183	0.54	184
91	1	172	0.58	173
92	0	183	0.00	183
93	2	185	1.07	187
94	0	166	0.00	166
95	0	185	0.00	185
96	0	148	0.00	148
97	1	137	0.72	138
98	0	164	0.00	164
99	0	64	0.00	64
100	0	5	0.00	5
101	0	9	0.00	9
102	0	4	0.00	4
103	0	2	0.00	2
104	0	6	0.00	6
105	0	3	0.00	3
106	0	7	0.00	7
107	0	6	0.00	6
108	0	5	0.00	5
109	0	3	0.00	3
110	0	3	0.00	3
111	0	5	0.00	5
112	0	3	0.00	3
113	0	4	0.00	4
114	0	3	0.00	3
115	0	3	0.00	3
116	0	1	0.00	1
117	0	2	0.00	2
118	0	1	0.00	1
119	0	3	0.00	3
120	0	5	0.00	5
121	0	2	0.00	2
122	0	3	0.00	3
123	0	2	0.00	2
124	0	3	0.00	3
125	0	3	0.00	3
126	0	4	0.00	4
127	0	1	0.00	1
128	0	1	0.00	1
129	0	2	0.00	2
130	0	0		0
131	0	3	0.00	3
132	0	0		0
133	0	1	0.00	1
134	0	1	0.00	1
135	0	1	0.00	1
136	0	0		0
137	0	1	0.00	1
138	0	1	0.00	1
139	0	0		0
140	0	1	0.00	1
141	0	2	0.00	2
142	0	0		0
143	0	0		0
144	0	1	0.00	1
145	0	1	0.00	1
146	0	0		0
147	0	0		0
148	0	0		0
149	0	1	0.00	1

CpG context (R2)
================
position	count methylated	count unmethylated	% methylation	coverage
1	0	19	0.00	19
2	0	16	0.00	16
3	1	80	1.23	81
4	1	59	1.67	60
5	6	94	6.00	100
6	5	80	5.88	85
7	4	131	2.96	135
8	2	85	2.30	87
9	2	61	3.17	63
10	4	85	4.49	89
11	3	82	3.53	85
12	1	75	1.32	76
13	1	85	1.16	86
14	0	38	0.00	38
15	3	71	4.05	74
16	1	46	2.13	47
17	1	38	2.56	39
18	4	47	7.84	51
19	3	38	7.32	41
20	4	31	11.43	35
21	2	39	4.88	41
22	4	50	7.41	54
23	3	45	6.25	48
24	4	56	6.67	60
25	1	28	3.45	29
26	2	27	6.90	29
27	3	32	8.57	35
28	1	29	3.33	30
29	2	33	5.71	35
30	0	25	0.00	25
31	5	23	17.86	28
32	3	32	8.57	35
33	1	20	4.76	21
34	2	25	7.41	27
35	1	16	5.88	17
36	1	13	7.14	14
37	1	28	3.45	29
38	0	20	0.00	20
39	0	9	0.00	9
40	0	5	0.00	5
41	0	16	0.00	16
42	0	15	0.00	15
43	0	16	0.00	16
44	0	14	0.00	14
45	0	4	0.00	4
46	0	17	0.00	17
47	0	4	0.00	4
48	0	9	0.00	9
49	0	9	0.00	9
50	1	6	14.29	7
51	0	10	0.00	10
52	1	7	12.50	8
53	0	2	0.00	2
54	1	5	16.67	6
55	0	5	0.00	5
56	0	5	0.00	5
57	1	8	11.11	9
58	0	5	0.00	5
59	0	1	0.00	1
60	1	4	20.00	5
61	0	2	0.00	2
62	0	1	0.00	1
63	0	4	0.00	4
64	0	3	0.00	3
65	1	2	33.33	3
66	0	0		0
67	0	2	0.00	2
68	0	1	0.00	1
69	0	2	0.00	2
70	0	1	0.00	1
71	0	1	0.00	1
72	0	4	0.00	4
73	0	0		0
74	0	0		0
75	0	1	0.00	1
76	0	0		0
77	0	2	0.00	2
78	0	0		0
79	0	1	0.00	1
80	0	1	0.00	1
81	0	0		0
82	0	1	0.00	1
83	0	0		0
84	0	0		0
85	0	1	0.00	1
86	0	1	0.00	1
87	0	0		0
88	0	0		0
89	0	1	0.00	1
90	0	0		0
91	0	1	0.00	1
92	0	0		0
93	0	0		0
94	0	3	0.00	3
95	0	0		0
96	0	0		0
97	0	4	0.00	4

CHG context (R2)
================
position	count methylated	count unmethylated	% methylation	coverage
1	10	2130	0.47	2140
2	0	15	0.00	15
3	0	4	0.00	4
4	2	52	3.70	54
5	0	60	0.00	60
6	1	78	1.27	79
7	0	80	0.00	80
8	0	82	0.00	82
9	0	78	0.00	78
10	0	57	0.00	57
11	1	69	1.43	70
12	0	42	0.00	42
13	0	43	0.00	43
14	0	41	0.00	41
15	0	45	0.00	45
16	0	44	0.00	44
17	1	44	2.22	45
18	0	57	0.00	57
19	0	41	0.00	41
20	1	49	2.00	50
21	0	54	0.00	54
22	0	41	0.00	41
23	0	31	0.00	31
24	0	19	0.00	19
25	1	51	1.92	52
26	0	22	0.00	22
27	0	17	0.00	17
28	0	27	0.00	27
29	0	24	0.00	24
30	0	27	0.00	27
31	0	38	0.00	38
32	0	18	0.00	18
33	0	18	0.00	18
34	1	26	3.70	27
35	0	28	0.00	28
36	0	21	0.00	21
37	0	12	0.00	12
38	0	8	0.00	8
39	0	17	0.00	17
40	0	14	0.00	14
41	1	16	5.88	17
42	0	4	0.00	4
43	0	12	0.00	12
44	0	5	0.00	5
45	1	5	16.67	6
46	0	6	0.00	6
47	0	6	0.00	6
48	0	10	0.00	10
49	0	8	0.00	8
50	1	11	8.33	12
51	0	1	0.00	1
52	0	15	0.00	15
53	0	3	0.00	3
54	0	0		0
55	0	4	0.00	4
56	0	2	0.00	2
57	0	1	0.00	1
58	0	4	0.00	4
59	0	1	0.00	1
60	0	2	0.00	2
61	0	2	0.00	2
62	0	0		0
63	0	4	0.00	4
64	0	0		0
65	0	0		0
66	0	0		0
67	0	0		0
68	0	1	0.00	1
69	0	0		0
70	0	1	0.00	1
71	0	0		0
72	0	3	0.00	3
73	0	3	0.00	3
74	0	0		0
75	0	3	0.00	3
76	0	0		0
77	0	2	0.00	2
78	0	3	0.00	3
79	0	0		0
80	0	1	0.00	1
81	0	0		0
82	0	0		0
83	0	0		0
84	0	0		0
85	0	0		0
86	0	1	0.00	1
87	0	3	0.00	3
88	0	0		0
89	0	0		0
90	0	0		0
91	0	0		0
92	0	0		0
93	0	1	0.00	1
94	0	0		0
95	0	1	0.00	1
96	0	0		0
97	0	0		0

CHH context (R2)
================
position	count methylated	count unmethylated	% methylation	coverage
1	0	13	0.00	13
2	1	981	0.10	982
3	0	240	0.00	240
4	0	183	0.00	183
5	0	138	0.00	138
6	1	92	1.08	93
7	0	110	0.00	110
8	1	133	0.75	134
9	0	104	0.00	104
10	0	104	0.00	104
11	0	93	0.00	93
12	0	77	0.00	77
13	0	75	0.00	75
14	2	80	2.44	82
15	0	85	0.00	85
16	0	72	0.00	72
17	0	86	0.00	86
18	0	81	0.00	81
19	0	72	0.00	72
20	0	67	0.00	67
21	0	47	0.00	47
22	0	46	0.00	46
23	1	39	2.50	40
24	0	39	0.00	39
25	0	42	0.00	42
26	0	44	0.00	44
27	0	31	0.00	31
28	0	28	0.00	28
29	0	36	0.00	36
30	0	34	0.00	34
31	0	28	0.00	28
32	0	45	0.00	45
33	0	20	0.00	20
34	0	35	0.00	35
35	1	32	3.03	33
36	0	20	0.00	20
37	0	19	0.00	19
38	0	31	0.00	31
39	0	14	0.00	14
40	0	19	0.00	19
41	0	14	0.00	14
42	1	16	5.88	17
43	0	13	0.00	13
44	0	30	0.00	30
45	0	17	0.00	17
46	0	7	0.00	7
47	0	11	0.00	11
48	0	3	0.00	3
49	0	9	0.00	9
50	0	7	0.00	7
51	0	10	0.00	10
52	0	12	0.00	12
53	0	16	0.00	16
54	0	12	0.00	12
55	0	8	0.00	8
56	0	9	0.00	9
57	0	1	0.00	1
58	0	4	0.00	4
59	0	2	0.00	2
60	0	4	0.00	4
61	0	5	0.00	5
62	0	3	0.00	3
63	0	2	0.00	2
64	0	3	0.00	3
65	0	3	0.00	3
66	0	2	0.00	2
67	0	1	0.00	1
68	0	4	0.00	4
69	0	1	0.00	1
70	0	0		0
71	0	0		0
72	0	0		0
73	0	0		0
74	0	2	0.00	2
75	0	1	0.00	1
76	0	0		0
77	0	1	0.00	1
78	0	1	0.00	1
79	0	4	0.00	4
80	0	1	0.00	1
81	0	0		0
82	0	0		0
83	0	0		0
84	0	0		0
85	0	0		0
86	0	0		0
87	0	1	0.00	1
88	0	0		0
89	0	1	0.00	1
90	0	0		0
91	0	0		0
92	0	0		0
93	0	0		0
94	0	0		0
95	0	0		0
96	0	0		0
97	0	0		0

