CpG context (R1)
================
position	count methylated	count unmethylated	% methylation	coverage
1	194	2181	8.17	2375
2	0	16	0.00	16
3	3	21	12.50	24
4	11	179	5.79	190
5	11	181	5.73	192
6	10	270	3.57	280
7	10	210	4.55	220
8	14	285	4.68	299
9	9	232	3.73	241
10	14	269	4.95	283
11	12	239	4.78	251
12	14	298	4.49	312
13	12	298	3.87	310
14	19	250	7.06	269
15	7	250	2.72	257
16	15	300	4.76	315
17	6	224	2.61	230
18	11	246	4.28	257
19	17	324	4.99	341
20	4	206	1.90	210
21	14	209	6.28	223
22	15	268	5.30	283
23	11	265	3.99	276
24	20	232	7.94	252
25	16	296	5.13	312
26	17	266	6.01	283
27	13	282	4.41	295
28	15	279	5.10	294
29	6	259	2.26	265
30	18	248	6.77	266
31	11	282	3.75	293
32	12	297	3.88	309
33	13	223	5.51	236
34	14	232	5.69	246
35	14	263	5.05	277
36	9	218	3.96	227
37	11	272	3.89	283
38	16	233	6.43	249
39	13	234	5.26	247
40	8	272	2.86	280
41	16	264	5.71	280
42	15	262	5.42	277
43	17	243	6.54	260
44	19	229	7.66	248
45	17	263	6.07	280
46	16	214	6.96	230
47	16	255	5.90	271
48	12	260	4.41	272
49	13	233	5.28	246
50	8	210	3.67	218
51	12	252	4.55	264
52	8	247	3.14	255
53	11	220	4.76	231
54	13	254	4.87	267
55	11	300	3.54	311
56	7	234	2.90	241
57	11	231	4.55	242
58	7	238	2.86	245
59	14	286	4.67	300
60	11	251	4.20	262
61	13	246	5.02	259
62	17	217	7.26	234
63	17	211	7.46	228
64	10	227	4.22	237
65	17	270	5.92	287
66	9	256	3.40	265
67	21	195	9.72	216
68	12	193	5.85	205
69	14	189	6.90	203
70	10	231	4.15	241
71	16	217	6.87	233
72	5	242	2.02	247
73	20	215	8.51	235
74	7	169	3.98	176
75	12	181	6.22	193
76	4	210	1.87	214
77	7	212	3.20	219
78	9	179	4.79	188
79	9	216	4.00	225
80	6	166	3.49	172
81	5	183	2.66	188
82	12	219	5.19	231
83	7	138	4.83	145
84	6	183	3.17	189
85	8	204	3.77	212
86	14	161	8.00	175
87	9	171	5.00	180
88	5	149	3.25	154
89	8	160	4.76	168
90	6	111	5.13	117
91	4	139	2.80	143
92	5	142	3.40	147
93	11	143	7.14	154
94	5	119	4.03	124
95	12	113	9.60	125
96	8	98	7.55	106
97	4	122	3.17	126
98	3	103	2.83	106
99	1	48	2.04	49
100	0	9	0.00	9
101	0	2	0.00	2
102	1	2	33.33	3
103	0	4	0.00	4
104	0	7	0.00	7
105	0	0		0
106	0	4	0.00	4
107	0	3	0.00	3
108	1	5	16.67	6
109	0	7	0.00	7
110	0	2	0.00	2
111	0	2	0.00	2
112	1	5	16.67	6
113	1	2	33.33	3
114	0	1	0.00	1
115	1	4	20.00	5
116	0	2	0.00	2
117	0	6	0.00	6
118	0	1	0.00	1
119	0	5	0.00	5
120	0	3	0.00	3
121	0	1	0.00	1
122	0	3	0.00	3
123	0	2	0.00	2
124	0	2	0.00	2
125	0	0		0
126	0	2	0.00	2
127	0	0		0
128	0	2	0.00	2
129	0	0		0
130	0	0		0
131	0	2	0.00	2
132	0	0		0
133	0	1	0.00	1
134	0	1	0.00	1
135	0	0		0
136	0	2	0.00	2
137	0	3	0.00	3
138	0	1	0.00	1
139	0	1	0.00	1
140	0	1	0.00	1
141	0	0		0
142	0	0		0
143	0	0		0
144	0	1	0.00	1
145	0	0		0
146	0	0		0
147	0	1	0.00	1
148	0	1	0.00	1
149	0	1	0.00	1

CHG context (R1)
================
position	count methylated	count unmethylated	% methylation	coverage
1	0	14	0.00	14
2	1	28	3.45	29
3	0	9	0.00	9
4	1	130	0.76	131
5	2	210	0.94	212
6	0	216	0.00	216
7	1	268	0.37	269
8	0	232	0.00	232
9	1	227	0.44	228
10	0	198	0.00	198
11	0	237	0.00	237
12	0	205	0.00	205
13	1	195	0.51	196
14	1	201	0.50	202
15	0	255	0.00	255
16	1	216	0.46	217
17	1	242	0.41	243
18	1	263	0.38	264
19	3	178	1.66	181
20	0	162	0.00	162
21	0	226	0.00	226
22	1	233	0.43	234
23	0	208	0.00	208
24	0	190	0.00	190
25	0	249	0.00	249
26	1	202	0.49	203
27	0	234	0.00	234
28	0	233	0.00	233
29	0	176	0.00	176
30	2	186	1.06	188
31	0	234	0.00	234
32	0	190	0.00	190
33	0	245	0.00	245
34	2	246	0.81	248
35	2	220	0.90	222
36	0	223	0.00	223
37	1	218	0.46	219
38	1	223	0.45	224
39	0	236	0.00	236
40	1	214	0.47	215
41	1	259	0.38	260
42	1	225	0.44	226
43	0	205	0.00	205
44	1	241	0.41	242
45	0	233	0.00	233
46	0	227	0.00	227
47	0	211	0.00	211
48	0	200	0.00	200
49	1	213	0.47	214
50	1	207	0.48	208
51	2	219	0.90	221
52	1	211	0.47	212
53	1	206	0.48	207
54	2	208	0.95	210
55	0	150	0.00	150
56	0	193	0.00	193
57	3	218	1.36	221
58	0	226	0.00	226
59	2	176	1.12	178
60	0	158	0.00	158
61	2	176	1.12	178
62	0	189	0.00	189
63	0	195	0.00	195
64	0	191	0.00	191
65	0	180	0.00	180
66	0	165	0.00	165
67	0	199	0.00	199
68	1	207	0.48	208
69	0	215	0.00	215
70	2	200	0.99	202
71	1	163	0.61	164
72	1	168	0.59	169
73	0	169	0.00	169
74	0	163	0.00	163
75	3	152	1.94	155
76	0	181	0.00	181
77	0	171	0.00	171
78	2	169	1.17	171
79	1	137	0.72	138
80	0	148	0.00	148
81	0	186	0.00	186
82	0	121	0.00	121
83	0	123	0.00	123
84	0	131	0.00	131
85	0	135	0.00	135
86	0	174	0.00	174
87	0	118	0.00	118
88	1	134	0.74	135
89	0	105	0.00	105
90	0	114	0.00	114
91	0	128	0.00	128
92	0	106	0.00	106
93	0	96	0.00	96
94	0	102	0.00	102
95	1	95	1.04	96
96	0	114	0.00	114
97	1	100	0.99	101
98	0	112	0.00	112
99	0	46	0.00	46
100	0	4	0.00	4
101	0	3	0.00	3
102	0	6	0.00	6
103	1	4	20.00	5
104	0	2	0.00	2
105	0	5	0.00	5
106	0	4	0.00	4
107	0	1	0.00	1
108	0	7	0.00	7
109	0	2	0.00	2
110	0	5	0.00	5
111	1	2	33.33	3
112	0	2	0.00	2
113	0	0		0
114	0	2	0.00	2
115	0	0		0
116	0	4	0.00	4
117	0	1	0.00	1
118	0	2	0.00	2
119	0	2	0.00	2
120	0	1	0.00	1
121	0	3	0.00	3
122	0	0		0
123	0	0		0
124	0	2	0.00	2
125	0	1	0.00	1
126	0	1	0.00	1
127	0	1	0.00	1
128	0	0		0
129	0	0		0
130	0	3	0.00	3
131	0	0		0
132	0	0		0
133	0	2	0.00	2
134	0	0		0
135	0	0		0
136	0	2	0.00	2
137	0	0		0
138	0	0		0
139	0	2	0.00	2
140	0	0		0
141	0	2	0.00	2
142	0	1	0.00	1
143	0	0		0
144	0	0		0
145	0	0		0
146	0	0		0
147	0	0		0
148	0	1	0.00	1
149	0	0		0

CHH context (R1)
================
position	count methylated	count unmethylated	% methylation	coverage
1	2	29	6.45	31
2	0	26	0.00	26
3	0	21	0.00	21
4	1	344	0.29	345
5	2	383	0.52	385
6	3	418	0.71	421
7	0	390	0.00	390
8	0	347	0.00	347
9	1	314	0.32	315
10	1	336	0.30	337
11	1	314	0.32	315
12	2	350	0.57	352
13	0	388	0.00	388
14	0	382	0.00	382
15	2	374	0.53	376
16	0	373	0.00	373
17	0	319	0.00	319
18	1	287	0.35	288
19	1	339	0.29	340
20	0	336	0.00	336
21	2	346	0.57	348
22	0	316	0.00	316
23	1	334	0.30	335
24	0	356	0.00	356
25	4	402	0.99	406
26	0	385	0.00	385
27	1	402	0.25	403
28	1	332	0.30	333
29	0	332	0.00	332
30	1	364	0.27	365
31	2	336	0.59	338
32	0	388	0.00	388
33	0	324	0.00	324
34	1	316	0.32	317
35	0	301	0.00	301
36	3	365	0.82	368
37	1	370	0.27	371
38	0	336	0.00	336
39	1	339	0.29	340
40	2	312	0.64	314
41	5	320	1.54	325
42	0	342	0.00	342
43	0	334	0.00	334
44	2	353	0.56	355
45	1	277	0.36	278
46	0	350	0.00	350
47	2	303	0.66	305
48	1	306	0.33	307
49	1	353	0.28	354
50	0	383	0.00	383
51	1	392	0.25	393
52	3	357	0.83	360
53	3	338	0.88	341
54	0	279	0.00	279
55	2	316	0.63	318
56	1	279	0.36	280
57	0	286	0.00	286
58	0	301	0.00	301
59	3	314	0.95	317
60	1	306	0.33	307
61	1	335	0.30	336
62	1	338	0.29	339
63	1	305	0.33	306
64	0	322	0.00	322
65	0	287	0.00	287
66	1	283	0.35	284
67	0	336	0.00	336
68	1	338	0.29	339
69	0	304	0.00	304
70	3	285	1.04	288
71	1	300	0.33	301
72	1	269	0.37	270
73	0	294	0.00	294
74	0	263	0.00	263
75	0	310	0.00	310
76	1	305	0.33	306
77	0	258	0.00	258
78	1	270	0.37	271
79	0	283	0.00	283
80	0	296	0.00	296
81	1	239	0.42	240
82	2	267	0.74	269
83	3	214	1.38	217
84	3	249	1.19	252
85	0	267	0.00	267
86	3	268	1.11	271
87	0	212	0.00	212
88	1	261	0.38	262
89	1	226	0.44	227
90	0	215	0.00	215
91	0	217	0.00	217
92	0	188	0.00	188
93	0	161	0.00	161
94	1	140	0.71	141
95	0	183	0.00	183
96	1	151	0.66	152
97	1	170	0.58	171
98	1	162	0.61	163
99	0	69	0.00	69
100	0	5	0.00	5
101	0	4	0.00	4
102	0	6	0.00	6
103	0	4	0.00	4
104	0	5	0.00	5
105	0	2	0.00	2
106	0	9	0.00	9
107	0	6	0.00	6
108	0	2	0.00	2
109	0	3	0.00	3
110	0	4	0.00	4
111	0	1	0.00	1
112	0	3	0.00	3
113	0	5	0.00	5
114	0	5	0.00	5
115	0	4	0.00	4
116	0	2	0.00	2
117	0	5	0.00	5
118	0	5	0.00	5
119	0	4	0.00	4
120	0	2	0.00	2
121	0	3	0.00	3
122	0	5	0.00	5
123	0	5	0.00	5
124	0	2	0.00	2
125	0	2	0.00	2
126	0	3	0.00	3
127	0	1	0.00	1
128	0	0		0
129	0	2	0.00	2
130	0	3	0.00	3
131	0	4	0.00	4
132	0	3	0.00	3
133	0	3	0.00	3
134	0	1	0.00	1
135	0	1	0.00	1
136	0	1	0.00	1
137	0	0		0
138	0	0		0
139	0	0		0
140	0	0		0
141	0	0		0
142	0	0		0
143	0	1	0.00	1
144	0	1	0.00	1
145	0	1	0.00	1
146	0	1	0.00	1
147	0	1	0.00	1
148	0	0		0
149	0	1	0.00	1

CpG context (R2)
================
position	count methylated	count unmethylated	% methylation	coverage
1	0	19	0.00	19
2	0	16	0.00	16
3	2	77	2.53	79
4	3	81	3.57	84
5	4	107	3.60	111
6	4	92	4.17	96
7	3	137	2.14	140
8	2	84	2.33	86
9	5	80	5.88	85
10	3	88	3.30	91
11	3	65	4.41	68
12	3	63	4.55	66
13	6	89	6.32	95
14	3	50	5.66	53
15	5	63	7.35	68
16	1	51	1.92	52
17	1	40	2.44	41
18	1	53	1.85	54
19	1	41	2.38	42
20	2	48	4.00	50
21	2	26	7.14	28
22	1	47	2.08	48
23	5	35	12.50	40
24	5	60	7.69	65
25	0	35	0.00	35
26	1	36	2.70	37
27	2	36	5.26	38
28	2	23	8.00	25
29	2	36	5.26	38
30	0	18	0.00	18
31	5	33	13.16	38
32	1	18	5.26	19
33	4	19	17.39	23
34	2	16	11.11	18
35	0	16	0.00	16
36	1	15	6.25	16
37	0	27	0.00	27
38	4	23	14.81	27
39	0	11	0.00	11
40	0	6	0.00	6
41	0	9	0.00	9
42	1	9	10.00	10
43	1	16	5.88	17
44	1	20	4.76	21
45	1	3	25.00	4
46	3	13	18.75	16
47	0	7	0.00	7
48	0	12	0.00	12
49	0	5	0.00	5
50	0	5	0.00	5
51	0	8	0.00	8
52	2	5	28.57	7
53	1	6	14.29	7
54	0	6	0.00	6
55	0	1	0.00	1
56	0	3	0.00	3
57	0	3	0.00	3
58	0	5	0.00	5
59	1	0	100.00	1
60	1	4	20.00	5
61	0	1	0.00	1
62	0	1	0.00	1
63	1	0	100.00	1
64	0	1	0.00	1
65	0	1	0.00	1
66	1	2	33.33	3
67	0	1	0.00	1
68	0	1	0.00	1
69	0	1	0.00	1
70	0	1	0.00	1
71	1	1	50.00	2
72	0	0		0
73	0	0		0
74	0	0		0
75	0	2	0.00	2
76	0	0		0
77	0	1	0.00	1
78	0	0		0
79	0	0		0
80	0	2	0.00	2
81	0	1	0.00	1
82	0	1	0.00	1
83	0	1	0.00	1
84	0	0		0
85	0	1	0.00	1
86	0	1	0.00	1
87	0	0		0
88	0	0		0
89	0	1	0.00	1
90	0	0		0
91	0	2	0.00	2
92	0	1	0.00	1
93	0	0		0
94	0	0		0
95	0	0		0
96	0	0		0
97	0	1	0.00	1

CHG context (R2)
================
position	count methylated	count unmethylated	% methylation	coverage
1	15	2120	0.70	2135
2	0	22	0.00	22
3	0	6	0.00	6
4	0	43	0.00	43
5	0	65	0.00	65
6	0	89	0.00	89
7	0	86	0.00	86
8	1	93	1.06	94
9	0	63	0.00	63
10	1	65	1.52	66
11	3	65	4.41	68
12	0	45	0.00	45
13	0	53	0.00	53
14	0	49	0.00	49
15	0	51	0.00	51
16	0	62	0.00	62
17	0	65	0.00	65
18	0	41	0.00	41
19	0	50	0.00	50
20	0	60	0.00	60
21	0	36	0.00	36
22	0	59	0.00	59
23	0	28	0.00	28
24	0	23	0.00	23
25	0	45	0.00	45
26	0	13	0.00	13
27	0	10	0.00	10
28	0	21	0.00	21
29	0	36	0.00	36
30	0	32	0.00	32
31	0	26	0.00	26
32	0	26	0.00	26
33	0	22	0.00	22
34	0	38	0.00	38
35	0	20	0.00	20
36	0	13	0.00	13
37	0	15	0.00	15
38	0	9	0.00	9
39	0	9	0.00	9
40	1	16	5.88	17
41	0	16	0.00	16
42	0	6	0.00	6
43	1	9	10.00	10
44	0	5	0.00	5
45	0	8	0.00	8
46	0	2	0.00	2
47	0	5	0.00	5
48	0	3	0.00	3
49	0	14	0.00	14
50	0	7	0.00	7
51	0	3	0.00	3
52	0	10	0.00	10
53	0	1	0.00	1
54	0	3	0.00	3
55	0	4	0.00	4
56	0	6	0.00	6
57	0	1	0.00	1
58	0	3	0.00	3
59	0	0		0
60	0	3	0.00	3
61	0	4	0.00	4
62	0	1	0.00	1
63	0	2	0.00	2
64	0	0		0
65	0	0		0
66	0	1	0.00	1
67	0	2	0.00	2
68	0	1	0.00	1
69	0	0		0
70	0	0		0
71	0	1	0.00	1
72	0	2	0.00	2
73	0	0		0
74	0	1	0.00	1
75	0	0		0
76	0	0		0
77	0	1	0.00	1
78	0	1	0.00	1
79	0	1	0.00	1
80	0	1	0.00	1
81	0	1	0.00	1
82	0	1	0.00	1
83	0	0		0
84	0	0		0
85	0	1	0.00	1
86	0	1	0.00	1
87	0	0		0
88	0	0		0
89	0	1	0.00	1
90	0	0		0
91	0	0		0
92	0	0		0
93	0	0		0
94	0	0		0
95	0	1	0.00	1
96	0	0		0
97	0	0		0

CHH context (R2)
================
position	count methylated	count unmethylated	% methylation	coverage
1	0	12	0.00	12
2	4	934	0.43	938
3	0	274	0.00	274
4	1	187	0.53	188
5	0	144	0.00	144
6	0	107	0.00	107
7	0	125	0.00	125
8	1	142	0.70	143
9	0	146	0.00	146
10	3	132	2.22	135
11	0	98	0.00	98
12	0	97	0.00	97
13	0	70	0.00	70
14	0	70	0.00	70
15	0	71	0.00	71
16	0	69	0.00	69
17	0	73	0.00	73
18	0	86	0.00	86
19	0	68	0.00	68
20	1	65	1.52	66
21	0	55	0.00	55
22	0	51	0.00	51
23	0	38	0.00	38
24	0	53	0.00	53
25	1	52	1.89	53
26	0	37	0.00	37
27	0	30	0.00	30
28	0	31	0.00	31
29	0	34	0.00	34
30	0	31	0.00	31
31	0	25	0.00	25
32	0	25	0.00	25
33	0	20	0.00	20
34	0	26	0.00	26
35	0	29	0.00	29
36	0	24	0.00	24
37	0	16	0.00	16
38	0	18	0.00	18
39	0	11	0.00	11
40	0	24	0.00	24
41	0	18	0.00	18
42	0	18	0.00	18
43	0	11	0.00	11
44	0	16	0.00	16
45	0	10	0.00	10
46	0	14	0.00	14
47	0	10	0.00	10
48	0	4	0.00	4
49	0	3	0.00	3
50	0	2	0.00	2
51	0	16	0.00	16
52	0	13	0.00	13
53	0	12	0.00	12
54	0	9	0.00	9
55	0	10	0.00	10
56	0	10	0.00	10
57	0	4	0.00	4
58	0	2	0.00	2
59	0	0		0
60	0	1	0.00	1
61	0	0		0
62	0	3	0.00	3
63	0	2	0.00	2
64	0	3	0.00	3
65	0	0		0
66	0	1	0.00	1
67	0	0		0
68	0	2	0.00	2
69	0	3	0.00	3
70	0	1	0.00	1
71	0	0		0
72	0	0		0
73	0	1	0.00	1
74	0	0		0
75	0	2	0.00	2
76	0	0		0
77	0	0		0
78	0	1	0.00	1
79	0	0		0
80	0	1	0.00	1
81	0	0		0
82	0	0		0
83	0	0		0
84	0	0		0
85	0	0		0
86	0	0		0
87	0	1	0.00	1
88	0	0		0
89	0	0		0
90	0	0		0
91	0	0		0
92	0	0		0
93	0	0		0
94	0	1	0.00	1
95	0	0		0
96	0	0		0
97	0	0		0

