CpG context (R1)
================
position	count methylated	count unmethylated	% methylation	coverage
1	191	2187	8.03	2378
2	0	18	0.00	18
3	1	15	6.25	16
4	7	160	4.19	167
5	9	210	4.11	219
6	9	262	3.32	271
7	10	241	3.98	251
8	13	294	4.23	307
9	14	242	5.47	256
10	19	251	7.04	270
11	9	262	3.32	271
12	16	267	5.65	283
13	17	268	5.96	285
14	10	246	3.91	256
15	15	248	5.70	263
16	10	282	3.42	292
17	8	225	3.43	233
18	13	241	5.12	254
19	14	306	4.38	320
20	15	205	6.82	220
21	13	201	6.07	214
22	14	274	4.86	288
23	10	257	3.75	267
24	11	254	4.15	265
25	11	260	4.06	271
26	9	291	3.00	300
27	8	259	3.00	267
28	23	254	8.30	277
29	2	251	0.79	253
30	10	230	4.17	240
31	13	304	4.10	317
32	14	303	4.42	317
33	11	215	4.87	226
34	18	278	6.08	296
35	15	291	4.90	306
36	9	212	4.07	221
37	18	244	6.87	262
38	12	239	4.78	251
39	10	254	3.79	264
40	13	268	4.63	281
41	17	264	6.05	281
42	18	263	6.41	281
43	7	265	2.57	272
44	14	267	4.98	281
45	13	267	4.64	280
46	17	242	6.56	259
47	13	278	4.47	291
48	16	226	6.61	242
49	17	244	6.51	261
50	17	232	6.83	249
51	9	229	3.78	238
52	17	249	6.39	266
53	6	230	2.54	236
54	16	246	6.11	262
55	13	297	4.19	310
56	6	242	2.42	248
57	8	215	3.59	223
58	18	271	6.23	289
59	12	252	4.55	264
60	7	258	2.64	265
61	13	247	5.00	260
62	19	237	7.42	256
63	14	232	5.69	246
64	24	246	8.89	270
65	14	244	5.43	258
66	13	273	4.55	286
67	13	211	5.80	224
68	11	212	4.93	223
69	14	187	6.97	201
70	12	230	4.96	242
71	14	238	5.56	252
72	7	243	2.80	250
73	1	249	0.40	250
74	5	179	2.72	184
75	4	193	2.03	197
76	11	191	5.45	202
77	7	202	3.35	209
78	6	202	2.88	208
79	8	220	3.51	228
80	9	170	5.03	179
81	5	188	2.59	193
82	8	194	3.96	202
83	6	140	4.11	146
84	6	167	3.47	173
85	8	194	3.96	202
86	7	176	3.83	183
87	7	160	4.19	167
88	2	133	1.48	135
89	10	154	6.10	164
90	5	116	4.13	121
91	5	154	3.14	159
92	6	154	3.75	160
93	7	141	4.73	148
94	6	128	4.48	134
95	8	117	6.40	125
96	4	106	3.64	110
97	11	129	7.86	140
98	6	118	4.84	124
99	5	45	10.00	50
100	1	9	10.00	10
101	0	5	0.00	5
102	1	4	20.00	5
103	1	8	11.11	9
104	1	5	16.67	6
105	1	8	11.11	9
106	0	5	0.00	5
107	0	8	0.00	8
108	1	3	25.00	4
109	2	7	22.22	9
110	0	2	0.00	2
111	2	8	20.00	10
112	0	5	0.00	5
113	0	3	0.00	3
114	1	1	50.00	2
115	0	0		0
116	2	4	33.33	6
117	0	5	0.00	5
118	1	4	20.00	5
119	1	4	20.00	5
120	1	1	50.00	2
121	0	2	0.00	2
122	0	3	0.00	3
123	1	2	33.33	3
124	0	1	0.00	1
125	0	4	0.00	4
126	0	2	0.00	2
127	0	0		0
128	0	3	0.00	3
129	0	2	0.00	2
130	0	1	0.00	1
131	0	1	0.00	1
132	0	2	0.00	2
133	1	1	50.00	2
134	0	3	0.00	3
135	1	1	50.00	2
136	0	3	0.00	3
137	0	2	0.00	2
138	0	4	0.00	4
139	0	1	0.00	1
140	0	2	0.00	2
141	0	1	0.00	1
142	0	2	0.00	2
143	0	0		0
144	0	1	0.00	1
145	0	1	0.00	1
146	0	2	0.00	2
147	0	0		0
148	0	0		0
149	0	2	0.00	2

CHG context (R1)
================
position	count methylated	count unmethylated	% methylation	coverage
1	0	13	0.00	13
2	0	17	0.00	17
3	1	12	7.69	13
4	0	137	0.00	137
5	2	212	0.93	214
6	2	241	0.82	243
7	2	273	0.73	275
8	1	226	0.44	227
9	1	227	0.44	228
10	2	168	1.18	170
11	0	222	0.00	222
12	0	222	0.00	222
13	1	183	0.54	184
14	1	204	0.49	205
15	1	229	0.43	230
16	2	228	0.87	230
17	1	226	0.44	227
18	1	225	0.44	226
19	0	205	0.00	205
20	1	183	0.54	184
21	0	242	0.00	242
22	1	219	0.45	220
23	0	200	0.00	200
24	0	181	0.00	181
25	1	239	0.42	240
26	0	211	0.00	211
27	1	228	0.44	229
28	0	240	0.00	240
29	0	194	0.00	194
30	0	182	0.00	182
31	0	268	0.00	268
32	1	167	0.60	168
33	1	237	0.42	238
34	1	238	0.42	239
35	2	220	0.90	222
36	0	218	0.00	218
37	0	211	0.00	211
38	1	199	0.50	200
39	1	217	0.46	218
40	2	238	0.83	240
41	2	256	0.78	258
42	1	221	0.45	222
43	2	193	1.03	195
44	1	236	0.42	237
45	1	199	0.50	200
46	1	234	0.43	235
47	3	207	1.43	210
48	1	210	0.47	211
49	1	226	0.44	227
50	0	199	0.00	199
51	2	213	0.93	215
52	1	228	0.44	229
53	0	208	0.00	208
54	2	207	0.96	209
55	1	152	0.65	153
56	0	172	0.00	172
57	1	194	0.51	195
58	2	209	0.95	211
59	1	183	0.54	184
60	2	183	1.08	185
61	1	172	0.58	173
62	0	154	0.00	154
63	4	180	2.17	184
64	2	203	0.98	205
65	0	206	0.00	206
66	0	171	0.00	171
67	0	178	0.00	178
68	1	188	0.53	189
69	1	197	0.51	198
70	1	192	0.52	193
71	0	185	0.00	185
72	0	163	0.00	163
73	0	160	0.00	160
74	1	161	0.62	162
75	2	150	1.32	152
76	0	159	0.00	159
77	2	156	1.27	158
78	0	162	0.00	162
79	0	176	0.00	176
80	0	147	0.00	147
81	0	179	0.00	179
82	0	95	0.00	95
83	1	141	0.70	142
84	0	152	0.00	152
85	0	126	0.00	126
86	1	142	0.70	143
87	0	118	0.00	118
88	0	152	0.00	152
89	0	88	0.00	88
90	1	105	0.94	106
91	0	145	0.00	145
92	1	89	1.11	90
93	0	80	0.00	80
94	2	101	1.94	103
95	0	90	0.00	90
96	0	123	0.00	123
97	0	115	0.00	115
98	0	97	0.00	97
99	0	43	0.00	43
100	0	5	0.00	5
101	0	5	0.00	5
102	0	6	0.00	6
103	0	7	0.00	7
104	0	8	0.00	8
105	0	4	0.00	4
106	0	5	0.00	5
107	0	4	0.00	4
108	0	7	0.00	7
109	0	2	0.00	2
110	0	3	0.00	3
111	0	4	0.00	4
112	0	2	0.00	2
113	0	3	0.00	3
114	0	3	0.00	3
115	0	3	0.00	3
116	0	3	0.00	3
117	0	1	0.00	1
118	0	2	0.00	2
119	0	1	0.00	1
120	0	4	0.00	4
121	0	2	0.00	2
122	0	2	0.00	2
123	0	2	0.00	2
124	0	1	0.00	1
125	0	1	0.00	1
126	0	1	0.00	1
127	0	1	0.00	1
128	0	3	0.00	3
129	0	0		0
130	0	2	0.00	2
131	0	2	0.00	2
132	0	2	0.00	2
133	0	1	0.00	1
134	0	2	0.00	2
135	0	2	0.00	2
136	0	2	0.00	2
137	0	0		0
138	0	0		0
139	0	1	0.00	1
140	0	1	0.00	1
141	0	0		0
142	0	0		0
143	0	1	0.00	1
144	0	0		0
145	0	0		0
146	0	0		0
147	0	3	0.00	3
148	0	2	0.00	2
149	0	1	0.00	1

CHH context (R1)
================
position	count methylated	count unmethylated	% methylation	coverage
1	0	35	0.00	35
2	0	36	0.00	36
3	1	26	3.70	27
4	0	314	0.00	314
5	1	416	0.24	417
6	1	417	0.24	418
7	2	368	0.54	370
8	2	306	0.65	308
9	3	304	0.98	307
10	1	322	0.31	323
11	1	301	0.33	302
12	2	335	0.59	337
13	1	373	0.27	374
14	6	368	1.60	374
15	4	390	1.02	394
16	1	335	0.30	336
17	1	319	0.31	320
18	4	344	1.15	348
19	1	319	0.31	320
20	1	375	0.27	376
21	1	345	0.29	346
22	0	347	0.00	347
23	2	335	0.59	337
24	2	367	0.54	369
25	1	392	0.25	393
26	4	382	1.04	386
27	1	392	0.25	393
28	1	385	0.26	386
29	1	354	0.28	355
30	2	376	0.53	378
31	0	317	0.00	317
32	0	394	0.00	394
33	3	304	0.98	307
34	1	318	0.31	319
35	0	299	0.00	299
36	4	367	1.08	371
37	3	372	0.80	375
38	0	371	0.00	371
39	1	352	0.28	353
40	1	302	0.33	303
41	4	328	1.20	332
42	0	353	0.00	353
43	0	345	0.00	345
44	1	317	0.31	318
45	3	314	0.95	317
46	1	344	0.29	345
47	1	302	0.33	303
48	2	331	0.60	333
49	0	356	0.00	356
50	0	370	0.00	370
51	0	401	0.00	401
52	0	362	0.00	362
53	3	348	0.85	351
54	0	313	0.00	313
55	0	314	0.00	314
56	1	302	0.33	303
57	2	292	0.68	294
58	0	300	0.00	300
59	0	335	0.00	335
60	1	314	0.32	315
61	2	325	0.61	327
62	0	333	0.00	333
63	1	295	0.34	296
64	0	341	0.00	341
65	1	312	0.32	313
66	1	303	0.33	304
67	0	319	0.00	319
68	1	352	0.28	353
69	0	295	0.00	295
70	1	288	0.35	289
71	2	287	0.69	289
72	2	274	0.72	276
73	1	298	0.33	299
74	0	253	0.00	253
75	0	321	0.00	321
76	2	311	0.64	313
77	1	299	0.33	300
78	0	273	0.00	273
79	0	269	0.00	269
80	3	294	1.01	297
81	2	236	0.84	238
82	0	263	0.00	263
83	1	245	0.41	246
84	1	254	0.39	255
85	0	247	0.00	247
86	0	287	0.00	287
87	1	218	0.46	219
88	0	276	0.00	276
89	1	244	0.41	245
90	1	214	0.47	215
91	1	181	0.55	182
92	0	197	0.00	197
93	2	170	1.16	172
94	0	180	0.00	180
95	1	227	0.44	228
96	0	163	0.00	163
97	1	171	0.58	172
98	1	146	0.68	147
99	0	73	0.00	73
100	0	11	0.00	11
101	0	8	0.00	8
102	0	9	0.00	9
103	1	3	25.00	4
104	1	5	16.67	6
105	0	7	0.00	7
106	0	9	0.00	9
107	0	11	0.00	11
108	0	5	0.00	5
109	0	3	0.00	3
110	0	5	0.00	5
111	0	4	0.00	4
112	0	4	0.00	4
113	0	7	0.00	7
114	1	4	20.00	5
115	0	2	0.00	2
116	0	6	0.00	6
117	0	2	0.00	2
118	0	2	0.00	2
119	0	2	0.00	2
120	0	3	0.00	3
121	0	4	0.00	4
122	0	4	0.00	4
123	0	3	0.00	3
124	0	2	0.00	2
125	0	3	0.00	3
126	0	1	0.00	1
127	0	4	0.00	4
128	0	3	0.00	3
129	0	1	0.00	1
130	0	1	0.00	1
131	0	1	0.00	1
132	0	1	0.00	1
133	0	2	0.00	2
134	0	1	0.00	1
135	0	3	0.00	3
136	0	0		0
137	0	1	0.00	1
138	0	0		0
139	0	0		0
140	0	0		0
141	0	1	0.00	1
142	0	0		0
143	0	0		0
144	0	0		0
145	0	0		0
146	0	2	0.00	2
147	0	1	0.00	1
148	0	1	0.00	1
149	0	1	0.00	1

CpG context (R2)
================
position	count methylated	count unmethylated	% methylation	coverage
1	0	18	0.00	18
2	0	15	0.00	15
3	4	74	5.13	78
4	2	63	3.08	65
5	4	95	4.04	99
6	2	94	2.08	96
7	11	140	7.28	151
8	1	64	1.54	65
9	4	79	4.82	83
10	3	76	3.80	79
11	6	71	7.79	77
12	7	53	11.67	60
13	5	69	6.76	74
14	3	57	5.00	60
15	6	50	10.71	56
16	2	57	3.39	59
17	0	40	0.00	40
18	3	38	7.32	41
19	3	36	7.69	39
20	1	43	2.27	44
21	2	32	5.88	34
22	0	47	0.00	47
23	0	40	0.00	40
24	4	67	5.63	71
25	1	29	3.33	30
26	1	29	3.33	30
27	2	22	8.33	24
28	3	29	9.38	32
29	0	33	0.00	33
30	1	13	7.14	14
31	1	28	3.45	29
32	2	24	7.69	26
33	2	17	10.53	19
34	1	15	6.25	16
35	0	14	0.00	14
36	2	15	11.76	17
37	0	16	0.00	16
38	0	13	0.00	13
39	0	11	0.00	11
40	0	9	0.00	9
41	0	10	0.00	10
42	0	13	0.00	13
43	2	9	18.18	11
44	0	11	0.00	11
45	0	2	0.00	2
46	1	12	7.69	13
47	0	6	0.00	6
48	0	5	0.00	5
49	0	4	0.00	4
50	0	7	0.00	7
51	0	4	0.00	4
52	0	3	0.00	3
53	0	3	0.00	3
54	1	4	20.00	5
55	0	5	0.00	5
56	0	2	0.00	2
57	1	1	50.00	2
58	1	4	20.00	5
59	0	3	0.00	3
60	1	0	100.00	1
61	0	0		0
62	0	1	0.00	1
63	0	2	0.00	2
64	0	2	0.00	2
65	1	0	100.00	1
66	0	2	0.00	2
67	0	1	0.00	1
68	0	0		0
69	0	1	0.00	1
70	0	0		0
71	0	2	0.00	2
72	0	2	0.00	2
73	0	0		0
74	0	1	0.00	1
75	1	2	33.33	3
76	0	0		0
77	0	2	0.00	2
78	0	1	0.00	1
79	0	0		0
80	0	0		0
81	0	0		0
82	0	0		0
83	0	0		0
84	0	0		0
85	0	0		0
86	0	0		0
87	0	0		0
88	0	0		0
89	0	0		0

CHG context (R2)
================
position	count methylated	count unmethylated	% methylation	coverage
1	6	2110	0.28	2116
2	0	21	0.00	21
3	0	7	0.00	7
4	0	51	0.00	51
5	0	53	0.00	53
6	0	71	0.00	71
7	1	71	1.39	72
8	0	90	0.00	90
9	0	79	0.00	79
10	0	72	0.00	72
11	0	53	0.00	53
12	0	39	0.00	39
13	0	37	0.00	37
14	0	46	0.00	46
15	0	51	0.00	51
16	0	47	0.00	47
17	0	49	0.00	49
18	0	44	0.00	44
19	0	41	0.00	41
20	0	64	0.00	64
21	0	35	0.00	35
22	0	45	0.00	45
23	0	22	0.00	22
24	0	20	0.00	20
25	0	35	0.00	35
26	0	17	0.00	17
27	0	13	0.00	13
28	0	11	0.00	11
29	0	35	0.00	35
30	0	25	0.00	25
31	0	28	0.00	28
32	0	18	0.00	18
33	0	27	0.00	27
34	1	17	5.56	18
35	0	16	0.00	16
36	0	17	0.00	17
37	0	15	0.00	15
38	0	6	0.00	6
39	1	12	7.69	13
40	0	14	0.00	14
41	0	20	0.00	20
42	0	7	0.00	7
43	0	5	0.00	5
44	0	2	0.00	2
45	0	9	0.00	9
46	0	2	0.00	2
47	0	7	0.00	7
48	0	7	0.00	7
49	0	8	0.00	8
50	0	8	0.00	8
51	0	1	0.00	1
52	0	11	0.00	11
53	0	5	0.00	5
54	0	2	0.00	2
55	0	5	0.00	5
56	0	4	0.00	4
57	0	0		0
58	0	3	0.00	3
59	0	1	0.00	1
60	0	9	0.00	9
61	0	1	0.00	1
62	0	0		0
63	0	0		0
64	0	3	0.00	3
65	0	0		0
66	0	1	0.00	1
67	0	2	0.00	2
68	0	3	0.00	3
69	0	0		0
70	0	3	0.00	3
71	0	0		0
72	0	1	0.00	1
73	0	3	0.00	3
74	0	0		0
75	0	0		0
76	0	0		0
77	0	0		0
78	0	0		0
79	0	0		0
80	0	0		0
81	0	0		0
82	0	0		0
83	0	0		0
84	0	1	0.00	1
85	0	0		0
86	0	0		0
87	0	0		0
88	0	0		0
89	0	1	0.00	1

CHH context (R2)
================
position	count methylated	count unmethylated	% methylation	coverage
1	0	12	0.00	12
2	4	946	0.42	950
3	0	245	0.00	245
4	0	179	0.00	179
5	2	140	1.41	142
6	0	90	0.00	90
7	0	105	0.00	105
8	1	134	0.74	135
9	1	109	0.91	110
10	1	122	0.81	123
11	0	93	0.00	93
12	0	76	0.00	76
13	0	54	0.00	54
14	0	73	0.00	73
15	0	61	0.00	61
16	0	50	0.00	50
17	0	68	0.00	68
18	0	61	0.00	61
19	1	64	1.54	65
20	1	55	1.79	56
21	0	40	0.00	40
22	0	31	0.00	31
23	1	45	2.17	46
24	0	40	0.00	40
25	0	32	0.00	32
26	0	42	0.00	42
27	0	22	0.00	22
28	0	29	0.00	29
29	0	27	0.00	27
30	0	21	0.00	21
31	0	21	0.00	21
32	0	30	0.00	30
33	0	17	0.00	17
34	1	32	3.03	33
35	0	36	0.00	36
36	0	16	0.00	16
37	0	17	0.00	17
38	0	20	0.00	20
39	0	7	0.00	7
40	0	12	0.00	12
41	0	12	0.00	12
42	0	12	0.00	12
43	0	17	0.00	17
44	0	23	0.00	23
45	0	15	0.00	15
46	0	15	0.00	15
47	0	13	0.00	13
48	0	5	0.00	5
49	0	12	0.00	12
50	0	7	0.00	7
51	0	13	0.00	13
52	0	10	0.00	10
53	0	11	0.00	11
54	0	10	0.00	10
55	0	10	0.00	10
56	0	7	0.00	7
57	0	4	0.00	4
58	0	2	0.00	2
59	0	2	0.00	2
60	0	2	0.00	2
61	0	2	0.00	2
62	0	3	0.00	3
63	0	1	0.00	1
64	0	0		0
65	0	2	0.00	2
66	0	0		0
67	0	1	0.00	1
68	0	1	0.00	1
69	0	4	0.00	4
70	0	0		0
71	0	1	0.00	1
72	0	0		0
73	0	1	0.00	1
74	0	3	0.00	3
75	0	1	0.00	1
76	0	0		0
77	0	1	0.00	1
78	0	2	0.00	2
79	0	0		0
80	0	1	0.00	1
81	0	1	0.00	1
82	0	0		0
83	0	0		0
84	0	0		0
85	0	0		0
86	0	0		0
87	0	0		0
88	0	0		0
89	0	0		0

