CpG context (R1)
================
position	count methylated	count unmethylated	% methylation	coverage
1	201	2174	8.46	2375
2	0	15	0.00	15
3	0	20	0.00	20
4	8	190	4.04	198
5	14	195	6.70	209
6	8	277	2.81	285
7	9	217	3.98	226
8	22	276	7.38	298
9	13	256	4.83	269
10	16	255	5.90	271
11	7	260	2.62	267
12	15	268	5.30	283
13	12	295	3.91	307
14	14	257	5.17	271
15	13	241	5.12	254
16	14	287	4.65	301
17	10	223	4.29	233
18	11	249	4.23	260
19	15	313	4.57	328
20	11	219	4.78	230
21	7	228	2.98	235
22	14	288	4.64	302
23	13	273	4.55	286
24	14	242	5.47	256
25	14	276	4.83	290
26	15	285	5.00	300
27	11	264	4.00	275
28	17	283	5.67	300
29	8	256	3.03	264
30	15	262	5.42	277
31	8	278	2.80	286
32	10	278	3.47	288
33	12	228	5.00	240
34	13	278	4.47	291
35	7	270	2.53	277
36	8	242	3.20	250
37	14	239	5.53	253
38	11	215	4.87	226
39	16	238	6.30	254
40	10	248	3.88	258
41	16	258	5.84	274
42	11	257	4.10	268
43	13	232	5.31	245
44	14	261	5.09	275
45	15	239	5.91	254
46	14	241	5.49	255
47	14	264	5.04	278
48	18	253	6.64	271
49	19	207	8.41	226
50	9	233	3.72	242
51	17	232	6.83	249
52	8	221	3.49	229
53	9	257	3.38	266
54	19	254	6.96	273
55	6	239	2.45	245
56	14	234	5.65	248
57	20	241	7.66	261
58	14	232	5.69	246
59	17	285	5.63	302
60	11	234	4.49	245
61	14	237	5.58	251
62	12	250	4.58	262
63	8	195	3.94	203
64	8	240	3.23	248
65	13	260	4.76	273
66	11	250	4.21	261
67	16	244	6.15	260
68	9	196	4.39	205
69	9	201	4.29	210
70	13	235	5.24	248
71	15	263	5.40	278
72	8	243	3.19	251
73	6	247	2.37	253
74	9	194	4.43	203
75	13	181	6.70	194
76	7	189	3.57	196
77	9	223	3.88	232
78	6	192	3.03	198
79	13	235	5.24	248
80	4	202	1.94	206
81	8	193	3.98	201
82	7	173	3.89	180
83	6	151	3.82	157
84	7	161	4.17	168
85	7	202	3.35	209
86	5	168	2.89	173
87	7	192	3.52	199
88	2	117	1.68	119
89	9	169	5.06	178
90	2	129	1.53	131
91	8	139	5.44	147
92	1	157	0.63	158
93	7	120	5.51	127
94	6	123	4.65	129
95	7	111	5.93	118
96	5	105	4.55	110
97	8	131	5.76	139
98	9	98	8.41	107
99	3	69	4.17	72
100	1	11	8.33	12
101	0	6	0.00	6
102	2	4	33.33	6
103	0	8	0.00	8
104	0	5	0.00	5
105	1	5	16.67	6
106	1	3	25.00	4
107	0	5	0.00	5
108	0	2	0.00	2
109	1	8	11.11	9
110	0	3	0.00	3
111	1	1	50.00	2
112	0	4	0.00	4
113	1	1	50.00	2
114	0	2	0.00	2
115	0	6	0.00	6
116	0	4	0.00	4
117	1	8	11.11	9
118	0	1	0.00	1
119	0	2	0.00	2
120	0	1	0.00	1
121	1	2	33.33	3
122	0	4	0.00	4
123	0	1	0.00	1
124	0	1	0.00	1
125	1	2	33.33	3
126	0	1	0.00	1
127	0	3	0.00	3
128	0	3	0.00	3
129	0	3	0.00	3
130	0	3	0.00	3
131	0	2	0.00	2
132	0	1	0.00	1
133	0	3	0.00	3
134	0	0		0
135	1	2	33.33	3
136	0	0		0
137	0	3	0.00	3
138	0	1	0.00	1
139	0	2	0.00	2
140	0	1	0.00	1
141	0	2	0.00	2
142	0	0		0
143	0	1	0.00	1
144	0	1	0.00	1
145	0	1	0.00	1
146	0	0		0
147	0	0		0
148	0	0		0
149	0	1	0.00	1

CHG context (R1)
================
position	count methylated	count unmethylated	% methylation	coverage
1	0	17	0.00	17
2	0	24	0.00	24
3	0	13	0.00	13
4	0	122	0.00	122
5	0	199	0.00	199
6	0	223	0.00	223
7	1	245	0.41	246
8	2	218	0.91	220
9	2	230	0.86	232
10	0	235	0.00	235
11	1	224	0.44	225
12	1	192	0.52	193
13	1	179	0.56	180
14	1	184	0.54	185
15	0	230	0.00	230
16	0	254	0.00	254
17	1	207	0.48	208
18	0	265	0.00	265
19	1	219	0.45	220
20	0	166	0.00	166
21	3	221	1.34	224
22	2	254	0.78	256
23	0	191	0.00	191
24	0	185	0.00	185
25	0	246	0.00	246
26	0	195	0.00	195
27	0	227	0.00	227
28	0	257	0.00	257
29	1	201	0.50	202
30	0	204	0.00	204
31	0	270	0.00	270
32	0	206	0.00	206
33	1	229	0.43	230
34	1	212	0.47	213
35	1	198	0.50	199
36	0	220	0.00	220
37	0	229	0.00	229
38	0	197	0.00	197
39	0	232	0.00	232
40	1	214	0.47	215
41	0	240	0.00	240
42	2	222	0.89	224
43	4	236	1.67	240
44	3	234	1.27	237
45	1	175	0.57	176
46	0	221	0.00	221
47	0	195	0.00	195
48	0	207	0.00	207
49	0	202	0.00	202
50	2	228	0.87	230
51	3	195	1.52	198
52	0	228	0.00	228
53	0	217	0.00	217
54	0	170	0.00	170
55	0	161	0.00	161
56	1	219	0.45	220
57	0	205	0.00	205
58	0	225	0.00	225
59	2	198	1.00	200
60	1	162	0.61	163
61	0	210	0.00	210
62	0	168	0.00	168
63	0	143	0.00	143
64	0	207	0.00	207
65	1	183	0.54	184
66	2	185	1.07	187
67	1	172	0.58	173
68	2	197	1.01	199
69	0	180	0.00	180
70	0	200	0.00	200
71	0	156	0.00	156
72	0	138	0.00	138
73	0	169	0.00	169
74	1	167	0.60	168
75	0	162	0.00	162
76	0	164	0.00	164
77	1	190	0.52	191
78	0	192	0.00	192
79	1	160	0.62	161
80	1	137	0.72	138
81	1	172	0.58	173
82	0	133	0.00	133
83	0	154	0.00	154
84	0	133	0.00	133
85	0	134	0.00	134
86	1	149	0.67	150
87	0	126	0.00	126
88	0	108	0.00	108
89	0	117	0.00	117
90	0	103	0.00	103
91	0	141	0.00	141
92	0	81	0.00	81
93	0	79	0.00	79
94	1	113	0.88	114
95	0	98	0.00	98
96	0	110	0.00	110
97	0	109	0.00	109
98	0	90	0.00	90
99	1	29	3.33	30
100	0	2	0.00	2
101	0	3	0.00	3
102	0	5	0.00	5
103	0	4	0.00	4
104	0	5	0.00	5
105	0	7	0.00	7
106	0	6	0.00	6
107	0	4	0.00	4
108	1	6	14.29	7
109	0	7	0.00	7
110	0	4	0.00	4
111	0	3	0.00	3
112	0	2	0.00	2
113	0	1	0.00	1
114	0	4	0.00	4
115	0	1	0.00	1
116	0	4	0.00	4
117	0	2	0.00	2
118	0	4	0.00	4
119	0	2	0.00	2
120	0	5	0.00	5
121	0	1	0.00	1
122	0	2	0.00	2
123	0	2	0.00	2
124	0	4	0.00	4
125	0	1	0.00	1
126	0	0		0
127	0	2	0.00	2
128	0	1	0.00	1
129	0	1	0.00	1
130	0	4	0.00	4
131	0	0		0
132	0	2	0.00	2
133	0	0		0
134	0	2	0.00	2
135	0	1	0.00	1
136	0	2	0.00	2
137	0	0		0
138	0	0		0
139	0	0		0
140	0	0		0
141	0	1	0.00	1
142	0	0		0
143	0	1	0.00	1
144	0	0		0
145	0	0		0
146	0	0		0
147	0	2	0.00	2
148	0	1	0.00	1
149	0	0		0

CHH context (R1)
================
position	count methylated	count unmethylated	% methylation	coverage
1	0	27	0.00	27
2	0	30	0.00	30
3	0	16	0.00	16
4	1	315	0.32	316
5	3	362	0.82	365
6	1	404	0.25	405
7	0	402	0.00	402
8	0	372	0.00	372
9	0	298	0.00	298
10	0	296	0.00	296
11	2	289	0.69	291
12	2	313	0.63	315
13	1	377	0.26	378
14	1	395	0.25	396
15	2	415	0.48	417
16	2	373	0.53	375
17	0	321	0.00	321
18	1	308	0.32	309
19	2	301	0.66	303
20	0	351	0.00	351
21	1	353	0.28	354
22	1	330	0.30	331
23	1	319	0.31	320
24	1	342	0.29	343
25	1	384	0.26	385
26	0	353	0.00	353
27	0	395	0.00	395
28	3	388	0.77	391
29	0	340	0.00	340
30	0	365	0.00	365
31	2	355	0.56	357
32	1	356	0.28	357
33	0	286	0.00	286
34	1	335	0.30	336
35	1	322	0.31	323
36	1	396	0.25	397
37	1	365	0.27	366
38	0	369	0.00	369
39	2	358	0.56	360
40	1	321	0.31	322
41	1	352	0.28	353
42	0	378	0.00	378
43	0	329	0.00	329
44	1	334	0.30	335
45	1	325	0.31	326
46	1	354	0.28	355
47	2	325	0.61	327
48	0	323	0.00	323
49	0	394	0.00	394
50	0	383	0.00	383
51	1	421	0.24	422
52	1	371	0.27	372
53	4	327	1.21	331
54	0	294	0.00	294
55	0	370	0.00	370
56	0	288	0.00	288
57	2	272	0.73	274
58	0	267	0.00	267
59	1	319	0.31	320
60	0	325	0.00	325
61	2	346	0.57	348
62	1	365	0.27	366
63	0	348	0.00	348
64	0	352	0.00	352
65	2	342	0.58	344
66	2	267	0.74	269
67	0	332	0.00	332
68	0	348	0.00	348
69	1	328	0.30	329
70	0	274	0.00	274
71	1	274	0.36	275
72	1	302	0.33	303
73	1	329	0.30	330
74	0	267	0.00	267
75	1	334	0.30	335
76	1	340	0.29	341
77	0	271	0.00	271
78	3	276	1.08	279
79	1	278	0.36	279
80	1	299	0.33	300
81	2	243	0.82	245
82	0	286	0.00	286
83	1	246	0.40	247
84	1	258	0.39	259
85	1	256	0.39	257
86	1	280	0.36	281
87	1	209	0.48	210
88	1	255	0.39	256
89	1	191	0.52	192
90	1	202	0.49	203
91	0	165	0.00	165
92	0	201	0.00	201
93	1	182	0.55	183
94	0	180	0.00	180
95	1	216	0.46	217
96	1	141	0.70	142
97	1	165	0.60	166
98	1	156	0.64	157
99	1	61	1.61	62
100	0	7	0.00	7
101	0	13	0.00	13
102	0	10	0.00	10
103	0	8	0.00	8
104	0	8	0.00	8
105	0	9	0.00	9
106	0	8	0.00	8
107	0	10	0.00	10
108	0	8	0.00	8
109	0	2	0.00	2
110	0	3	0.00	3
111	0	1	0.00	1
112	0	2	0.00	2
113	0	6	0.00	6
114	0	5	0.00	5
115	0	4	0.00	4
116	0	3	0.00	3
117	0	5	0.00	5
118	0	1	0.00	1
119	0	6	0.00	6
120	0	3	0.00	3
121	0	2	0.00	2
122	0	2	0.00	2
123	0	4	0.00	4
124	0	1	0.00	1
125	0	0		0
126	0	3	0.00	3
127	0	2	0.00	2
128	0	4	0.00	4
129	0	4	0.00	4
130	0	1	0.00	1
131	0	3	0.00	3
132	0	3	0.00	3
133	0	3	0.00	3
134	0	1	0.00	1
135	0	3	0.00	3
136	0	0		0
137	0	1	0.00	1
138	0	1	0.00	1
139	0	1	0.00	1
140	0	1	0.00	1
141	0	0		0
142	0	0		0
143	0	0		0
144	0	0		0
145	0	0		0
146	0	2	0.00	2
147	0	1	0.00	1
148	0	0		0
149	0	1	0.00	1

CpG context (R2)
================
position	count methylated	count unmethylated	% methylation	coverage
1	0	24	0.00	24
2	0	10	0.00	10
3	3	74	3.90	77
4	5	73	6.41	78
5	5	97	4.90	102
6	6	66	8.33	72
7	1	117	0.85	118
8	1	77	1.28	78
9	3	76	3.80	79
10	9	99	8.33	108
11	2	78	2.50	80
12	5	55	8.33	60
13	4	71	5.33	75
14	2	43	4.44	45
15	3	50	5.66	53
16	1	61	1.61	62
17	2	43	4.44	45
18	2	49	3.92	51
19	2	31	6.06	33
20	5	47	9.62	52
21	2	29	6.45	31
22	2	41	4.65	43
23	1	36	2.70	37
24	0	47	0.00	47
25	0	37	0.00	37
26	0	26	0.00	26
27	2	32	5.88	34
28	1	23	4.17	24
29	1	30	3.23	31
30	1	21	4.55	22
31	0	31	0.00	31
32	3	34	8.11	37
33	0	14	0.00	14
34	3	16	15.79	19
35	0	12	0.00	12
36	1	10	9.09	11
37	1	22	4.35	23
38	1	21	4.55	22
39	0	14	0.00	14
40	0	10	0.00	10
41	1	12	7.69	13
42	0	11	0.00	11
43	2	14	12.50	16
44	1	13	7.14	14
45	0	1	0.00	1
46	4	13	23.53	17
47	0	5	0.00	5
48	2	8	20.00	10
49	0	4	0.00	4
50	0	7	0.00	7
51	0	4	0.00	4
52	3	5	37.50	8
53	0	2	0.00	2
54	1	6	14.29	7
55	1	4	20.00	5
56	0	5	0.00	5
57	0	1	0.00	1
58	0	6	0.00	6
59	0	5	0.00	5
60	0	0		0
61	0	3	0.00	3
62	0	0		0
63	0	1	0.00	1
64	0	1	0.00	1
65	0	0		0
66	0	2	0.00	2
67	0	0		0
68	0	0		0
69	0	0		0
70	0	1	0.00	1
71	0	0		0
72	0	0		0
73	0	1	0.00	1
74	0	0		0
75	0	0		0
76	0	0		0
77	0	0		0
78	0	0		0
79	0	0		0
80	0	0		0
81	0	0		0
82	0	0		0
83	0	0		0
84	0	0		0
85	0	0		0
86	0	0		0
87	0	0		0
88	0	0		0
89	0	0		0
90	0	0		0
91	0	0		0
92	0	0		0
93	0	0		0
94	0	1	0.00	1
95	0	0		0
96	0	0		0
97	0	1	0.00	1

CHG context (R2)
================
position	count methylated	count unmethylated	% methylation	coverage
1	13	2124	0.61	2137
2	0	29	0.00	29
3	0	0		0
4	0	42	0.00	42
5	0	55	0.00	55
6	1	56	1.75	57
7	0	73	0.00	73
8	0	90	0.00	90
9	1	47	2.08	48
10	1	45	2.17	46
11	0	83	0.00	83
12	0	40	0.00	40
13	0	49	0.00	49
14	1	52	1.89	53
15	0	48	0.00	48
16	0	39	0.00	39
17	1	50	1.96	51
18	1	54	1.82	55
19	0	42	0.00	42
20	0	47	0.00	47
21	0	47	0.00	47
22	0	44	0.00	44
23	0	32	0.00	32
24	0	15	0.00	15
25	0	36	0.00	36
26	0	13	0.00	13
27	0	11	0.00	11
28	1	15	6.25	16
29	1	28	3.45	29
30	0	21	0.00	21
31	0	19	0.00	19
32	0	17	0.00	17
33	0	26	0.00	26
34	0	23	0.00	23
35	0	24	0.00	24
36	0	18	0.00	18
37	0	11	0.00	11
38	0	11	0.00	11
39	0	12	0.00	12
40	0	16	0.00	16
41	0	20	0.00	20
42	0	5	0.00	5
43	0	12	0.00	12
44	0	6	0.00	6
45	0	5	0.00	5
46	0	4	0.00	4
47	0	13	0.00	13
48	0	8	0.00	8
49	0	12	0.00	12
50	0	11	0.00	11
51	0	2	0.00	2
52	0	9	0.00	9
53	0	7	0.00	7
54	0	1	0.00	1
55	0	6	0.00	6
56	0	4	0.00	4
57	0	0		0
58	0	2	0.00	2
59	0	2	0.00	2
60	0	7	0.00	7
61	0	0		0
62	0	0		0
63	0	2	0.00	2
64	0	2	0.00	2
65	0	1	0.00	1
66	0	0		0
67	0	1	0.00	1
68	0	0		0
69	0	0		0
70	0	1	0.00	1
71	0	2	0.00	2
72	0	1	0.00	1
73	0	1	0.00	1
74	0	1	0.00	1
75	0	1	0.00	1
76	0	0		0
77	0	0		0
78	0	1	0.00	1
79	0	0		0
80	0	0		0
81	0	0		0
82	0	0		0
83	0	0		0
84	0	0		0
85	0	0		0
86	0	0		0
87	0	1	0.00	1
88	0	0		0
89	0	0		0
90	0	0		0
91	0	0		0
92	0	0		0
93	0	0		0
94	0	1	0.00	1
95	0	0		0
96	0	0		0
97	0	0		0

CHH context (R2)
================
position	count methylated	count unmethylated	% methylation	coverage
1	0	14	0.00	14
2	0	990	0.00	990
3	1	251	0.40	252
4	0	176	0.00	176
5	0	141	0.00	141
6	0	110	0.00	110
7	0	108	0.00	108
8	0	129	0.00	129
9	0	104	0.00	104
10	0	96	0.00	96
11	1	65	1.52	66
12	0	77	0.00	77
13	1	49	2.00	50
14	0	78	0.00	78
15	0	72	0.00	72
16	0	63	0.00	63
17	0	65	0.00	65
18	0	73	0.00	73
19	0	80	0.00	80
20	0	52	0.00	52
21	0	44	0.00	44
22	0	45	0.00	45
23	0	56	0.00	56
24	0	43	0.00	43
25	0	47	0.00	47
26	0	38	0.00	38
27	0	29	0.00	29
28	0	31	0.00	31
29	0	31	0.00	31
30	0	32	0.00	32
31	0	23	0.00	23
32	0	22	0.00	22
33	1	17	5.56	18
34	0	23	0.00	23
35	0	29	0.00	29
36	0	19	0.00	19
37	0	19	0.00	19
38	0	19	0.00	19
39	0	6	0.00	6
40	0	17	0.00	17
41	0	16	0.00	16
42	0	20	0.00	20
43	0	15	0.00	15
44	0	22	0.00	22
45	0	11	0.00	11
46	0	11	0.00	11
47	0	13	0.00	13
48	0	8	0.00	8
49	0	11	0.00	11
50	0	9	0.00	9
51	0	17	0.00	17
52	0	7	0.00	7
53	0	9	0.00	9
54	0	11	0.00	11
55	0	9	0.00	9
56	0	6	0.00	6
57	0	4	0.00	4
58	0	3	0.00	3
59	0	0		0
60	0	2	0.00	2
61	0	2	0.00	2
62	0	2	0.00	2
63	0	0		0
64	0	0		0
65	0	1	0.00	1
66	0	0		0
67	0	0		0
68	0	2	0.00	2
69	0	0		0
70	0	0		0
71	0	0		0
72	0	0		0
73	0	0		0
74	0	1	0.00	1
75	0	0		0
76	0	0		0
77	0	0		0
78	0	1	0.00	1
79	0	1	0.00	1
80	0	1	0.00	1
81	0	0		0
82	0	1	0.00	1
83	0	1	0.00	1
84	0	0		0
85	0	1	0.00	1
86	0	0		0
87	0	0		0
88	0	0		0
89	0	0		0
90	0	1	0.00	1
91	0	0		0
92	0	0		0
93	0	0		0
94	0	0		0
95	0	1	0.00	1
96	0	1	0.00	1
97	0	0		0

