CpG context (R1)
================
position	count methylated	count unmethylated	% methylation	coverage
1	214	2170	8.98	2384
2	0	13	0.00	13
3	0	16	0.00	16
4	7	202	3.35	209
5	10	197	4.83	207
6	12	272	4.23	284
7	9	205	4.21	214
8	9	250	3.47	259
9	12	235	4.86	247
10	13	234	5.26	247
11	14	251	5.28	265
12	12	253	4.53	265
13	21	321	6.14	342
14	14	240	5.51	254
15	5	261	1.88	266
16	13	277	4.48	290
17	6	217	2.69	223
18	14	241	5.49	255
19	23	308	6.95	331
20	11	241	4.37	252
21	12	206	5.50	218
22	12	288	4.00	300
23	15	258	5.49	273
24	17	233	6.80	250
25	12	271	4.24	283
26	10	297	3.26	307
27	4	258	1.53	262
28	26	263	9.00	289
29	10	284	3.40	294
30	12	273	4.21	285
31	16	272	5.56	288
32	14	277	4.81	291
33	10	216	4.42	226
34	11	245	4.30	256
35	14	280	4.76	294
36	8	234	3.31	242
37	12	240	4.76	252
38	17	246	6.46	263
39	21	251	7.72	272
40	7	268	2.55	275
41	12	230	4.96	242
42	14	290	4.61	304
43	12	265	4.33	277
44	12	262	4.38	274
45	15	275	5.17	290
46	15	234	6.02	249
47	15	265	5.36	280
48	11	267	3.96	278
49	15	232	6.07	247
50	9	228	3.80	237
51	15	229	6.15	244
52	19	250	7.06	269
53	11	219	4.78	230
54	14	235	5.62	249
55	12	290	3.97	302
56	13	226	5.44	239
57	13	231	5.33	244
58	17	256	6.23	273
59	12	261	4.40	273
60	9	215	4.02	224
61	9	246	3.53	255
62	11	236	4.45	247
63	13	221	5.56	234
64	14	231	5.71	245
65	15	274	5.19	289
66	11	218	4.80	229
67	15	210	6.67	225
68	8	199	3.86	207
69	13	213	5.75	226
70	13	230	5.35	243
71	11	229	4.58	240
72	8	248	3.12	256
73	14	207	6.33	221
74	6	199	2.93	205
75	8	176	4.35	184
76	6	179	3.24	185
77	6	208	2.80	214
78	6	194	3.00	200
79	10	215	4.44	225
80	7	174	3.87	181
81	8	172	4.44	180
82	4	202	1.94	206
83	12	159	7.02	171
84	3	155	1.90	158
85	8	189	4.06	197
86	8	170	4.49	178
87	14	176	7.37	190
88	6	124	4.62	130
89	12	144	7.69	156
90	6	109	5.22	115
91	10	146	6.41	156
92	6	125	4.58	131
93	6	140	4.11	146
94	6	130	4.41	136
95	6	103	5.50	109
96	5	111	4.31	116
97	6	129	4.44	135
98	8	84	8.70	92
99	2	50	3.85	52
100	0	8	0.00	8
101	0	3	0.00	3
102	1	7	12.50	8
103	0	5	0.00	5
104	1	4	20.00	5
105	0	6	0.00	6
106	0	3	0.00	3
107	0	4	0.00	4
108	1	6	14.29	7
109	0	5	0.00	5
110	0	4	0.00	4
111	0	3	0.00	3
112	0	4	0.00	4
113	1	1	50.00	2
114	1	7	12.50	8
115	1	3	25.00	4
116	1	3	25.00	4
117	1	4	20.00	5
118	0	4	0.00	4
119	0	1	0.00	1
120	0	2	0.00	2
121	0	2	0.00	2
122	1	1	50.00	2
123	1	0	100.00	1
124	0	1	0.00	1
125	0	4	0.00	4
126	0	0		0
127	0	1	0.00	1
128	0	4	0.00	4
129	0	0		0
130	0	4	0.00	4
131	0	0		0
132	0	1	0.00	1
133	0	1	0.00	1
134	0	0		0
135	0	3	0.00	3
136	0	2	0.00	2
137	0	4	0.00	4
138	0	1	0.00	1
139	0	1	0.00	1
140	0	1	0.00	1
141	0	0		0
142	0	1	0.00	1
143	0	1	0.00	1
144	0	2	0.00	2
145	0	0		0
146	0	1	0.00	1
147	0	0		0
148	0	0		0
149	0	0		0

CHG context (R1)
================
position	count methylated	count unmethylated	% methylation	coverage
1	0	10	0.00	10
2	0	24	0.00	24
3	0	15	0.00	15
4	0	138	0.00	138
5	2	223	0.89	225
6	1	234	0.43	235
7	5	277	1.77	282
8	0	239	0.00	239
9	1	248	0.40	249
10	0	206	0.00	206
11	0	224	0.00	224
12	0	225	0.00	225
13	0	220	0.00	220
14	3	199	1.49	202
15	1	238	0.42	239
16	0	202	0.00	202
17	1	265	0.38	266
18	0	260	0.00	260
19	1	206	0.48	207
20	1	160	0.62	161
21	1	207	0.48	208
22	1	266	0.37	267
23	0	193	0.00	193
24	0	195	0.00	195
25	1	226	0.44	227
26	3	157	1.88	160
27	3	251	1.18	254
28	0	253	0.00	253
29	1	185	0.54	186
30	1	180	0.55	181
31	4	221	1.78	225
32	0	191	0.00	191
33	0	265	0.00	265
34	2	237	0.84	239
35	0	225	0.00	225
36	2	209	0.95	211
37	0	179	0.00	179
38	2	192	1.03	194
39	0	245	0.00	245
40	1	200	0.50	201
41	2	230	0.86	232
42	0	215	0.00	215
43	1	176	0.56	177
44	1	221	0.45	222
45	2	216	0.92	218
46	1	241	0.41	242
47	0	182	0.00	182
48	0	220	0.00	220
49	0	196	0.00	196
50	0	216	0.00	216
51	0	234	0.00	234
52	1	190	0.52	191
53	2	208	0.95	210
54	2	192	1.03	194
55	1	193	0.52	194
56	0	196	0.00	196
57	1	219	0.45	220
58	1	219	0.45	220
59	0	184	0.00	184
60	2	146	1.35	148
61	0	198	0.00	198
62	1	170	0.58	171
63	0	185	0.00	185
64	0	190	0.00	190
65	2	196	1.01	198
66	0	164	0.00	164
67	0	156	0.00	156
68	1	182	0.55	183
69	0	190	0.00	190
70	1	186	0.53	187
71	0	166	0.00	166
72	0	144	0.00	144
73	0	163	0.00	163
74	0	170	0.00	170
75	1	158	0.63	159
76	1	157	0.63	158
77	0	162	0.00	162
78	1	148	0.67	149
79	0	148	0.00	148
80	1	139	0.71	140
81	0	163	0.00	163
82	1	140	0.71	141
83	3	131	2.24	134
84	0	122	0.00	122
85	1	123	0.81	124
86	0	158	0.00	158
87	0	119	0.00	119
88	2	127	1.55	129
89	2	89	2.20	91
90	1	125	0.79	126
91	1	126	0.79	127
92	0	89	0.00	89
93	0	89	0.00	89
94	1	118	0.84	119
95	1	80	1.23	81
96	0	99	0.00	99
97	0	122	0.00	122
98	0	83	0.00	83
99	0	40	0.00	40
100	0	4	0.00	4
101	0	5	0.00	5
102	0	3	0.00	3
103	0	5	0.00	5
104	0	3	0.00	3
105	0	4	0.00	4
106	0	0		0
107	0	1	0.00	1
108	0	5	0.00	5
109	0	5	0.00	5
110	0	0		0
111	0	6	0.00	6
112	0	5	0.00	5
113	0	2	0.00	2
114	0	1	0.00	1
115	0	0		0
116	0	2	0.00	2
117	0	1	0.00	1
118	0	2	0.00	2
119	0	0		0
120	0	2	0.00	2
121	0	0		0
122	0	1	0.00	1
123	0	4	0.00	4
124	0	3	0.00	3
125	0	2	0.00	2
126	0	1	0.00	1
127	0	1	0.00	1
128	0	2	0.00	2
129	0	1	0.00	1
130	0	1	0.00	1
131	1	0	100.00	1
132	0	0		0
133	0	1	0.00	1
134	0	3	0.00	3
135	0	3	0.00	3
136	0	1	0.00	1
137	0	0		0
138	0	1	0.00	1
139	0	1	0.00	1
140	0	1	0.00	1
141	0	2	0.00	2
142	0	1	0.00	1
143	0	2	0.00	2
144	0	0		0
145	0	1	0.00	1
146	0	0		0
147	0	2	0.00	2
148	0	0		0
149	0	1	0.00	1

CHH context (R1)
================
position	count methylated	count unmethylated	% methylation	coverage
1	1	37	2.63	38
2	0	34	0.00	34
3	0	28	0.00	28
4	3	356	0.84	359
5	1	413	0.24	414
6	1	455	0.22	456
7	0	383	0.00	383
8	1	363	0.27	364
9	3	321	0.93	324
10	0	329	0.00	329
11	1	342	0.29	343
12	0	330	0.00	330
13	0	389	0.00	389
14	2	363	0.55	365
15	1	373	0.27	374
16	1	376	0.27	377
17	0	312	0.00	312
18	1	317	0.31	318
19	1	307	0.32	308
20	2	344	0.58	346
21	1	324	0.31	325
22	1	361	0.28	362
23	2	364	0.55	366
24	4	368	1.08	372
25	1	404	0.25	405
26	3	346	0.86	349
27	1	400	0.25	401
28	1	355	0.28	356
29	1	321	0.31	322
30	0	372	0.00	372
31	1	327	0.30	328
32	0	386	0.00	386
33	0	324	0.00	324
34	0	311	0.00	311
35	1	302	0.33	303
36	0	342	0.00	342
37	0	349	0.00	349
38	0	354	0.00	354
39	0	339	0.00	339
40	2	311	0.64	313
41	1	330	0.30	331
42	0	332	0.00	332
43	1	308	0.32	309
44	1	342	0.29	343
45	1	344	0.29	345
46	1	332	0.30	333
47	3	336	0.88	339
48	2	332	0.60	334
49	0	376	0.00	376
50	2	402	0.50	404
51	0	390	0.00	390
52	0	341	0.00	341
53	1	300	0.33	301
54	0	305	0.00	305
55	1	331	0.30	332
56	1	299	0.33	300
57	0	312	0.00	312
58	1	267	0.37	268
59	2	328	0.61	330
60	0	306	0.00	306
61	0	328	0.00	328
62	4	326	1.21	330
63	0	304	0.00	304
64	4	330	1.20	334
65	1	302	0.33	303
66	0	273	0.00	273
67	3	331	0.90	334
68	0	336	0.00	336
69	0	296	0.00	296
70	1	269	0.37	270
71	0	286	0.00	286
72	1	289	0.34	290
73	1	308	0.32	309
74	2	245	0.81	247
75	0	284	0.00	284
76	1	300	0.33	301
77	0	287	0.00	287
78	2	285	0.70	287
79	1	271	0.37	272
80	2	291	0.68	293
81	0	231	0.00	231
82	2	264	0.75	266
83	0	206	0.00	206
84	0	253	0.00	253
85	0	247	0.00	247
86	2	251	0.79	253
87	1	197	0.51	198
88	1	241	0.41	242
89	0	209	0.00	209
90	0	178	0.00	178
91	0	170	0.00	170
92	1	183	0.54	184
93	0	165	0.00	165
94	0	149	0.00	149
95	0	167	0.00	167
96	0	151	0.00	151
97	1	145	0.68	146
98	1	159	0.62	160
99	0	74	0.00	74
100	0	6	0.00	6
101	0	9	0.00	9
102	0	10	0.00	10
103	0	6	0.00	6
104	0	7	0.00	7
105	0	6	0.00	6
106	0	9	0.00	9
107	0	9	0.00	9
108	0	2	0.00	2
109	0	1	0.00	1
110	0	3	0.00	3
111	0	3	0.00	3
112	0	3	0.00	3
113	0	2	0.00	2
114	0	2	0.00	2
115	0	3	0.00	3
116	0	1	0.00	1
117	0	3	0.00	3
118	0	2	0.00	2
119	0	3	0.00	3
120	0	2	0.00	2
121	0	8	0.00	8
122	0	3	0.00	3
123	0	4	0.00	4
124	0	2	0.00	2
125	0	1	0.00	1
126	0	3	0.00	3
127	0	2	0.00	2
128	0	3	0.00	3
129	0	3	0.00	3
130	0	1	0.00	1
131	0	2	0.00	2
132	0	4	0.00	4
133	0	7	0.00	7
134	0	5	0.00	5
135	0	2	0.00	2
136	0	0		0
137	0	2	0.00	2
138	0	1	0.00	1
139	0	0		0
140	0	2	0.00	2
141	0	0		0
142	0	0		0
143	0	0		0
144	0	1	0.00	1
145	0	0		0
146	0	2	0.00	2
147	0	2	0.00	2
148	0	3	0.00	3
149	0	1	0.00	1

CpG context (R2)
================
position	count methylated	count unmethylated	% methylation	coverage
1	0	17	0.00	17
2	0	16	0.00	16
3	5	72	6.49	77
4	6	63	8.70	69
5	4	101	3.81	105
6	8	87	8.42	95
7	8	114	6.56	122
8	2	67	2.90	69
9	3	76	3.80	79
10	5	89	5.32	94
11	3	69	4.17	72
12	2	64	3.03	66
13	5	91	5.21	96
14	4	44	8.33	48
15	4	57	6.56	61
16	3	48	5.88	51
17	0	31	0.00	31
18	4	48	7.69	52
19	2	29	6.45	31
20	5	37	11.90	42
21	6	28	17.65	34
22	2	32	5.88	34
23	1	44	2.22	45
24	7	44	13.73	51
25	0	26	0.00	26
26	1	25	3.85	26
27	2	23	8.00	25
28	3	24	11.11	27
29	0	32	0.00	32
30	2	18	10.00	20
31	3	26	10.34	29
32	2	23	8.00	25
33	1	15	6.25	16
34	3	18	14.29	21
35	3	16	15.79	19
36	0	14	0.00	14
37	0	15	0.00	15
38	1	22	4.35	23
39	0	10	0.00	10
40	2	6	25.00	8
41	0	8	0.00	8
42	2	17	10.53	19
43	1	9	10.00	10
44	0	14	0.00	14
45	0	3	0.00	3
46	3	11	21.43	14
47	0	7	0.00	7
48	0	5	0.00	5
49	0	7	0.00	7
50	0	11	0.00	11
51	1	5	16.67	6
52	1	5	16.67	6
53	0	2	0.00	2
54	0	6	0.00	6
55	0	2	0.00	2
56	2	6	25.00	8
57	1	4	20.00	5
58	0	5	0.00	5
59	0	3	0.00	3
60	0	2	0.00	2
61	0	3	0.00	3
62	0	1	0.00	1
63	0	1	0.00	1
64	0	2	0.00	2
65	0	1	0.00	1
66	0	1	0.00	1
67	0	2	0.00	2
68	0	1	0.00	1
69	1	3	25.00	4
70	0	1	0.00	1
71	0	0		0
72	0	3	0.00	3
73	0	0		0
74	0	1	0.00	1
75	0	0		0
76	0	0		0
77	0	1	0.00	1
78	0	0		0
79	0	0		0
80	0	1	0.00	1
81	0	0		0
82	0	1	0.00	1
83	0	1	0.00	1
84	0	0		0
85	0	1	0.00	1
86	0	0		0
87	0	1	0.00	1
88	0	0		0
89	0	0		0
90	0	0		0
91	0	1	0.00	1
92	0	0		0
93	0	0		0
94	0	0		0
95	0	1	0.00	1
96	0	0		0
97	0	1	0.00	1

CHG context (R2)
================
position	count methylated	count unmethylated	% methylation	coverage
1	18	2120	0.84	2138
2	0	26	0.00	26
3	0	7	0.00	7
4	0	43	0.00	43
5	0	52	0.00	52
6	0	61	0.00	61
7	0	89	0.00	89
8	2	78	2.50	80
9	0	68	0.00	68
10	0	57	0.00	57
11	0	62	0.00	62
12	0	32	0.00	32
13	0	37	0.00	37
14	0	53	0.00	53
15	1	60	1.64	61
16	0	45	0.00	45
17	0	53	0.00	53
18	0	45	0.00	45
19	0	61	0.00	61
20	0	46	0.00	46
21	0	28	0.00	28
22	0	49	0.00	49
23	0	32	0.00	32
24	0	18	0.00	18
25	0	34	0.00	34
26	0	28	0.00	28
27	0	21	0.00	21
28	0	15	0.00	15
29	0	22	0.00	22
30	0	18	0.00	18
31	0	19	0.00	19
32	0	19	0.00	19
33	0	23	0.00	23
34	0	18	0.00	18
35	0	17	0.00	17
36	0	22	0.00	22
37	0	10	0.00	10
38	0	14	0.00	14
39	1	13	7.14	14
40	0	16	0.00	16
41	0	13	0.00	13
42	0	6	0.00	6
43	0	7	0.00	7
44	0	5	0.00	5
45	0	5	0.00	5
46	0	0		0
47	0	13	0.00	13
48	0	8	0.00	8
49	0	8	0.00	8
50	1	11	8.33	12
51	0	3	0.00	3
52	1	6	14.29	7
53	0	6	0.00	6
54	0	1	0.00	1
55	0	7	0.00	7
56	0	2	0.00	2
57	0	1	0.00	1
58	0	2	0.00	2
59	0	1	0.00	1
60	0	6	0.00	6
61	0	1	0.00	1
62	0	0		0
63	0	2	0.00	2
64	0	1	0.00	1
65	0	2	0.00	2
66	0	1	0.00	1
67	0	1	0.00	1
68	0	0		0
69	0	0		0
70	0	3	0.00	3
71	0	0		0
72	0	0		0
73	0	1	0.00	1
74	0	0		0
75	0	2	0.00	2
76	0	0		0
77	0	0		0
78	0	0		0
79	0	0		0
80	0	1	0.00	1
81	0	0		0
82	0	0		0
83	0	0		0
84	0	0		0
85	0	0		0
86	0	1	0.00	1
87	0	0		0
88	0	1	0.00	1
89	0	0		0
90	0	0		0
91	0	0		0
92	0	0		0
93	0	0		0
94	0	0		0
95	0	1	0.00	1
96	0	0		0
97	0	0		0

CHH context (R2)
================
position	count methylated	count unmethylated	% methylation	coverage
1	0	9	0.00	9
2	1	978	0.10	979
3	1	252	0.40	253
4	0	186	0.00	186
5	0	138	0.00	138
6	0	84	0.00	84
7	0	81	0.00	81
8	0	133	0.00	133
9	0	113	0.00	113
10	0	114	0.00	114
11	0	85	0.00	85
12	0	82	0.00	82
13	0	64	0.00	64
14	0	71	0.00	71
15	0	70	0.00	70
16	0	70	0.00	70
17	0	61	0.00	61
18	0	65	0.00	65
19	0	65	0.00	65
20	0	47	0.00	47
21	0	53	0.00	53
22	0	37	0.00	37
23	0	37	0.00	37
24	0	42	0.00	42
25	0	35	0.00	35
26	0	34	0.00	34
27	0	41	0.00	41
28	0	27	0.00	27
29	0	33	0.00	33
30	0	32	0.00	32
31	0	27	0.00	27
32	1	18	5.26	19
33	1	14	6.67	15
34	0	17	0.00	17
35	0	33	0.00	33
36	0	18	0.00	18
37	0	17	0.00	17
38	0	22	0.00	22
39	0	15	0.00	15
40	1	17	5.56	18
41	0	16	0.00	16
42	0	16	0.00	16
43	0	22	0.00	22
44	0	28	0.00	28
45	0	14	0.00	14
46	0	14	0.00	14
47	0	13	0.00	13
48	0	10	0.00	10
49	0	10	0.00	10
50	0	9	0.00	9
51	0	16	0.00	16
52	0	14	0.00	14
53	0	17	0.00	17
54	0	13	0.00	13
55	0	9	0.00	9
56	0	8	0.00	8
57	0	2	0.00	2
58	0	4	0.00	4
59	0	2	0.00	2
60	0	2	0.00	2
61	0	2	0.00	2
62	0	5	0.00	5
63	0	1	0.00	1
64	0	3	0.00	3
65	0	1	0.00	1
66	0	2	0.00	2
67	0	1	0.00	1
68	0	2	0.00	2
69	0	2	0.00	2
70	0	0		0
71	0	0		0
72	0	3	0.00	3
73	0	0		0
74	0	1	0.00	1
75	0	2	0.00	2
76	0	1	0.00	1
77	0	1	0.00	1
78	0	1	0.00	1
79	0	1	0.00	1
80	0	0		0
81	0	0		0
82	0	0		0
83	0	0		0
84	0	1	0.00	1
85	0	0		0
86	0	0		0
87	0	1	0.00	1
88	0	0		0
89	0	0		0
90	0	1	0.00	1
91	0	0		0
92	0	0		0
93	0	0		0
94	0	0		0
95	0	0		0
96	0	0		0
97	0	0		0

