CpG context (R1)
================
position	count methylated	count unmethylated	% methylation	coverage
1	208	2170	8.75	2378
2	0	14	0.00	14
3	2	21	8.70	23
4	9	190	4.52	199
5	8	217	3.56	225
6	6	259	2.26	265
7	10	207	4.61	217
8	13	284	4.38	297
9	9	214	4.04	223
10	16	235	6.37	251
11	12	244	4.69	256
12	15	295	4.84	310
13	14	269	4.95	283
14	10	234	4.10	244
15	8	242	3.20	250
16	10	285	3.39	295
17	10	221	4.33	231
18	9	239	3.63	248
19	16	322	4.73	338
20	9	215	4.02	224
21	19	213	8.19	232
22	10	272	3.55	282
23	8	281	2.77	289
24	9	230	3.77	239
25	14	288	4.64	302
26	17	308	5.23	325
27	10	308	3.14	318
28	21	271	7.19	292
29	8	288	2.70	296
30	18	280	6.04	298
31	22	245	8.24	267
32	11	275	3.85	286
33	11	220	4.76	231
34	23	288	7.40	311
35	17	272	5.88	289
36	20	227	8.10	247
37	20	243	7.60	263
38	21	228	8.43	249
39	18	230	7.26	248
40	12	273	4.21	285
41	25	230	9.80	255
42	16	285	5.32	301
43	15	256	5.54	271
44	12	235	4.86	247
45	21	246	7.87	267
46	13	214	5.73	227
47	24	272	8.11	296
48	12	262	4.38	274
49	11	242	4.35	253
50	11	251	4.20	262
51	12	235	4.86	247
52	11	247	4.26	258
53	15	231	6.10	246
54	17	250	6.37	267
55	14	290	4.61	304
56	11	233	4.51	244
57	13	227	5.42	240
58	14	262	5.07	276
59	9	248	3.50	257
60	12	225	5.06	237
61	11	260	4.06	271
62	12	258	4.44	270
63	20	193	9.39	213
64	8	262	2.96	270
65	10	252	3.82	262
66	9	226	3.83	235
67	12	219	5.19	231
68	7	193	3.50	200
69	9	176	4.86	185
70	7	236	2.88	243
71	17	244	6.51	261
72	6	243	2.41	249
73	15	213	6.58	228
74	13	181	6.70	194
75	11	178	5.82	189
76	13	176	6.88	189
77	14	229	5.76	243
78	6	192	3.03	198
79	12	248	4.62	260
80	9	181	4.74	190
81	11	145	7.05	156
82	10	214	4.46	224
83	7	146	4.58	153
84	8	156	4.88	164
85	8	173	4.42	181
86	6	174	3.33	180
87	7	161	4.17	168
88	1	135	0.74	136
89	3	155	1.90	158
90	0	125	0.00	125
91	4	140	2.78	144
92	9	133	6.34	142
93	9	121	6.92	130
94	2	118	1.67	120
95	8	111	6.72	119
96	5	111	4.31	116
97	5	130	3.70	135
98	4	110	3.51	114
99	1	58	1.69	59
100	0	8	0.00	8
101	0	3	0.00	3
102	0	2	0.00	2
103	0	5	0.00	5
104	0	4	0.00	4
105	0	5	0.00	5
106	0	4	0.00	4
107	0	1	0.00	1
108	0	6	0.00	6
109	0	4	0.00	4
110	0	1	0.00	1
111	1	4	20.00	5
112	0	2	0.00	2
113	0	2	0.00	2
114	0	3	0.00	3
115	0	2	0.00	2
116	0	2	0.00	2
117	0	2	0.00	2
118	0	0		0
119	0	2	0.00	2
120	0	0		0
121	0	2	0.00	2
122	0	3	0.00	3
123	0	1	0.00	1
124	0	0		0
125	1	1	50.00	2
126	0	0		0
127	0	1	0.00	1
128	0	2	0.00	2
129	0	4	0.00	4
130	0	3	0.00	3
131	0	2	0.00	2
132	0	1	0.00	1
133	0	1	0.00	1
134	0	0		0
135	0	0		0
136	0	2	0.00	2
137	0	1	0.00	1
138	0	3	0.00	3
139	0	0		0
140	0	1	0.00	1
141	0	0		0
142	0	1	0.00	1
143	0	1	0.00	1
144	0	0		0
145	1	2	33.33	3
146	0	0		0
147	0	0		0
148	0	0		0
149	0	0		0

CHG context (R1)
================
position	count methylated	count unmethylated	% methylation	coverage
1	0	14	0.00	14
2	0	28	0.00	28
3	0	8	0.00	8
4	1	148	0.67	149
5	1	199	0.50	200
6	1	236	0.42	237
7	2	245	0.81	247
8	1	236	0.42	237
9	1	240	0.41	241
10	1	228	0.44	229
11	0	260	0.00	260
12	0	198	0.00	198
13	0	204	0.00	204
14	0	203	0.00	203
15	0	270	0.00	270
16	0	208	0.00	208
17	0	229	0.00	229
18	1	256	0.39	257
19	1	189	0.53	190
20	0	163	0.00	163
21	0	216	0.00	216
22	0	220	0.00	220
23	1	199	0.50	200
24	0	227	0.00	227
25	1	240	0.41	241
26	0	225	0.00	225
27	1	229	0.43	230
28	0	269	0.00	269
29	1	195	0.51	196
30	0	170	0.00	170
31	2	249	0.80	251
32	1	192	0.52	193
33	0	235	0.00	235
34	1	246	0.40	247
35	2	208	0.95	210
36	1	220	0.45	221
37	1	226	0.44	227
38	1	203	0.49	204
39	0	238	0.00	238
40	1	195	0.51	196
41	3	256	1.16	259
42	3	261	1.14	264
43	0	208	0.00	208
44	2	254	0.78	256
45	1	214	0.47	215
46	0	207	0.00	207
47	0	200	0.00	200
48	0	218	0.00	218
49	0	205	0.00	205
50	1	210	0.47	211
51	0	218	0.00	218
52	0	192	0.00	192
53	0	216	0.00	216
54	1	189	0.53	190
55	0	176	0.00	176
56	0	179	0.00	179
57	0	215	0.00	215
58	0	213	0.00	213
59	0	190	0.00	190
60	0	161	0.00	161
61	0	193	0.00	193
62	0	157	0.00	157
63	0	185	0.00	185
64	2	197	1.01	199
65	0	168	0.00	168
66	0	175	0.00	175
67	0	182	0.00	182
68	0	187	0.00	187
69	0	183	0.00	183
70	0	191	0.00	191
71	0	167	0.00	167
72	0	153	0.00	153
73	0	193	0.00	193
74	0	146	0.00	146
75	0	155	0.00	155
76	0	181	0.00	181
77	0	155	0.00	155
78	0	158	0.00	158
79	1	146	0.68	147
80	0	129	0.00	129
81	1	172	0.58	173
82	1	117	0.85	118
83	0	121	0.00	121
84	2	139	1.42	141
85	1	133	0.75	134
86	1	144	0.69	145
87	0	100	0.00	100
88	0	122	0.00	122
89	0	120	0.00	120
90	0	100	0.00	100
91	0	149	0.00	149
92	0	92	0.00	92
93	0	75	0.00	75
94	0	89	0.00	89
95	0	81	0.00	81
96	0	112	0.00	112
97	0	116	0.00	116
98	0	90	0.00	90
99	0	32	0.00	32
100	0	1	0.00	1
101	0	2	0.00	2
102	0	7	0.00	7
103	0	7	0.00	7
104	0	2	0.00	2
105	0	3	0.00	3
106	0	4	0.00	4
107	0	2	0.00	2
108	0	1	0.00	1
109	0	2	0.00	2
110	0	3	0.00	3
111	0	2	0.00	2
112	0	7	0.00	7
113	0	3	0.00	3
114	0	1	0.00	1
115	0	4	0.00	4
116	0	1	0.00	1
117	0	1	0.00	1
118	0	2	0.00	2
119	0	1	0.00	1
120	0	1	0.00	1
121	0	2	0.00	2
122	0	3	0.00	3
123	0	0		0
124	0	3	0.00	3
125	0	0		0
126	0	0		0
127	0	2	0.00	2
128	0	2	0.00	2
129	0	1	0.00	1
130	0	1	0.00	1
131	0	0		0
132	0	2	0.00	2
133	0	1	0.00	1
134	0	1	0.00	1
135	0	4	0.00	4
136	0	1	0.00	1
137	0	0		0
138	0	0		0
139	0	1	0.00	1
140	0	0		0
141	0	0		0
142	0	0		0
143	0	0		0
144	0	0		0
145	0	0		0
146	0	0		0
147	1	2	33.33	3
148	0	0		0
149	0	3	0.00	3

CHH context (R1)
================
position	count methylated	count unmethylated	% methylation	coverage
1	0	38	0.00	38
2	0	30	0.00	30
3	0	16	0.00	16
4	0	308	0.00	308
5	1	393	0.25	394
6	3	410	0.73	413
7	1	392	0.25	393
8	2	367	0.54	369
9	1	357	0.28	358
10	3	343	0.87	346
11	2	331	0.60	333
12	0	350	0.00	350
13	2	354	0.56	356
14	0	391	0.00	391
15	1	391	0.26	392
16	0	373	0.00	373
17	2	320	0.62	322
18	2	303	0.66	305
19	0	324	0.00	324
20	1	340	0.29	341
21	1	342	0.29	343
22	0	325	0.00	325
23	1	364	0.27	365
24	0	341	0.00	341
25	1	383	0.26	384
26	1	329	0.30	330
27	0	409	0.00	409
28	1	334	0.30	335
29	0	319	0.00	319
30	1	364	0.27	365
31	1	369	0.27	370
32	1	376	0.27	377
33	0	321	0.00	321
34	1	322	0.31	323
35	1	294	0.34	295
36	0	346	0.00	346
37	1	331	0.30	332
38	1	338	0.29	339
39	1	353	0.28	354
40	1	323	0.31	324
41	1	319	0.31	320
42	2	351	0.57	353
43	1	314	0.32	315
44	0	338	0.00	338
45	1	308	0.32	309
46	0	341	0.00	341
47	0	321	0.00	321
48	2	325	0.61	327
49	0	389	0.00	389
50	1	407	0.25	408
51	0	391	0.00	391
52	3	361	0.82	364
53	0	334	0.00	334
54	1	309	0.32	310
55	1	322	0.31	323
56	2	292	0.68	294
57	2	297	0.67	299
58	1	284	0.35	285
59	2	321	0.62	323
60	2	301	0.66	303
61	1	309	0.32	310
62	3	333	0.89	336
63	1	261	0.38	262
64	1	338	0.29	339
65	1	275	0.36	276
66	0	264	0.00	264
67	0	318	0.00	318
68	1	338	0.29	339
69	0	321	0.00	321
70	1	310	0.32	311
71	1	295	0.34	296
72	0	261	0.00	261
73	0	300	0.00	300
74	0	273	0.00	273
75	2	297	0.67	299
76	0	305	0.00	305
77	1	257	0.39	258
78	0	248	0.00	248
79	1	240	0.41	241
80	0	276	0.00	276
81	0	256	0.00	256
82	3	258	1.15	261
83	1	240	0.41	241
84	2	238	0.83	240
85	0	263	0.00	263
86	0	252	0.00	252
87	1	219	0.45	220
88	0	227	0.00	227
89	1	191	0.52	192
90	1	176	0.56	177
91	0	170	0.00	170
92	0	194	0.00	194
93	1	166	0.60	167
94	1	174	0.57	175
95	1	213	0.47	214
96	1	156	0.64	157
97	0	159	0.00	159
98	1	149	0.67	150
99	0	63	0.00	63
100	0	10	0.00	10
101	0	11	0.00	11
102	0	10	0.00	10
103	1	5	16.67	6
104	0	8	0.00	8
105	0	6	0.00	6
106	0	8	0.00	8
107	0	6	0.00	6
108	0	5	0.00	5
109	0	4	0.00	4
110	0	6	0.00	6
111	0	8	0.00	8
112	0	3	0.00	3
113	0	6	0.00	6
114	0	4	0.00	4
115	0	6	0.00	6
116	0	5	0.00	5
117	0	3	0.00	3
118	0	3	0.00	3
119	1	0	100.00	1
120	0	1	0.00	1
121	0	1	0.00	1
122	0	1	0.00	1
123	0	4	0.00	4
124	0	1	0.00	1
125	0	3	0.00	3
126	0	2	0.00	2
127	0	3	0.00	3
128	0	1	0.00	1
129	0	1	0.00	1
130	0	0		0
131	0	2	0.00	2
132	0	3	0.00	3
133	0	4	0.00	4
134	0	2	0.00	2
135	0	0		0
136	0	1	0.00	1
137	0	0		0
138	0	2	0.00	2
139	0	1	0.00	1
140	0	1	0.00	1
141	0	0		0
142	0	0		0
143	0	0		0
144	0	2	0.00	2
145	0	0		0
146	0	2	0.00	2
147	0	1	0.00	1
148	0	1	0.00	1
149	0	0		0

CpG context (R2)
================
position	count methylated	count unmethylated	% methylation	coverage
1	0	23	0.00	23
2	0	15	0.00	15
3	3	70	4.11	73
4	5	79	5.95	84
5	4	82	4.65	86
6	4	77	4.94	81
7	9	111	7.50	120
8	5	82	5.75	87
9	5	73	6.41	78
10	3	80	3.61	83
11	6	69	8.00	75
12	5	65	7.14	70
13	4	76	5.00	80
14	0	49	0.00	49
15	3	55	5.17	58
16	2	51	3.77	53
17	3	35	7.89	38
18	4	42	8.70	46
19	3	34	8.11	37
20	4	42	8.70	46
21	5	41	10.87	46
22	2	41	4.65	43
23	3	39	7.14	42
24	2	57	3.39	59
25	0	35	0.00	35
26	2	39	4.88	41
27	0	27	0.00	27
28	1	21	4.55	22
29	1	43	2.27	44
30	0	28	0.00	28
31	0	24	0.00	24
32	2	35	5.41	37
33	2	17	10.53	19
34	0	24	0.00	24
35	2	8	20.00	10
36	0	9	0.00	9
37	1	30	3.23	31
38	1	23	4.17	24
39	0	12	0.00	12
40	0	9	0.00	9
41	0	16	0.00	16
42	0	8	0.00	8
43	1	16	5.88	17
44	0	15	0.00	15
45	0	3	0.00	3
46	2	14	12.50	16
47	0	6	0.00	6
48	0	11	0.00	11
49	0	9	0.00	9
50	0	6	0.00	6
51	0	6	0.00	6
52	2	11	15.38	13
53	0	2	0.00	2
54	0	7	0.00	7
55	0	7	0.00	7
56	1	3	25.00	4
57	0	2	0.00	2
58	0	5	0.00	5
59	0	2	0.00	2
60	0	3	0.00	3
61	0	2	0.00	2
62	0	0		0
63	0	3	0.00	3
64	0	2	0.00	2
65	0	0		0
66	0	3	0.00	3
67	0	3	0.00	3
68	0	2	0.00	2
69	0	2	0.00	2
70	0	0		0
71	0	3	0.00	3
72	0	1	0.00	1
73	0	0		0
74	0	0		0
75	0	3	0.00	3
76	0	0		0
77	0	2	0.00	2
78	0	1	0.00	1
79	0	0		0
80	0	0		0
81	0	1	0.00	1
82	0	2	0.00	2
83	0	1	0.00	1
84	0	0		0
85	0	0		0
86	0	0		0
87	0	0		0
88	0	1	0.00	1
89	0	0		0
90	0	0		0
91	0	1	0.00	1
92	0	0		0
93	0	0		0
94	0	1	0.00	1
95	0	0		0
96	0	0		0
97	1	0	100.00	1

CHG context (R2)
================
position	count methylated	count unmethylated	% methylation	coverage
1	16	2122	0.75	2138
2	0	25	0.00	25
3	0	3	0.00	3
4	0	40	0.00	40
5	0	59	0.00	59
6	1	84	1.18	85
7	0	77	0.00	77
8	0	76	0.00	76
9	0	56	0.00	56
10	0	40	0.00	40
11	1	78	1.27	79
12	0	48	0.00	48
13	0	52	0.00	52
14	0	52	0.00	52
15	0	55	0.00	55
16	0	56	0.00	56
17	0	56	0.00	56
18	0	49	0.00	49
19	0	49	0.00	49
20	0	59	0.00	59
21	0	49	0.00	49
22	0	50	0.00	50
23	1	22	4.35	23
24	0	12	0.00	12
25	0	35	0.00	35
26	0	13	0.00	13
27	0	13	0.00	13
28	0	15	0.00	15
29	0	29	0.00	29
30	0	32	0.00	32
31	0	20	0.00	20
32	0	17	0.00	17
33	0	31	0.00	31
34	0	31	0.00	31
35	0	30	0.00	30
36	1	22	4.35	23
37	0	10	0.00	10
38	0	17	0.00	17
39	0	15	0.00	15
40	0	14	0.00	14
41	0	17	0.00	17
42	0	8	0.00	8
43	0	10	0.00	10
44	0	6	0.00	6
45	0	9	0.00	9
46	0	3	0.00	3
47	1	11	8.33	12
48	0	11	0.00	11
49	0	13	0.00	13
50	0	7	0.00	7
51	0	3	0.00	3
52	0	8	0.00	8
53	0	8	0.00	8
54	0	0		0
55	0	5	0.00	5
56	0	7	0.00	7
57	0	0		0
58	0	2	0.00	2
59	0	1	0.00	1
60	0	7	0.00	7
61	0	3	0.00	3
62	0	1	0.00	1
63	0	7	0.00	7
64	0	5	0.00	5
65	0	1	0.00	1
66	0	0		0
67	0	1	0.00	1
68	0	2	0.00	2
69	0	1	0.00	1
70	0	2	0.00	2
71	0	2	0.00	2
72	0	1	0.00	1
73	0	3	0.00	3
74	0	1	0.00	1
75	0	0		0
76	0	0		0
77	0	1	0.00	1
78	0	1	0.00	1
79	0	1	0.00	1
80	0	1	0.00	1
81	0	0		0
82	0	1	0.00	1
83	0	1	0.00	1
84	0	1	0.00	1
85	0	1	0.00	1
86	0	1	0.00	1
87	0	0		0
88	0	0		0
89	0	1	0.00	1
90	0	0		0
91	0	0		0
92	0	0		0
93	0	0		0
94	0	0		0
95	0	2	0.00	2
96	0	0		0
97	0	0		0

CHH context (R2)
================
position	count methylated	count unmethylated	% methylation	coverage
1	0	12	0.00	12
2	2	946	0.21	948
3	1	257	0.39	258
4	0	175	0.00	175
5	0	138	0.00	138
6	0	104	0.00	104
7	1	119	0.83	120
8	1	146	0.68	147
9	0	112	0.00	112
10	1	110	0.90	111
11	0	72	0.00	72
12	0	71	0.00	71
13	0	56	0.00	56
14	0	79	0.00	79
15	0	69	0.00	69
16	0	75	0.00	75
17	0	52	0.00	52
18	0	84	0.00	84
19	1	73	1.35	74
20	0	55	0.00	55
21	0	52	0.00	52
22	0	54	0.00	54
23	0	47	0.00	47
24	0	52	0.00	52
25	0	43	0.00	43
26	0	36	0.00	36
27	0	32	0.00	32
28	0	27	0.00	27
29	1	30	3.23	31
30	0	32	0.00	32
31	0	29	0.00	29
32	0	22	0.00	22
33	0	16	0.00	16
34	0	34	0.00	34
35	0	24	0.00	24
36	0	32	0.00	32
37	0	28	0.00	28
38	0	14	0.00	14
39	0	9	0.00	9
40	0	11	0.00	11
41	0	16	0.00	16
42	0	22	0.00	22
43	0	23	0.00	23
44	0	18	0.00	18
45	0	19	0.00	19
46	0	17	0.00	17
47	0	13	0.00	13
48	0	8	0.00	8
49	0	14	0.00	14
50	0	6	0.00	6
51	0	23	0.00	23
52	0	8	0.00	8
53	0	11	0.00	11
54	0	20	0.00	20
55	0	14	0.00	14
56	0	12	0.00	12
57	0	8	0.00	8
58	0	10	0.00	10
59	0	1	0.00	1
60	0	0		0
61	0	1	0.00	1
62	0	6	0.00	6
63	0	1	0.00	1
64	0	1	0.00	1
65	0	2	0.00	2
66	0	1	0.00	1
67	0	0		0
68	0	8	0.00	8
69	0	3	0.00	3
70	0	1	0.00	1
71	0	0		0
72	0	1	0.00	1
73	0	0		0
74	0	3	0.00	3
75	0	2	0.00	2
76	0	2	0.00	2
77	0	2	0.00	2
78	0	2	0.00	2
79	0	0		0
80	0	0		0
81	0	0		0
82	0	0		0
83	0	0		0
84	0	0		0
85	0	0		0
86	0	1	0.00	1
87	0	1	0.00	1
88	0	0		0
89	0	0		0
90	0	1	0.00	1
91	0	0		0
92	0	0		0
93	0	0		0
94	0	0		0
95	0	0		0
96	0	1	0.00	1
97	0	0		0

