CpG context (R1)
================
position	count methylated	count unmethylated	% methylation	coverage
1	218	2134	9.27	2352
2	0	19	0.00	19
3	2	14	12.50	16
4	12	174	6.45	186
5	10	203	4.69	213
6	14	272	4.90	286
7	17	234	6.77	251
8	6	288	2.04	294
9	10	242	3.97	252
10	9	237	3.66	246
11	12	297	3.88	309
12	18	271	6.23	289
13	22	297	6.90	319
14	13	266	4.66	279
15	8	235	3.29	243
16	15	318	4.50	333
17	8	236	3.28	244
18	7	234	2.90	241
19	14	329	4.08	343
20	12	235	4.86	247
21	12	215	5.29	227
22	14	282	4.73	296
23	10	218	4.39	228
24	17	246	6.46	263
25	11	295	3.59	306
26	12	277	4.15	289
27	19	297	6.01	316
28	17	256	6.23	273
29	9	268	3.25	277
30	20	281	6.64	301
31	17	269	5.94	286
32	15	279	5.10	294
33	10	228	4.20	238
34	13	282	4.41	295
35	5	263	1.87	268
36	13	227	5.42	240
37	15	253	5.60	268
38	18	213	7.79	231
39	16	230	6.50	246
40	11	233	4.51	244
41	11	243	4.33	254
42	18	269	6.27	287
43	9	269	3.24	278
44	14	253	5.24	267
45	15	287	4.97	302
46	23	226	9.24	249
47	20	295	6.35	315
48	16	226	6.61	242
49	16	251	5.99	267
50	12	226	5.04	238
51	13	229	5.37	242
52	13	233	5.28	246
53	10	244	3.94	254
54	11	263	4.01	274
55	17	272	5.88	289
56	13	237	5.20	250
57	19	216	8.09	235
58	9	222	3.90	231
59	13	261	4.74	274
60	9	256	3.40	265
61	15	214	6.55	229
62	23	216	9.62	239
63	13	216	5.68	229
64	21	220	8.71	241
65	15	235	6.00	250
66	8	239	3.24	247
67	22	206	9.65	228
68	15	187	7.43	202
69	6	213	2.74	219
70	11	220	4.76	231
71	11	261	4.04	272
72	9	239	3.63	248
73	13	245	5.04	258
74	9	184	4.66	193
75	12	194	5.83	206
76	4	196	2.00	200
77	16	218	6.84	234
78	9	201	4.29	210
79	6	218	2.68	224
80	6	166	3.49	172
81	10	152	6.17	162
82	8	224	3.45	232
83	7	126	5.26	133
84	6	167	3.47	173
85	4	187	2.09	191
86	16	176	8.33	192
87	9	163	5.23	172
88	9	122	6.87	131
89	7	152	4.40	159
90	5	118	4.07	123
91	7	135	4.93	142
92	8	124	6.06	132
93	7	143	4.67	150
94	6	131	4.38	137
95	1	113	0.88	114
96	2	107	1.83	109
97	8	135	5.59	143
98	3	89	3.26	92
99	1	47	2.08	48
100	1	11	8.33	12
101	0	4	0.00	4
102	1	5	16.67	6
103	1	7	12.50	8
104	0	4	0.00	4
105	0	3	0.00	3
106	0	5	0.00	5
107	0	4	0.00	4
108	0	10	0.00	10
109	0	5	0.00	5
110	0	2	0.00	2
111	0	8	0.00	8
112	0	2	0.00	2
113	0	2	0.00	2
114	0	3	0.00	3
115	0	3	0.00	3
116	0	2	0.00	2
117	0	1	0.00	1
118	0	3	0.00	3
119	0	0		0
120	0	6	0.00	6
121	0	2	0.00	2
122	0	4	0.00	4
123	0	3	0.00	3
124	0	2	0.00	2
125	0	1	0.00	1
126	0	1	0.00	1
127	0	1	0.00	1
128	0	2	0.00	2
129	0	1	0.00	1
130	0	1	0.00	1
131	0	1	0.00	1
132	0	1	0.00	1
133	0	0		0
134	0	0		0
135	0	1	0.00	1
136	0	0		0
137	0	1	0.00	1
138	0	0		0
139	0	1	0.00	1
140	0	1	0.00	1
141	0	0		0
142	0	1	0.00	1
143	0	0		0
144	0	0		0
145	0	1	0.00	1
146	0	0		0
147	0	0		0
148	0	1	0.00	1

CHG context (R1)
================
position	count methylated	count unmethylated	% methylation	coverage
1	1	17	5.56	18
2	0	22	0.00	22
3	0	11	0.00	11
4	0	143	0.00	143
5	1	210	0.47	211
6	1	214	0.47	215
7	2	267	0.74	269
8	2	225	0.88	227
9	1	241	0.41	242
10	4	219	1.79	223
11	1	241	0.41	242
12	1	199	0.50	200
13	3	200	1.48	203
14	0	209	0.00	209
15	0	244	0.00	244
16	0	226	0.00	226
17	0	228	0.00	228
18	2	277	0.72	279
19	1	203	0.49	204
20	0	167	0.00	167
21	4	228	1.72	232
22	0	229	0.00	229
23	1	227	0.44	228
24	1	213	0.47	214
25	1	205	0.49	206
26	2	187	1.06	189
27	0	201	0.00	201
28	0	239	0.00	239
29	0	193	0.00	193
30	1	187	0.53	188
31	0	244	0.00	244
32	0	194	0.00	194
33	0	260	0.00	260
34	1	233	0.43	234
35	2	223	0.89	225
36	0	236	0.00	236
37	0	172	0.00	172
38	0	191	0.00	191
39	0	197	0.00	197
40	1	218	0.46	219
41	0	287	0.00	287
42	3	221	1.34	224
43	1	205	0.49	206
44	2	248	0.80	250
45	1	190	0.52	191
46	1	236	0.42	237
47	0	194	0.00	194
48	0	239	0.00	239
49	1	199	0.50	200
50	0	217	0.00	217
51	1	208	0.48	209
52	1	215	0.46	216
53	0	187	0.00	187
54	0	176	0.00	176
55	1	168	0.59	169
56	2	211	0.94	213
57	1	222	0.45	223
58	0	219	0.00	219
59	0	193	0.00	193
60	2	139	1.42	141
61	0	198	0.00	198
62	0	177	0.00	177
63	0	168	0.00	168
64	0	203	0.00	203
65	0	186	0.00	186
66	1	201	0.50	202
67	0	183	0.00	183
68	2	197	1.01	199
69	0	174	0.00	174
70	0	197	0.00	197
71	3	176	1.68	179
72	0	155	0.00	155
73	1	159	0.62	160
74	0	154	0.00	154
75	0	147	0.00	147
76	0	170	0.00	170
77	1	164	0.61	165
78	0	137	0.00	137
79	0	164	0.00	164
80	0	108	0.00	108
81	0	207	0.00	207
82	0	103	0.00	103
83	0	155	0.00	155
84	1	129	0.77	130
85	0	128	0.00	128
86	0	164	0.00	164
87	1	108	0.92	109
88	0	135	0.00	135
89	0	101	0.00	101
90	2	100	1.96	102
91	0	141	0.00	141
92	0	110	0.00	110
93	0	84	0.00	84
94	0	98	0.00	98
95	0	91	0.00	91
96	0	117	0.00	117
97	1	119	0.83	120
98	0	89	0.00	89
99	0	48	0.00	48
100	0	4	0.00	4
101	0	5	0.00	5
102	0	6	0.00	6
103	0	5	0.00	5
104	0	4	0.00	4
105	0	3	0.00	3
106	0	6	0.00	6
107	0	6	0.00	6
108	0	6	0.00	6
109	0	2	0.00	2
110	0	5	0.00	5
111	0	2	0.00	2
112	0	2	0.00	2
113	0	3	0.00	3
114	0	1	0.00	1
115	0	1	0.00	1
116	0	1	0.00	1
117	0	3	0.00	3
118	0	1	0.00	1
119	0	0		0
120	0	1	0.00	1
121	0	2	0.00	2
122	0	3	0.00	3
123	0	2	0.00	2
124	0	0		0
125	0	0		0
126	0	1	0.00	1
127	0	2	0.00	2
128	0	1	0.00	1
129	0	0		0
130	0	0		0
131	0	1	0.00	1
132	0	0		0
133	0	0		0
134	0	1	0.00	1
135	0	2	0.00	2
136	0	1	0.00	1
137	0	0		0
138	0	0		0
139	0	1	0.00	1
140	0	0		0
141	0	0		0
142	0	0		0
143	0	0		0
144	0	0		0
145	0	0		0
146	0	0		0
147	0	1	0.00	1
148	0	1	0.00	1

CHH context (R1)
================
position	count methylated	count unmethylated	% methylation	coverage
1	1	36	2.70	37
2	0	37	0.00	37
3	0	24	0.00	24
4	5	380	1.30	385
5	0	407	0.00	407
6	1	454	0.22	455
7	1	367	0.27	368
8	1	332	0.30	333
9	0	311	0.00	311
10	1	315	0.32	316
11	0	334	0.00	334
12	1	364	0.27	365
13	2	363	0.55	365
14	3	342	0.87	345
15	4	353	1.12	357
16	1	292	0.34	293
17	1	326	0.31	327
18	0	313	0.00	313
19	0	280	0.00	280
20	1	323	0.31	324
21	2	339	0.59	341
22	0	330	0.00	330
23	3	330	0.90	333
24	0	348	0.00	348
25	1	392	0.25	393
26	1	356	0.28	357
27	1	386	0.26	387
28	0	357	0.00	357
29	1	339	0.29	340
30	1	340	0.29	341
31	0	353	0.00	353
32	1	384	0.26	385
33	1	331	0.30	332
34	0	316	0.00	316
35	0	292	0.00	292
36	3	354	0.84	357
37	1	366	0.27	367
38	2	373	0.53	375
39	1	395	0.25	396
40	1	341	0.29	342
41	3	363	0.82	366
42	2	335	0.59	337
43	2	337	0.59	339
44	0	344	0.00	344
45	1	312	0.32	313
46	1	337	0.30	338
47	1	328	0.30	329
48	1	319	0.31	320
49	1	376	0.27	377
50	3	359	0.83	362
51	1	413	0.24	414
52	1	377	0.26	378
53	1	345	0.29	346
54	0	296	0.00	296
55	1	324	0.31	325
56	0	296	0.00	296
57	1	284	0.35	285
58	0	288	0.00	288
59	1	302	0.33	303
60	0	304	0.00	304
61	1	329	0.30	330
62	0	350	0.00	350
63	1	324	0.31	325
64	1	367	0.27	368
65	1	340	0.29	341
66	0	307	0.00	307
67	0	324	0.00	324
68	3	325	0.91	328
69	2	316	0.63	318
70	4	279	1.41	283
71	0	294	0.00	294
72	0	261	0.00	261
73	0	269	0.00	269
74	2	249	0.80	251
75	1	321	0.31	322
76	0	320	0.00	320
77	0	273	0.00	273
78	4	272	1.45	276
79	0	269	0.00	269
80	2	321	0.62	323
81	0	262	0.00	262
82	3	265	1.12	268
83	0	202	0.00	202
84	0	240	0.00	240
85	1	258	0.39	259
86	0	246	0.00	246
87	2	229	0.87	231
88	2	260	0.76	262
89	3	204	1.45	207
90	4	189	2.07	193
91	0	194	0.00	194
92	1	190	0.52	191
93	1	189	0.53	190
94	0	169	0.00	169
95	0	206	0.00	206
96	1	162	0.61	163
97	0	159	0.00	159
98	0	176	0.00	176
99	1	57	1.72	58
100	0	6	0.00	6
101	0	9	0.00	9
102	0	9	0.00	9
103	0	7	0.00	7
104	0	9	0.00	9
105	0	8	0.00	8
106	0	8	0.00	8
107	0	5	0.00	5
108	0	1	0.00	1
109	0	3	0.00	3
110	0	6	0.00	6
111	0	8	0.00	8
112	0	4	0.00	4
113	0	2	0.00	2
114	1	3	25.00	4
115	0	2	0.00	2
116	0	5	0.00	5
117	0	5	0.00	5
118	0	3	0.00	3
119	0	2	0.00	2
120	0	2	0.00	2
121	0	0		0
122	0	1	0.00	1
123	0	1	0.00	1
124	0	1	0.00	1
125	0	2	0.00	2
126	0	1	0.00	1
127	0	2	0.00	2
128	0	1	0.00	1
129	0	1	0.00	1
130	0	0		0
131	0	1	0.00	1
132	0	0		0
133	0	1	0.00	1
134	0	3	0.00	3
135	0	0		0
136	0	0		0
137	0	0		0
138	0	1	0.00	1
139	0	1	0.00	1
140	0	1	0.00	1
141	0	0		0
142	0	0		0
143	0	0		0
144	0	0		0
145	0	0		0
146	0	0		0
147	0	0		0
148	0	0		0

CpG context (R2)
================
position	count methylated	count unmethylated	% methylation	coverage
1	0	25	0.00	25
2	1	13	7.14	14
3	5	70	6.67	75
4	5	62	7.46	67
5	2	110	1.79	112
6	8	70	10.26	78
7	7	137	4.86	144
8	1	93	1.06	94
9	7	80	8.05	87
10	10	90	10.00	100
11	4	77	4.94	81
12	5	49	9.26	54
13	8	73	9.88	81
14	3	44	6.38	47
15	1	62	1.59	63
16	2	60	3.23	62
17	4	45	8.16	49
18	4	54	6.90	58
19	1	36	2.70	37
20	5	40	11.11	45
21	2	48	4.00	50
22	4	42	8.70	46
23	2	44	4.35	46
24	2	50	3.85	52
25	0	32	0.00	32
26	0	28	0.00	28
27	9	35	20.45	44
28	4	26	13.33	30
29	0	38	0.00	38
30	4	26	13.33	30
31	1	40	2.44	41
32	2	36	5.26	38
33	0	21	0.00	21
34	7	21	25.00	28
35	0	17	0.00	17
36	1	7	12.50	8
37	1	28	3.45	29
38	1	23	4.17	24
39	2	11	15.38	13
40	0	10	0.00	10
41	0	14	0.00	14
42	0	13	0.00	13
43	4	15	21.05	19
44	0	14	0.00	14
45	0	7	0.00	7
46	7	14	33.33	21
47	2	6	25.00	8
48	0	6	0.00	6
49	1	8	11.11	9
50	0	5	0.00	5
51	1	7	12.50	8
52	2	4	33.33	6
53	0	4	0.00	4
54	0	3	0.00	3
55	1	2	33.33	3
56	1	6	14.29	7
57	0	2	0.00	2
58	0	8	0.00	8
59	0	2	0.00	2
60	0	0		0
61	0	4	0.00	4
62	0	0		0
63	0	2	0.00	2
64	0	2	0.00	2
65	0	0		0
66	0	3	0.00	3
67	0	0		0
68	0	1	0.00	1
69	0	0		0
70	0	0		0
71	0	1	0.00	1
72	0	0		0
73	0	0		0
74	0	0		0
75	0	1	0.00	1
76	0	0		0
77	0	1	0.00	1
78	0	0		0
79	0	0		0
80	0	0		0
81	0	0		0
82	0	0		0
83	0	0		0
84	0	0		0
85	0	0		0
86	0	0		0
87	0	0		0
88	0	0		0
89	0	0		0
90	0	0		0
91	0	0		0
92	0	0		0
93	0	0		0
94	0	1	0.00	1
95	0	0		0
96	0	0		0
97	0	1	0.00	1

CHG context (R2)
================
position	count methylated	count unmethylated	% methylation	coverage
1	23	2146	1.06	2169
2	0	28	0.00	28
3	0	5	0.00	5
4	0	35	0.00	35
5	0	57	0.00	57
6	2	73	2.67	75
7	2	71	2.74	73
8	1	91	1.09	92
9	0	84	0.00	84
10	0	78	0.00	78
11	1	78	1.27	79
12	0	33	0.00	33
13	0	54	0.00	54
14	0	51	0.00	51
15	0	41	0.00	41
16	0	56	0.00	56
17	0	52	0.00	52
18	1	50	1.96	51
19	0	51	0.00	51
20	0	49	0.00	49
21	0	42	0.00	42
22	0	56	0.00	56
23	0	30	0.00	30
24	0	17	0.00	17
25	0	44	0.00	44
26	0	16	0.00	16
27	0	17	0.00	17
28	2	15	11.76	17
29	0	27	0.00	27
30	0	18	0.00	18
31	2	29	6.45	31
32	0	23	0.00	23
33	0	24	0.00	24
34	0	22	0.00	22
35	0	35	0.00	35
36	0	23	0.00	23
37	0	15	0.00	15
38	0	12	0.00	12
39	0	15	0.00	15
40	0	15	0.00	15
41	0	23	0.00	23
42	0	7	0.00	7
43	0	8	0.00	8
44	0	7	0.00	7
45	0	9	0.00	9
46	0	3	0.00	3
47	0	11	0.00	11
48	0	7	0.00	7
49	0	8	0.00	8
50	0	11	0.00	11
51	0	4	0.00	4
52	0	9	0.00	9
53	0	6	0.00	6
54	0	2	0.00	2
55	0	4	0.00	4
56	0	4	0.00	4
57	0	1	0.00	1
58	0	5	0.00	5
59	0	0		0
60	0	5	0.00	5
61	0	0		0
62	0	0		0
63	0	2	0.00	2
64	0	1	0.00	1
65	0	0		0
66	0	0		0
67	0	2	0.00	2
68	0	1	0.00	1
69	0	0		0
70	0	0		0
71	0	2	0.00	2
72	0	1	0.00	1
73	0	0		0
74	0	0		0
75	0	1	0.00	1
76	0	0		0
77	0	0		0
78	0	1	0.00	1
79	0	0		0
80	0	0		0
81	0	0		0
82	0	0		0
83	0	0		0
84	0	0		0
85	0	0		0
86	0	0		0
87	0	1	0.00	1
88	0	0		0
89	0	0		0
90	0	0		0
91	0	0		0
92	0	0		0
93	0	0		0
94	0	0		0
95	0	0		0
96	0	0		0
97	0	0		0

CHH context (R2)
================
position	count methylated	count unmethylated	% methylation	coverage
1	0	11	0.00	11
2	2	947	0.21	949
3	0	280	0.00	280
4	1	196	0.51	197
5	0	150	0.00	150
6	1	100	0.99	101
7	0	100	0.00	100
8	2	130	1.52	132
9	1	118	0.84	119
10	0	131	0.00	131
11	0	95	0.00	95
12	1	106	0.93	107
13	0	79	0.00	79
14	0	114	0.00	114
15	0	86	0.00	86
16	0	71	0.00	71
17	0	69	0.00	69
18	0	84	0.00	84
19	0	98	0.00	98
20	1	67	1.47	68
21	0	46	0.00	46
22	0	41	0.00	41
23	0	55	0.00	55
24	0	44	0.00	44
25	0	50	0.00	50
26	0	37	0.00	37
27	0	28	0.00	28
28	0	30	0.00	30
29	0	37	0.00	37
30	0	34	0.00	34
31	0	33	0.00	33
32	0	29	0.00	29
33	0	17	0.00	17
34	0	28	0.00	28
35	0	35	0.00	35
36	0	26	0.00	26
37	0	12	0.00	12
38	0	19	0.00	19
39	0	14	0.00	14
40	0	21	0.00	21
41	0	15	0.00	15
42	0	18	0.00	18
43	0	17	0.00	17
44	0	25	0.00	25
45	0	14	0.00	14
46	0	17	0.00	17
47	0	12	0.00	12
48	0	8	0.00	8
49	0	10	0.00	10
50	0	7	0.00	7
51	0	15	0.00	15
52	0	10	0.00	10
53	0	14	0.00	14
54	0	10	0.00	10
55	0	13	0.00	13
56	0	8	0.00	8
57	0	3	0.00	3
58	0	4	0.00	4
59	0	1	0.00	1
60	0	3	0.00	3
61	0	2	0.00	2
62	0	3	0.00	3
63	0	0		0
64	0	0		0
65	0	0		0
66	0	0		0
67	0	0		0
68	0	2	0.00	2
69	0	2	0.00	2
70	0	0		0
71	0	0		0
72	0	0		0
73	0	0		0
74	0	0		0
75	0	0		0
76	0	0		0
77	0	0		0
78	0	0		0
79	0	1	0.00	1
80	0	0		0
81	0	0		0
82	0	0		0
83	0	0		0
84	0	0		0
85	0	0		0
86	0	0		0
87	0	0		0
88	0	0		0
89	0	0		0
90	0	0		0
91	0	0		0
92	0	0		0
93	0	0		0
94	0	0		0
95	0	0		0
96	0	0		0
97	0	0		0

