CpG context (R1)
================
position	count methylated	count unmethylated	% methylation	coverage
1	206	2174	8.66	2380
2	0	20	0.00	20
3	1	6	14.29	7
4	11	187	5.56	198
5	9	192	4.48	201
6	13	277	4.48	290
7	14	231	5.71	245
8	21	313	6.29	334
9	16	231	6.48	247
10	12	225	5.06	237
11	20	250	7.41	270
12	22	241	8.37	263
13	14	307	4.36	321
14	14	264	5.04	278
15	13	252	4.91	265
16	14	297	4.50	311
17	6	239	2.45	245
18	7	250	2.72	257
19	16	309	4.92	325
20	10	223	4.29	233
21	13	231	5.33	244
22	18	285	5.94	303
23	12	244	4.69	256
24	14	231	5.71	245
25	27	321	7.76	348
26	10	284	3.40	294
27	8	270	2.88	278
28	17	274	5.84	291
29	6	280	2.10	286
30	16	260	5.80	276
31	17	257	6.20	274
32	16	278	5.44	294
33	13	215	5.70	228
34	13	271	4.58	284
35	12	277	4.15	289
36	14	243	5.45	257
37	11	281	3.77	292
38	11	228	4.60	239
39	16	258	5.84	274
40	11	262	4.03	273
41	13	248	4.98	261
42	11	284	3.73	295
43	8	239	3.24	247
44	18	266	6.34	284
45	20	272	6.85	292
46	12	224	5.08	236
47	27	263	9.31	290
48	11	258	4.09	269
49	9	241	3.60	250
50	13	272	4.56	285
51	14	223	5.91	237
52	11	266	3.97	277
53	2	252	0.79	254
54	15	241	5.86	256
55	12	288	4.00	300
56	14	234	5.65	248
57	11	227	4.62	238
58	10	256	3.76	266
59	16	265	5.69	281
60	11	267	3.96	278
61	10	240	4.00	250
62	19	241	7.31	260
63	10	235	4.08	245
64	5	242	2.02	247
65	12	286	4.03	298
66	15	261	5.43	276
67	17	210	7.49	227
68	15	223	6.30	238
69	12	204	5.56	216
70	8	226	3.42	234
71	11	276	3.83	287
72	7	223	3.04	230
73	11	222	4.72	233
74	11	194	5.37	205
75	12	177	6.35	189
76	9	199	4.33	208
77	5	201	2.43	206
78	8	194	3.96	202
79	8	216	3.57	224
80	10	162	5.81	172
81	4	158	2.47	162
82	7	217	3.12	224
83	6	138	4.17	144
84	5	180	2.70	185
85	5	187	2.60	192
86	12	158	7.06	170
87	8	183	4.19	191
88	2	139	1.42	141
89	7	157	4.27	164
90	6	122	4.69	128
91	9	153	5.56	162
92	4	114	3.39	118
93	5	141	3.42	146
94	7	114	5.79	121
95	8	124	6.06	132
96	8	106	7.02	114
97	4	121	3.20	125
98	5	103	4.63	108
99	3	54	5.26	57
100	0	18	0.00	18
101	0	9	0.00	9
102	0	4	0.00	4
103	1	11	8.33	12
104	0	4	0.00	4
105	0	6	0.00	6
106	0	7	0.00	7
107	0	5	0.00	5
108	0	7	0.00	7
109	0	6	0.00	6
110	0	4	0.00	4
111	0	9	0.00	9
112	0	7	0.00	7
113	0	8	0.00	8
114	0	5	0.00	5
115	0	6	0.00	6
116	0	4	0.00	4
117	0	5	0.00	5
118	0	4	0.00	4
119	0	3	0.00	3
120	0	5	0.00	5
121	0	1	0.00	1
122	0	5	0.00	5
123	0	5	0.00	5
124	0	2	0.00	2
125	1	5	16.67	6
126	1	2	33.33	3
127	0	2	0.00	2
128	1	6	14.29	7
129	1	5	16.67	6
130	0	4	0.00	4
131	0	4	0.00	4
132	1	1	50.00	2
133	0	2	0.00	2
134	0	1	0.00	1
135	0	1	0.00	1
136	0	1	0.00	1
137	0	4	0.00	4
138	0	1	0.00	1
139	0	0		0
140	0	2	0.00	2
141	0	0		0
142	0	0		0
143	0	0		0
144	0	0		0
145	0	0		0
146	0	0		0
147	0	0		0

CHG context (R1)
================
position	count methylated	count unmethylated	% methylation	coverage
1	1	20	4.76	21
2	0	15	0.00	15
3	0	9	0.00	9
4	0	124	0.00	124
5	1	206	0.48	207
6	3	236	1.26	239
7	5	241	2.03	246
8	1	211	0.47	212
9	1	226	0.44	227
10	1	221	0.45	222
11	2	252	0.79	254
12	0	206	0.00	206
13	0	205	0.00	205
14	0	210	0.00	210
15	2	239	0.83	241
16	1	222	0.45	223
17	0	235	0.00	235
18	1	278	0.36	279
19	0	214	0.00	214
20	1	176	0.56	177
21	1	215	0.46	216
22	0	237	0.00	237
23	0	194	0.00	194
24	0	165	0.00	165
25	1	235	0.42	236
26	2	198	1.00	200
27	2	241	0.82	243
28	2	212	0.93	214
29	1	188	0.53	189
30	0	191	0.00	191
31	0	248	0.00	248
32	0	181	0.00	181
33	0	235	0.00	235
34	1	215	0.46	216
35	1	218	0.46	219
36	0	223	0.00	223
37	1	205	0.49	206
38	2	220	0.90	222
39	0	246	0.00	246
40	1	208	0.48	209
41	0	257	0.00	257
42	3	198	1.49	201
43	0	202	0.00	202
44	0	250	0.00	250
45	0	197	0.00	197
46	2	246	0.81	248
47	1	175	0.57	176
48	0	218	0.00	218
49	1	223	0.45	224
50	0	194	0.00	194
51	1	230	0.43	231
52	0	209	0.00	209
53	2	200	0.99	202
54	0	211	0.00	211
55	0	177	0.00	177
56	0	210	0.00	210
57	3	198	1.49	201
58	0	217	0.00	217
59	0	194	0.00	194
60	0	151	0.00	151
61	1	211	0.47	212
62	2	187	1.06	189
63	0	156	0.00	156
64	0	221	0.00	221
65	0	200	0.00	200
66	0	174	0.00	174
67	0	187	0.00	187
68	0	172	0.00	172
69	0	197	0.00	197
70	0	221	0.00	221
71	0	190	0.00	190
72	1	130	0.76	131
73	2	169	1.17	171
74	0	142	0.00	142
75	3	163	1.81	166
76	0	185	0.00	185
77	1	162	0.61	163
78	0	153	0.00	153
79	2	133	1.48	135
80	1	152	0.65	153
81	0	194	0.00	194
82	0	115	0.00	115
83	0	120	0.00	120
84	1	135	0.74	136
85	0	111	0.00	111
86	0	142	0.00	142
87	1	100	0.99	101
88	1	140	0.71	141
89	0	103	0.00	103
90	0	97	0.00	97
91	2	123	1.60	125
92	0	108	0.00	108
93	0	85	0.00	85
94	1	103	0.96	104
95	0	98	0.00	98
96	0	116	0.00	116
97	0	115	0.00	115
98	0	91	0.00	91
99	1	41	2.38	42
100	0	4	0.00	4
101	0	6	0.00	6
102	0	9	0.00	9
103	0	3	0.00	3
104	0	6	0.00	6
105	0	4	0.00	4
106	0	7	0.00	7
107	0	5	0.00	5
108	0	4	0.00	4
109	0	6	0.00	6
110	0	6	0.00	6
111	0	1	0.00	1
112	0	4	0.00	4
113	0	3	0.00	3
114	0	2	0.00	2
115	0	3	0.00	3
116	0	2	0.00	2
117	0	2	0.00	2
118	0	1	0.00	1
119	0	4	0.00	4
120	0	1	0.00	1
121	0	4	0.00	4
122	0	6	0.00	6
123	0	0		0
124	0	3	0.00	3
125	0	2	0.00	2
126	0	0		0
127	0	5	0.00	5
128	0	2	0.00	2
129	0	1	0.00	1
130	0	1	0.00	1
131	0	2	0.00	2
132	0	1	0.00	1
133	0	0		0
134	0	1	0.00	1
135	0	0		0
136	0	3	0.00	3
137	0	0		0
138	0	0		0
139	0	2	0.00	2
140	0	0		0
141	0	0		0
142	0	0		0
143	0	1	0.00	1
144	0	0		0
145	0	0		0
146	0	0		0
147	0	1	0.00	1

CHH context (R1)
================
position	count methylated	count unmethylated	% methylation	coverage
1	0	21	0.00	21
2	0	28	0.00	28
3	0	25	0.00	25
4	0	337	0.00	337
5	0	393	0.00	393
6	1	412	0.24	413
7	4	387	1.02	391
8	0	367	0.00	367
9	3	318	0.93	321
10	2	340	0.58	342
11	2	334	0.60	336
12	1	338	0.29	339
13	1	392	0.25	393
14	0	362	0.00	362
15	0	372	0.00	372
16	0	356	0.00	356
17	1	340	0.29	341
18	0	297	0.00	297
19	0	320	0.00	320
20	1	343	0.29	344
21	2	323	0.62	325
22	1	328	0.30	329
23	1	346	0.29	347
24	1	365	0.27	366
25	0	389	0.00	389
26	1	348	0.29	349
27	1	394	0.25	395
28	4	366	1.08	370
29	0	333	0.00	333
30	0	397	0.00	397
31	4	366	1.08	370
32	2	364	0.55	366
33	3	339	0.88	342
34	0	328	0.00	328
35	2	335	0.59	337
36	2	363	0.55	365
37	2	353	0.56	355
38	0	325	0.00	325
39	0	340	0.00	340
40	1	314	0.32	315
41	1	323	0.31	324
42	0	343	0.00	343
43	1	346	0.29	347
44	1	320	0.31	321
45	3	298	1.00	301
46	2	347	0.57	349
47	0	332	0.00	332
48	0	336	0.00	336
49	0	368	0.00	368
50	0	372	0.00	372
51	0	354	0.00	354
52	2	350	0.57	352
53	2	312	0.64	314
54	0	293	0.00	293
55	1	311	0.32	312
56	2	305	0.65	307
57	1	304	0.33	305
58	0	309	0.00	309
59	0	307	0.00	307
60	0	309	0.00	309
61	2	316	0.63	318
62	1	327	0.30	328
63	1	330	0.30	331
64	0	339	0.00	339
65	0	350	0.00	350
66	1	279	0.36	280
67	0	334	0.00	334
68	2	346	0.57	348
69	0	343	0.00	343
70	0	305	0.00	305
71	1	300	0.33	301
72	1	288	0.35	289
73	0	294	0.00	294
74	1	264	0.38	265
75	0	287	0.00	287
76	0	268	0.00	268
77	0	270	0.00	270
78	0	259	0.00	259
79	1	289	0.34	290
80	2	314	0.63	316
81	2	250	0.79	252
82	1	281	0.35	282
83	1	228	0.44	229
84	0	231	0.00	231
85	0	269	0.00	269
86	2	249	0.80	251
87	2	227	0.87	229
88	1	265	0.38	266
89	1	208	0.48	209
90	3	194	1.52	197
91	1	190	0.52	191
92	0	215	0.00	215
93	1	184	0.54	185
94	0	171	0.00	171
95	0	199	0.00	199
96	0	172	0.00	172
97	0	168	0.00	168
98	0	179	0.00	179
99	0	62	0.00	62
100	0	13	0.00	13
101	0	12	0.00	12
102	0	7	0.00	7
103	0	7	0.00	7
104	0	5	0.00	5
105	0	12	0.00	12
106	0	5	0.00	5
107	0	5	0.00	5
108	0	5	0.00	5
109	0	3	0.00	3
110	0	7	0.00	7
111	0	5	0.00	5
112	0	2	0.00	2
113	0	2	0.00	2
114	0	4	0.00	4
115	0	3	0.00	3
116	0	7	0.00	7
117	0	7	0.00	7
118	0	8	0.00	8
119	0	3	0.00	3
120	0	6	0.00	6
121	0	5	0.00	5
122	0	4	0.00	4
123	0	3	0.00	3
124	0	3	0.00	3
125	0	6	0.00	6
126	0	7	0.00	7
127	0	3	0.00	3
128	0	1	0.00	1
129	0	0		0
130	0	0		0
131	0	1	0.00	1
132	0	2	0.00	2
133	0	3	0.00	3
134	0	3	0.00	3
135	0	1	0.00	1
136	0	0		0
137	0	1	0.00	1
138	0	0		0
139	0	0		0
140	0	1	0.00	1
141	0	1	0.00	1
142	0	0		0
143	0	0		0
144	0	0		0
145	0	0		0
146	0	1	0.00	1
147	0	0		0

CpG context (R2)
================
position	count methylated	count unmethylated	% methylation	coverage
1	0	21	0.00	21
2	0	13	0.00	13
3	3	70	4.11	73
4	6	82	6.82	88
5	3	103	2.83	106
6	2	87	2.25	89
7	5	133	3.62	138
8	2	80	2.44	82
9	4	75	5.06	79
10	4	79	4.82	83
11	6	57	9.52	63
12	1	57	1.72	58
13	8	70	10.26	78
14	2	43	4.44	45
15	2	68	2.86	70
16	3	56	5.08	59
17	1	35	2.78	36
18	4	50	7.41	54
19	1	46	2.13	47
20	0	43	0.00	43
21	3	35	7.89	38
22	1	38	2.56	39
23	1	36	2.70	37
24	3	60	4.76	63
25	0	27	0.00	27
26	1	22	4.35	23
27	2	27	6.90	29
28	2	26	7.14	28
29	3	35	7.89	38
30	0	29	0.00	29
31	4	26	13.33	30
32	0	26	0.00	26
33	2	12	14.29	14
34	1	16	5.88	17
35	0	9	0.00	9
36	1	18	5.26	19
37	0	21	0.00	21
38	1	15	6.25	16
39	0	11	0.00	11
40	2	4	33.33	6
41	0	7	0.00	7
42	0	9	0.00	9
43	0	8	0.00	8
44	0	11	0.00	11
45	0	2	0.00	2
46	1	7	12.50	8
47	0	7	0.00	7
48	0	4	0.00	4
49	0	3	0.00	3
50	0	5	0.00	5
51	0	6	0.00	6
52	1	5	16.67	6
53	0	4	0.00	4
54	2	0	100.00	2
55	0	4	0.00	4
56	0	5	0.00	5
57	0	3	0.00	3
58	0	2	0.00	2
59	0	2	0.00	2
60	1	0	100.00	1
61	0	0		0
62	0	0		0
63	0	1	0.00	1
64	0	1	0.00	1
65	0	0		0
66	0	2	0.00	2
67	0	0		0
68	1	0	100.00	1
69	0	0		0
70	0	0		0
71	0	0		0
72	0	0		0
73	0	1	0.00	1
74	0	0		0
75	0	0		0
76	0	0		0
77	0	0		0
78	0	0		0
79	0	0		0
80	0	2	0.00	2
81	0	0		0
82	0	1	0.00	1
83	0	0		0
84	0	0		0
85	0	0		0
86	0	2	0.00	2
87	0	0		0
88	0	0		0
89	0	0		0
90	0	0		0
91	0	3	0.00	3
92	0	0		0
93	0	0		0
94	0	1	0.00	1
95	0	0		0
96	0	0		0
97	0	2	0.00	2

CHG context (R2)
================
position	count methylated	count unmethylated	% methylation	coverage
1	12	2122	0.56	2134
2	0	24	0.00	24
3	0	6	0.00	6
4	0	47	0.00	47
5	0	65	0.00	65
6	1	73	1.35	74
7	0	79	0.00	79
8	2	103	1.90	105
9	0	69	0.00	69
10	1	69	1.43	70
11	1	66	1.49	67
12	0	42	0.00	42
13	0	68	0.00	68
14	0	44	0.00	44
15	0	40	0.00	40
16	1	45	2.17	46
17	0	61	0.00	61
18	0	42	0.00	42
19	0	50	0.00	50
20	0	56	0.00	56
21	0	34	0.00	34
22	0	45	0.00	45
23	0	21	0.00	21
24	0	18	0.00	18
25	0	44	0.00	44
26	0	19	0.00	19
27	0	12	0.00	12
28	0	26	0.00	26
29	0	23	0.00	23
30	0	28	0.00	28
31	0	26	0.00	26
32	0	20	0.00	20
33	1	17	5.56	18
34	0	21	0.00	21
35	0	20	0.00	20
36	0	19	0.00	19
37	0	12	0.00	12
38	0	11	0.00	11
39	0	19	0.00	19
40	0	19	0.00	19
41	0	16	0.00	16
42	0	11	0.00	11
43	0	5	0.00	5
44	0	5	0.00	5
45	0	6	0.00	6
46	0	2	0.00	2
47	0	6	0.00	6
48	0	7	0.00	7
49	0	7	0.00	7
50	1	7	12.50	8
51	0	1	0.00	1
52	0	6	0.00	6
53	0	4	0.00	4
54	0	2	0.00	2
55	0	1	0.00	1
56	0	3	0.00	3
57	0	1	0.00	1
58	0	4	0.00	4
59	0	0		0
60	0	3	0.00	3
61	0	1	0.00	1
62	0	0		0
63	0	2	0.00	2
64	0	2	0.00	2
65	0	0		0
66	0	2	0.00	2
67	0	2	0.00	2
68	0	0		0
69	0	0		0
70	0	1	0.00	1
71	0	0		0
72	0	3	0.00	3
73	0	1	0.00	1
74	0	0		0
75	0	1	0.00	1
76	0	0		0
77	0	0		0
78	0	1	0.00	1
79	0	0		0
80	0	1	0.00	1
81	0	2	0.00	2
82	0	0		0
83	0	0		0
84	0	0		0
85	0	0		0
86	0	1	0.00	1
87	0	1	0.00	1
88	0	0		0
89	0	2	0.00	2
90	0	0		0
91	0	0		0
92	0	0		0
93	0	0		0
94	0	0		0
95	0	1	0.00	1
96	0	0		0
97	0	0		0

CHH context (R2)
================
position	count methylated	count unmethylated	% methylation	coverage
1	0	10	0.00	10
2	0	973	0.00	973
3	1	244	0.41	245
4	0	198	0.00	198
5	1	141	0.70	142
6	0	113	0.00	113
7	1	119	0.83	120
8	2	143	1.38	145
9	0	134	0.00	134
10	0	130	0.00	130
11	0	87	0.00	87
12	0	89	0.00	89
13	1	71	1.39	72
14	0	98	0.00	98
15	0	84	0.00	84
16	0	72	0.00	72
17	0	76	0.00	76
18	0	76	0.00	76
19	0	75	0.00	75
20	0	51	0.00	51
21	0	57	0.00	57
22	0	41	0.00	41
23	1	34	2.86	35
24	0	35	0.00	35
25	0	44	0.00	44
26	0	33	0.00	33
27	0	29	0.00	29
28	0	27	0.00	27
29	0	27	0.00	27
30	0	19	0.00	19
31	0	27	0.00	27
32	0	32	0.00	32
33	0	28	0.00	28
34	0	22	0.00	22
35	0	24	0.00	24
36	0	15	0.00	15
37	0	12	0.00	12
38	0	25	0.00	25
39	0	7	0.00	7
40	0	20	0.00	20
41	0	17	0.00	17
42	0	21	0.00	21
43	0	21	0.00	21
44	0	22	0.00	22
45	0	17	0.00	17
46	1	15	6.25	16
47	1	10	9.09	11
48	0	6	0.00	6
49	0	7	0.00	7
50	0	5	0.00	5
51	0	12	0.00	12
52	0	11	0.00	11
53	0	7	0.00	7
54	0	12	0.00	12
55	0	10	0.00	10
56	0	7	0.00	7
57	0	3	0.00	3
58	0	3	0.00	3
59	0	1	0.00	1
60	0	2	0.00	2
61	0	1	0.00	1
62	0	3	0.00	3
63	0	0		0
64	0	1	0.00	1
65	0	1	0.00	1
66	0	1	0.00	1
67	0	0		0
68	0	2	0.00	2
69	0	4	0.00	4
70	0	0		0
71	0	0		0
72	0	0		0
73	0	0		0
74	0	1	0.00	1
75	0	2	0.00	2
76	0	0		0
77	0	0		0
78	0	0		0
79	0	1	0.00	1
80	0	0		0
81	0	0		0
82	0	0		0
83	0	0		0
84	0	0		0
85	0	0		0
86	0	0		0
87	0	1	0.00	1
88	0	0		0
89	0	0		0
90	0	0		0
91	0	0		0
92	0	0		0
93	0	0		0
94	0	2	0.00	2
95	0	0		0
96	0	0		0
97	0	0		0

