CpG context (R1)
================
position	count methylated	count unmethylated	% methylation	coverage
1	210	2159	8.86	2369
2	0	21	0.00	21
3	1	15	6.25	16
4	6	147	3.92	153
5	11	189	5.50	200
6	13	289	4.30	302
7	10	219	4.37	229
8	16	281	5.39	297
9	12	225	5.06	237
10	21	255	7.61	276
11	12	268	4.29	280
12	19	242	7.28	261
13	12	258	4.44	270
14	15	257	5.51	272
15	17	222	7.11	239
16	10	271	3.56	281
17	12	221	5.15	233
18	7	223	3.04	230
19	17	327	4.94	344
20	7	222	3.06	229
21	13	215	5.70	228
22	14	257	5.17	271
23	7	269	2.54	276
24	12	240	4.76	252
25	11	283	3.74	294
26	10	275	3.51	285
27	14	269	4.95	283
28	23	228	9.16	251
29	10	285	3.39	295
30	20	260	7.14	280
31	17	241	6.59	258
32	15	268	5.30	283
33	5	212	2.30	217
34	15	249	5.68	264
35	14	229	5.76	243
36	12	205	5.53	217
37	11	270	3.91	281
38	20	243	7.60	263
39	11	239	4.40	250
40	10	255	3.77	265
41	15	249	5.68	264
42	12	298	3.87	310
43	17	237	6.69	254
44	12	257	4.46	269
45	17	273	5.86	290
46	18	235	7.11	253
47	17	254	6.27	271
48	18	244	6.87	262
49	14	246	5.38	260
50	17	229	6.91	246
51	20	249	7.43	269
52	12	223	5.11	235
53	13	229	5.37	242
54	13	249	4.96	262
55	8	256	3.03	264
56	11	233	4.51	244
57	12	236	4.84	248
58	9	217	3.98	226
59	14	282	4.73	296
60	11	245	4.30	256
61	11	214	4.89	225
62	12	248	4.62	260
63	16	207	7.17	223
64	16	235	6.37	251
65	11	245	4.30	256
66	17	251	6.34	268
67	17	219	7.20	236
68	8	203	3.79	211
69	10	192	4.95	202
70	3	201	1.47	204
71	15	264	5.38	279
72	11	215	4.87	226
73	14	243	5.45	257
74	12	194	5.83	206
75	9	157	5.42	166
76	8	197	3.90	205
77	10	220	4.35	230
78	15	195	7.14	210
79	12	190	5.94	202
80	6	176	3.30	182
81	5	157	3.09	162
82	9	197	4.37	206
83	7	118	5.60	125
84	8	174	4.40	182
85	8	174	4.40	182
86	11	181	5.73	192
87	12	185	6.09	197
88	3	110	2.65	113
89	14	137	9.27	151
90	1	109	0.91	110
91	7	131	5.07	138
92	6	135	4.26	141
93	9	112	7.44	121
94	7	117	5.65	124
95	6	92	6.12	98
96	8	97	7.62	105
97	6	131	4.38	137
98	9	105	7.89	114
99	2	43	4.44	45
100	1	12	7.69	13
101	0	2	0.00	2
102	0	5	0.00	5
103	0	4	0.00	4
104	1	10	9.09	11
105	0	5	0.00	5
106	0	2	0.00	2
107	0	8	0.00	8
108	0	8	0.00	8
109	0	10	0.00	10
110	0	1	0.00	1
111	0	5	0.00	5
112	0	6	0.00	6
113	0	5	0.00	5
114	1	4	20.00	5
115	0	2	0.00	2
116	0	1	0.00	1
117	0	3	0.00	3
118	0	2	0.00	2
119	0	1	0.00	1
120	0	4	0.00	4
121	0	1	0.00	1
122	0	1	0.00	1
123	0	3	0.00	3
124	0	2	0.00	2
125	1	2	33.33	3
126	0	2	0.00	2
127	0	2	0.00	2
128	0	1	0.00	1
129	0	4	0.00	4
130	0	0		0
131	0	0		0
132	0	1	0.00	1
133	0	0		0
134	0	2	0.00	2
135	0	0		0
136	0	1	0.00	1
137	0	3	0.00	3
138	1	0	100.00	1
139	0	1	0.00	1
140	0	0		0
141	0	0		0
142	0	0		0
143	0	0		0
144	0	1	0.00	1
145	0	0		0
146	0	0		0
147	0	0		0
148	0	0		0
149	0	0		0

CHG context (R1)
================
position	count methylated	count unmethylated	% methylation	coverage
1	1	16	5.88	17
2	0	24	0.00	24
3	0	10	0.00	10
4	0	123	0.00	123
5	1	229	0.43	230
6	0	199	0.00	199
7	2	263	0.75	265
8	1	235	0.42	236
9	0	229	0.00	229
10	1	211	0.47	212
11	1	251	0.40	252
12	0	194	0.00	194
13	0	215	0.00	215
14	0	201	0.00	201
15	1	243	0.41	244
16	0	205	0.00	205
17	0	211	0.00	211
18	2	264	0.75	266
19	1	230	0.43	231
20	0	160	0.00	160
21	1	222	0.45	223
22	1	234	0.43	235
23	2	230	0.86	232
24	0	180	0.00	180
25	1	218	0.46	219
26	1	200	0.50	201
27	1	207	0.48	208
28	0	232	0.00	232
29	2	206	0.96	208
30	0	176	0.00	176
31	0	223	0.00	223
32	1	208	0.48	209
33	0	236	0.00	236
34	0	226	0.00	226
35	0	219	0.00	219
36	0	238	0.00	238
37	1	214	0.47	215
38	0	178	0.00	178
39	0	219	0.00	219
40	0	210	0.00	210
41	1	267	0.37	268
42	1	203	0.49	204
43	1	220	0.45	221
44	0	262	0.00	262
45	1	190	0.52	191
46	2	239	0.83	241
47	0	203	0.00	203
48	0	225	0.00	225
49	1	216	0.46	217
50	1	236	0.42	237
51	1	217	0.46	218
52	2	221	0.90	223
53	0	209	0.00	209
54	0	179	0.00	179
55	0	191	0.00	191
56	0	240	0.00	240
57	1	211	0.47	212
58	0	194	0.00	194
59	0	171	0.00	171
60	0	134	0.00	134
61	0	198	0.00	198
62	0	189	0.00	189
63	0	200	0.00	200
64	1	179	0.56	180
65	2	187	1.06	189
66	2	180	1.10	182
67	1	164	0.61	165
68	1	199	0.50	200
69	0	178	0.00	178
70	1	198	0.50	199
71	0	157	0.00	157
72	0	178	0.00	178
73	1	158	0.63	159
74	1	150	0.66	151
75	1	151	0.66	152
76	0	172	0.00	172
77	0	180	0.00	180
78	0	159	0.00	159
79	0	140	0.00	140
80	2	134	1.47	136
81	0	167	0.00	167
82	0	122	0.00	122
83	0	143	0.00	143
84	1	111	0.89	112
85	0	114	0.00	114
86	0	160	0.00	160
87	0	102	0.00	102
88	1	138	0.72	139
89	0	104	0.00	104
90	0	93	0.00	93
91	0	133	0.00	133
92	0	89	0.00	89
93	0	84	0.00	84
94	1	98	1.01	99
95	1	88	1.12	89
96	0	115	0.00	115
97	0	130	0.00	130
98	0	101	0.00	101
99	0	44	0.00	44
100	0	4	0.00	4
101	0	6	0.00	6
102	0	5	0.00	5
103	0	5	0.00	5
104	0	2	0.00	2
105	0	4	0.00	4
106	0	7	0.00	7
107	0	3	0.00	3
108	0	7	0.00	7
109	0	2	0.00	2
110	0	4	0.00	4
111	0	2	0.00	2
112	0	4	0.00	4
113	0	2	0.00	2
114	0	2	0.00	2
115	0	3	0.00	3
116	0	2	0.00	2
117	0	2	0.00	2
118	0	3	0.00	3
119	0	1	0.00	1
120	0	2	0.00	2
121	0	2	0.00	2
122	0	2	0.00	2
123	0	1	0.00	1
124	0	2	0.00	2
125	0	0		0
126	0	1	0.00	1
127	0	1	0.00	1
128	0	1	0.00	1
129	0	0		0
130	0	1	0.00	1
131	0	1	0.00	1
132	0	0		0
133	0	1	0.00	1
134	0	0		0
135	0	0		0
136	0	3	0.00	3
137	0	0		0
138	0	0		0
139	0	1	0.00	1
140	0	0		0
141	0	1	0.00	1
142	0	0		0
143	0	0		0
144	0	0		0
145	0	0		0
146	0	0		0
147	0	0		0
148	0	1	0.00	1
149	0	0		0

CHH context (R1)
================
position	count methylated	count unmethylated	% methylation	coverage
1	2	32	5.88	34
2	0	39	0.00	39
3	0	22	0.00	22
4	1	357	0.28	358
5	1	410	0.24	411
6	1	445	0.22	446
7	1	369	0.27	370
8	1	361	0.28	362
9	2	298	0.67	300
10	2	307	0.65	309
11	1	316	0.32	317
12	0	337	0.00	337
13	3	382	0.78	385
14	3	369	0.81	372
15	1	343	0.29	344
16	1	356	0.28	357
17	0	346	0.00	346
18	0	329	0.00	329
19	1	323	0.31	324
20	1	346	0.29	347
21	1	361	0.28	362
22	0	335	0.00	335
23	1	345	0.29	346
24	1	358	0.28	359
25	1	404	0.25	405
26	0	376	0.00	376
27	3	407	0.73	410
28	1	375	0.27	376
29	0	361	0.00	361
30	1	363	0.27	364
31	0	366	0.00	366
32	0	377	0.00	377
33	1	337	0.30	338
34	0	338	0.00	338
35	1	315	0.32	316
36	0	390	0.00	390
37	2	334	0.60	336
38	0	356	0.00	356
39	0	349	0.00	349
40	1	349	0.29	350
41	2	346	0.57	348
42	2	345	0.58	347
43	1	336	0.30	337
44	1	359	0.28	360
45	3	316	0.94	319
46	1	345	0.29	346
47	2	326	0.61	328
48	0	358	0.00	358
49	3	372	0.80	375
50	2	385	0.52	387
51	0	387	0.00	387
52	1	349	0.29	350
53	1	340	0.29	341
54	0	285	0.00	285
55	1	335	0.30	336
56	2	318	0.62	320
57	1	307	0.32	308
58	1	280	0.36	281
59	2	302	0.66	304
60	3	318	0.93	321
61	1	311	0.32	312
62	1	338	0.29	339
63	0	328	0.00	328
64	2	341	0.58	343
65	1	318	0.31	319
66	2	259	0.77	261
67	2	342	0.58	344
68	1	338	0.29	339
69	1	308	0.32	309
70	1	282	0.35	283
71	0	327	0.00	327
72	4	260	1.52	264
73	1	319	0.31	320
74	0	235	0.00	235
75	1	289	0.34	290
76	0	290	0.00	290
77	0	275	0.00	275
78	0	274	0.00	274
79	1	257	0.39	258
80	0	276	0.00	276
81	2	245	0.81	247
82	0	270	0.00	270
83	2	193	1.03	195
84	1	258	0.39	259
85	0	253	0.00	253
86	0	258	0.00	258
87	1	218	0.46	219
88	0	241	0.00	241
89	0	216	0.00	216
90	1	185	0.54	186
91	0	184	0.00	184
92	0	174	0.00	174
93	1	159	0.62	160
94	1	166	0.60	167
95	1	202	0.49	203
96	1	141	0.70	142
97	0	132	0.00	132
98	0	141	0.00	141
99	1	61	1.61	62
100	0	10	0.00	10
101	0	6	0.00	6
102	0	12	0.00	12
103	0	5	0.00	5
104	0	7	0.00	7
105	0	7	0.00	7
106	0	7	0.00	7
107	0	4	0.00	4
108	0	3	0.00	3
109	0	3	0.00	3
110	0	3	0.00	3
111	0	3	0.00	3
112	0	4	0.00	4
113	0	2	0.00	2
114	0	1	0.00	1
115	0	6	0.00	6
116	0	2	0.00	2
117	0	3	0.00	3
118	0	2	0.00	2
119	0	2	0.00	2
120	0	2	0.00	2
121	0	2	0.00	2
122	0	0		0
123	0	2	0.00	2
124	0	1	0.00	1
125	0	4	0.00	4
126	0	3	0.00	3
127	0	3	0.00	3
128	0	0		0
129	0	2	0.00	2
130	0	2	0.00	2
131	0	5	0.00	5
132	0	3	0.00	3
133	0	1	0.00	1
134	0	0		0
135	0	1	0.00	1
136	0	0		0
137	0	0		0
138	0	0		0
139	0	0		0
140	0	0		0
141	0	0		0
142	0	0		0
143	0	1	0.00	1
144	0	0		0
145	0	0		0
146	0	1	0.00	1
147	0	1	0.00	1
148	0	0		0
149	0	1	0.00	1

CpG context (R2)
================
position	count methylated	count unmethylated	% methylation	coverage
1	0	19	0.00	19
2	1	13	7.14	14
3	3	60	4.76	63
4	4	62	6.06	66
5	5	112	4.27	117
6	0	92	0.00	92
7	5	123	3.91	128
8	7	82	7.87	89
9	7	72	8.86	79
10	3	64	4.48	67
11	8	72	10.00	80
12	4	57	6.56	61
13	2	77	2.53	79
14	0	47	0.00	47
15	8	65	10.96	73
16	1	47	2.08	48
17	0	32	0.00	32
18	2	57	3.39	59
19	0	32	0.00	32
20	1	48	2.04	49
21	3	49	5.77	52
22	4	30	11.76	34
23	6	34	15.00	40
24	4	45	8.16	49
25	1	37	2.63	38
26	2	25	7.41	27
27	4	28	12.50	32
28	2	25	7.41	27
29	1	37	2.63	38
30	0	19	0.00	19
31	2	33	5.71	35
32	1	30	3.23	31
33	1	13	7.14	14
34	1	17	5.56	18
35	2	13	13.33	15
36	0	20	0.00	20
37	1	20	4.76	21
38	0	18	0.00	18
39	0	14	0.00	14
40	0	8	0.00	8
41	1	5	16.67	6
42	1	3	25.00	4
43	0	13	0.00	13
44	1	7	12.50	8
45	0	1	0.00	1
46	2	5	28.57	7
47	0	6	0.00	6
48	0	6	0.00	6
49	0	2	0.00	2
50	2	6	25.00	8
51	1	1	50.00	2
52	1	7	12.50	8
53	1	4	20.00	5
54	2	2	50.00	4
55	0	5	0.00	5
56	0	0		0
57	2	3	40.00	5
58	0	2	0.00	2
59	1	1	50.00	2
60	1	2	33.33	3
61	1	1	50.00	2
62	0	3	0.00	3
63	3	1	75.00	4
64	0	2	0.00	2
65	2	1	66.67	3
66	0	1	0.00	1
67	0	1	0.00	1
68	0	1	0.00	1
69	0	1	0.00	1
70	0	0		0
71	1	0	100.00	1
72	0	1	0.00	1
73	0	0		0
74	1	0	100.00	1
75	0	1	0.00	1
76	0	0		0
77	0	1	0.00	1
78	0	1	0.00	1
79	0	1	0.00	1
80	0	0		0
81	0	0		0
82	0	1	0.00	1
83	0	0		0
84	0	0		0
85	0	0		0
86	0	1	0.00	1
87	0	0		0
88	0	0		0
89	0	0		0
90	0	0		0
91	0	1	0.00	1
92	0	0		0
93	0	0		0
94	0	0		0
95	0	0		0
96	0	0		0
97	0	1	0.00	1

CHG context (R2)
================
position	count methylated	count unmethylated	% methylation	coverage
1	11	2119	0.52	2130
2	0	17	0.00	17
3	0	4	0.00	4
4	0	44	0.00	44
5	0	61	0.00	61
6	1	66	1.49	67
7	1	85	1.16	86
8	1	76	1.30	77
9	0	88	0.00	88
10	0	33	0.00	33
11	0	67	0.00	67
12	0	45	0.00	45
13	0	32	0.00	32
14	0	53	0.00	53
15	0	51	0.00	51
16	0	57	0.00	57
17	0	53	0.00	53
18	0	46	0.00	46
19	0	60	0.00	60
20	0	44	0.00	44
21	0	30	0.00	30
22	0	60	0.00	60
23	0	20	0.00	20
24	0	11	0.00	11
25	0	40	0.00	40
26	0	22	0.00	22
27	0	5	0.00	5
28	0	13	0.00	13
29	1	31	3.12	32
30	0	21	0.00	21
31	0	22	0.00	22
32	0	15	0.00	15
33	0	20	0.00	20
34	0	17	0.00	17
35	0	25	0.00	25
36	0	18	0.00	18
37	0	11	0.00	11
38	0	13	0.00	13
39	0	10	0.00	10
40	0	17	0.00	17
41	0	16	0.00	16
42	1	6	14.29	7
43	0	2	0.00	2
44	0	6	0.00	6
45	0	5	0.00	5
46	0	1	0.00	1
47	0	6	0.00	6
48	0	5	0.00	5
49	0	3	0.00	3
50	0	3	0.00	3
51	0	4	0.00	4
52	0	5	0.00	5
53	0	4	0.00	4
54	0	2	0.00	2
55	0	3	0.00	3
56	0	6	0.00	6
57	0	1	0.00	1
58	0	2	0.00	2
59	0	1	0.00	1
60	1	6	14.29	7
61	0	1	0.00	1
62	0	0		0
63	0	2	0.00	2
64	0	3	0.00	3
65	0	0		0
66	0	0		0
67	0	1	0.00	1
68	0	0		0
69	0	0		0
70	0	4	0.00	4
71	0	0		0
72	0	1	0.00	1
73	0	3	0.00	3
74	0	0		0
75	0	1	0.00	1
76	0	0		0
77	0	0		0
78	0	0		0
79	0	0		0
80	0	1	0.00	1
81	0	0		0
82	0	0		0
83	0	0		0
84	0	0		0
85	0	0		0
86	0	1	0.00	1
87	0	0		0
88	0	0		0
89	0	0		0
90	0	0		0
91	0	0		0
92	0	0		0
93	0	0		0
94	0	0		0
95	0	1	0.00	1
96	0	0		0
97	0	0		0

CHH context (R2)
================
position	count methylated	count unmethylated	% methylation	coverage
1	0	11	0.00	11
2	3	983	0.30	986
3	1	254	0.39	255
4	0	163	0.00	163
5	0	125	0.00	125
6	0	78	0.00	78
7	0	91	0.00	91
8	1	133	0.75	134
9	0	126	0.00	126
10	0	131	0.00	131
11	0	84	0.00	84
12	0	84	0.00	84
13	0	67	0.00	67
14	1	90	1.10	91
15	0	67	0.00	67
16	0	68	0.00	68
17	0	68	0.00	68
18	0	76	0.00	76
19	1	78	1.27	79
20	0	54	0.00	54
21	0	44	0.00	44
22	1	48	2.04	49
23	0	58	0.00	58
24	0	42	0.00	42
25	0	47	0.00	47
26	0	45	0.00	45
27	0	36	0.00	36
28	0	32	0.00	32
29	1	28	3.45	29
30	0	28	0.00	28
31	0	29	0.00	29
32	0	30	0.00	30
33	0	18	0.00	18
34	0	23	0.00	23
35	0	26	0.00	26
36	0	11	0.00	11
37	0	18	0.00	18
38	0	13	0.00	13
39	0	5	0.00	5
40	0	15	0.00	15
41	0	16	0.00	16
42	0	17	0.00	17
43	0	14	0.00	14
44	0	11	0.00	11
45	0	11	0.00	11
46	0	11	0.00	11
47	0	7	0.00	7
48	0	5	0.00	5
49	0	7	0.00	7
50	0	5	0.00	5
51	0	4	0.00	4
52	0	1	0.00	1
53	0	5	0.00	5
54	0	7	0.00	7
55	0	8	0.00	8
56	0	7	0.00	7
57	0	4	0.00	4
58	0	3	0.00	3
59	0	2	0.00	2
60	0	1	0.00	1
61	0	1	0.00	1
62	0	2	0.00	2
63	0	0		0
64	0	2	0.00	2
65	0	3	0.00	3
66	0	1	0.00	1
67	0	1	0.00	1
68	0	3	0.00	3
69	0	2	0.00	2
70	0	0		0
71	0	1	0.00	1
72	0	0		0
73	0	0		0
74	0	2	0.00	2
75	0	0		0
76	0	0		0
77	0	0		0
78	0	1	0.00	1
79	0	0		0
80	0	1	0.00	1
81	0	0		0
82	0	0		0
83	0	0		0
84	0	0		0
85	0	0		0
86	0	0		0
87	0	1	0.00	1
88	0	0		0
89	0	1	0.00	1
90	0	0		0
91	0	0		0
92	0	0		0
93	0	0		0
94	0	0		0
95	0	0		0
96	0	0		0
97	0	0		0

