CpG context (R1)
================
position	count methylated	count unmethylated	% methylation	coverage
1	198	2161	8.39	2359
2	0	16	0.00	16
3	3	17	15.00	20
4	9	191	4.50	200
5	8	191	4.02	199
6	6	239	2.45	245
7	8	216	3.57	224
8	17	268	5.96	285
9	13	236	5.22	249
10	19	234	7.51	253
11	11	251	4.20	262
12	10	275	3.51	285
13	22	279	7.31	301
14	7	257	2.65	264
15	13	223	5.51	236
16	12	297	3.88	309
17	11	230	4.56	241
18	16	251	5.99	267
19	15	320	4.48	335
20	12	214	5.31	226
21	15	230	6.12	245
22	9	256	3.40	265
23	10	274	3.52	284
24	18	229	7.29	247
25	9	299	2.92	308
26	11	328	3.24	339
27	15	247	5.73	262
28	14	265	5.02	279
29	11	257	4.10	268
30	11	247	4.26	258
31	9	301	2.90	310
32	13	315	3.96	328
33	5	222	2.20	227
34	15	255	5.56	270
35	13	281	4.42	294
36	20	222	8.26	242
37	11	271	3.90	282
38	8	227	3.40	235
39	14	249	5.32	263
40	7	258	2.64	265
41	16	250	6.02	266
42	15	286	4.98	301
43	18	244	6.87	262
44	10	220	4.35	230
45	20	268	6.94	288
46	21	207	9.21	228
47	17	285	5.63	302
48	15	249	5.68	264
49	15	259	5.47	274
50	17	256	6.23	273
51	10	210	4.55	220
52	13	235	5.24	248
53	16	238	6.30	254
54	7	249	2.73	256
55	17	277	5.78	294
56	9	235	3.69	244
57	19	236	7.45	255
58	9	258	3.37	267
59	12	249	4.60	261
60	7	242	2.81	249
61	11	229	4.58	240
62	18	242	6.92	260
63	16	209	7.11	225
64	11	256	4.12	267
65	6	251	2.33	257
66	16	236	6.35	252
67	10	230	4.17	240
68	12	182	6.19	194
69	8	203	3.79	211
70	11	235	4.47	246
71	12	239	4.78	251
72	13	212	5.78	225
73	10	252	3.82	262
74	8	179	4.28	187
75	7	200	3.38	207
76	14	205	6.39	219
77	8	211	3.65	219
78	9	209	4.13	218
79	10	232	4.13	242
80	12	179	6.28	191
81	8	171	4.47	179
82	7	190	3.55	197
83	4	137	2.84	141
84	3	173	1.70	176
85	5	188	2.59	193
86	9	186	4.62	195
87	10	180	5.26	190
88	2	121	1.63	123
89	14	155	8.28	169
90	6	119	4.80	125
91	10	162	5.81	172
92	7	130	5.11	137
93	7	122	5.43	129
94	7	114	5.79	121
95	8	116	6.45	124
96	5	105	4.55	110
97	9	120	6.98	129
98	7	98	6.67	105
99	1	56	1.75	57
100	0	8	0.00	8
101	0	2	0.00	2
102	0	4	0.00	4
103	0	6	0.00	6
104	0	5	0.00	5
105	0	5	0.00	5
106	0	5	0.00	5
107	0	3	0.00	3
108	0	4	0.00	4
109	0	5	0.00	5
110	0	1	0.00	1
111	0	2	0.00	2
112	0	2	0.00	2
113	0	1	0.00	1
114	0	1	0.00	1
115	0	0		0
116	0	3	0.00	3
117	0	5	0.00	5
118	0	0		0
119	0	3	0.00	3
120	0	1	0.00	1
121	0	1	0.00	1
122	0	2	0.00	2
123	0	5	0.00	5
124	0	3	0.00	3
125	0	1	0.00	1
126	0	4	0.00	4
127	0	0		0
128	0	1	0.00	1
129	0	3	0.00	3
130	0	1	0.00	1
131	0	3	0.00	3
132	0	0		0
133	0	2	0.00	2
134	0	1	0.00	1
135	0	0		0
136	0	1	0.00	1
137	1	2	33.33	3
138	0	2	0.00	2
139	0	2	0.00	2
140	0	1	0.00	1
141	0	1	0.00	1
142	0	0		0
143	0	0		0
144	0	1	0.00	1
145	0	0		0
146	0	0		0
147	0	0		0
148	0	1	0.00	1
149	0	0		0

CHG context (R1)
================
position	count methylated	count unmethylated	% methylation	coverage
1	1	13	7.14	14
2	0	22	0.00	22
3	0	14	0.00	14
4	1	166	0.60	167
5	0	196	0.00	196
6	1	243	0.41	244
7	4	274	1.44	278
8	0	206	0.00	206
9	3	215	1.38	218
10	0	206	0.00	206
11	4	267	1.48	271
12	0	200	0.00	200
13	0	182	0.00	182
14	1	193	0.52	194
15	2	243	0.82	245
16	0	227	0.00	227
17	1	226	0.44	227
18	2	238	0.83	240
19	0	194	0.00	194
20	1	188	0.53	189
21	1	235	0.42	236
22	0	248	0.00	248
23	0	187	0.00	187
24	0	188	0.00	188
25	0	259	0.00	259
26	0	198	0.00	198
27	1	214	0.47	215
28	1	246	0.40	247
29	2	183	1.08	185
30	1	191	0.52	192
31	0	237	0.00	237
32	2	206	0.96	208
33	0	225	0.00	225
34	0	245	0.00	245
35	2	240	0.83	242
36	0	221	0.00	221
37	1	189	0.53	190
38	1	210	0.47	211
39	1	209	0.48	210
40	1	235	0.42	236
41	2	266	0.75	268
42	3	217	1.36	220
43	1	201	0.50	202
44	2	254	0.78	256
45	1	188	0.53	189
46	1	225	0.44	226
47	1	204	0.49	205
48	0	204	0.00	204
49	1	221	0.45	222
50	0	188	0.00	188
51	0	192	0.00	192
52	1	223	0.45	224
53	1	233	0.43	234
54	0	188	0.00	188
55	0	157	0.00	157
56	1	205	0.49	206
57	0	200	0.00	200
58	1	201	0.50	202
59	1	206	0.48	207
60	1	157	0.63	158
61	0	197	0.00	197
62	0	168	0.00	168
63	0	198	0.00	198
64	1	203	0.49	204
65	0	205	0.00	205
66	1	174	0.57	175
67	0	204	0.00	204
68	0	178	0.00	178
69	0	203	0.00	203
70	1	189	0.53	190
71	0	161	0.00	161
72	1	160	0.62	161
73	0	149	0.00	149
74	1	144	0.69	145
75	0	184	0.00	184
76	1	188	0.53	189
77	1	158	0.63	159
78	1	154	0.65	155
79	1	144	0.69	145
80	3	156	1.89	159
81	1	193	0.52	194
82	1	86	1.15	87
83	1	139	0.71	140
84	0	116	0.00	116
85	0	124	0.00	124
86	0	167	0.00	167
87	1	106	0.93	107
88	2	123	1.60	125
89	1	127	0.78	128
90	0	117	0.00	117
91	0	134	0.00	134
92	0	113	0.00	113
93	0	84	0.00	84
94	0	110	0.00	110
95	0	93	0.00	93
96	0	104	0.00	104
97	0	116	0.00	116
98	1	114	0.87	115
99	0	50	0.00	50
100	0	2	0.00	2
101	0	2	0.00	2
102	0	9	0.00	9
103	0	3	0.00	3
104	0	4	0.00	4
105	0	4	0.00	4
106	0	4	0.00	4
107	0	2	0.00	2
108	0	2	0.00	2
109	0	1	0.00	1
110	0	5	0.00	5
111	1	1	50.00	2
112	0	3	0.00	3
113	0	0		0
114	0	2	0.00	2
115	0	2	0.00	2
116	0	4	0.00	4
117	0	1	0.00	1
118	0	3	0.00	3
119	0	0		0
120	0	3	0.00	3
121	0	3	0.00	3
122	0	1	0.00	1
123	0	1	0.00	1
124	0	1	0.00	1
125	0	4	0.00	4
126	0	0		0
127	0	2	0.00	2
128	0	3	0.00	3
129	0	0		0
130	0	2	0.00	2
131	0	0		0
132	0	1	0.00	1
133	0	1	0.00	1
134	0	0		0
135	0	1	0.00	1
136	0	1	0.00	1
137	0	0		0
138	0	0		0
139	0	0		0
140	0	0		0
141	0	1	0.00	1
142	0	1	0.00	1
143	0	0		0
144	0	0		0
145	0	0		0
146	0	0		0
147	0	0		0
148	0	0		0
149	0	1	0.00	1

CHH context (R1)
================
position	count methylated	count unmethylated	% methylation	coverage
1	1	36	2.70	37
2	0	38	0.00	38
3	0	22	0.00	22
4	3	328	0.91	331
5	1	397	0.25	398
6	2	434	0.46	436
7	1	371	0.27	372
8	1	339	0.29	340
9	1	333	0.30	334
10	1	339	0.29	340
11	1	321	0.31	322
12	2	344	0.58	346
13	0	380	0.00	380
14	1	371	0.27	372
15	4	365	1.08	369
16	1	325	0.31	326
17	1	289	0.34	290
18	2	295	0.67	297
19	0	327	0.00	327
20	2	347	0.57	349
21	0	340	0.00	340
22	2	335	0.59	337
23	1	365	0.27	366
24	0	363	0.00	363
25	3	363	0.82	366
26	0	333	0.00	333
27	0	423	0.00	423
28	3	354	0.84	357
29	1	353	0.28	354
30	0	380	0.00	380
31	0	328	0.00	328
32	0	332	0.00	332
33	0	305	0.00	305
34	0	324	0.00	324
35	1	313	0.32	314
36	0	359	0.00	359
37	1	346	0.29	347
38	0	328	0.00	328
39	5	339	1.45	344
40	1	291	0.34	292
41	2	304	0.65	306
42	0	331	0.00	331
43	1	315	0.32	316
44	0	344	0.00	344
45	0	322	0.00	322
46	1	352	0.28	353
47	0	318	0.00	318
48	1	336	0.30	337
49	2	380	0.52	382
50	1	393	0.25	394
51	1	408	0.24	409
52	1	345	0.29	346
53	1	332	0.30	333
54	1	292	0.34	293
55	1	313	0.32	314
56	1	297	0.34	298
57	0	292	0.00	292
58	0	284	0.00	284
59	2	318	0.62	320
60	2	289	0.69	291
61	1	320	0.31	321
62	2	333	0.60	335
63	1	286	0.35	287
64	3	335	0.89	338
65	1	299	0.33	300
66	1	275	0.36	276
67	0	340	0.00	340
68	1	366	0.27	367
69	0	308	0.00	308
70	0	284	0.00	284
71	0	273	0.00	273
72	2	285	0.70	287
73	2	321	0.62	323
74	1	275	0.36	276
75	1	319	0.31	320
76	2	282	0.70	284
77	0	241	0.00	241
78	0	271	0.00	271
79	0	270	0.00	270
80	0	292	0.00	292
81	0	256	0.00	256
82	0	284	0.00	284
83	0	252	0.00	252
84	3	277	1.07	280
85	0	262	0.00	262
86	0	266	0.00	266
87	0	192	0.00	192
88	0	258	0.00	258
89	0	225	0.00	225
90	0	177	0.00	177
91	0	180	0.00	180
92	0	192	0.00	192
93	1	179	0.56	180
94	0	170	0.00	170
95	2	184	1.08	186
96	1	162	0.61	163
97	0	174	0.00	174
98	0	164	0.00	164
99	0	74	0.00	74
100	0	8	0.00	8
101	0	9	0.00	9
102	0	5	0.00	5
103	0	5	0.00	5
104	0	7	0.00	7
105	0	2	0.00	2
106	0	4	0.00	4
107	0	5	0.00	5
108	0	5	0.00	5
109	0	4	0.00	4
110	0	4	0.00	4
111	0	3	0.00	3
112	0	4	0.00	4
113	0	7	0.00	7
114	0	4	0.00	4
115	0	2	0.00	2
116	0	2	0.00	2
117	0	2	0.00	2
118	0	3	0.00	3
119	0	3	0.00	3
120	0	2	0.00	2
121	0	2	0.00	2
122	0	3	0.00	3
123	0	3	0.00	3
124	0	1	0.00	1
125	0	2	0.00	2
126	0	2	0.00	2
127	0	2	0.00	2
128	0	2	0.00	2
129	0	2	0.00	2
130	0	2	0.00	2
131	0	2	0.00	2
132	0	2	0.00	2
133	0	4	0.00	4
134	0	1	0.00	1
135	0	1	0.00	1
136	0	1	0.00	1
137	0	2	0.00	2
138	0	1	0.00	1
139	0	0		0
140	0	1	0.00	1
141	0	0		0
142	0	0		0
143	0	1	0.00	1
144	0	0		0
145	0	0		0
146	0	1	0.00	1
147	0	1	0.00	1
148	0	0		0
149	0	1	0.00	1

CpG context (R2)
================
position	count methylated	count unmethylated	% methylation	coverage
1	0	19	0.00	19
2	0	17	0.00	17
3	5	61	7.58	66
4	2	64	3.03	66
5	5	98	4.85	103
6	3	77	3.75	80
7	1	115	0.86	116
8	6	85	6.59	91
9	8	98	7.55	106
10	2	92	2.13	94
11	6	67	8.22	73
12	2	70	2.78	72
13	0	75	0.00	75
14	3	42	6.67	45
15	3	71	4.05	74
16	1	53	1.85	54
17	1	32	3.03	33
18	9	56	13.85	65
19	0	25	0.00	25
20	3	41	6.82	44
21	2	45	4.26	47
22	3	38	7.32	41
23	3	39	7.14	42
24	6	56	9.68	62
25	0	38	0.00	38
26	1	39	2.50	40
27	4	36	10.00	40
28	2	26	7.14	28
29	2	37	5.13	39
30	0	19	0.00	19
31	1	24	4.00	25
32	1	26	3.70	27
33	1	21	4.55	22
34	2	23	8.00	25
35	1	11	8.33	12
36	3	13	18.75	16
37	0	17	0.00	17
38	2	19	9.52	21
39	0	9	0.00	9
40	0	4	0.00	4
41	0	13	0.00	13
42	0	13	0.00	13
43	3	14	17.65	17
44	0	15	0.00	15
45	0	3	0.00	3
46	1	12	7.69	13
47	0	11	0.00	11
48	1	6	14.29	7
49	0	2	0.00	2
50	1	6	14.29	7
51	0	12	0.00	12
52	1	3	25.00	4
53	0	3	0.00	3
54	0	6	0.00	6
55	0	2	0.00	2
56	1	5	16.67	6
57	0	3	0.00	3
58	0	5	0.00	5
59	0	5	0.00	5
60	0	1	0.00	1
61	0	2	0.00	2
62	0	1	0.00	1
63	1	0	100.00	1
64	1	0	100.00	1
65	0	1	0.00	1
66	0	1	0.00	1
67	0	1	0.00	1
68	0	0		0
69	0	1	0.00	1
70	0	0		0
71	0	1	0.00	1
72	0	1	0.00	1
73	0	0		0
74	0	0		0
75	0	2	0.00	2
76	0	0		0
77	0	1	0.00	1
78	0	0		0
79	0	1	0.00	1
80	0	1	0.00	1
81	0	0		0
82	0	0		0
83	0	0		0
84	0	0		0
85	0	0		0
86	0	0		0
87	0	0		0
88	0	1	0.00	1
89	0	0		0
90	0	1	0.00	1
91	0	0		0
92	0	0		0
93	0	0		0
94	0	0		0
95	0	0		0

CHG context (R2)
================
position	count methylated	count unmethylated	% methylation	coverage
1	10	2121	0.47	2131
2	0	25	0.00	25
3	0	7	0.00	7
4	0	43	0.00	43
5	0	52	0.00	52
6	0	76	0.00	76
7	0	77	0.00	77
8	0	81	0.00	81
9	0	72	0.00	72
10	0	67	0.00	67
11	0	70	0.00	70
12	0	36	0.00	36
13	0	35	0.00	35
14	0	47	0.00	47
15	0	56	0.00	56
16	0	56	0.00	56
17	0	59	0.00	59
18	1	47	2.08	48
19	0	65	0.00	65
20	0	37	0.00	37
21	0	30	0.00	30
22	0	53	0.00	53
23	0	23	0.00	23
24	0	20	0.00	20
25	0	36	0.00	36
26	0	26	0.00	26
27	0	15	0.00	15
28	0	27	0.00	27
29	1	35	2.78	36
30	0	17	0.00	17
31	1	28	3.45	29
32	0	22	0.00	22
33	0	20	0.00	20
34	0	22	0.00	22
35	0	24	0.00	24
36	0	21	0.00	21
37	0	15	0.00	15
38	0	13	0.00	13
39	0	10	0.00	10
40	0	10	0.00	10
41	0	15	0.00	15
42	0	11	0.00	11
43	0	5	0.00	5
44	0	5	0.00	5
45	0	10	0.00	10
46	0	1	0.00	1
47	0	9	0.00	9
48	0	6	0.00	6
49	0	14	0.00	14
50	0	7	0.00	7
51	0	4	0.00	4
52	0	7	0.00	7
53	0	6	0.00	6
54	0	1	0.00	1
55	0	5	0.00	5
56	0	3	0.00	3
57	0	2	0.00	2
58	0	1	0.00	1
59	0	2	0.00	2
60	0	9	0.00	9
61	0	1	0.00	1
62	0	3	0.00	3
63	0	2	0.00	2
64	0	1	0.00	1
65	0	0		0
66	0	0		0
67	0	3	0.00	3
68	0	1	0.00	1
69	0	0		0
70	0	2	0.00	2
71	0	0		0
72	0	0		0
73	0	2	0.00	2
74	0	1	0.00	1
75	0	0		0
76	0	1	0.00	1
77	0	0		0
78	0	0		0
79	0	0		0
80	0	0		0
81	0	0		0
82	0	0		0
83	0	0		0
84	0	0		0
85	0	0		0
86	0	1	0.00	1
87	0	0		0
88	0	0		0
89	0	0		0
90	0	0		0
91	0	1	0.00	1
92	0	0		0
93	0	0		0
94	0	0		0
95	0	0		0

CHH context (R2)
================
position	count methylated	count unmethylated	% methylation	coverage
1	0	13	0.00	13
2	3	944	0.32	947
3	1	276	0.36	277
4	0	197	0.00	197
5	0	163	0.00	163
6	1	120	0.83	121
7	0	107	0.00	107
8	0	128	0.00	128
9	0	97	0.00	97
10	0	111	0.00	111
11	0	82	0.00	82
12	0	89	0.00	89
13	1	63	1.56	64
14	0	79	0.00	79
15	0	73	0.00	73
16	0	83	0.00	83
17	0	72	0.00	72
18	1	84	1.18	85
19	0	88	0.00	88
20	1	52	1.89	53
21	0	65	0.00	65
22	0	45	0.00	45
23	0	40	0.00	40
24	0	41	0.00	41
25	0	31	0.00	31
26	0	31	0.00	31
27	0	36	0.00	36
28	0	24	0.00	24
29	0	31	0.00	31
30	0	24	0.00	24
31	0	28	0.00	28
32	0	31	0.00	31
33	0	22	0.00	22
34	0	23	0.00	23
35	0	23	0.00	23
36	0	17	0.00	17
37	0	12	0.00	12
38	1	23	4.17	24
39	0	12	0.00	12
40	0	18	0.00	18
41	0	16	0.00	16
42	0	18	0.00	18
43	0	21	0.00	21
44	0	19	0.00	19
45	0	13	0.00	13
46	0	17	0.00	17
47	0	12	0.00	12
48	0	12	0.00	12
49	0	15	0.00	15
50	0	13	0.00	13
51	0	15	0.00	15
52	0	8	0.00	8
53	0	12	0.00	12
54	0	10	0.00	10
55	0	8	0.00	8
56	0	6	0.00	6
57	0	6	0.00	6
58	0	3	0.00	3
59	0	4	0.00	4
60	0	2	0.00	2
61	0	3	0.00	3
62	0	4	0.00	4
63	0	2	0.00	2
64	0	1	0.00	1
65	0	1	0.00	1
66	0	1	0.00	1
67	0	0		0
68	0	1	0.00	1
69	0	1	0.00	1
70	0	0		0
71	0	1	0.00	1
72	0	0		0
73	0	1	0.00	1
74	0	1	0.00	1
75	0	1	0.00	1
76	0	0		0
77	0	1	0.00	1
78	0	2	0.00	2
79	0	0		0
80	0	0		0
81	0	0		0
82	0	1	0.00	1
83	0	1	0.00	1
84	0	0		0
85	0	0		0
86	0	0		0
87	0	0		0
88	0	0		0
89	0	0		0
90	0	0		0
91	0	0		0
92	0	1	0.00	1
93	0	0		0
94	0	1	0.00	1
95	0	1	0.00	1

