CpG context (R1)
================
position	count methylated	count unmethylated	% methylation	coverage
1	206	2162	8.70	2368
2	0	8	0.00	8
3	3	21	12.50	24
4	8	164	4.65	172
5	13	205	5.96	218
6	14	248	5.34	262
7	9	247	3.52	256
8	19	287	6.21	306
9	13	231	5.33	244
10	14	254	5.22	268
11	9	239	3.63	248
12	16	272	5.56	288
13	13	273	4.55	286
14	13	249	4.96	262
15	13	240	5.14	253
16	22	286	7.14	308
17	11	246	4.28	257
18	11	265	3.99	276
19	17	310	5.20	327
20	12	233	4.90	245
21	10	224	4.27	234
22	12	274	4.20	286
23	21	275	7.09	296
24	14	231	5.71	245
25	15	288	4.95	303
26	16	294	5.16	310
27	9	292	2.99	301
28	16	258	5.84	274
29	13	263	4.71	276
30	13	259	4.78	272
31	13	293	4.25	306
32	10	276	3.50	286
33	12	206	5.50	218
34	15	265	5.36	280
35	16	267	5.65	283
36	14	235	5.62	249
37	15	286	4.98	301
38	12	229	4.98	241
39	14	254	5.22	268
40	16	265	5.69	281
41	8	265	2.93	273
42	17	296	5.43	313
43	14	260	5.11	274
44	11	282	3.75	293
45	11	271	3.90	282
46	20	244	7.58	264
47	11	261	4.04	272
48	9	255	3.41	264
49	15	222	6.33	237
50	12	248	4.62	260
51	14	224	5.88	238
52	12	254	4.51	266
53	12	208	5.45	220
54	8	249	3.11	257
55	11	275	3.85	286
56	9	268	3.25	277
57	19	216	8.09	235
58	14	259	5.13	273
59	11	263	4.01	274
60	16	230	6.50	246
61	9	245	3.54	254
62	16	229	6.53	245
63	12	226	5.04	238
64	12	218	5.22	230
65	6	275	2.14	281
66	14	235	5.62	249
67	17	221	7.14	238
68	9	199	4.33	208
69	8	198	3.88	206
70	7	235	2.89	242
71	7	244	2.79	251
72	9	234	3.70	243
73	12	223	5.11	235
74	13	203	6.02	216
75	8	154	4.94	162
76	13	208	5.88	221
77	8	200	3.85	208
78	8	195	3.94	203
79	7	220	3.08	227
80	7	168	4.00	175
81	6	176	3.30	182
82	12	187	6.03	199
83	11	143	7.14	154
84	9	166	5.14	175
85	3	166	1.78	169
86	8	156	4.88	164
87	5	155	3.12	160
88	3	110	2.65	113
89	10	152	6.17	162
90	3	128	2.29	131
91	7	149	4.49	156
92	4	152	2.56	156
93	7	132	5.04	139
94	8	133	5.67	141
95	6	108	5.26	114
96	4	129	3.01	133
97	3	115	2.54	118
98	6	106	5.36	112
99	4	44	8.33	48
100	0	6	0.00	6
101	0	4	0.00	4
102	0	2	0.00	2
103	0	6	0.00	6
104	0	4	0.00	4
105	0	1	0.00	1
106	0	2	0.00	2
107	0	5	0.00	5
108	0	1	0.00	1
109	0	5	0.00	5
110	0	0		0
111	0	3	0.00	3
112	0	2	0.00	2
113	0	4	0.00	4
114	0	1	0.00	1
115	0	5	0.00	5
116	0	1	0.00	1
117	0	6	0.00	6
118	0	0		0
119	0	4	0.00	4
120	0	2	0.00	2
121	0	1	0.00	1
122	0	2	0.00	2
123	0	5	0.00	5
124	0	1	0.00	1
125	0	3	0.00	3
126	0	1	0.00	1
127	0	0		0
128	0	0		0
129	0	3	0.00	3
130	0	0		0
131	0	4	0.00	4
132	0	1	0.00	1
133	0	3	0.00	3
134	0	0		0
135	0	2	0.00	2
136	0	1	0.00	1
137	0	1	0.00	1
138	0	3	0.00	3
139	0	0		0
140	0	0		0
141	0	2	0.00	2
142	0	0		0
143	0	1	0.00	1
144	0	0		0
145	0	0		0
146	0	0		0
147	0	0		0
148	0	0		0
149	0	1	0.00	1

CHG context (R1)
================
position	count methylated	count unmethylated	% methylation	coverage
1	0	9	0.00	9
2	0	21	0.00	21
3	0	13	0.00	13
4	0	150	0.00	150
5	1	221	0.45	222
6	1	241	0.41	242
7	2	261	0.76	263
8	0	225	0.00	225
9	0	228	0.00	228
10	0	206	0.00	206
11	2	244	0.81	246
12	0	178	0.00	178
13	1	185	0.54	186
14	0	226	0.00	226
15	0	223	0.00	223
16	0	223	0.00	223
17	3	233	1.27	236
18	1	253	0.39	254
19	1	206	0.48	207
20	0	191	0.00	191
21	4	235	1.67	239
22	1	233	0.43	234
23	0	204	0.00	204
24	1	193	0.52	194
25	0	245	0.00	245
26	1	222	0.45	223
27	0	226	0.00	226
28	1	231	0.43	232
29	1	175	0.57	176
30	2	204	0.97	206
31	3	247	1.20	250
32	0	206	0.00	206
33	1	248	0.40	249
34	0	246	0.00	246
35	0	247	0.00	247
36	1	215	0.46	216
37	0	186	0.00	186
38	0	197	0.00	197
39	3	212	1.40	215
40	2	210	0.94	212
41	0	271	0.00	271
42	1	202	0.49	203
43	1	201	0.50	202
44	0	250	0.00	250
45	2	204	0.97	206
46	2	224	0.88	226
47	1	193	0.52	194
48	0	200	0.00	200
49	0	203	0.00	203
50	0	192	0.00	192
51	1	220	0.45	221
52	1	218	0.46	219
53	0	182	0.00	182
54	1	205	0.49	206
55	1	177	0.56	178
56	1	228	0.44	229
57	2	175	1.13	177
58	0	218	0.00	218
59	0	187	0.00	187
60	0	152	0.00	152
61	0	191	0.00	191
62	1	188	0.53	189
63	0	171	0.00	171
64	1	177	0.56	178
65	0	204	0.00	204
66	0	185	0.00	185
67	0	171	0.00	171
68	0	199	0.00	199
69	1	193	0.52	194
70	0	175	0.00	175
71	1	181	0.55	182
72	0	162	0.00	162
73	1	173	0.57	174
74	0	135	0.00	135
75	0	174	0.00	174
76	1	161	0.62	162
77	0	189	0.00	189
78	2	148	1.33	150
79	1	161	0.62	162
80	0	128	0.00	128
81	1	173	0.57	174
82	0	95	0.00	95
83	1	157	0.63	158
84	0	116	0.00	116
85	1	112	0.88	113
86	1	151	0.66	152
87	0	106	0.00	106
88	3	134	2.19	137
89	1	101	0.98	102
90	0	100	0.00	100
91	1	136	0.73	137
92	1	112	0.88	113
93	0	83	0.00	83
94	0	107	0.00	107
95	1	106	0.93	107
96	0	128	0.00	128
97	0	106	0.00	106
98	1	96	1.03	97
99	1	48	2.04	49
100	0	1	0.00	1
101	0	4	0.00	4
102	0	7	0.00	7
103	0	3	0.00	3
104	0	2	0.00	2
105	0	3	0.00	3
106	0	6	0.00	6
107	0	0		0
108	0	4	0.00	4
109	0	1	0.00	1
110	0	2	0.00	2
111	0	1	0.00	1
112	0	4	0.00	4
113	0	1	0.00	1
114	0	1	0.00	1
115	0	1	0.00	1
116	0	1	0.00	1
117	0	2	0.00	2
118	0	0		0
119	0	1	0.00	1
120	0	0		0
121	0	1	0.00	1
122	0	2	0.00	2
123	0	1	0.00	1
124	0	0		0
125	0	2	0.00	2
126	0	0		0
127	0	2	0.00	2
128	0	3	0.00	3
129	0	1	0.00	1
130	0	2	0.00	2
131	0	0		0
132	0	1	0.00	1
133	0	0		0
134	0	1	0.00	1
135	0	0		0
136	0	0		0
137	0	1	0.00	1
138	0	0		0
139	0	0		0
140	0	1	0.00	1
141	0	0		0
142	0	0		0
143	0	0		0
144	0	0		0
145	0	0		0
146	0	0		0
147	0	0		0
148	0	1	0.00	1
149	0	0		0

CHH context (R1)
================
position	count methylated	count unmethylated	% methylation	coverage
1	1	34	2.86	35
2	0	34	0.00	34
3	0	23	0.00	23
4	2	345	0.58	347
5	0	404	0.00	404
6	2	437	0.46	439
7	1	401	0.25	402
8	1	374	0.27	375
9	1	336	0.30	337
10	1	319	0.31	320
11	2	328	0.61	330
12	0	342	0.00	342
13	2	392	0.51	394
14	0	387	0.00	387
15	2	361	0.55	363
16	0	331	0.00	331
17	1	337	0.30	338
18	0	298	0.00	298
19	1	332	0.30	333
20	0	327	0.00	327
21	0	328	0.00	328
22	2	315	0.63	317
23	0	331	0.00	331
24	2	342	0.58	344
25	1	408	0.24	409
26	1	355	0.28	356
27	1	374	0.27	375
28	1	361	0.28	362
29	1	353	0.28	354
30	0	388	0.00	388
31	0	357	0.00	357
32	1	365	0.27	366
33	1	327	0.30	328
34	1	340	0.29	341
35	0	325	0.00	325
36	2	350	0.57	352
37	2	338	0.59	340
38	2	353	0.56	355
39	0	343	0.00	343
40	0	364	0.00	364
41	0	313	0.00	313
42	0	311	0.00	311
43	1	308	0.32	309
44	1	364	0.27	365
45	0	293	0.00	293
46	0	335	0.00	335
47	0	307	0.00	307
48	0	330	0.00	330
49	0	386	0.00	386
50	1	393	0.25	394
51	1	401	0.25	402
52	2	348	0.57	350
53	1	368	0.27	369
54	0	321	0.00	321
55	4	321	1.23	325
56	1	267	0.37	268
57	3	266	1.12	269
58	2	296	0.67	298
59	0	331	0.00	331
60	0	328	0.00	328
61	0	343	0.00	343
62	2	318	0.62	320
63	0	317	0.00	317
64	0	340	0.00	340
65	2	319	0.62	321
66	0	271	0.00	271
67	1	323	0.31	324
68	0	315	0.00	315
69	1	296	0.34	297
70	2	283	0.70	285
71	2	278	0.71	280
72	0	276	0.00	276
73	1	293	0.34	294
74	0	283	0.00	283
75	1	293	0.34	294
76	1	293	0.34	294
77	0	227	0.00	227
78	1	273	0.36	274
79	0	266	0.00	266
80	1	313	0.32	314
81	3	239	1.24	242
82	1	279	0.36	280
83	0	241	0.00	241
84	1	227	0.44	228
85	1	224	0.44	225
86	0	253	0.00	253
87	1	215	0.46	216
88	2	252	0.79	254
89	1	223	0.45	224
90	1	174	0.57	175
91	0	188	0.00	188
92	1	187	0.53	188
93	1	162	0.61	163
94	1	183	0.54	184
95	0	187	0.00	187
96	0	139	0.00	139
97	0	152	0.00	152
98	0	173	0.00	173
99	0	70	0.00	70
100	0	7	0.00	7
101	0	7	0.00	7
102	0	6	0.00	6
103	0	5	0.00	5
104	0	4	0.00	4
105	0	8	0.00	8
106	0	3	0.00	3
107	0	6	0.00	6
108	0	2	0.00	2
109	0	3	0.00	3
110	0	3	0.00	3
111	0	2	0.00	2
112	0	4	0.00	4
113	0	4	0.00	4
114	0	0		0
115	0	0		0
116	0	2	0.00	2
117	0	0		0
118	0	3	0.00	3
119	0	1	0.00	1
120	0	1	0.00	1
121	0	1	0.00	1
122	0	1	0.00	1
123	0	0		0
124	0	0		0
125	0	2	0.00	2
126	0	2	0.00	2
127	0	1	0.00	1
128	0	1	0.00	1
129	0	2	0.00	2
130	0	0		0
131	0	2	0.00	2
132	0	0		0
133	0	1	0.00	1
134	0	1	0.00	1
135	0	0		0
136	0	0		0
137	0	0		0
138	0	0		0
139	0	0		0
140	0	2	0.00	2
141	0	1	0.00	1
142	0	0		0
143	0	0		0
144	0	0		0
145	0	0		0
146	0	0		0
147	0	0		0
148	0	0		0
149	0	1	0.00	1

CpG context (R2)
================
position	count methylated	count unmethylated	% methylation	coverage
1	2	21	8.70	23
2	0	19	0.00	19
3	5	65	7.14	70
4	6	79	7.06	85
5	6	112	5.08	118
6	5	84	5.62	89
7	7	135	4.93	142
8	2	72	2.70	74
9	3	86	3.37	89
10	5	86	5.49	91
11	6	66	8.33	72
12	4	67	5.63	71
13	4	83	4.60	87
14	4	49	7.55	53
15	2	58	3.33	60
16	3	52	5.45	55
17	0	35	0.00	35
18	3	60	4.76	63
19	1	34	2.86	35
20	3	56	5.08	59
21	3	42	6.67	45
22	3	37	7.50	40
23	2	47	4.08	49
24	4	50	7.41	54
25	1	41	2.38	42
26	1	31	3.12	32
27	2	29	6.45	31
28	0	31	0.00	31
29	2	30	6.25	32
30	1	15	6.25	16
31	0	30	0.00	30
32	3	27	10.00	30
33	1	11	8.33	12
34	3	22	12.00	25
35	0	10	0.00	10
36	1	12	7.69	13
37	0	16	0.00	16
38	1	19	5.00	20
39	0	6	0.00	6
40	0	7	0.00	7
41	0	13	0.00	13
42	0	12	0.00	12
43	1	15	6.25	16
44	1	12	7.69	13
45	0	2	0.00	2
46	3	8	27.27	11
47	0	3	0.00	3
48	0	5	0.00	5
49	0	6	0.00	6
50	0	3	0.00	3
51	0	1	0.00	1
52	3	4	42.86	7
53	0	1	0.00	1
54	0	4	0.00	4
55	0	6	0.00	6
56	0	5	0.00	5
57	1	2	33.33	3
58	1	5	16.67	6
59	0	3	0.00	3
60	0	2	0.00	2
61	0	2	0.00	2
62	0	1	0.00	1
63	1	1	50.00	2
64	0	0		0
65	1	0	100.00	1
66	0	2	0.00	2
67	0	2	0.00	2
68	0	1	0.00	1
69	0	2	0.00	2
70	0	0		0
71	0	2	0.00	2
72	0	2	0.00	2
73	0	0		0
74	0	0		0
75	0	2	0.00	2
76	0	0		0
77	0	3	0.00	3
78	0	0		0
79	0	1	0.00	1
80	0	0		0
81	0	0		0
82	0	1	0.00	1
83	0	0		0
84	0	0		0
85	0	0		0
86	1	0	100.00	1
87	0	0		0
88	0	0		0
89	0	0		0
90	0	0		0
91	0	1	0.00	1
92	0	0		0
93	0	0		0
94	0	0		0
95	0	1	0.00	1
96	0	0		0
97	0	1	0.00	1

CHG context (R2)
================
position	count methylated	count unmethylated	% methylation	coverage
1	13	2148	0.60	2161
2	0	26	0.00	26
3	0	5	0.00	5
4	0	35	0.00	35
5	0	57	0.00	57
6	3	71	4.05	74
7	0	78	0.00	78
8	0	108	0.00	108
9	0	86	0.00	86
10	0	53	0.00	53
11	1	75	1.32	76
12	1	33	2.94	34
13	0	51	0.00	51
14	0	58	0.00	58
15	0	55	0.00	55
16	0	55	0.00	55
17	0	44	0.00	44
18	1	44	2.22	45
19	0	57	0.00	57
20	1	46	2.13	47
21	0	39	0.00	39
22	0	58	0.00	58
23	0	18	0.00	18
24	0	17	0.00	17
25	0	39	0.00	39
26	0	21	0.00	21
27	0	14	0.00	14
28	0	17	0.00	17
29	0	29	0.00	29
30	0	24	0.00	24
31	0	27	0.00	27
32	0	25	0.00	25
33	0	17	0.00	17
34	0	15	0.00	15
35	0	28	0.00	28
36	0	21	0.00	21
37	0	11	0.00	11
38	0	8	0.00	8
39	0	14	0.00	14
40	0	12	0.00	12
41	0	16	0.00	16
42	0	12	0.00	12
43	0	4	0.00	4
44	0	5	0.00	5
45	0	7	0.00	7
46	0	2	0.00	2
47	0	3	0.00	3
48	0	10	0.00	10
49	0	10	0.00	10
50	0	9	0.00	9
51	0	0		0
52	0	6	0.00	6
53	0	5	0.00	5
54	0	1	0.00	1
55	0	4	0.00	4
56	0	5	0.00	5
57	0	2	0.00	2
58	0	2	0.00	2
59	0	0		0
60	0	10	0.00	10
61	0	1	0.00	1
62	0	0		0
63	0	1	0.00	1
64	0	4	0.00	4
65	0	0		0
66	0	0		0
67	0	1	0.00	1
68	0	2	0.00	2
69	0	0		0
70	1	2	33.33	3
71	0	1	0.00	1
72	0	0		0
73	0	4	0.00	4
74	0	0		0
75	0	0		0
76	0	0		0
77	0	0		0
78	0	0		0
79	0	0		0
80	0	1	0.00	1
81	0	0		0
82	0	0		0
83	0	0		0
84	0	0		0
85	0	0		0
86	0	1	0.00	1
87	0	0		0
88	0	0		0
89	0	0		0
90	0	0		0
91	0	0		0
92	0	0		0
93	0	0		0
94	0	0		0
95	0	1	0.00	1
96	0	0		0
97	0	0		0

CHH context (R2)
================
position	count methylated	count unmethylated	% methylation	coverage
1	0	9	0.00	9
2	1	946	0.11	947
3	0	257	0.00	257
4	0	201	0.00	201
5	1	124	0.80	125
6	0	87	0.00	87
7	0	84	0.00	84
8	0	131	0.00	131
9	0	113	0.00	113
10	2	106	1.85	108
11	0	77	0.00	77
12	0	74	0.00	74
13	2	52	3.70	54
14	0	86	0.00	86
15	0	85	0.00	85
16	0	65	0.00	65
17	0	74	0.00	74
18	0	82	0.00	82
19	2	70	2.78	72
20	1	48	2.04	49
21	0	47	0.00	47
22	0	39	0.00	39
23	0	47	0.00	47
24	0	41	0.00	41
25	1	41	2.38	42
26	0	41	0.00	41
27	0	21	0.00	21
28	0	26	0.00	26
29	0	35	0.00	35
30	0	32	0.00	32
31	0	32	0.00	32
32	0	26	0.00	26
33	0	22	0.00	22
34	0	19	0.00	19
35	0	28	0.00	28
36	0	13	0.00	13
37	0	18	0.00	18
38	0	15	0.00	15
39	0	8	0.00	8
40	0	15	0.00	15
41	0	7	0.00	7
42	0	15	0.00	15
43	0	23	0.00	23
44	0	21	0.00	21
45	0	11	0.00	11
46	0	15	0.00	15
47	0	14	0.00	14
48	0	3	0.00	3
49	0	7	0.00	7
50	0	6	0.00	6
51	0	17	0.00	17
52	0	10	0.00	10
53	0	13	0.00	13
54	0	9	0.00	9
55	0	8	0.00	8
56	0	5	0.00	5
57	0	4	0.00	4
58	0	2	0.00	2
59	0	2	0.00	2
60	0	2	0.00	2
61	0	2	0.00	2
62	0	5	0.00	5
63	0	1	0.00	1
64	0	4	0.00	4
65	0	4	0.00	4
66	0	2	0.00	2
67	0	0		0
68	0	1	0.00	1
69	0	4	0.00	4
70	0	0		0
71	0	0		0
72	0	1	0.00	1
73	0	0		0
74	0	2	0.00	2
75	0	1	0.00	1
76	0	0		0
77	0	1	0.00	1
78	0	1	0.00	1
79	0	0		0
80	0	0		0
81	0	0		0
82	0	0		0
83	0	0		0
84	0	1	0.00	1
85	0	0		0
86	0	0		0
87	0	1	0.00	1
88	0	0		0
89	0	1	0.00	1
90	0	0		0
91	0	0		0
92	0	0		0
93	0	0		0
94	0	0		0
95	0	0		0
96	0	0		0
97	0	0		0

