CpG context (R1)
================
position	count methylated	count unmethylated	% methylation	coverage
1	204	2184	8.54	2388
2	0	12	0.00	12
3	1	17	5.56	18
4	11	176	5.88	187
5	15	204	6.85	219
6	7	275	2.48	282
7	6	227	2.58	233
8	18	268	6.29	286
9	14	209	6.28	223
10	10	245	3.92	255
11	13	237	5.20	250
12	17	287	5.59	304
13	4	301	1.31	305
14	11	250	4.21	261
15	8	265	2.93	273
16	9	263	3.31	272
17	8	217	3.56	225
18	11	236	4.45	247
19	13	287	4.33	300
20	8	217	3.56	225
21	7	227	2.99	234
22	17	279	5.74	296
23	10	268	3.60	278
24	15	243	5.81	258
25	13	290	4.29	303
26	11	274	3.86	285
27	14	274	4.86	288
28	14	260	5.11	274
29	11	275	3.85	286
30	9	282	3.09	291
31	12	267	4.30	279
32	19	317	5.65	336
33	12	211	5.38	223
34	20	262	7.09	282
35	14	250	5.30	264
36	11	234	4.49	245
37	16	266	5.67	282
38	19	244	7.22	263
39	7	264	2.58	271
40	9	261	3.33	270
41	17	257	6.20	274
42	7	274	2.49	281
43	10	256	3.76	266
44	12	236	4.84	248
45	21	255	7.61	276
46	18	238	7.03	256
47	21	255	7.61	276
48	12	265	4.33	277
49	14	251	5.28	265
50	10	223	4.29	233
51	7	250	2.72	257
52	8	225	3.43	233
53	6	214	2.73	220
54	15	253	5.60	268
55	10	269	3.58	279
56	16	246	6.11	262
57	9	243	3.57	252
58	15	259	5.47	274
59	7	270	2.53	277
60	11	246	4.28	257
61	15	248	5.70	263
62	16	235	6.37	251
63	14	230	5.74	244
64	12	229	4.98	241
65	18	251	6.69	269
66	14	237	5.58	251
67	13	240	5.14	253
68	5	206	2.37	211
69	4	178	2.20	182
70	11	220	4.76	231
71	16	230	6.50	246
72	11	249	4.23	260
73	12	216	5.26	228
74	6	195	2.99	201
75	12	175	6.42	187
76	12	190	5.94	202
77	10	227	4.22	237
78	14	175	7.41	189
79	13	220	5.58	233
80	9	184	4.66	193
81	10	169	5.59	179
82	11	200	5.21	211
83	6	128	4.48	134
84	5	177	2.75	182
85	9	193	4.46	202
86	9	169	5.06	178
87	6	147	3.92	153
88	4	116	3.33	120
89	6	121	4.72	127
90	7	110	5.98	117
91	9	155	5.49	164
92	8	118	6.35	126
93	7	141	4.73	148
94	6	135	4.26	141
95	4	103	3.74	107
96	5	93	5.10	98
97	5	121	3.97	126
98	5	104	4.59	109
99	2	48	4.00	50
100	0	9	0.00	9
101	0	3	0.00	3
102	0	4	0.00	4
103	0	6	0.00	6
104	0	4	0.00	4
105	1	5	16.67	6
106	0	4	0.00	4
107	0	5	0.00	5
108	1	2	33.33	3
109	0	5	0.00	5
110	0	2	0.00	2
111	0	4	0.00	4
112	0	5	0.00	5
113	0	4	0.00	4
114	0	3	0.00	3
115	0	3	0.00	3
116	0	0		0
117	0	5	0.00	5
118	1	3	25.00	4
119	0	1	0.00	1
120	0	2	0.00	2
121	0	2	0.00	2
122	0	2	0.00	2
123	0	1	0.00	1
124	1	1	50.00	2
125	0	4	0.00	4
126	0	5	0.00	5
127	0	2	0.00	2
128	0	1	0.00	1
129	0	3	0.00	3
130	0	2	0.00	2
131	0	1	0.00	1
132	1	1	50.00	2
133	0	3	0.00	3
134	0	1	0.00	1
135	0	2	0.00	2
136	0	0		0
137	0	1	0.00	1
138	0	3	0.00	3
139	1	0	100.00	1
140	0	0		0
141	0	2	0.00	2
142	0	1	0.00	1
143	0	0		0
144	0	1	0.00	1
145	1	0	100.00	1
146	0	0		0
147	0	0		0
148	0	1	0.00	1
149	0	2	0.00	2

CHG context (R1)
================
position	count methylated	count unmethylated	% methylation	coverage
1	0	10	0.00	10
2	0	20	0.00	20
3	0	14	0.00	14
4	1	142	0.70	143
5	0	212	0.00	212
6	0	242	0.00	242
7	0	268	0.00	268
8	1	205	0.49	206
9	0	249	0.00	249
10	1	217	0.46	218
11	1	240	0.41	241
12	1	218	0.46	219
13	1	208	0.48	209
14	0	187	0.00	187
15	0	236	0.00	236
16	1	208	0.48	209
17	0	214	0.00	214
18	0	239	0.00	239
19	1	218	0.46	219
20	0	163	0.00	163
21	0	221	0.00	221
22	1	251	0.40	252
23	0	181	0.00	181
24	0	188	0.00	188
25	1	216	0.46	217
26	0	214	0.00	214
27	0	239	0.00	239
28	0	258	0.00	258
29	2	212	0.93	214
30	0	149	0.00	149
31	1	228	0.44	229
32	0	189	0.00	189
33	0	252	0.00	252
34	0	208	0.00	208
35	1	233	0.43	234
36	0	217	0.00	217
37	0	225	0.00	225
38	1	201	0.50	202
39	1	235	0.42	236
40	0	223	0.00	223
41	1	245	0.41	246
42	0	220	0.00	220
43	0	218	0.00	218
44	1	244	0.41	245
45	1	181	0.55	182
46	0	234	0.00	234
47	1	182	0.55	183
48	1	202	0.49	203
49	0	226	0.00	226
50	1	238	0.42	239
51	1	214	0.47	215
52	0	228	0.00	228
53	1	193	0.52	194
54	0	208	0.00	208
55	0	187	0.00	187
56	1	199	0.50	200
57	1	214	0.47	215
58	0	215	0.00	215
59	1	182	0.55	183
60	0	169	0.00	169
61	1	157	0.63	158
62	1	153	0.65	154
63	1	187	0.53	188
64	1	214	0.47	215
65	2	198	1.00	200
66	0	170	0.00	170
67	1	201	0.50	202
68	0	181	0.00	181
69	0	188	0.00	188
70	1	179	0.56	180
71	1	176	0.56	177
72	0	158	0.00	158
73	1	161	0.62	162
74	0	164	0.00	164
75	2	149	1.32	151
76	0	185	0.00	185
77	1	176	0.56	177
78	1	161	0.62	162
79	1	147	0.68	148
80	1	147	0.68	148
81	0	176	0.00	176
82	0	97	0.00	97
83	0	148	0.00	148
84	0	128	0.00	128
85	1	127	0.78	128
86	0	127	0.00	127
87	0	121	0.00	121
88	0	126	0.00	126
89	0	117	0.00	117
90	0	121	0.00	121
91	0	142	0.00	142
92	0	109	0.00	109
93	1	77	1.28	78
94	0	98	0.00	98
95	1	95	1.04	96
96	2	114	1.72	116
97	0	109	0.00	109
98	0	96	0.00	96
99	0	48	0.00	48
100	0	8	0.00	8
101	0	5	0.00	5
102	0	3	0.00	3
103	0	2	0.00	2
104	0	8	0.00	8
105	0	5	0.00	5
106	0	3	0.00	3
107	0	2	0.00	2
108	0	7	0.00	7
109	0	1	0.00	1
110	0	4	0.00	4
111	0	2	0.00	2
112	0	4	0.00	4
113	0	2	0.00	2
114	0	3	0.00	3
115	0	1	0.00	1
116	0	7	0.00	7
117	0	3	0.00	3
118	0	1	0.00	1
119	0	1	0.00	1
120	0	2	0.00	2
121	0	2	0.00	2
122	0	1	0.00	1
123	0	1	0.00	1
124	0	0		0
125	0	1	0.00	1
126	0	2	0.00	2
127	0	2	0.00	2
128	0	2	0.00	2
129	0	0		0
130	0	0		0
131	0	1	0.00	1
132	0	5	0.00	5
133	0	0		0
134	0	1	0.00	1
135	0	1	0.00	1
136	0	1	0.00	1
137	0	0		0
138	0	0		0
139	0	0		0
140	0	0		0
141	0	0		0
142	0	0		0
143	0	0		0
144	0	0		0
145	0	0		0
146	0	0		0
147	0	2	0.00	2
148	0	2	0.00	2
149	0	0		0

CHH context (R1)
================
position	count methylated	count unmethylated	% methylation	coverage
1	1	31	3.12	32
2	0	27	0.00	27
3	0	20	0.00	20
4	1	330	0.30	331
5	4	399	0.99	403
6	2	430	0.46	432
7	0	396	0.00	396
8	0	366	0.00	366
9	2	338	0.59	340
10	1	337	0.30	338
11	0	342	0.00	342
12	3	340	0.87	343
13	0	385	0.00	385
14	0	397	0.00	397
15	2	377	0.53	379
16	0	339	0.00	339
17	0	336	0.00	336
18	1	305	0.33	306
19	1	319	0.31	320
20	2	353	0.56	355
21	0	339	0.00	339
22	1	312	0.32	313
23	2	315	0.63	317
24	1	375	0.27	376
25	1	405	0.25	406
26	2	374	0.53	376
27	0	430	0.00	430
28	0	358	0.00	358
29	1	335	0.30	336
30	2	340	0.58	342
31	1	362	0.28	363
32	1	357	0.28	358
33	2	325	0.61	327
34	0	340	0.00	340
35	0	310	0.00	310
36	2	385	0.52	387
37	2	321	0.62	323
38	0	342	0.00	342
39	0	338	0.00	338
40	0	346	0.00	346
41	1	343	0.29	344
42	0	336	0.00	336
43	0	342	0.00	342
44	3	321	0.93	324
45	1	291	0.34	292
46	1	337	0.30	338
47	1	325	0.31	326
48	2	333	0.60	335
49	1	382	0.26	383
50	1	358	0.28	359
51	0	380	0.00	380
52	0	349	0.00	349
53	1	337	0.30	338
54	3	328	0.91	331
55	1	319	0.31	320
56	1	293	0.34	294
57	0	303	0.00	303
58	0	273	0.00	273
59	4	313	1.26	317
60	0	287	0.00	287
61	1	325	0.31	326
62	3	326	0.91	329
63	0	291	0.00	291
64	0	330	0.00	330
65	0	311	0.00	311
66	1	286	0.35	287
67	2	330	0.60	332
68	2	323	0.62	325
69	1	295	0.34	296
70	3	248	1.20	251
71	1	249	0.40	250
72	0	291	0.00	291
73	1	277	0.36	278
74	1	267	0.37	268
75	2	336	0.59	338
76	1	269	0.37	270
77	0	242	0.00	242
78	0	259	0.00	259
79	0	272	0.00	272
80	0	271	0.00	271
81	0	226	0.00	226
82	1	270	0.37	271
83	1	242	0.41	243
84	1	244	0.41	245
85	1	231	0.43	232
86	0	275	0.00	275
87	3	211	1.40	214
88	0	273	0.00	273
89	1	213	0.47	214
90	0	173	0.00	173
91	0	171	0.00	171
92	0	197	0.00	197
93	3	168	1.75	171
94	0	139	0.00	139
95	2	198	1.00	200
96	0	186	0.00	186
97	0	152	0.00	152
98	2	159	1.24	161
99	0	71	0.00	71
100	0	7	0.00	7
101	0	9	0.00	9
102	0	3	0.00	3
103	0	5	0.00	5
104	0	7	0.00	7
105	0	7	0.00	7
106	0	6	0.00	6
107	0	4	0.00	4
108	0	5	0.00	5
109	0	2	0.00	2
110	0	3	0.00	3
111	0	2	0.00	2
112	0	1	0.00	1
113	0	4	0.00	4
114	0	5	0.00	5
115	0	3	0.00	3
116	0	1	0.00	1
117	0	2	0.00	2
118	0	0		0
119	0	2	0.00	2
120	0	1	0.00	1
121	0	1	0.00	1
122	0	1	0.00	1
123	0	1	0.00	1
124	0	2	0.00	2
125	0	0		0
126	0	0		0
127	0	1	0.00	1
128	0	0		0
129	0	3	0.00	3
130	0	1	0.00	1
131	0	1	0.00	1
132	0	0		0
133	0	1	0.00	1
134	0	2	0.00	2
135	0	2	0.00	2
136	0	0		0
137	0	1	0.00	1
138	0	0		0
139	0	1	0.00	1
140	0	0		0
141	0	0		0
142	0	0		0
143	0	0		0
144	0	0		0
145	0	1	0.00	1
146	0	2	0.00	2
147	0	0		0
148	0	1	0.00	1
149	0	1	0.00	1

CpG context (R2)
================
position	count methylated	count unmethylated	% methylation	coverage
1	0	16	0.00	16
2	0	24	0.00	24
3	2	65	2.99	67
4	5	73	6.41	78
5	5	105	4.55	110
6	6	76	7.32	82
7	8	108	6.90	116
8	4	81	4.71	85
9	2	70	2.78	72
10	2	85	2.30	87
11	3	64	4.48	67
12	2	54	3.57	56
13	5	67	6.94	72
14	3	44	6.38	47
15	2	52	3.70	54
16	1	59	1.67	60
17	0	36	0.00	36
18	6	41	12.77	47
19	1	33	2.94	34
20	1	41	2.38	42
21	1	31	3.12	32
22	0	32	0.00	32
23	2	36	5.26	38
24	1	62	1.59	63
25	0	34	0.00	34
26	1	29	3.33	30
27	3	30	9.09	33
28	1	22	4.35	23
29	0	35	0.00	35
30	1	22	4.35	23
31	3	35	7.89	38
32	1	20	4.76	21
33	3	16	15.79	19
34	1	29	3.33	30
35	0	8	0.00	8
36	3	13	18.75	16
37	0	28	0.00	28
38	1	13	7.14	14
39	0	11	0.00	11
40	0	10	0.00	10
41	0	13	0.00	13
42	0	6	0.00	6
43	0	16	0.00	16
44	1	12	7.69	13
45	0	2	0.00	2
46	1	14	6.67	15
47	0	5	0.00	5
48	1	5	16.67	6
49	0	7	0.00	7
50	1	7	12.50	8
51	0	9	0.00	9
52	0	5	0.00	5
53	0	3	0.00	3
54	0	4	0.00	4
55	2	2	50.00	4
56	0	3	0.00	3
57	1	2	33.33	3
58	0	3	0.00	3
59	0	3	0.00	3
60	1	2	33.33	3
61	0	3	0.00	3
62	0	0		0
63	0	4	0.00	4
64	0	1	0.00	1
65	0	2	0.00	2
66	0	3	0.00	3
67	0	2	0.00	2
68	0	1	0.00	1
69	0	1	0.00	1
70	0	0		0
71	1	1	50.00	2
72	0	1	0.00	1
73	0	0		0
74	0	1	0.00	1
75	0	0		0
76	0	1	0.00	1
77	0	0		0
78	1	1	50.00	2
79	0	0		0
80	0	0		0
81	0	1	0.00	1
82	0	0		0
83	0	0		0
84	0	0		0
85	0	0		0

CHG context (R2)
================
position	count methylated	count unmethylated	% methylation	coverage
1	19	2129	0.88	2148
2	0	10	0.00	10
3	0	6	0.00	6
4	2	34	5.56	36
5	0	50	0.00	50
6	0	82	0.00	82
7	2	73	2.67	75
8	1	69	1.43	70
9	0	79	0.00	79
10	2	76	2.56	78
11	0	71	0.00	71
12	1	33	2.94	34
13	0	55	0.00	55
14	0	54	0.00	54
15	0	50	0.00	50
16	0	48	0.00	48
17	1	53	1.85	54
18	0	56	0.00	56
19	0	36	0.00	36
20	1	50	1.96	51
21	0	45	0.00	45
22	0	43	0.00	43
23	0	22	0.00	22
24	0	19	0.00	19
25	0	30	0.00	30
26	0	24	0.00	24
27	0	12	0.00	12
28	0	22	0.00	22
29	0	32	0.00	32
30	0	18	0.00	18
31	1	25	3.85	26
32	0	24	0.00	24
33	0	18	0.00	18
34	0	26	0.00	26
35	0	25	0.00	25
36	0	11	0.00	11
37	0	11	0.00	11
38	0	14	0.00	14
39	0	9	0.00	9
40	0	16	0.00	16
41	1	18	5.26	19
42	0	3	0.00	3
43	0	12	0.00	12
44	0	4	0.00	4
45	0	9	0.00	9
46	0	1	0.00	1
47	0	7	0.00	7
48	0	11	0.00	11
49	0	8	0.00	8
50	0	5	0.00	5
51	0	3	0.00	3
52	0	9	0.00	9
53	0	5	0.00	5
54	0	1	0.00	1
55	0	4	0.00	4
56	0	5	0.00	5
57	0	0		0
58	0	2	0.00	2
59	0	0		0
60	0	6	0.00	6
61	0	2	0.00	2
62	0	0		0
63	0	2	0.00	2
64	0	2	0.00	2
65	0	0		0
66	0	0		0
67	0	1	0.00	1
68	0	0		0
69	0	0		0
70	0	0		0
71	0	2	0.00	2
72	0	0		0
73	0	1	0.00	1
74	0	1	0.00	1
75	0	0		0
76	0	0		0
77	0	1	0.00	1
78	0	0		0
79	0	1	0.00	1
80	0	0		0
81	0	0		0
82	0	1	0.00	1
83	0	0		0
84	0	0		0
85	0	1	0.00	1

CHH context (R2)
================
position	count methylated	count unmethylated	% methylation	coverage
1	0	9	0.00	9
2	1	949	0.11	950
3	1	247	0.40	248
4	0	174	0.00	174
5	0	132	0.00	132
6	1	94	1.05	95
7	0	102	0.00	102
8	0	135	0.00	135
9	0	103	0.00	103
10	0	108	0.00	108
11	0	82	0.00	82
12	0	84	0.00	84
13	0	52	0.00	52
14	0	76	0.00	76
15	0	69	0.00	69
16	0	59	0.00	59
17	0	55	0.00	55
18	0	70	0.00	70
19	0	67	0.00	67
20	0	56	0.00	56
21	0	45	0.00	45
22	0	35	0.00	35
23	0	41	0.00	41
24	0	38	0.00	38
25	0	40	0.00	40
26	0	32	0.00	32
27	0	34	0.00	34
28	0	28	0.00	28
29	1	35	2.78	36
30	0	34	0.00	34
31	0	23	0.00	23
32	0	29	0.00	29
33	1	22	4.35	23
34	0	26	0.00	26
35	0	26	0.00	26
36	1	19	5.00	20
37	0	14	0.00	14
38	1	23	4.17	24
39	0	13	0.00	13
40	0	20	0.00	20
41	1	19	5.00	20
42	0	24	0.00	24
43	0	14	0.00	14
44	0	20	0.00	20
45	0	17	0.00	17
46	0	20	0.00	20
47	0	6	0.00	6
48	0	3	0.00	3
49	0	12	0.00	12
50	0	5	0.00	5
51	0	10	0.00	10
52	0	8	0.00	8
53	0	12	0.00	12
54	0	10	0.00	10
55	0	9	0.00	9
56	0	7	0.00	7
57	0	5	0.00	5
58	0	3	0.00	3
59	0	0		0
60	0	1	0.00	1
61	0	2	0.00	2
62	0	4	0.00	4
63	0	1	0.00	1
64	0	0		0
65	0	0		0
66	0	0		0
67	0	1	0.00	1
68	0	2	0.00	2
69	0	2	0.00	2
70	0	1	0.00	1
71	0	0		0
72	0	0		0
73	0	0		0
74	0	0		0
75	0	1	0.00	1
76	0	0		0
77	0	1	0.00	1
78	1	1	50.00	2
79	0	0		0
80	0	0		0
81	0	0		0
82	0	0		0
83	0	0		0
84	0	0		0
85	0	0		0

