CpG context (R1)
================
position	count methylated	count unmethylated	% methylation	coverage
1	203	2172	8.55	2375
2	0	21	0.00	21
3	2	20	9.09	22
4	6	193	3.02	199
5	19	194	8.92	213
6	12	271	4.24	283
7	9	216	4.00	225
8	23	260	8.13	283
9	16	244	6.15	260
10	19	242	7.28	261
11	11	268	3.94	279
12	15	273	5.21	288
13	17	299	5.38	316
14	10	233	4.12	243
15	15	272	5.23	287
16	12	302	3.82	314
17	2	223	0.89	225
18	5	236	2.07	241
19	16	296	5.13	312
20	7	232	2.93	239
21	14	205	6.39	219
22	8	291	2.68	299
23	10	248	3.88	258
24	13	242	5.10	255
25	10	302	3.21	312
26	16	288	5.26	304
27	12	269	4.27	281
28	14	263	5.05	277
29	8	273	2.85	281
30	17	261	6.12	278
31	16	277	5.46	293
32	16	253	5.95	269
33	8	247	3.14	255
34	10	265	3.64	275
35	14	282	4.73	296
36	15	224	6.28	239
37	18	271	6.23	289
38	14	233	5.67	247
39	14	244	5.43	258
40	8	278	2.80	286
41	14	244	5.43	258
42	11	295	3.59	306
43	8	263	2.95	271
44	14	240	5.51	254
45	17	298	5.40	315
46	7	227	2.99	234
47	19	274	6.48	293
48	18	260	6.47	278
49	14	212	6.19	226
50	15	226	6.22	241
51	13	221	5.56	234
52	9	249	3.49	258
53	18	225	7.41	243
54	15	240	5.88	255
55	14	289	4.62	303
56	14	238	5.56	252
57	11	236	4.45	247
58	16	228	6.56	244
59	10	298	3.25	308
60	18	226	7.38	244
61	10	254	3.79	264
62	17	236	6.72	253
63	14	216	6.09	230
64	14	241	5.49	255
65	13	238	5.18	251
66	15	238	5.93	253
67	12	210	5.41	222
68	8	196	3.92	204
69	10	182	5.21	192
70	14	245	5.41	259
71	16	230	6.50	246
72	8	232	3.33	240
73	17	223	7.08	240
74	14	185	7.04	199
75	12	174	6.45	186
76	13	198	6.16	211
77	8	198	3.88	206
78	9	180	4.76	189
79	11	211	4.95	222
80	5	172	2.82	177
81	6	174	3.33	180
82	9	181	4.74	190
83	4	133	2.92	137
84	5	170	2.86	175
85	4	159	2.45	163
86	14	135	9.40	149
87	8	161	4.73	169
88	4	115	3.36	119
89	8	128	5.88	136
90	4	117	3.31	121
91	9	122	6.87	131
92	2	136	1.45	138
93	5	118	4.07	123
94	8	121	6.20	129
95	5	101	4.72	106
96	3	101	2.88	104
97	5	134	3.60	139
98	7	102	6.42	109
99	3	45	6.25	48
100	0	14	0.00	14
101	0	5	0.00	5
102	0	7	0.00	7
103	0	8	0.00	8
104	0	5	0.00	5
105	0	6	0.00	6
106	1	4	20.00	5
107	0	5	0.00	5
108	0	5	0.00	5
109	0	11	0.00	11
110	0	4	0.00	4
111	0	3	0.00	3
112	0	1	0.00	1
113	1	2	33.33	3
114	0	6	0.00	6
115	1	3	25.00	4
116	0	4	0.00	4
117	0	5	0.00	5
118	0	3	0.00	3
119	0	3	0.00	3
120	0	5	0.00	5
121	0	1	0.00	1
122	0	3	0.00	3
123	0	3	0.00	3
124	0	1	0.00	1
125	0	1	0.00	1
126	0	2	0.00	2
127	0	0		0
128	0	1	0.00	1
129	0	2	0.00	2
130	0	2	0.00	2
131	0	2	0.00	2
132	1	1	50.00	2
133	0	3	0.00	3
134	0	3	0.00	3
135	0	2	0.00	2
136	0	1	0.00	1
137	0	2	0.00	2
138	0	2	0.00	2
139	0	0		0
140	0	0		0
141	0	2	0.00	2
142	0	2	0.00	2
143	0	2	0.00	2
144	1	0	100.00	1
145	0	2	0.00	2
146	0	0		0
147	0	0		0
148	0	0		0
149	0	3	0.00	3

CHG context (R1)
================
position	count methylated	count unmethylated	% methylation	coverage
1	1	16	5.88	17
2	0	30	0.00	30
3	0	12	0.00	12
4	0	153	0.00	153
5	1	207	0.48	208
6	1	229	0.43	230
7	2	226	0.88	228
8	1	241	0.41	242
9	0	254	0.00	254
10	0	214	0.00	214
11	0	249	0.00	249
12	0	223	0.00	223
13	1	200	0.50	201
14	0	208	0.00	208
15	0	259	0.00	259
16	0	232	0.00	232
17	3	250	1.19	253
18	0	244	0.00	244
19	0	213	0.00	213
20	2	154	1.28	156
21	0	235	0.00	235
22	0	212	0.00	212
23	1	213	0.47	214
24	0	207	0.00	207
25	2	236	0.84	238
26	0	211	0.00	211
27	1	234	0.43	235
28	0	227	0.00	227
29	0	155	0.00	155
30	1	198	0.50	199
31	1	242	0.41	243
32	1	200	0.50	201
33	1	255	0.39	256
34	0	221	0.00	221
35	1	253	0.39	254
36	0	224	0.00	224
37	2	189	1.05	191
38	1	189	0.53	190
39	0	254	0.00	254
40	1	200	0.50	201
41	1	256	0.39	257
42	0	232	0.00	232
43	0	215	0.00	215
44	0	266	0.00	266
45	1	215	0.46	216
46	3	215	1.38	218
47	0	184	0.00	184
48	0	211	0.00	211
49	2	226	0.88	228
50	1	221	0.45	222
51	2	228	0.87	230
52	0	197	0.00	197
53	1	201	0.50	202
54	1	224	0.44	225
55	1	147	0.68	148
56	0	206	0.00	206
57	1	213	0.47	214
58	0	221	0.00	221
59	0	150	0.00	150
60	0	182	0.00	182
61	1	196	0.51	197
62	3	157	1.88	160
63	1	185	0.54	186
64	0	170	0.00	170
65	0	190	0.00	190
66	0	202	0.00	202
67	0	189	0.00	189
68	1	197	0.51	198
69	1	184	0.54	185
70	0	178	0.00	178
71	1	155	0.64	156
72	1	158	0.63	159
73	0	169	0.00	169
74	1	130	0.76	131
75	1	163	0.61	164
76	0	180	0.00	180
77	0	191	0.00	191
78	0	174	0.00	174
79	1	129	0.77	130
80	3	144	2.04	147
81	0	197	0.00	197
82	1	127	0.78	128
83	0	124	0.00	124
84	0	112	0.00	112
85	0	116	0.00	116
86	0	159	0.00	159
87	0	122	0.00	122
88	0	127	0.00	127
89	0	100	0.00	100
90	2	107	1.83	109
91	0	116	0.00	116
92	0	94	0.00	94
93	0	88	0.00	88
94	0	100	0.00	100
95	0	73	0.00	73
96	0	101	0.00	101
97	0	106	0.00	106
98	0	96	0.00	96
99	1	37	2.63	38
100	0	4	0.00	4
101	0	6	0.00	6
102	0	9	0.00	9
103	0	6	0.00	6
104	0	5	0.00	5
105	0	7	0.00	7
106	0	9	0.00	9
107	0	1	0.00	1
108	0	10	0.00	10
109	0	5	0.00	5
110	0	4	0.00	4
111	0	3	0.00	3
112	0	5	0.00	5
113	0	4	0.00	4
114	1	0	100.00	1
115	0	0		0
116	0	4	0.00	4
117	0	2	0.00	2
118	0	5	0.00	5
119	0	3	0.00	3
120	0	1	0.00	1
121	0	2	0.00	2
122	0	3	0.00	3
123	0	1	0.00	1
124	0	2	0.00	2
125	0	2	0.00	2
126	0	0		0
127	0	2	0.00	2
128	0	2	0.00	2
129	0	0		0
130	0	1	0.00	1
131	0	2	0.00	2
132	0	1	0.00	1
133	0	0		0
134	0	2	0.00	2
135	0	2	0.00	2
136	0	1	0.00	1
137	0	0		0
138	0	0		0
139	0	1	0.00	1
140	0	1	0.00	1
141	0	1	0.00	1
142	0	1	0.00	1
143	0	0		0
144	0	0		0
145	0	1	0.00	1
146	0	0		0
147	0	1	0.00	1
148	0	4	0.00	4
149	0	0		0

CHH context (R1)
================
position	count methylated	count unmethylated	% methylation	coverage
1	1	38	2.56	39
2	1	30	3.23	31
3	0	18	0.00	18
4	0	326	0.00	326
5	0	366	0.00	366
6	1	412	0.24	413
7	0	387	0.00	387
8	1	366	0.27	367
9	0	340	0.00	340
10	1	331	0.30	332
11	1	324	0.31	325
12	1	302	0.33	303
13	3	355	0.84	358
14	3	387	0.77	390
15	1	380	0.26	381
16	0	352	0.00	352
17	4	311	1.27	315
18	2	295	0.67	297
19	1	310	0.32	311
20	4	352	1.12	356
21	1	348	0.29	349
22	4	332	1.19	336
23	0	329	0.00	329
24	0	370	0.00	370
25	1	387	0.26	388
26	3	361	0.82	364
27	1	379	0.26	380
28	1	350	0.28	351
29	0	314	0.00	314
30	0	361	0.00	361
31	0	334	0.00	334
32	0	335	0.00	335
33	1	310	0.32	311
34	1	310	0.32	311
35	1	301	0.33	302
36	0	394	0.00	394
37	1	363	0.27	364
38	3	378	0.79	381
39	2	348	0.57	350
40	1	351	0.28	352
41	1	320	0.31	321
42	0	322	0.00	322
43	0	318	0.00	318
44	0	321	0.00	321
45	1	305	0.33	306
46	1	348	0.29	349
47	1	327	0.30	328
48	0	313	0.00	313
49	0	377	0.00	377
50	2	373	0.53	375
51	3	375	0.79	378
52	1	359	0.28	360
53	1	332	0.30	333
54	2	291	0.68	293
55	4	302	1.31	306
56	1	298	0.33	299
57	0	294	0.00	294
58	0	260	0.00	260
59	0	301	0.00	301
60	1	311	0.32	312
61	2	334	0.60	336
62	3	304	0.98	307
63	3	291	1.02	294
64	0	323	0.00	323
65	1	306	0.33	307
66	1	277	0.36	278
67	4	297	1.33	301
68	2	323	0.62	325
69	2	318	0.62	320
70	1	299	0.33	300
71	0	279	0.00	279
72	0	271	0.00	271
73	1	292	0.34	293
74	1	269	0.37	270
75	1	307	0.32	308
76	1	318	0.31	319
77	2	283	0.70	285
78	0	251	0.00	251
79	1	276	0.36	277
80	1	301	0.33	302
81	2	237	0.84	239
82	0	255	0.00	255
83	0	217	0.00	217
84	0	226	0.00	226
85	1	258	0.39	259
86	1	252	0.40	253
87	0	205	0.00	205
88	0	245	0.00	245
89	0	214	0.00	214
90	0	189	0.00	189
91	0	187	0.00	187
92	0	155	0.00	155
93	2	167	1.18	169
94	0	154	0.00	154
95	1	190	0.52	191
96	1	144	0.69	145
97	0	147	0.00	147
98	0	150	0.00	150
99	1	54	1.82	55
100	0	8	0.00	8
101	0	7	0.00	7
102	0	8	0.00	8
103	0	8	0.00	8
104	0	7	0.00	7
105	0	9	0.00	9
106	0	7	0.00	7
107	0	7	0.00	7
108	0	4	0.00	4
109	0	1	0.00	1
110	0	3	0.00	3
111	0	4	0.00	4
112	0	5	0.00	5
113	0	8	0.00	8
114	0	5	0.00	5
115	0	6	0.00	6
116	0	3	0.00	3
117	0	3	0.00	3
118	0	2	0.00	2
119	0	3	0.00	3
120	0	2	0.00	2
121	0	5	0.00	5
122	0	2	0.00	2
123	0	1	0.00	1
124	0	1	0.00	1
125	0	3	0.00	3
126	0	3	0.00	3
127	0	2	0.00	2
128	0	2	0.00	2
129	0	2	0.00	2
130	0	1	0.00	1
131	0	3	0.00	3
132	0	1	0.00	1
133	0	1	0.00	1
134	0	2	0.00	2
135	0	2	0.00	2
136	0	0		0
137	0	0		0
138	0	1	0.00	1
139	0	2	0.00	2
140	0	1	0.00	1
141	0	1	0.00	1
142	0	0		0
143	0	2	0.00	2
144	0	0		0
145	0	0		0
146	0	0		0
147	0	1	0.00	1
148	0	1	0.00	1
149	0	0		0

CpG context (R2)
================
position	count methylated	count unmethylated	% methylation	coverage
1	0	24	0.00	24
2	0	21	0.00	21
3	2	76	2.56	78
4	5	79	5.95	84
5	5	89	5.32	94
6	4	88	4.35	92
7	3	109	2.68	112
8	2	76	2.56	78
9	0	75	0.00	75
10	3	86	3.37	89
11	6	70	7.89	76
12	4	61	6.15	65
13	4	71	5.33	75
14	2	33	5.71	35
15	2	59	3.28	61
16	1	44	2.22	45
17	1	33	2.94	34
18	6	47	11.32	53
19	0	40	0.00	40
20	2	52	3.70	54
21	1	32	3.03	33
22	0	41	0.00	41
23	1	35	2.78	36
24	1	53	1.85	54
25	1	26	3.70	27
26	1	32	3.03	33
27	3	13	18.75	16
28	0	24	0.00	24
29	0	41	0.00	41
30	2	12	14.29	14
31	2	28	6.67	30
32	0	28	0.00	28
33	1	11	8.33	12
34	3	27	10.00	30
35	0	11	0.00	11
36	0	18	0.00	18
37	0	21	0.00	21
38	2	13	13.33	15
39	0	10	0.00	10
40	0	3	0.00	3
41	1	12	7.69	13
42	0	11	0.00	11
43	1	15	6.25	16
44	0	17	0.00	17
45	0	2	0.00	2
46	1	16	5.88	17
47	0	8	0.00	8
48	0	9	0.00	9
49	0	8	0.00	8
50	1	8	11.11	9
51	0	6	0.00	6
52	0	5	0.00	5
53	0	4	0.00	4
54	2	3	40.00	5
55	0	2	0.00	2
56	0	4	0.00	4
57	0	2	0.00	2
58	0	3	0.00	3
59	0	1	0.00	1
60	0	1	0.00	1
61	0	1	0.00	1
62	0	0		0
63	1	1	50.00	2
64	0	1	0.00	1
65	0	1	0.00	1
66	0	1	0.00	1
67	0	1	0.00	1
68	0	0		0
69	0	1	0.00	1
70	0	1	0.00	1
71	0	0		0
72	0	2	0.00	2
73	0	0		0
74	0	0		0
75	0	1	0.00	1
76	0	0		0
77	0	0		0
78	0	1	0.00	1
79	0	0		0
80	0	1	0.00	1
81	0	1	0.00	1
82	0	0		0
83	0	0		0
84	0	0		0
85	0	1	0.00	1
86	0	0		0
87	0	0		0
88	0	0		0
89	0	1	0.00	1
90	0	0		0
91	0	0		0
92	0	0		0
93	0	0		0
94	0	0		0
95	0	1	0.00	1
96	0	0		0

CHG context (R2)
================
position	count methylated	count unmethylated	% methylation	coverage
1	15	2093	0.71	2108
2	0	15	0.00	15
3	0	4	0.00	4
4	0	46	0.00	46
5	0	50	0.00	50
6	0	84	0.00	84
7	1	64	1.54	65
8	0	76	0.00	76
9	0	63	0.00	63
10	1	45	2.17	46
11	2	57	3.39	59
12	1	37	2.63	38
13	0	55	0.00	55
14	0	43	0.00	43
15	0	40	0.00	40
16	1	43	2.27	44
17	0	63	0.00	63
18	0	31	0.00	31
19	0	38	0.00	38
20	0	52	0.00	52
21	0	30	0.00	30
22	0	46	0.00	46
23	0	20	0.00	20
24	0	24	0.00	24
25	0	41	0.00	41
26	0	21	0.00	21
27	0	12	0.00	12
28	0	18	0.00	18
29	0	23	0.00	23
30	0	19	0.00	19
31	0	21	0.00	21
32	0	12	0.00	12
33	0	19	0.00	19
34	0	21	0.00	21
35	0	25	0.00	25
36	0	17	0.00	17
37	0	19	0.00	19
38	0	12	0.00	12
39	0	8	0.00	8
40	0	20	0.00	20
41	0	17	0.00	17
42	0	3	0.00	3
43	0	7	0.00	7
44	0	2	0.00	2
45	0	11	0.00	11
46	0	4	0.00	4
47	0	6	0.00	6
48	0	6	0.00	6
49	0	15	0.00	15
50	0	5	0.00	5
51	0	4	0.00	4
52	0	6	0.00	6
53	0	4	0.00	4
54	0	1	0.00	1
55	0	5	0.00	5
56	0	4	0.00	4
57	0	0		0
58	0	1	0.00	1
59	0	2	0.00	2
60	0	5	0.00	5
61	0	2	0.00	2
62	0	1	0.00	1
63	0	2	0.00	2
64	0	2	0.00	2
65	0	0		0
66	0	0		0
67	0	1	0.00	1
68	0	1	0.00	1
69	0	0		0
70	0	2	0.00	2
71	0	0		0
72	0	0		0
73	0	3	0.00	3
74	0	0		0
75	0	0		0
76	0	0		0
77	0	1	0.00	1
78	0	0		0
79	0	0		0
80	0	0		0
81	0	0		0
82	0	0		0
83	0	0		0
84	0	0		0
85	0	0		0
86	0	0		0
87	0	0		0
88	0	0		0
89	0	0		0
90	0	0		0
91	0	1	0.00	1
92	0	0		0
93	0	1	0.00	1
94	0	0		0
95	0	0		0
96	0	1	0.00	1

CHH context (R2)
================
position	count methylated	count unmethylated	% methylation	coverage
1	0	9	0.00	9
2	5	981	0.51	986
3	1	222	0.45	223
4	0	162	0.00	162
5	1	117	0.85	118
6	0	81	0.00	81
7	0	99	0.00	99
8	0	119	0.00	119
9	1	95	1.04	96
10	0	97	0.00	97
11	0	64	0.00	64
12	0	70	0.00	70
13	0	50	0.00	50
14	0	75	0.00	75
15	0	66	0.00	66
16	0	70	0.00	70
17	0	55	0.00	55
18	0	80	0.00	80
19	1	70	1.41	71
20	1	48	2.04	49
21	1	39	2.50	40
22	0	39	0.00	39
23	1	36	2.70	37
24	0	29	0.00	29
25	0	32	0.00	32
26	0	26	0.00	26
27	0	26	0.00	26
28	0	27	0.00	27
29	0	25	0.00	25
30	0	22	0.00	22
31	0	25	0.00	25
32	1	27	3.57	28
33	0	11	0.00	11
34	0	21	0.00	21
35	1	22	4.35	23
36	0	18	0.00	18
37	0	19	0.00	19
38	0	16	0.00	16
39	0	7	0.00	7
40	0	9	0.00	9
41	0	11	0.00	11
42	0	13	0.00	13
43	0	8	0.00	8
44	0	22	0.00	22
45	0	11	0.00	11
46	0	17	0.00	17
47	0	11	0.00	11
48	0	6	0.00	6
49	0	9	0.00	9
50	0	6	0.00	6
51	0	14	0.00	14
52	0	14	0.00	14
53	0	8	0.00	8
54	0	7	0.00	7
55	0	6	0.00	6
56	0	4	0.00	4
57	0	4	0.00	4
58	0	2	0.00	2
59	0	2	0.00	2
60	0	1	0.00	1
61	0	1	0.00	1
62	0	2	0.00	2
63	0	1	0.00	1
64	0	1	0.00	1
65	0	2	0.00	2
66	0	0		0
67	0	1	0.00	1
68	0	1	0.00	1
69	0	1	0.00	1
70	0	0		0
71	1	0	100.00	1
72	0	0		0
73	0	1	0.00	1
74	0	2	0.00	2
75	0	1	0.00	1
76	0	0		0
77	0	1	0.00	1
78	0	1	0.00	1
79	0	0		0
80	0	0		0
81	0	0		0
82	0	0		0
83	0	0		0
84	0	0		0
85	0	0		0
86	0	0		0
87	0	0		0
88	0	0		0
89	0	0		0
90	0	0		0
91	0	0		0
92	0	0		0
93	0	1	0.00	1
94	0	0		0
95	0	0		0
96	0	0		0

