CpG context (R1)
================
position	count methylated	count unmethylated	% methylation	coverage
1	217	2154	9.15	2371
2	1	14	6.67	15
3	3	14	17.65	17
4	10	181	5.24	191
5	13	175	6.91	188
6	12	282	4.08	294
7	12	232	4.92	244
8	14	271	4.91	285
9	10	264	3.65	274
10	11	217	4.82	228
11	22	263	7.72	285
12	15	259	5.47	274
13	15	287	4.97	302
14	14	216	6.09	230
15	11	232	4.53	243
16	12	277	4.15	289
17	12	220	5.17	232
18	9	263	3.31	272
19	17	298	5.40	315
20	12	237	4.82	249
21	9	219	3.95	228
22	15	282	5.05	297
23	12	252	4.55	264
24	11	230	4.56	241
25	20	272	6.85	292
26	12	316	3.66	328
27	12	265	4.33	277
28	21	276	7.07	297
29	12	289	3.99	301
30	12	278	4.14	290
31	16	275	5.50	291
32	15	283	5.03	298
33	15	222	6.33	237
34	14	263	5.05	277
35	13	245	5.04	258
36	18	238	7.03	256
37	15	259	5.47	274
38	11	233	4.51	244
39	9	236	3.67	245
40	5	270	1.82	275
41	13	219	5.60	232
42	21	287	6.82	308
43	17	234	6.77	251
44	20	255	7.27	275
45	4	269	1.47	273
46	11	236	4.45	247
47	18	248	6.77	266
48	11	260	4.06	271
49	20	227	8.10	247
50	17	259	6.16	276
51	16	232	6.45	248
52	16	250	6.02	266
53	14	216	6.09	230
54	10	228	4.20	238
55	19	301	5.94	320
56	11	210	4.98	221
57	15	245	5.77	260
58	12	254	4.51	266
59	14	262	5.07	276
60	12	246	4.65	258
61	11	242	4.35	253
62	13	229	5.37	242
63	14	200	6.54	214
64	10	260	3.70	270
65	12	263	4.36	275
66	19	230	7.63	249
67	23	206	10.04	229
68	13	176	6.88	189
69	6	194	3.00	200
70	12	214	5.31	226
71	18	248	6.77	266
72	9	259	3.36	268
73	9	237	3.66	246
74	5	215	2.27	220
75	8	152	5.00	160
76	10	186	5.10	196
77	11	207	5.05	218
78	7	207	3.27	214
79	6	212	2.75	218
80	13	209	5.86	222
81	5	172	2.82	177
82	7	232	2.93	239
83	11	123	8.21	134
84	8	196	3.92	204
85	16	182	8.08	198
86	7	175	3.85	182
87	7	181	3.72	188
88	5	118	4.07	123
89	10	151	6.21	161
90	4	130	2.99	134
91	6	134	4.29	140
92	9	154	5.52	163
93	6	125	4.58	131
94	5	122	3.94	127
95	6	115	4.96	121
96	9	125	6.72	134
97	2	125	1.57	127
98	6	105	5.41	111
99	1	46	2.13	47
100	0	9	0.00	9
101	0	7	0.00	7
102	0	6	0.00	6
103	0	3	0.00	3
104	1	5	16.67	6
105	0	3	0.00	3
106	0	10	0.00	10
107	2	5	28.57	7
108	0	5	0.00	5
109	1	4	20.00	5
110	0	4	0.00	4
111	0	4	0.00	4
112	0	4	0.00	4
113	0	4	0.00	4
114	0	2	0.00	2
115	0	2	0.00	2
116	0	0		0
117	0	2	0.00	2
118	0	1	0.00	1
119	0	3	0.00	3
120	1	0	100.00	1
121	1	2	33.33	3
122	0	2	0.00	2
123	2	2	50.00	4
124	0	0		0
125	0	3	0.00	3
126	0	2	0.00	2
127	0	1	0.00	1
128	1	2	33.33	3
129	1	2	33.33	3
130	0	1	0.00	1
131	0	0		0
132	0	1	0.00	1
133	0	0		0
134	1	2	33.33	3
135	0	0		0
136	0	0		0
137	0	2	0.00	2
138	0	0		0
139	0	0		0
140	0	2	0.00	2
141	0	0		0
142	0	1	0.00	1
143	0	0		0
144	0	2	0.00	2
145	0	0		0
146	0	0		0
147	0	1	0.00	1
148	0	1	0.00	1
149	0	0		0

CHG context (R1)
================
position	count methylated	count unmethylated	% methylation	coverage
1	0	15	0.00	15
2	0	25	0.00	25
3	0	20	0.00	20
4	1	116	0.85	117
5	0	201	0.00	201
6	1	236	0.42	237
7	4	258	1.53	262
8	1	206	0.48	207
9	1	228	0.44	229
10	0	224	0.00	224
11	1	233	0.43	234
12	1	198	0.50	199
13	0	181	0.00	181
14	1	191	0.52	192
15	1	271	0.37	272
16	0	213	0.00	213
17	1	245	0.41	246
18	0	262	0.00	262
19	2	207	0.96	209
20	1	166	0.60	167
21	0	228	0.00	228
22	0	214	0.00	214
23	0	218	0.00	218
24	0	194	0.00	194
25	0	250	0.00	250
26	1	186	0.53	187
27	1	236	0.42	237
28	1	241	0.41	242
29	2	186	1.06	188
30	2	177	1.12	179
31	0	240	0.00	240
32	0	188	0.00	188
33	0	252	0.00	252
34	0	228	0.00	228
35	0	221	0.00	221
36	0	214	0.00	214
37	0	205	0.00	205
38	0	179	0.00	179
39	0	211	0.00	211
40	0	229	0.00	229
41	0	279	0.00	279
42	1	222	0.45	223
43	1	191	0.52	192
44	0	226	0.00	226
45	3	200	1.48	203
46	1	217	0.46	218
47	1	184	0.54	185
48	0	186	0.00	186
49	0	213	0.00	213
50	1	201	0.50	202
51	3	218	1.36	221
52	0	206	0.00	206
53	0	180	0.00	180
54	0	204	0.00	204
55	0	194	0.00	194
56	1	201	0.50	202
57	0	220	0.00	220
58	2	251	0.79	253
59	0	177	0.00	177
60	0	149	0.00	149
61	1	175	0.57	176
62	0	161	0.00	161
63	1	214	0.47	215
64	0	202	0.00	202
65	1	192	0.52	193
66	0	189	0.00	189
67	0	192	0.00	192
68	3	212	1.40	215
69	0	195	0.00	195
70	0	179	0.00	179
71	0	168	0.00	168
72	0	171	0.00	171
73	3	153	1.92	156
74	0	142	0.00	142
75	0	173	0.00	173
76	2	182	1.09	184
77	1	191	0.52	192
78	1	170	0.58	171
79	1	159	0.62	160
80	0	137	0.00	137
81	0	186	0.00	186
82	1	121	0.82	122
83	0	164	0.00	164
84	0	124	0.00	124
85	0	115	0.00	115
86	0	140	0.00	140
87	0	125	0.00	125
88	1	130	0.76	131
89	0	119	0.00	119
90	1	106	0.93	107
91	1	146	0.68	147
92	0	91	0.00	91
93	2	96	2.04	98
94	1	110	0.90	111
95	2	110	1.79	112
96	0	110	0.00	110
97	0	96	0.00	96
98	0	112	0.00	112
99	0	44	0.00	44
100	0	5	0.00	5
101	0	4	0.00	4
102	0	4	0.00	4
103	0	7	0.00	7
104	0	2	0.00	2
105	0	4	0.00	4
106	0	6	0.00	6
107	0	1	0.00	1
108	0	2	0.00	2
109	0	3	0.00	3
110	0	2	0.00	2
111	0	0		0
112	0	3	0.00	3
113	0	2	0.00	2
114	0	3	0.00	3
115	0	2	0.00	2
116	0	2	0.00	2
117	0	0		0
118	0	1	0.00	1
119	0	3	0.00	3
120	0	1	0.00	1
121	0	3	0.00	3
122	0	4	0.00	4
123	0	0		0
124	0	4	0.00	4
125	0	0		0
126	0	1	0.00	1
127	0	4	0.00	4
128	0	2	0.00	2
129	0	0		0
130	0	1	0.00	1
131	0	2	0.00	2
132	0	2	0.00	2
133	0	0		0
134	0	1	0.00	1
135	0	0		0
136	0	2	0.00	2
137	0	0		0
138	0	0		0
139	0	1	0.00	1
140	0	1	0.00	1
141	0	0		0
142	0	1	0.00	1
143	0	1	0.00	1
144	0	0		0
145	0	1	0.00	1
146	0	1	0.00	1
147	0	1	0.00	1
148	0	0		0
149	0	2	0.00	2

CHH context (R1)
================
position	count methylated	count unmethylated	% methylation	coverage
1	1	30	3.23	31
2	0	29	0.00	29
3	0	20	0.00	20
4	0	345	0.00	345
5	2	395	0.50	397
6	2	389	0.51	391
7	0	371	0.00	371
8	1	344	0.29	345
9	1	329	0.30	330
10	0	340	0.00	340
11	5	319	1.54	324
12	0	331	0.00	331
13	1	401	0.25	402
14	4	410	0.97	414
15	2	381	0.52	383
16	1	347	0.29	348
17	0	331	0.00	331
18	1	311	0.32	312
19	2	340	0.58	342
20	2	338	0.59	340
21	0	355	0.00	355
22	0	305	0.00	305
23	0	316	0.00	316
24	0	358	0.00	358
25	2	375	0.53	377
26	1	352	0.28	353
27	1	408	0.24	409
28	2	351	0.57	353
29	0	337	0.00	337
30	0	352	0.00	352
31	2	333	0.60	335
32	2	358	0.56	360
33	1	329	0.30	330
34	0	302	0.00	302
35	0	288	0.00	288
36	2	373	0.53	375
37	2	344	0.58	346
38	1	357	0.28	358
39	2	359	0.55	361
40	2	332	0.60	334
41	1	328	0.30	329
42	2	333	0.60	335
43	0	321	0.00	321
44	2	347	0.57	349
45	1	334	0.30	335
46	2	369	0.54	371
47	2	335	0.59	337
48	0	354	0.00	354
49	1	386	0.26	387
50	2	386	0.52	388
51	1	400	0.25	401
52	1	349	0.29	350
53	1	335	0.30	336
54	0	321	0.00	321
55	1	304	0.33	305
56	3	286	1.04	289
57	3	318	0.93	321
58	1	291	0.34	292
59	0	313	0.00	313
60	0	303	0.00	303
61	0	328	0.00	328
62	0	360	0.00	360
63	0	333	0.00	333
64	4	353	1.12	357
65	0	289	0.00	289
66	1	273	0.36	274
67	0	309	0.00	309
68	1	333	0.30	334
69	2	321	0.62	323
70	0	292	0.00	292
71	0	266	0.00	266
72	2	266	0.75	268
73	2	298	0.67	300
74	0	248	0.00	248
75	0	336	0.00	336
76	2	304	0.65	306
77	0	264	0.00	264
78	1	268	0.37	269
79	0	280	0.00	280
80	1	291	0.34	292
81	0	242	0.00	242
82	1	295	0.34	296
83	0	209	0.00	209
84	1	222	0.45	223
85	1	241	0.41	242
86	1	258	0.39	259
87	0	201	0.00	201
88	2	259	0.77	261
89	0	214	0.00	214
90	1	185	0.54	186
91	0	187	0.00	187
92	1	213	0.47	214
93	2	170	1.16	172
94	0	172	0.00	172
95	0	182	0.00	182
96	1	159	0.62	160
97	1	152	0.65	153
98	0	172	0.00	172
99	0	77	0.00	77
100	0	9	0.00	9
101	0	6	0.00	6
102	0	5	0.00	5
103	0	5	0.00	5
104	0	6	0.00	6
105	0	3	0.00	3
106	0	2	0.00	2
107	0	5	0.00	5
108	0	1	0.00	1
109	0	4	0.00	4
110	0	4	0.00	4
111	0	5	0.00	5
112	0	3	0.00	3
113	0	3	0.00	3
114	0	4	0.00	4
115	0	3	0.00	3
116	0	3	0.00	3
117	0	5	0.00	5
118	0	2	0.00	2
119	0	3	0.00	3
120	0	5	0.00	5
121	0	1	0.00	1
122	0	1	0.00	1
123	0	0		0
124	0	0		0
125	0	1	0.00	1
126	0	2	0.00	2
127	0	1	0.00	1
128	0	0		0
129	0	0		0
130	0	1	0.00	1
131	0	3	0.00	3
132	0	2	0.00	2
133	0	1	0.00	1
134	0	1	0.00	1
135	0	3	0.00	3
136	0	1	0.00	1
137	0	0		0
138	0	1	0.00	1
139	0	1	0.00	1
140	0	2	0.00	2
141	0	1	0.00	1
142	0	1	0.00	1
143	0	0		0
144	0	1	0.00	1
145	0	1	0.00	1
146	0	1	0.00	1
147	0	2	0.00	2
148	0	2	0.00	2
149	0	1	0.00	1

CpG context (R2)
================
position	count methylated	count unmethylated	% methylation	coverage
1	0	21	0.00	21
2	0	18	0.00	18
3	1	69	1.43	70
4	4	79	4.82	83
5	4	79	4.82	83
6	7	82	7.87	89
7	3	127	2.31	130
8	1	80	1.23	81
9	1	69	1.43	70
10	4	96	4.00	100
11	6	58	9.38	64
12	5	69	6.76	74
13	1	75	1.32	76
14	1	48	2.04	49
15	2	55	3.51	57
16	1	62	1.59	63
17	2	28	6.67	30
18	3	55	5.17	58
19	3	38	7.32	41
20	1	57	1.72	58
21	1	49	2.00	50
22	2	38	5.00	40
23	2	52	3.70	54
24	0	65	0.00	65
25	1	35	2.78	36
26	1	37	2.63	38
27	3	43	6.52	46
28	1	19	5.00	20
29	2	45	4.26	47
30	0	29	0.00	29
31	3	32	8.57	35
32	0	29	0.00	29
33	3	19	13.64	22
34	3	23	11.54	26
35	0	13	0.00	13
36	0	11	0.00	11
37	0	27	0.00	27
38	0	15	0.00	15
39	0	12	0.00	12
40	0	6	0.00	6
41	0	9	0.00	9
42	0	19	0.00	19
43	2	13	13.33	15
44	1	18	5.26	19
45	0	1	0.00	1
46	3	13	18.75	16
47	0	8	0.00	8
48	0	4	0.00	4
49	0	4	0.00	4
50	2	4	33.33	6
51	0	2	0.00	2
52	0	7	0.00	7
53	0	2	0.00	2
54	0	8	0.00	8
55	0	2	0.00	2
56	1	2	33.33	3
57	0	2	0.00	2
58	0	12	0.00	12
59	0	6	0.00	6
60	0	2	0.00	2
61	0	4	0.00	4
62	0	1	0.00	1
63	0	2	0.00	2
64	0	1	0.00	1
65	0	0		0
66	0	1	0.00	1
67	0	1	0.00	1
68	0	0		0
69	0	0		0
70	0	1	0.00	1
71	0	2	0.00	2
72	0	0		0
73	0	1	0.00	1
74	0	0		0
75	0	2	0.00	2
76	0	0		0
77	0	2	0.00	2
78	0	0		0
79	0	0		0
80	0	0		0
81	0	0		0
82	0	0		0
83	0	0		0
84	0	0		0
85	0	0		0
86	0	0		0
87	0	0		0
88	0	0		0
89	0	0		0
90	0	0		0
91	0	0		0
92	0	0		0
93	0	0		0
94	0	1	0.00	1
95	0	0		0
96	0	0		0
97	0	1	0.00	1

CHG context (R2)
================
position	count methylated	count unmethylated	% methylation	coverage
1	9	2126	0.42	2135
2	0	27	0.00	27
3	0	7	0.00	7
4	0	44	0.00	44
5	0	62	0.00	62
6	0	82	0.00	82
7	0	72	0.00	72
8	0	92	0.00	92
9	1	78	1.27	79
10	1	67	1.47	68
11	0	77	0.00	77
12	0	36	0.00	36
13	0	38	0.00	38
14	2	56	3.45	58
15	0	51	0.00	51
16	1	56	1.75	57
17	2	63	3.08	65
18	0	45	0.00	45
19	0	52	0.00	52
20	0	49	0.00	49
21	0	42	0.00	42
22	0	43	0.00	43
23	0	27	0.00	27
24	0	15	0.00	15
25	0	39	0.00	39
26	0	26	0.00	26
27	0	14	0.00	14
28	0	26	0.00	26
29	0	19	0.00	19
30	0	23	0.00	23
31	0	33	0.00	33
32	0	19	0.00	19
33	0	21	0.00	21
34	2	23	8.00	25
35	0	32	0.00	32
36	0	15	0.00	15
37	0	12	0.00	12
38	0	9	0.00	9
39	0	12	0.00	12
40	0	23	0.00	23
41	0	14	0.00	14
42	0	4	0.00	4
43	0	5	0.00	5
44	0	6	0.00	6
45	0	10	0.00	10
46	0	1	0.00	1
47	0	13	0.00	13
48	0	7	0.00	7
49	0	10	0.00	10
50	0	7	0.00	7
51	0	3	0.00	3
52	0	9	0.00	9
53	0	6	0.00	6
54	0	1	0.00	1
55	0	7	0.00	7
56	0	2	0.00	2
57	0	0		0
58	0	1	0.00	1
59	0	0		0
60	0	6	0.00	6
61	0	1	0.00	1
62	0	0		0
63	0	2	0.00	2
64	0	1	0.00	1
65	0	0		0
66	0	0		0
67	0	1	0.00	1
68	0	2	0.00	2
69	0	0		0
70	0	0		0
71	0	0		0
72	0	1	0.00	1
73	0	0		0
74	0	0		0
75	0	1	0.00	1
76	0	0		0
77	0	0		0
78	0	1	0.00	1
79	0	0		0
80	0	0		0
81	0	0		0
82	0	0		0
83	0	0		0
84	0	0		0
85	0	0		0
86	0	0		0
87	0	1	0.00	1
88	0	0		0
89	0	0		0
90	0	0		0
91	0	0		0
92	0	0		0
93	0	0		0
94	0	0		0
95	0	0		0
96	0	0		0
97	0	0		0

CHH context (R2)
================
position	count methylated	count unmethylated	% methylation	coverage
1	0	10	0.00	10
2	7	987	0.70	994
3	1	251	0.40	252
4	0	181	0.00	181
5	0	145	0.00	145
6	0	106	0.00	106
7	0	106	0.00	106
8	1	142	0.70	143
9	1	128	0.78	129
10	0	125	0.00	125
11	1	91	1.09	92
12	0	81	0.00	81
13	1	62	1.59	63
14	0	88	0.00	88
15	0	74	0.00	74
16	0	67	0.00	67
17	0	70	0.00	70
18	1	78	1.27	79
19	0	83	0.00	83
20	0	49	0.00	49
21	0	50	0.00	50
22	0	53	0.00	53
23	0	46	0.00	46
24	0	38	0.00	38
25	0	37	0.00	37
26	0	31	0.00	31
27	0	23	0.00	23
28	0	31	0.00	31
29	0	40	0.00	40
30	1	30	3.23	31
31	0	28	0.00	28
32	0	37	0.00	37
33	0	25	0.00	25
34	0	22	0.00	22
35	1	38	2.56	39
36	0	28	0.00	28
37	0	16	0.00	16
38	0	18	0.00	18
39	0	5	0.00	5
40	0	16	0.00	16
41	0	17	0.00	17
42	0	14	0.00	14
43	0	11	0.00	11
44	0	16	0.00	16
45	0	7	0.00	7
46	0	15	0.00	15
47	0	8	0.00	8
48	0	9	0.00	9
49	0	10	0.00	10
50	0	9	0.00	9
51	0	14	0.00	14
52	0	8	0.00	8
53	0	11	0.00	11
54	0	12	0.00	12
55	0	12	0.00	12
56	0	6	0.00	6
57	0	3	0.00	3
58	0	3	0.00	3
59	0	1	0.00	1
60	0	1	0.00	1
61	0	5	0.00	5
62	0	3	0.00	3
63	0	0		0
64	0	1	0.00	1
65	0	0		0
66	0	0		0
67	0	0		0
68	0	2	0.00	2
69	0	2	0.00	2
70	0	0		0
71	0	0		0
72	0	0		0
73	0	0		0
74	0	0		0
75	0	0		0
76	0	0		0
77	0	0		0
78	0	0		0
79	0	1	0.00	1
80	0	0		0
81	0	0		0
82	0	0		0
83	0	0		0
84	0	0		0
85	0	0		0
86	0	0		0
87	0	0		0
88	0	0		0
89	0	0		0
90	0	0		0
91	0	0		0
92	0	0		0
93	0	0		0
94	0	0		0
95	0	0		0
96	0	0		0
97	0	0		0

