CpG context (R1)
================
position	count methylated	count unmethylated	% methylation	coverage
1	190	2195	7.97	2385
2	1	18	5.26	19
3	1	15	6.25	16
4	12	192	5.88	204
5	13	180	6.74	193
6	9	248	3.50	257
7	9	221	3.91	230
8	15	273	5.21	288
9	8	242	3.20	250
10	15	252	5.62	267
11	10	241	3.98	251
12	16	330	4.62	346
13	11	293	3.62	304
14	11	240	4.38	251
15	15	257	5.51	272
16	15	276	5.15	291
17	15	229	6.15	244
18	10	255	3.77	265
19	24	288	7.69	312
20	10	234	4.10	244
21	9	228	3.80	237
22	13	285	4.36	298
23	10	251	3.83	261
24	11	231	4.55	242
25	15	309	4.63	324
26	18	288	5.88	306
27	4	278	1.42	282
28	13	266	4.66	279
29	9	272	3.20	281
30	18	257	6.55	275
31	10	279	3.46	289
32	18	280	6.04	298
33	8	230	3.36	238
34	13	266	4.66	279
35	10	255	3.77	265
36	15	239	5.91	254
37	9	258	3.37	267
38	17	244	6.51	261
39	11	243	4.33	254
40	12	275	4.18	287
41	7	257	2.65	264
42	7	289	2.36	296
43	7	261	2.61	268
44	16	256	5.88	272
45	10	239	4.02	249
46	14	244	5.43	258
47	13	271	4.58	284
48	13	245	5.04	258
49	12	239	4.78	251
50	11	248	4.25	259
51	17	209	7.52	226
52	13	266	4.66	279
53	10	224	4.27	234
54	7	281	2.43	288
55	12	293	3.93	305
56	14	245	5.41	259
57	7	244	2.79	251
58	12	232	4.92	244
59	21	252	7.69	273
60	6	253	2.32	259
61	12	228	5.00	240
62	16	244	6.15	260
63	20	227	8.10	247
64	17	232	6.83	249
65	19	269	6.60	288
66	7	261	2.61	268
67	19	233	7.54	252
68	6	203	2.87	209
69	6	214	2.73	220
70	6	239	2.45	245
71	15	222	6.33	237
72	4	247	1.59	251
73	8	195	3.94	203
74	6	192	3.03	198
75	5	162	2.99	167
76	10	182	5.21	192
77	5	226	2.16	231
78	6	206	2.83	212
79	9	207	4.17	216
80	6	196	2.97	202
81	10	172	5.49	182
82	9	195	4.41	204
83	7	136	4.90	143
84	8	162	4.71	170
85	5	193	2.53	198
86	5	155	3.12	160
87	10	155	6.06	165
88	3	125	2.34	128
89	7	131	5.07	138
90	6	123	4.65	129
91	12	139	7.95	151
92	7	136	4.90	143
93	5	129	3.73	134
94	4	139	2.80	143
95	9	98	8.41	107
96	6	109	5.22	115
97	5	144	3.36	149
98	5	107	4.46	112
99	2	49	3.92	51
100	0	9	0.00	9
101	0	6	0.00	6
102	0	4	0.00	4
103	0	7	0.00	7
104	0	3	0.00	3
105	0	4	0.00	4
106	0	4	0.00	4
107	1	7	12.50	8
108	0	5	0.00	5
109	1	6	14.29	7
110	0	3	0.00	3
111	0	5	0.00	5
112	0	5	0.00	5
113	0	2	0.00	2
114	1	6	14.29	7
115	0	2	0.00	2
116	0	0		0
117	0	3	0.00	3
118	0	0		0
119	0	4	0.00	4
120	0	5	0.00	5
121	0	4	0.00	4
122	1	4	20.00	5
123	0	3	0.00	3
124	0	1	0.00	1
125	0	4	0.00	4
126	0	0		0
127	0	1	0.00	1
128	0	2	0.00	2
129	0	5	0.00	5
130	0	4	0.00	4
131	0	1	0.00	1
132	0	4	0.00	4
133	0	0		0
134	1	3	25.00	4
135	0	1	0.00	1
136	0	1	0.00	1
137	0	5	0.00	5
138	0	0		0
139	0	2	0.00	2
140	0	2	0.00	2
141	0	2	0.00	2
142	0	0		0
143	0	0		0
144	0	0		0
145	0	0		0
146	0	0		0
147	0	0		0
148	0	1	0.00	1
149	0	0		0

CHG context (R1)
================
position	count methylated	count unmethylated	% methylation	coverage
1	1	12	7.69	13
2	0	22	0.00	22
3	0	6	0.00	6
4	1	123	0.81	124
5	1	184	0.54	185
6	2	230	0.86	232
7	0	255	0.00	255
8	1	224	0.44	225
9	0	234	0.00	234
10	0	200	0.00	200
11	1	249	0.40	250
12	0	193	0.00	193
13	0	186	0.00	186
14	1	223	0.45	224
15	2	228	0.87	230
16	1	221	0.45	222
17	0	236	0.00	236
18	0	233	0.00	233
19	1	216	0.46	217
20	0	174	0.00	174
21	1	208	0.48	209
22	0	223	0.00	223
23	0	195	0.00	195
24	1	181	0.55	182
25	1	228	0.44	229
26	0	200	0.00	200
27	0	214	0.00	214
28	0	227	0.00	227
29	0	196	0.00	196
30	2	207	0.96	209
31	2	267	0.74	269
32	2	186	1.06	188
33	3	254	1.17	257
34	1	217	0.46	218
35	2	229	0.87	231
36	0	220	0.00	220
37	1	213	0.47	214
38	0	199	0.00	199
39	1	234	0.43	235
40	0	195	0.00	195
41	2	247	0.80	249
42	2	216	0.92	218
43	3	200	1.48	203
44	0	219	0.00	219
45	1	201	0.50	202
46	0	254	0.00	254
47	0	173	0.00	173
48	1	201	0.50	202
49	2	230	0.86	232
50	0	203	0.00	203
51	0	211	0.00	211
52	1	246	0.40	247
53	0	190	0.00	190
54	1	202	0.49	203
55	1	189	0.53	190
56	1	222	0.45	223
57	2	208	0.95	210
58	0	217	0.00	217
59	0	178	0.00	178
60	0	171	0.00	171
61	1	184	0.54	185
62	0	172	0.00	172
63	1	186	0.53	187
64	1	206	0.48	207
65	0	190	0.00	190
66	0	168	0.00	168
67	0	181	0.00	181
68	1	208	0.48	209
69	0	191	0.00	191
70	2	175	1.13	177
71	0	175	0.00	175
72	1	175	0.57	176
73	0	192	0.00	192
74	0	153	0.00	153
75	0	158	0.00	158
76	0	194	0.00	194
77	0	200	0.00	200
78	1	137	0.72	138
79	0	155	0.00	155
80	0	133	0.00	133
81	1	184	0.54	185
82	1	113	0.88	114
83	0	134	0.00	134
84	0	130	0.00	130
85	1	130	0.76	131
86	2	154	1.28	156
87	1	137	0.72	138
88	0	142	0.00	142
89	0	133	0.00	133
90	0	101	0.00	101
91	0	144	0.00	144
92	0	108	0.00	108
93	1	90	1.10	91
94	1	95	1.04	96
95	0	104	0.00	104
96	1	127	0.78	128
97	0	112	0.00	112
98	0	107	0.00	107
99	0	40	0.00	40
100	0	7	0.00	7
101	0	9	0.00	9
102	0	7	0.00	7
103	0	11	0.00	11
104	0	2	0.00	2
105	0	7	0.00	7
106	0	6	0.00	6
107	0	4	0.00	4
108	0	6	0.00	6
109	0	4	0.00	4
110	0	3	0.00	3
111	1	2	33.33	3
112	0	2	0.00	2
113	0	6	0.00	6
114	0	0		0
115	0	2	0.00	2
116	0	2	0.00	2
117	0	0		0
118	0	2	0.00	2
119	0	3	0.00	3
120	0	2	0.00	2
121	0	4	0.00	4
122	0	3	0.00	3
123	0	1	0.00	1
124	0	2	0.00	2
125	0	0		0
126	0	2	0.00	2
127	0	2	0.00	2
128	0	3	0.00	3
129	0	1	0.00	1
130	0	1	0.00	1
131	0	3	0.00	3
132	0	1	0.00	1
133	0	0		0
134	0	1	0.00	1
135	0	0		0
136	0	5	0.00	5
137	0	0		0
138	0	0		0
139	0	1	0.00	1
140	1	1	50.00	2
141	0	0		0
142	0	0		0
143	0	1	0.00	1
144	0	0		0
145	0	1	0.00	1
146	0	0		0
147	0	0		0
148	0	0		0
149	0	1	0.00	1

CHH context (R1)
================
position	count methylated	count unmethylated	% methylation	coverage
1	1	24	4.00	25
2	0	28	0.00	28
3	0	22	0.00	22
4	0	362	0.00	362
5	0	409	0.00	409
6	5	426	1.16	431
7	0	397	0.00	397
8	0	360	0.00	360
9	3	331	0.90	334
10	2	345	0.58	347
11	1	316	0.32	317
12	1	309	0.32	310
13	1	356	0.28	357
14	0	374	0.00	374
15	5	360	1.37	365
16	0	359	0.00	359
17	2	345	0.58	347
18	1	303	0.33	304
19	1	344	0.29	345
20	3	346	0.86	349
21	2	367	0.54	369
22	0	338	0.00	338
23	0	357	0.00	357
24	1	391	0.26	392
25	0	391	0.00	391
26	1	376	0.27	377
27	1	415	0.24	416
28	1	376	0.27	377
29	0	345	0.00	345
30	2	375	0.53	377
31	1	332	0.30	333
32	1	353	0.28	354
33	1	298	0.33	299
34	2	301	0.66	303
35	1	315	0.32	316
36	0	389	0.00	389
37	3	356	0.84	359
38	0	385	0.00	385
39	2	354	0.56	356
40	1	342	0.29	343
41	2	325	0.61	327
42	3	330	0.90	333
43	0	340	0.00	340
44	2	347	0.57	349
45	0	332	0.00	332
46	1	353	0.28	354
47	1	293	0.34	294
48	0	350	0.00	350
49	0	391	0.00	391
50	2	366	0.54	368
51	1	424	0.24	425
52	3	352	0.85	355
53	2	333	0.60	335
54	1	327	0.30	328
55	0	336	0.00	336
56	0	309	0.00	309
57	2	295	0.67	297
58	0	289	0.00	289
59	0	353	0.00	353
60	1	324	0.31	325
61	1	338	0.29	339
62	1	334	0.30	335
63	2	336	0.59	338
64	1	329	0.30	330
65	0	317	0.00	317
66	0	274	0.00	274
67	1	339	0.29	340
68	2	321	0.62	323
69	1	335	0.30	336
70	2	280	0.71	282
71	0	303	0.00	303
72	0	259	0.00	259
73	1	292	0.34	293
74	1	303	0.33	304
75	0	357	0.00	357
76	0	337	0.00	337
77	0	278	0.00	278
78	1	300	0.33	301
79	1	283	0.35	284
80	1	310	0.32	311
81	2	238	0.83	240
82	0	274	0.00	274
83	2	243	0.82	245
84	0	263	0.00	263
85	0	250	0.00	250
86	0	296	0.00	296
87	0	205	0.00	205
88	0	270	0.00	270
89	0	217	0.00	217
90	0	189	0.00	189
91	0	190	0.00	190
92	0	193	0.00	193
93	1	180	0.55	181
94	1	169	0.59	170
95	1	192	0.52	193
96	1	147	0.68	148
97	1	157	0.63	158
98	1	158	0.63	159
99	0	66	0.00	66
100	0	10	0.00	10
101	0	8	0.00	8
102	0	10	0.00	10
103	0	6	0.00	6
104	0	8	0.00	8
105	0	6	0.00	6
106	0	6	0.00	6
107	0	3	0.00	3
108	0	5	0.00	5
109	0	5	0.00	5
110	0	7	0.00	7
111	0	5	0.00	5
112	0	7	0.00	7
113	0	4	0.00	4
114	0	6	0.00	6
115	0	2	0.00	2
116	0	5	0.00	5
117	0	4	0.00	4
118	0	5	0.00	5
119	0	3	0.00	3
120	0	6	0.00	6
121	0	1	0.00	1
122	0	1	0.00	1
123	0	5	0.00	5
124	0	1	0.00	1
125	0	1	0.00	1
126	0	2	0.00	2
127	0	5	0.00	5
128	0	3	0.00	3
129	0	1	0.00	1
130	0	0		0
131	0	0		0
132	0	1	0.00	1
133	0	3	0.00	3
134	0	2	0.00	2
135	0	0		0
136	0	0		0
137	0	1	0.00	1
138	0	0		0
139	0	2	0.00	2
140	0	0		0
141	0	0		0
142	0	1	0.00	1
143	0	1	0.00	1
144	0	1	0.00	1
145	0	0		0
146	0	1	0.00	1
147	0	1	0.00	1
148	0	3	0.00	3
149	0	1	0.00	1

CpG context (R2)
================
position	count methylated	count unmethylated	% methylation	coverage
1	0	17	0.00	17
2	0	15	0.00	15
3	3	79	3.66	82
4	4	72	5.26	76
5	6	104	5.45	110
6	7	84	7.69	91
7	4	138	2.82	142
8	3	86	3.37	89
9	5	62	7.46	67
10	2	94	2.08	96
11	4	81	4.71	85
12	2	63	3.08	65
13	5	83	5.68	88
14	0	39	0.00	39
15	2	44	4.35	46
16	2	61	3.17	63
17	0	34	0.00	34
18	3	44	6.38	47
19	1	48	2.04	49
20	4	42	8.70	46
21	3	36	7.69	39
22	2	38	5.00	40
23	1	50	1.96	51
24	2	53	3.64	55
25	4	32	11.11	36
26	3	25	10.71	28
27	3	28	9.68	31
28	2	19	9.52	21
29	1	31	3.12	32
30	7	14	33.33	21
31	2	25	7.41	27
32	1	28	3.45	29
33	0	13	0.00	13
34	5	15	25.00	20
35	1	9	10.00	10
36	0	14	0.00	14
37	1	17	5.56	18
38	0	15	0.00	15
39	2	8	20.00	10
40	0	6	0.00	6
41	0	5	0.00	5
42	0	14	0.00	14
43	0	10	0.00	10
44	0	9	0.00	9
45	0	2	0.00	2
46	1	10	9.09	11
47	1	6	14.29	7
48	0	8	0.00	8
49	0	3	0.00	3
50	0	7	0.00	7
51	1	7	12.50	8
52	1	4	20.00	5
53	0	3	0.00	3
54	0	1	0.00	1
55	0	5	0.00	5
56	1	3	25.00	4
57	0	1	0.00	1
58	0	6	0.00	6
59	0	2	0.00	2
60	0	2	0.00	2
61	0	3	0.00	3
62	0	0		0
63	0	3	0.00	3
64	0	3	0.00	3
65	0	0		0
66	0	2	0.00	2
67	0	3	0.00	3
68	0	1	0.00	1
69	0	1	0.00	1
70	0	0		0
71	0	2	0.00	2
72	0	0		0
73	0	1	0.00	1
74	0	0		0
75	0	2	0.00	2
76	0	0		0
77	0	1	0.00	1
78	0	1	0.00	1
79	0	0		0
80	0	1	0.00	1
81	0	1	0.00	1
82	1	0	100.00	1
83	0	0		0
84	0	0		0
85	0	1	0.00	1
86	0	1	0.00	1
87	0	1	0.00	1
88	0	0		0
89	0	0		0
90	0	0		0
91	0	1	0.00	1
92	0	0		0
93	0	0		0
94	0	0		0
95	0	0		0
96	0	0		0
97	0	1	0.00	1

CHG context (R2)
================
position	count methylated	count unmethylated	% methylation	coverage
1	11	2112	0.52	2123
2	0	21	0.00	21
3	0	6	0.00	6
4	0	45	0.00	45
5	0	63	0.00	63
6	0	60	0.00	60
7	0	77	0.00	77
8	0	96	0.00	96
9	0	68	0.00	68
10	0	46	0.00	46
11	1	63	1.56	64
12	0	35	0.00	35
13	0	42	0.00	42
14	0	59	0.00	59
15	0	45	0.00	45
16	0	37	0.00	37
17	0	54	0.00	54
18	0	31	0.00	31
19	0	38	0.00	38
20	0	58	0.00	58
21	0	35	0.00	35
22	0	32	0.00	32
23	0	21	0.00	21
24	0	13	0.00	13
25	0	43	0.00	43
26	0	24	0.00	24
27	0	13	0.00	13
28	0	25	0.00	25
29	1	25	3.85	26
30	0	16	0.00	16
31	0	28	0.00	28
32	0	20	0.00	20
33	0	16	0.00	16
34	0	21	0.00	21
35	0	30	0.00	30
36	0	13	0.00	13
37	0	9	0.00	9
38	0	15	0.00	15
39	0	5	0.00	5
40	0	15	0.00	15
41	0	17	0.00	17
42	0	3	0.00	3
43	0	8	0.00	8
44	0	7	0.00	7
45	0	9	0.00	9
46	0	3	0.00	3
47	0	7	0.00	7
48	0	6	0.00	6
49	0	8	0.00	8
50	0	7	0.00	7
51	0	2	0.00	2
52	0	5	0.00	5
53	0	8	0.00	8
54	0	1	0.00	1
55	0	4	0.00	4
56	0	9	0.00	9
57	0	0		0
58	1	0	100.00	1
59	0	1	0.00	1
60	0	5	0.00	5
61	0	4	0.00	4
62	0	0		0
63	0	0		0
64	0	4	0.00	4
65	0	1	0.00	1
66	0	0		0
67	0	0		0
68	0	1	0.00	1
69	0	0		0
70	0	5	0.00	5
71	0	2	0.00	2
72	0	0		0
73	0	2	0.00	2
74	0	1	0.00	1
75	0	0		0
76	0	0		0
77	0	1	0.00	1
78	0	0		0
79	0	0		0
80	0	1	0.00	1
81	0	0		0
82	0	1	0.00	1
83	0	0		0
84	0	0		0
85	0	1	0.00	1
86	0	1	0.00	1
87	0	0		0
88	0	1	0.00	1
89	0	0		0
90	0	0		0
91	0	0		0
92	0	0		0
93	0	0		0
94	0	0		0
95	0	1	0.00	1
96	0	0		0
97	0	0		0

CHH context (R2)
================
position	count methylated	count unmethylated	% methylation	coverage
1	0	10	0.00	10
2	3	971	0.31	974
3	1	279	0.36	280
4	0	168	0.00	168
5	0	121	0.00	121
6	0	89	0.00	89
7	0	98	0.00	98
8	1	126	0.79	127
9	0	128	0.00	128
10	1	105	0.94	106
11	0	60	0.00	60
12	0	81	0.00	81
13	0	59	0.00	59
14	0	91	0.00	91
15	0	83	0.00	83
16	1	75	1.32	76
17	0	61	0.00	61
18	1	72	1.37	73
19	0	75	0.00	75
20	0	45	0.00	45
21	0	45	0.00	45
22	0	41	0.00	41
23	0	46	0.00	46
24	0	35	0.00	35
25	0	43	0.00	43
26	0	32	0.00	32
27	0	41	0.00	41
28	0	36	0.00	36
29	0	36	0.00	36
30	0	33	0.00	33
31	0	27	0.00	27
32	0	33	0.00	33
33	0	23	0.00	23
34	0	20	0.00	20
35	0	24	0.00	24
36	0	25	0.00	25
37	0	9	0.00	9
38	0	16	0.00	16
39	0	3	0.00	3
40	0	16	0.00	16
41	0	11	0.00	11
42	0	24	0.00	24
43	0	11	0.00	11
44	1	18	5.26	19
45	0	14	0.00	14
46	0	19	0.00	19
47	0	16	0.00	16
48	0	6	0.00	6
49	0	10	0.00	10
50	0	8	0.00	8
51	0	10	0.00	10
52	0	6	0.00	6
53	0	6	0.00	6
54	0	7	0.00	7
55	0	10	0.00	10
56	0	8	0.00	8
57	0	7	0.00	7
58	0	2	0.00	2
59	0	1	0.00	1
60	0	0		0
61	0	0		0
62	1	1	50.00	2
63	0	1	0.00	1
64	0	1	0.00	1
65	0	2	0.00	2
66	0	1	0.00	1
67	0	1	0.00	1
68	0	0		0
69	0	2	0.00	2
70	0	1	0.00	1
71	0	1	0.00	1
72	0	1	0.00	1
73	0	0		0
74	0	3	0.00	3
75	0	2	0.00	2
76	0	0		0
77	0	0		0
78	0	1	0.00	1
79	0	1	0.00	1
80	0	0		0
81	0	0		0
82	0	1	0.00	1
83	0	0		0
84	0	0		0
85	0	0		0
86	0	0		0
87	0	1	0.00	1
88	0	0		0
89	0	0		0
90	0	1	0.00	1
91	0	0		0
92	0	0		0
93	0	0		0
94	0	0		0
95	0	0		0
96	0	0		0
97	0	0		0

