CpG context (R1)
================
position	count methylated	count unmethylated	% methylation	coverage
1	199	2162	8.43	2361
2	0	18	0.00	18
3	1	12	7.69	13
4	9	179	4.79	188
5	15	210	6.67	225
6	11	233	4.51	244
7	12	216	5.26	228
8	14	252	5.26	266
9	8	217	3.56	225
10	8	253	3.07	261
11	12	227	5.02	239
12	15	262	5.42	277
13	14	291	4.59	305
14	17	243	6.54	260
15	11	245	4.30	256
16	17	280	5.72	297
17	12	227	5.02	239
18	12	245	4.67	257
19	19	274	6.48	293
20	9	222	3.90	231
21	16	213	6.99	229
22	4	303	1.30	307
23	17	281	5.70	298
24	11	243	4.33	254
25	18	278	6.08	296
26	6	300	1.96	306
27	11	243	4.33	254
28	20	269	6.92	289
29	12	239	4.78	251
30	10	262	3.68	272
31	9	286	3.05	295
32	12	271	4.24	283
33	7	227	2.99	234
34	11	278	3.81	289
35	16	248	6.06	264
36	7	222	3.06	229
37	13	300	4.15	313
38	11	223	4.70	234
39	10	255	3.77	265
40	8	261	2.97	269
41	11	250	4.21	261
42	17	284	5.65	301
43	8	269	2.89	277
44	12	248	4.62	260
45	15	247	5.73	262
46	15	213	6.58	228
47	16	271	5.57	287
48	15	247	5.73	262
49	16	248	6.06	264
50	13	242	5.10	255
51	20	235	7.84	255
52	16	251	5.99	267
53	10	232	4.13	242
54	13	244	5.06	257
55	16	273	5.54	289
56	6	235	2.49	241
57	13	237	5.20	250
58	14	238	5.56	252
59	15	274	5.19	289
60	9	236	3.67	245
61	9	260	3.35	269
62	11	226	4.64	237
63	18	222	7.50	240
64	15	226	6.22	241
65	9	255	3.41	264
66	13	208	5.88	221
67	15	223	6.30	238
68	13	197	6.19	210
69	10	236	4.07	246
70	7	220	3.08	227
71	16	258	5.84	274
72	8	213	3.62	221
73	19	243	7.25	262
74	10	191	4.98	201
75	7	179	3.76	186
76	12	201	5.63	213
77	10	214	4.46	224
78	14	178	7.29	192
79	10	214	4.46	224
80	7	194	3.48	201
81	6	175	3.31	181
82	7	214	3.17	221
83	7	139	4.79	146
84	5	168	2.89	173
85	4	199	1.97	203
86	12	156	7.14	168
87	11	178	5.82	189
88	5	133	3.62	138
89	14	166	7.78	180
90	4	114	3.39	118
91	10	165	5.71	175
92	6	134	4.29	140
93	12	126	8.70	138
94	6	122	4.69	128
95	9	114	7.32	123
96	4	84	4.55	88
97	5	131	3.68	136
98	5	79	5.95	84
99	3	50	5.66	53
100	0	6	0.00	6
101	1	8	11.11	9
102	1	2	33.33	3
103	0	6	0.00	6
104	1	6	14.29	7
105	0	3	0.00	3
106	1	5	16.67	6
107	0	2	0.00	2
108	0	2	0.00	2
109	0	7	0.00	7
110	0	2	0.00	2
111	0	3	0.00	3
112	0	5	0.00	5
113	0	2	0.00	2
114	0	3	0.00	3
115	0	3	0.00	3
116	0	3	0.00	3
117	0	0		0
118	0	0		0
119	0	2	0.00	2
120	0	2	0.00	2
121	0	0		0
122	1	1	50.00	2
123	0	2	0.00	2
124	0	2	0.00	2
125	0	1	0.00	1
126	0	1	0.00	1
127	0	2	0.00	2
128	0	1	0.00	1
129	0	3	0.00	3
130	0	2	0.00	2
131	0	1	0.00	1
132	0	0		0
133	0	0		0
134	0	1	0.00	1
135	0	0		0
136	0	0		0
137	0	2	0.00	2
138	0	1	0.00	1
139	0	0		0
140	0	1	0.00	1
141	0	1	0.00	1
142	0	2	0.00	2
143	0	0		0
144	0	1	0.00	1
145	0	2	0.00	2
146	0	0		0
147	0	0		0
148	0	1	0.00	1

CHG context (R1)
================
position	count methylated	count unmethylated	% methylation	coverage
1	1	14	6.67	15
2	0	22	0.00	22
3	0	14	0.00	14
4	0	155	0.00	155
5	0	171	0.00	171
6	1	253	0.39	254
7	0	256	0.00	256
8	1	193	0.52	194
9	2	241	0.82	243
10	0	207	0.00	207
11	0	238	0.00	238
12	0	221	0.00	221
13	0	189	0.00	189
14	0	224	0.00	224
15	1	226	0.44	227
16	1	231	0.43	232
17	0	248	0.00	248
18	3	256	1.16	259
19	0	199	0.00	199
20	1	172	0.58	173
21	1	220	0.45	221
22	0	214	0.00	214
23	0	205	0.00	205
24	0	200	0.00	200
25	1	224	0.44	225
26	1	204	0.49	205
27	0	225	0.00	225
28	1	234	0.43	235
29	0	188	0.00	188
30	0	180	0.00	180
31	1	224	0.44	225
32	1	185	0.54	186
33	0	237	0.00	237
34	0	218	0.00	218
35	2	231	0.86	233
36	0	250	0.00	250
37	1	185	0.54	186
38	0	184	0.00	184
39	0	223	0.00	223
40	0	199	0.00	199
41	2	250	0.79	252
42	1	213	0.47	214
43	4	213	1.84	217
44	1	239	0.42	240
45	1	188	0.53	189
46	0	221	0.00	221
47	0	193	0.00	193
48	0	210	0.00	210
49	1	211	0.47	212
50	1	226	0.44	227
51	0	211	0.00	211
52	1	202	0.49	203
53	0	201	0.00	201
54	0	207	0.00	207
55	1	196	0.51	197
56	0	217	0.00	217
57	1	192	0.52	193
58	0	219	0.00	219
59	0	195	0.00	195
60	1	164	0.61	165
61	0	182	0.00	182
62	0	165	0.00	165
63	1	182	0.55	183
64	1	200	0.50	201
65	0	192	0.00	192
66	0	153	0.00	153
67	1	176	0.56	177
68	2	216	0.92	218
69	0	184	0.00	184
70	2	198	1.00	200
71	0	162	0.00	162
72	0	157	0.00	157
73	0	168	0.00	168
74	0	138	0.00	138
75	0	172	0.00	172
76	1	183	0.54	184
77	1	166	0.60	167
78	0	165	0.00	165
79	1	149	0.67	150
80	0	143	0.00	143
81	0	190	0.00	190
82	0	105	0.00	105
83	1	124	0.80	125
84	0	134	0.00	134
85	0	132	0.00	132
86	0	154	0.00	154
87	0	122	0.00	122
88	1	138	0.72	139
89	0	133	0.00	133
90	1	107	0.93	108
91	2	135	1.46	137
92	0	80	0.00	80
93	0	78	0.00	78
94	0	107	0.00	107
95	1	91	1.09	92
96	0	107	0.00	107
97	0	108	0.00	108
98	1	111	0.89	112
99	1	34	2.86	35
100	0	4	0.00	4
101	0	4	0.00	4
102	0	5	0.00	5
103	0	4	0.00	4
104	0	1	0.00	1
105	0	4	0.00	4
106	0	5	0.00	5
107	0	1	0.00	1
108	0	7	0.00	7
109	0	3	0.00	3
110	0	2	0.00	2
111	0	1	0.00	1
112	0	2	0.00	2
113	0	4	0.00	4
114	0	3	0.00	3
115	0	2	0.00	2
116	0	2	0.00	2
117	0	0		0
118	0	3	0.00	3
119	0	3	0.00	3
120	0	3	0.00	3
121	0	1	0.00	1
122	0	2	0.00	2
123	0	0		0
124	0	2	0.00	2
125	0	3	0.00	3
126	0	1	0.00	1
127	0	1	0.00	1
128	0	1	0.00	1
129	0	0		0
130	0	0		0
131	0	0		0
132	0	2	0.00	2
133	0	0		0
134	0	0		0
135	0	1	0.00	1
136	0	1	0.00	1
137	0	0		0
138	0	0		0
139	0	1	0.00	1
140	0	0		0
141	0	1	0.00	1
142	0	0		0
143	0	0		0
144	0	1	0.00	1
145	0	0		0
146	0	0		0
147	0	3	0.00	3
148	0	0		0

CHH context (R1)
================
position	count methylated	count unmethylated	% methylation	coverage
1	2	36	5.26	38
2	0	48	0.00	48
3	0	22	0.00	22
4	1	315	0.32	316
5	1	400	0.25	401
6	2	424	0.47	426
7	2	408	0.49	410
8	5	355	1.39	360
9	2	330	0.60	332
10	1	314	0.32	315
11	0	312	0.00	312
12	0	292	0.00	292
13	2	367	0.54	369
14	0	379	0.00	379
15	3	373	0.80	376
16	0	352	0.00	352
17	3	343	0.87	346
18	0	299	0.00	299
19	0	323	0.00	323
20	1	348	0.29	349
21	0	317	0.00	317
22	0	303	0.00	303
23	2	315	0.63	317
24	1	345	0.29	346
25	0	344	0.00	344
26	1	322	0.31	323
27	1	424	0.24	425
28	1	378	0.26	379
29	0	360	0.00	360
30	2	368	0.54	370
31	0	350	0.00	350
32	0	377	0.00	377
33	4	352	1.12	356
34	1	338	0.29	339
35	2	341	0.58	343
36	0	368	0.00	368
37	3	351	0.85	354
38	0	356	0.00	356
39	1	318	0.31	319
40	1	342	0.29	343
41	0	333	0.00	333
42	1	338	0.29	339
43	1	334	0.30	335
44	0	320	0.00	320
45	1	280	0.36	281
46	2	336	0.59	338
47	0	308	0.00	308
48	2	338	0.59	340
49	0	367	0.00	367
50	2	362	0.55	364
51	0	395	0.00	395
52	4	349	1.13	353
53	0	331	0.00	331
54	0	326	0.00	326
55	0	330	0.00	330
56	3	282	1.05	285
57	1	290	0.34	291
58	1	285	0.35	286
59	0	316	0.00	316
60	4	303	1.30	307
61	2	318	0.62	320
62	3	364	0.82	367
63	2	311	0.64	313
64	2	366	0.54	368
65	1	303	0.33	304
66	0	281	0.00	281
67	3	321	0.93	324
68	5	333	1.48	338
69	1	295	0.34	296
70	1	266	0.37	267
71	0	282	0.00	282
72	0	297	0.00	297
73	0	322	0.00	322
74	0	264	0.00	264
75	0	304	0.00	304
76	0	288	0.00	288
77	1	253	0.39	254
78	1	286	0.35	287
79	1	259	0.38	260
80	0	282	0.00	282
81	2	240	0.83	242
82	1	276	0.36	277
83	1	261	0.38	262
84	1	233	0.43	234
85	1	279	0.36	280
86	0	263	0.00	263
87	2	190	1.04	192
88	1	252	0.40	253
89	1	212	0.47	213
90	1	163	0.61	164
91	0	187	0.00	187
92	0	188	0.00	188
93	1	183	0.54	184
94	0	171	0.00	171
95	0	188	0.00	188
96	0	156	0.00	156
97	1	166	0.60	167
98	0	155	0.00	155
99	0	62	0.00	62
100	0	13	0.00	13
101	0	5	0.00	5
102	0	7	0.00	7
103	0	6	0.00	6
104	0	7	0.00	7
105	0	4	0.00	4
106	0	7	0.00	7
107	0	4	0.00	4
108	0	2	0.00	2
109	0	1	0.00	1
110	0	3	0.00	3
111	0	3	0.00	3
112	0	5	0.00	5
113	0	3	0.00	3
114	0	3	0.00	3
115	0	3	0.00	3
116	0	3	0.00	3
117	0	6	0.00	6
118	0	2	0.00	2
119	0	4	0.00	4
120	0	2	0.00	2
121	0	2	0.00	2
122	0	3	0.00	3
123	0	3	0.00	3
124	0	2	0.00	2
125	0	2	0.00	2
126	0	4	0.00	4
127	0	0		0
128	0	2	0.00	2
129	0	3	0.00	3
130	0	1	0.00	1
131	0	1	0.00	1
132	0	1	0.00	1
133	0	1	0.00	1
134	0	2	0.00	2
135	0	1	0.00	1
136	0	0		0
137	0	0		0
138	0	1	0.00	1
139	0	1	0.00	1
140	0	1	0.00	1
141	0	1	0.00	1
142	0	0		0
143	0	0		0
144	0	0		0
145	0	1	0.00	1
146	0	2	0.00	2
147	0	0		0
148	0	0		0

CpG context (R2)
================
position	count methylated	count unmethylated	% methylation	coverage
1	0	19	0.00	19
2	0	18	0.00	18
3	3	71	4.05	74
4	4	79	4.82	83
5	4	85	4.49	89
6	6	78	7.14	84
7	6	128	4.48	134
8	3	88	3.30	91
9	3	80	3.61	83
10	7	87	7.45	94
11	2	79	2.47	81
12	2	61	3.17	63
13	2	65	2.99	67
14	0	45	0.00	45
15	4	42	8.70	46
16	1	58	1.69	59
17	2	37	5.13	39
18	3	45	6.25	48
19	1	40	2.44	41
20	4	31	11.43	35
21	0	31	0.00	31
22	1	42	2.33	43
23	2	29	6.45	31
24	4	62	6.06	66
25	1	27	3.57	28
26	0	24	0.00	24
27	4	31	11.43	35
28	3	25	10.71	28
29	1	42	2.33	43
30	0	26	0.00	26
31	2	29	6.45	31
32	1	32	3.03	33
33	1	8	11.11	9
34	2	23	8.00	25
35	0	12	0.00	12
36	2	13	13.33	15
37	1	16	5.88	17
38	0	20	0.00	20
39	0	9	0.00	9
40	0	5	0.00	5
41	0	8	0.00	8
42	0	7	0.00	7
43	3	15	16.67	18
44	0	9	0.00	9
45	0	0		0
46	2	16	11.11	18
47	0	4	0.00	4
48	0	5	0.00	5
49	1	6	14.29	7
50	0	5	0.00	5
51	0	2	0.00	2
52	1	8	11.11	9
53	0	1	0.00	1
54	0	8	0.00	8
55	0	6	0.00	6
56	0	8	0.00	8
57	0	1	0.00	1
58	0	3	0.00	3
59	0	2	0.00	2
60	0	2	0.00	2
61	0	5	0.00	5
62	0	1	0.00	1
63	1	2	33.33	3
64	0	3	0.00	3
65	0	1	0.00	1
66	0	2	0.00	2
67	0	0		0
68	0	2	0.00	2
69	0	0		0
70	0	1	0.00	1
71	0	1	0.00	1
72	0	0		0
73	0	0		0
74	0	0		0
75	0	2	0.00	2
76	0	0		0
77	0	1	0.00	1
78	0	1	0.00	1
79	0	1	0.00	1
80	0	0		0
81	0	0		0
82	0	1	0.00	1
83	0	0		0
84	0	1	0.00	1
85	0	0		0
86	0	1	0.00	1
87	0	0		0
88	0	1	0.00	1
89	0	0		0
90	0	1	0.00	1
91	0	1	0.00	1
92	0	1	0.00	1
93	0	0		0
94	0	1	0.00	1
95	0	0		0
96	0	1	0.00	1
97	0	2	0.00	2

CHG context (R2)
================
position	count methylated	count unmethylated	% methylation	coverage
1	20	2107	0.94	2127
2	0	23	0.00	23
3	0	6	0.00	6
4	1	43	2.27	44
5	0	60	0.00	60
6	0	72	0.00	72
7	0	87	0.00	87
8	1	68	1.45	69
9	0	67	0.00	67
10	0	66	0.00	66
11	1	73	1.35	74
12	0	44	0.00	44
13	0	49	0.00	49
14	0	56	0.00	56
15	0	43	0.00	43
16	0	43	0.00	43
17	0	63	0.00	63
18	0	41	0.00	41
19	0	46	0.00	46
20	0	60	0.00	60
21	0	34	0.00	34
22	0	46	0.00	46
23	0	27	0.00	27
24	0	20	0.00	20
25	0	51	0.00	51
26	0	22	0.00	22
27	0	19	0.00	19
28	0	20	0.00	20
29	0	26	0.00	26
30	0	27	0.00	27
31	0	24	0.00	24
32	0	12	0.00	12
33	0	20	0.00	20
34	0	17	0.00	17
35	0	24	0.00	24
36	0	26	0.00	26
37	0	18	0.00	18
38	0	10	0.00	10
39	0	23	0.00	23
40	0	13	0.00	13
41	0	18	0.00	18
42	0	9	0.00	9
43	0	11	0.00	11
44	0	6	0.00	6
45	0	13	0.00	13
46	0	5	0.00	5
47	0	8	0.00	8
48	0	9	0.00	9
49	0	9	0.00	9
50	1	9	10.00	10
51	0	3	0.00	3
52	0	6	0.00	6
53	0	4	0.00	4
54	0	0		0
55	0	8	0.00	8
56	0	4	0.00	4
57	0	1	0.00	1
58	0	2	0.00	2
59	0	2	0.00	2
60	0	5	0.00	5
61	0	2	0.00	2
62	0	1	0.00	1
63	0	2	0.00	2
64	0	3	0.00	3
65	0	2	0.00	2
66	0	0		0
67	0	0		0
68	0	1	0.00	1
69	0	0		0
70	0	2	0.00	2
71	0	2	0.00	2
72	0	0		0
73	0	1	0.00	1
74	0	0		0
75	0	0		0
76	0	0		0
77	0	1	0.00	1
78	0	1	0.00	1
79	0	0		0
80	0	1	0.00	1
81	0	0		0
82	0	1	0.00	1
83	0	0		0
84	0	0		0
85	0	0		0
86	0	1	0.00	1
87	0	0		0
88	0	0		0
89	0	1	0.00	1
90	0	0		0
91	0	0		0
92	0	0		0
93	0	0		0
94	0	0		0
95	0	1	0.00	1
96	0	0		0
97	0	1	0.00	1

CHH context (R2)
================
position	count methylated	count unmethylated	% methylation	coverage
1	0	10	0.00	10
2	2	959	0.21	961
3	0	283	0.00	283
4	0	188	0.00	188
5	0	134	0.00	134
6	0	96	0.00	96
7	0	96	0.00	96
8	0	143	0.00	143
9	0	106	0.00	106
10	0	115	0.00	115
11	0	72	0.00	72
12	0	77	0.00	77
13	2	63	3.08	65
14	0	87	0.00	87
15	0	83	0.00	83
16	0	72	0.00	72
17	0	59	0.00	59
18	2	71	2.74	73
19	1	74	1.33	75
20	1	69	1.43	70
21	0	51	0.00	51
22	0	45	0.00	45
23	1	37	2.63	38
24	0	34	0.00	34
25	0	33	0.00	33
26	0	37	0.00	37
27	1	34	2.86	35
28	0	24	0.00	24
29	0	31	0.00	31
30	0	27	0.00	27
31	0	33	0.00	33
32	0	33	0.00	33
33	0	24	0.00	24
34	0	22	0.00	22
35	0	18	0.00	18
36	0	15	0.00	15
37	0	20	0.00	20
38	0	24	0.00	24
39	1	6	14.29	7
40	0	22	0.00	22
41	0	17	0.00	17
42	0	18	0.00	18
43	0	22	0.00	22
44	0	19	0.00	19
45	0	14	0.00	14
46	0	16	0.00	16
47	0	16	0.00	16
48	0	4	0.00	4
49	0	9	0.00	9
50	0	10	0.00	10
51	0	18	0.00	18
52	0	15	0.00	15
53	0	10	0.00	10
54	0	7	0.00	7
55	0	7	0.00	7
56	0	3	0.00	3
57	0	4	0.00	4
58	0	1	0.00	1
59	0	1	0.00	1
60	0	1	0.00	1
61	0	1	0.00	1
62	0	1	0.00	1
63	0	0		0
64	0	1	0.00	1
65	0	2	0.00	2
66	0	2	0.00	2
67	0	1	0.00	1
68	0	1	0.00	1
69	0	1	0.00	1
70	0	0		0
71	0	2	0.00	2
72	0	1	0.00	1
73	0	0		0
74	0	1	0.00	1
75	0	0		0
76	0	0		0
77	0	0		0
78	0	0		0
79	0	0		0
80	0	0		0
81	0	1	0.00	1
82	0	1	0.00	1
83	0	1	0.00	1
84	0	0		0
85	0	0		0
86	0	0		0
87	0	2	0.00	2
88	0	0		0
89	0	0		0
90	0	0		0
91	0	0		0
92	0	0		0
93	0	1	0.00	1
94	0	0		0
95	0	0		0
96	0	0		0
97	0	0		0

