CpG context (R1)
================
position	count methylated	count unmethylated	% methylation	coverage
1	217	2156	9.14	2373
2	0	14	0.00	14
3	1	19	5.00	20
4	12	175	6.42	187
5	7	207	3.27	214
6	8	268	2.90	276
7	12	244	4.69	256
8	20	271	6.87	291
9	12	237	4.82	249
10	11	251	4.20	262
11	9	238	3.64	247
12	24	257	8.54	281
13	11	296	3.58	307
14	16	230	6.50	246
15	13	251	4.92	264
16	19	273	6.51	292
17	12	247	4.63	259
18	14	254	5.22	268
19	18	305	5.57	323
20	9	225	3.85	234
21	6	218	2.68	224
22	21	266	7.32	287
23	19	253	6.99	272
24	13	226	5.44	239
25	12	286	4.03	298
26	11	271	3.90	282
27	20	274	6.80	294
28	27	262	9.34	289
29	14	254	5.22	268
30	15	266	5.34	281
31	19	293	6.09	312
32	11	257	4.10	268
33	14	224	5.88	238
34	9	255	3.41	264
35	14	271	4.91	285
36	5	206	2.37	211
37	13	265	4.68	278
38	12	216	5.26	228
39	17	229	6.91	246
40	9	258	3.37	267
41	15	227	6.20	242
42	9	292	2.99	301
43	14	258	5.15	272
44	17	260	6.14	277
45	10	291	3.32	301
46	24	252	8.70	276
47	18	239	7.00	257
48	13	255	4.85	268
49	17	210	7.49	227
50	16	249	6.04	265
51	14	221	5.96	235
52	14	223	5.91	237
53	11	226	4.64	237
54	12	240	4.76	252
55	13	292	4.26	305
56	19	207	8.41	226
57	12	214	5.31	226
58	10	231	4.15	241
59	4	264	1.49	268
60	12	232	4.92	244
61	11	215	4.87	226
62	20	249	7.43	269
63	15	217	6.47	232
64	15	256	5.54	271
65	14	249	5.32	263
66	11	253	4.17	264
67	11	231	4.55	242
68	10	216	4.42	226
69	11	205	5.09	216
70	11	236	4.45	247
71	17	248	6.42	265
72	8	253	3.07	261
73	15	217	6.47	232
74	8	223	3.46	231
75	11	174	5.95	185
76	10	197	4.83	207
77	6	239	2.45	245
78	10	206	4.63	216
79	9	218	3.96	227
80	7	176	3.83	183
81	13	162	7.43	175
82	9	184	4.66	193
83	10	132	7.04	142
84	5	167	2.91	172
85	5	189	2.58	194
86	13	159	7.56	172
87	8	173	4.42	181
88	7	132	5.04	139
89	9	144	5.88	153
90	6	152	3.80	158
91	6	142	4.05	148
92	4	139	2.80	143
93	8	147	5.16	155
94	0	134	0.00	134
95	4	106	3.64	110
96	6	94	6.00	100
97	4	122	3.17	126
98	4	115	3.36	119
99	0	65	0.00	65
100	1	10	9.09	11
101	0	9	0.00	9
102	0	6	0.00	6
103	0	7	0.00	7
104	0	4	0.00	4
105	1	4	20.00	5
106	1	5	16.67	6
107	0	5	0.00	5
108	0	7	0.00	7
109	0	5	0.00	5
110	0	2	0.00	2
111	0	6	0.00	6
112	0	3	0.00	3
113	0	3	0.00	3
114	0	6	0.00	6
115	0	5	0.00	5
116	0	1	0.00	1
117	0	6	0.00	6
118	0	0		0
119	0	2	0.00	2
120	0	2	0.00	2
121	0	1	0.00	1
122	0	2	0.00	2
123	1	3	25.00	4
124	0	2	0.00	2
125	0	8	0.00	8
126	1	0	100.00	1
127	0	0		0
128	0	2	0.00	2
129	0	7	0.00	7
130	0	3	0.00	3
131	0	3	0.00	3
132	1	0	100.00	1
133	0	3	0.00	3
134	1	0	100.00	1
135	0	1	0.00	1
136	0	3	0.00	3
137	0	1	0.00	1
138	1	4	20.00	5
139	0	1	0.00	1
140	0	1	0.00	1
141	1	2	33.33	3
142	0	0		0
143	0	0		0
144	0	0		0
145	0	2	0.00	2
146	1	0	100.00	1
147	0	1	0.00	1
148	0	1	0.00	1
149	0	2	0.00	2

CHG context (R1)
================
position	count methylated	count unmethylated	% methylation	coverage
1	0	4	0.00	4
2	0	21	0.00	21
3	0	9	0.00	9
4	0	136	0.00	136
5	0	196	0.00	196
6	1	221	0.45	222
7	3	244	1.21	247
8	1	244	0.41	245
9	1	230	0.43	231
10	0	218	0.00	218
11	1	221	0.45	222
12	1	219	0.45	220
13	1	196	0.51	197
14	1	199	0.50	200
15	1	255	0.39	256
16	0	216	0.00	216
17	1	215	0.46	216
18	0	258	0.00	258
19	2	195	1.02	197
20	1	164	0.61	165
21	0	234	0.00	234
22	1	236	0.42	237
23	1	211	0.47	212
24	0	193	0.00	193
25	1	219	0.45	220
26	0	185	0.00	185
27	0	239	0.00	239
28	0	216	0.00	216
29	1	192	0.52	193
30	2	209	0.95	211
31	0	240	0.00	240
32	0	201	0.00	201
33	1	235	0.42	236
34	0	212	0.00	212
35	1	244	0.41	245
36	1	231	0.43	232
37	0	208	0.00	208
38	2	171	1.16	173
39	2	223	0.89	225
40	1	235	0.42	236
41	1	265	0.38	266
42	0	221	0.00	221
43	0	211	0.00	211
44	0	233	0.00	233
45	0	199	0.00	199
46	0	243	0.00	243
47	2	203	0.98	205
48	0	210	0.00	210
49	2	209	0.95	211
50	1	208	0.48	209
51	0	234	0.00	234
52	0	211	0.00	211
53	2	205	0.97	207
54	0	216	0.00	216
55	0	164	0.00	164
56	2	199	1.00	201
57	1	198	0.50	199
58	0	223	0.00	223
59	0	199	0.00	199
60	1	157	0.63	158
61	0	196	0.00	196
62	0	170	0.00	170
63	1	185	0.54	186
64	1	188	0.53	189
65	1	200	0.50	201
66	0	183	0.00	183
67	1	166	0.60	167
68	2	183	1.08	185
69	1	169	0.59	170
70	0	177	0.00	177
71	0	180	0.00	180
72	2	158	1.25	160
73	1	186	0.53	187
74	0	136	0.00	136
75	1	168	0.59	169
76	0	177	0.00	177
77	2	157	1.26	159
78	0	164	0.00	164
79	0	153	0.00	153
80	0	146	0.00	146
81	0	189	0.00	189
82	0	138	0.00	138
83	0	132	0.00	132
84	1	127	0.78	128
85	0	117	0.00	117
86	1	158	0.63	159
87	0	131	0.00	131
88	0	162	0.00	162
89	0	112	0.00	112
90	1	109	0.91	110
91	0	145	0.00	145
92	0	84	0.00	84
93	0	79	0.00	79
94	1	113	0.88	114
95	0	89	0.00	89
96	0	101	0.00	101
97	0	115	0.00	115
98	0	86	0.00	86
99	2	45	4.26	47
100	0	9	0.00	9
101	0	7	0.00	7
102	0	4	0.00	4
103	0	5	0.00	5
104	0	6	0.00	6
105	0	6	0.00	6
106	0	2	0.00	2
107	0	3	0.00	3
108	0	5	0.00	5
109	0	3	0.00	3
110	0	2	0.00	2
111	0	1	0.00	1
112	0	4	0.00	4
113	0	3	0.00	3
114	0	0		0
115	0	2	0.00	2
116	0	3	0.00	3
117	0	2	0.00	2
118	0	2	0.00	2
119	0	1	0.00	1
120	0	1	0.00	1
121	0	3	0.00	3
122	0	5	0.00	5
123	0	1	0.00	1
124	0	1	0.00	1
125	0	2	0.00	2
126	0	0		0
127	0	3	0.00	3
128	0	4	0.00	4
129	0	1	0.00	1
130	0	2	0.00	2
131	0	0		0
132	0	2	0.00	2
133	0	0		0
134	0	2	0.00	2
135	0	0		0
136	0	2	0.00	2
137	0	0		0
138	0	0		0
139	0	1	0.00	1
140	0	2	0.00	2
141	0	0		0
142	0	0		0
143	0	0		0
144	0	1	0.00	1
145	0	1	0.00	1
146	0	0		0
147	0	3	0.00	3
148	0	2	0.00	2
149	0	0		0

CHH context (R1)
================
position	count methylated	count unmethylated	% methylation	coverage
1	0	39	0.00	39
2	0	30	0.00	30
3	0	26	0.00	26
4	1	351	0.28	352
5	1	383	0.26	384
6	3	413	0.72	416
7	2	387	0.51	389
8	1	331	0.30	332
9	1	309	0.32	310
10	0	329	0.00	329
11	1	320	0.31	321
12	1	323	0.31	324
13	0	374	0.00	374
14	1	363	0.27	364
15	2	370	0.54	372
16	2	336	0.59	338
17	1	349	0.29	350
18	2	281	0.71	283
19	1	305	0.33	306
20	4	337	1.17	341
21	1	338	0.29	339
22	0	307	0.00	307
23	2	354	0.56	356
24	1	353	0.28	354
25	3	405	0.74	408
26	2	396	0.50	398
27	2	388	0.51	390
28	2	365	0.54	367
29	1	346	0.29	347
30	1	350	0.28	351
31	1	333	0.30	334
32	2	359	0.55	361
33	0	339	0.00	339
34	0	306	0.00	306
35	1	307	0.32	308
36	2	329	0.60	331
37	2	338	0.59	340
38	1	374	0.27	375
39	0	367	0.00	367
40	3	365	0.82	368
41	0	347	0.00	347
42	1	340	0.29	341
43	0	306	0.00	306
44	0	326	0.00	326
45	1	334	0.30	335
46	3	341	0.87	344
47	1	328	0.30	329
48	3	323	0.92	326
49	1	375	0.27	376
50	0	383	0.00	383
51	0	424	0.00	424
52	2	343	0.58	345
53	1	325	0.31	326
54	1	315	0.32	316
55	1	306	0.33	307
56	0	281	0.00	281
57	1	303	0.33	304
58	0	292	0.00	292
59	3	319	0.93	322
60	1	322	0.31	323
61	5	328	1.50	333
62	1	356	0.28	357
63	0	309	0.00	309
64	1	360	0.28	361
65	1	294	0.34	295
66	1	258	0.39	259
67	0	325	0.00	325
68	0	356	0.00	356
69	0	340	0.00	340
70	0	308	0.00	308
71	1	306	0.33	307
72	0	252	0.00	252
73	0	260	0.00	260
74	1	241	0.41	242
75	0	306	0.00	306
76	1	311	0.32	312
77	1	305	0.33	306
78	1	266	0.37	267
79	0	287	0.00	287
80	2	302	0.66	304
81	1	251	0.40	252
82	1	285	0.35	286
83	0	243	0.00	243
84	0	257	0.00	257
85	2	257	0.77	259
86	2	278	0.71	280
87	2	231	0.86	233
88	1	247	0.40	248
89	0	203	0.00	203
90	1	180	0.55	181
91	0	191	0.00	191
92	1	204	0.49	205
93	1	173	0.57	174
94	0	158	0.00	158
95	0	231	0.00	231
96	1	175	0.57	176
97	1	177	0.56	178
98	1	163	0.61	164
99	0	73	0.00	73
100	0	6	0.00	6
101	0	7	0.00	7
102	0	4	0.00	4
103	0	9	0.00	9
104	0	12	0.00	12
105	0	3	0.00	3
106	0	8	0.00	8
107	0	11	0.00	11
108	0	3	0.00	3
109	0	2	0.00	2
110	0	2	0.00	2
111	0	4	0.00	4
112	0	2	0.00	2
113	0	1	0.00	1
114	0	2	0.00	2
115	0	4	0.00	4
116	0	4	0.00	4
117	0	8	0.00	8
118	0	4	0.00	4
119	1	2	33.33	3
120	0	2	0.00	2
121	0	5	0.00	5
122	0	1	0.00	1
123	0	0		0
124	0	1	0.00	1
125	0	3	0.00	3
126	0	4	0.00	4
127	0	6	0.00	6
128	0	4	0.00	4
129	0	2	0.00	2
130	0	0		0
131	0	2	0.00	2
132	0	2	0.00	2
133	0	5	0.00	5
134	0	5	0.00	5
135	0	2	0.00	2
136	0	0		0
137	0	1	0.00	1
138	0	0		0
139	0	1	0.00	1
140	0	1	0.00	1
141	0	2	0.00	2
142	0	1	0.00	1
143	0	3	0.00	3
144	0	1	0.00	1
145	0	1	0.00	1
146	0	1	0.00	1
147	0	0		0
148	0	1	0.00	1
149	0	1	0.00	1

CpG context (R2)
================
position	count methylated	count unmethylated	% methylation	coverage
1	0	29	0.00	29
2	0	12	0.00	12
3	3	62	4.62	65
4	1	79	1.25	80
5	4	114	3.39	118
6	5	84	5.62	89
7	6	111	5.13	117
8	3	76	3.80	79
9	2	76	2.56	78
10	3	102	2.86	105
11	8	66	10.81	74
12	1	65	1.52	66
13	5	64	7.25	69
14	1	50	1.96	51
15	2	46	4.17	48
16	1	47	2.08	48
17	1	42	2.33	43
18	5	50	9.09	55
19	0	38	0.00	38
20	5	51	8.93	56
21	3	36	7.69	39
22	3	43	6.52	46
23	5	43	10.42	48
24	2	52	3.70	54
25	0	29	0.00	29
26	3	27	10.00	30
27	6	32	15.79	38
28	3	12	20.00	15
29	0	43	0.00	43
30	0	25	0.00	25
31	4	29	12.12	33
32	3	25	10.71	28
33	1	17	5.56	18
34	1	19	5.00	20
35	0	13	0.00	13
36	1	28	3.45	29
37	1	24	4.00	25
38	0	19	0.00	19
39	0	17	0.00	17
40	0	7	0.00	7
41	0	11	0.00	11
42	0	10	0.00	10
43	0	13	0.00	13
44	1	16	5.88	17
45	0	3	0.00	3
46	4	18	18.18	22
47	0	3	0.00	3
48	1	8	11.11	9
49	0	5	0.00	5
50	0	10	0.00	10
51	1	4	20.00	5
52	3	9	25.00	12
53	0	4	0.00	4
54	1	9	10.00	10
55	2	4	33.33	6
56	2	3	40.00	5
57	0	4	0.00	4
58	0	6	0.00	6
59	0	6	0.00	6
60	0	1	0.00	1
61	0	5	0.00	5
62	0	0		0
63	0	2	0.00	2
64	0	1	0.00	1
65	0	2	0.00	2
66	0	4	0.00	4
67	0	2	0.00	2
68	0	3	0.00	3
69	0	1	0.00	1
70	0	2	0.00	2
71	0	3	0.00	3
72	0	1	0.00	1
73	0	2	0.00	2
74	0	0		0
75	0	0		0
76	0	4	0.00	4
77	0	0		0
78	0	1	0.00	1
79	0	0		0
80	0	0		0
81	0	2	0.00	2
82	0	0		0
83	0	0		0
84	0	0		0
85	0	0		0
86	0	0		0
87	0	0		0
88	0	1	0.00	1
89	0	0		0
90	0	0		0
91	0	0		0
92	0	2	0.00	2
93	0	0		0
94	0	2	0.00	2
95	0	0		0
96	0	1	0.00	1
97	0	2	0.00	2

CHG context (R2)
================
position	count methylated	count unmethylated	% methylation	coverage
1	17	2130	0.79	2147
2	0	28	0.00	28
3	0	5	0.00	5
4	0	42	0.00	42
5	0	65	0.00	65
6	0	76	0.00	76
7	1	69	1.43	70
8	1	102	0.97	103
9	0	77	0.00	77
10	0	60	0.00	60
11	1	74	1.33	75
12	0	35	0.00	35
13	0	46	0.00	46
14	0	47	0.00	47
15	0	39	0.00	39
16	0	35	0.00	35
17	0	47	0.00	47
18	0	41	0.00	41
19	0	40	0.00	40
20	0	60	0.00	60
21	0	36	0.00	36
22	0	42	0.00	42
23	0	33	0.00	33
24	0	17	0.00	17
25	1	47	2.08	48
26	0	20	0.00	20
27	0	11	0.00	11
28	0	22	0.00	22
29	1	21	4.55	22
30	0	25	0.00	25
31	1	24	4.00	25
32	0	18	0.00	18
33	0	28	0.00	28
34	0	18	0.00	18
35	0	18	0.00	18
36	0	16	0.00	16
37	0	23	0.00	23
38	0	11	0.00	11
39	0	17	0.00	17
40	0	22	0.00	22
41	0	10	0.00	10
42	0	12	0.00	12
43	0	10	0.00	10
44	0	5	0.00	5
45	0	8	0.00	8
46	0	4	0.00	4
47	0	7	0.00	7
48	0	7	0.00	7
49	0	6	0.00	6
50	0	12	0.00	12
51	0	8	0.00	8
52	1	12	7.69	13
53	0	5	0.00	5
54	0	1	0.00	1
55	0	8	0.00	8
56	0	6	0.00	6
57	0	0		0
58	0	4	0.00	4
59	0	1	0.00	1
60	0	5	0.00	5
61	0	0		0
62	0	2	0.00	2
63	0	2	0.00	2
64	0	4	0.00	4
65	0	0		0
66	0	1	0.00	1
67	0	1	0.00	1
68	0	0		0
69	0	0		0
70	0	3	0.00	3
71	0	1	0.00	1
72	0	1	0.00	1
73	0	3	0.00	3
74	0	2	0.00	2
75	0	1	0.00	1
76	0	0		0
77	0	0		0
78	0	2	0.00	2
79	0	1	0.00	1
80	0	0		0
81	0	0		0
82	0	0		0
83	0	0		0
84	0	0		0
85	0	0		0
86	0	0		0
87	0	1	0.00	1
88	0	0		0
89	0	1	0.00	1
90	0	0		0
91	0	0		0
92	0	2	0.00	2
93	0	0		0
94	0	0		0
95	0	0		0
96	0	0		0
97	0	0		0

CHH context (R2)
================
position	count methylated	count unmethylated	% methylation	coverage
1	0	6	0.00	6
2	1	955	0.10	956
3	1	250	0.40	251
4	0	176	0.00	176
5	0	141	0.00	141
6	1	97	1.02	98
7	0	110	0.00	110
8	1	131	0.76	132
9	0	132	0.00	132
10	1	135	0.74	136
11	0	105	0.00	105
12	0	92	0.00	92
13	0	76	0.00	76
14	0	87	0.00	87
15	0	83	0.00	83
16	0	78	0.00	78
17	0	81	0.00	81
18	0	76	0.00	76
19	0	77	0.00	77
20	0	66	0.00	66
21	0	48	0.00	48
22	1	49	2.00	50
23	0	46	0.00	46
24	0	37	0.00	37
25	0	46	0.00	46
26	1	48	2.04	49
27	0	38	0.00	38
28	0	33	0.00	33
29	0	33	0.00	33
30	0	30	0.00	30
31	0	23	0.00	23
32	0	40	0.00	40
33	0	24	0.00	24
34	0	24	0.00	24
35	0	27	0.00	27
36	0	18	0.00	18
37	0	13	0.00	13
38	0	26	0.00	26
39	1	9	10.00	10
40	0	19	0.00	19
41	0	22	0.00	22
42	0	10	0.00	10
43	0	18	0.00	18
44	0	24	0.00	24
45	0	14	0.00	14
46	0	19	0.00	19
47	0	16	0.00	16
48	0	3	0.00	3
49	0	8	0.00	8
50	0	4	0.00	4
51	0	13	0.00	13
52	0	16	0.00	16
53	0	15	0.00	15
54	0	10	0.00	10
55	0	10	0.00	10
56	0	18	0.00	18
57	0	8	0.00	8
58	0	2	0.00	2
59	0	2	0.00	2
60	0	4	0.00	4
61	1	4	20.00	5
62	0	5	0.00	5
63	0	1	0.00	1
64	0	0		0
65	0	3	0.00	3
66	0	0		0
67	0	0		0
68	0	2	0.00	2
69	0	0		0
70	0	1	0.00	1
71	0	1	0.00	1
72	0	1	0.00	1
73	0	1	0.00	1
74	0	4	0.00	4
75	0	1	0.00	1
76	0	0		0
77	0	1	0.00	1
78	0	1	0.00	1
79	0	1	0.00	1
80	0	0		0
81	0	0		0
82	0	0		0
83	0	2	0.00	2
84	0	0		0
85	0	1	0.00	1
86	0	0		0
87	0	0		0
88	0	0		0
89	0	0		0
90	0	0		0
91	0	0		0
92	0	0		0
93	0	2	0.00	2
94	0	2	0.00	2
95	0	0		0
96	0	0		0
97	0	0		0

