CpG context (R1)
================
position	count methylated	count unmethylated	% methylation	coverage
1	211	2170	8.86	2381
2	0	10	0.00	10
3	2	23	8.00	25
4	13	179	6.77	192
5	15	203	6.88	218
6	13	261	4.74	274
7	8	212	3.64	220
8	18	295	5.75	313
9	11	258	4.09	269
10	13	229	5.37	242
11	15	254	5.58	269
12	14	272	4.90	286
13	7	297	2.30	304
14	11	260	4.06	271
15	8	230	3.36	238
16	19	263	6.74	282
17	13	243	5.08	256
18	8	266	2.92	274
19	18	301	5.64	319
20	12	221	5.15	233
21	16	234	6.40	250
22	14	257	5.17	271
23	16	266	5.67	282
24	11	241	4.37	252
25	13	271	4.58	284
26	16	295	5.14	311
27	9	257	3.38	266
28	23	251	8.39	274
29	8	302	2.58	310
30	10	251	3.83	261
31	11	286	3.70	297
32	14	288	4.64	302
33	10	230	4.17	240
34	10	258	3.73	268
35	11	290	3.65	301
36	11	227	4.62	238
37	16	274	5.52	290
38	13	245	5.04	258
39	11	246	4.28	257
40	11	259	4.07	270
41	16	237	6.32	253
42	9	266	3.27	275
43	11	235	4.47	246
44	13	250	4.94	263
45	15	269	5.28	284
46	12	247	4.63	259
47	16	262	5.76	278
48	8	258	3.01	266
49	16	224	6.67	240
50	17	246	6.46	263
51	12	212	5.36	224
52	9	258	3.37	267
53	4	229	1.72	233
54	9	256	3.40	265
55	8	282	2.76	290
56	21	206	9.25	227
57	13	230	5.35	243
58	10	248	3.88	258
59	14	249	5.32	263
60	13	225	5.46	238
61	19	235	7.48	254
62	17	227	6.97	244
63	12	248	4.62	260
64	17	238	6.67	255
65	15	243	5.81	258
66	10	231	4.15	241
67	13	226	5.44	239
68	14	198	6.60	212
69	10	208	4.59	218
70	4	208	1.89	212
71	22	239	8.43	261
72	12	237	4.82	249
73	16	240	6.25	256
74	14	192	6.80	206
75	13	185	6.57	198
76	18	212	7.83	230
77	14	211	6.22	225
78	7	194	3.48	201
79	8	193	3.98	201
80	11	186	5.58	197
81	10	170	5.56	180
82	14	198	6.60	212
83	9	153	5.56	162
84	3	158	1.86	161
85	8	196	3.92	204
86	12	175	6.42	187
87	8	161	4.73	169
88	2	137	1.44	139
89	11	182	5.70	193
90	9	113	7.38	122
91	5	137	3.52	142
92	7	140	4.76	147
93	3	122	2.40	125
94	5	118	4.07	123
95	5	99	4.81	104
96	2	120	1.64	122
97	7	118	5.60	125
98	6	97	5.83	103
99	6	60	9.09	66
100	0	5	0.00	5
101	0	6	0.00	6
102	1	4	20.00	5
103	0	9	0.00	9
104	0	6	0.00	6
105	0	8	0.00	8
106	1	6	14.29	7
107	0	3	0.00	3
108	0	4	0.00	4
109	1	7	12.50	8
110	0	2	0.00	2
111	0	6	0.00	6
112	1	7	12.50	8
113	0	5	0.00	5
114	0	2	0.00	2
115	0	6	0.00	6
116	1	3	25.00	4
117	0	1	0.00	1
118	0	2	0.00	2
119	0	2	0.00	2
120	0	4	0.00	4
121	0	3	0.00	3
122	0	2	0.00	2
123	0	2	0.00	2
124	0	2	0.00	2
125	0	3	0.00	3
126	0	0		0
127	0	1	0.00	1
128	0	2	0.00	2
129	0	2	0.00	2
130	0	3	0.00	3
131	0	1	0.00	1
132	0	2	0.00	2
133	0	2	0.00	2
134	0	1	0.00	1
135	0	0		0
136	0	1	0.00	1
137	0	1	0.00	1
138	0	2	0.00	2
139	0	1	0.00	1
140	0	1	0.00	1
141	0	0		0
142	0	0		0
143	0	0		0
144	0	1	0.00	1
145	0	0		0
146	0	0		0
147	0	0		0
148	0	1	0.00	1
149	0	1	0.00	1

CHG context (R1)
================
position	count methylated	count unmethylated	% methylation	coverage
1	0	7	0.00	7
2	0	29	0.00	29
3	0	16	0.00	16
4	0	130	0.00	130
5	1	218	0.46	219
6	0	215	0.00	215
7	3	231	1.28	234
8	2	243	0.82	245
9	1	220	0.45	221
10	0	217	0.00	217
11	0	232	0.00	232
12	0	193	0.00	193
13	0	208	0.00	208
14	0	183	0.00	183
15	0	237	0.00	237
16	0	226	0.00	226
17	1	252	0.40	253
18	1	256	0.39	257
19	0	198	0.00	198
20	0	168	0.00	168
21	0	226	0.00	226
22	0	255	0.00	255
23	2	225	0.88	227
24	1	179	0.56	180
25	1	262	0.38	263
26	1	193	0.52	194
27	0	228	0.00	228
28	1	249	0.40	250
29	1	165	0.60	166
30	0	199	0.00	199
31	1	250	0.40	251
32	1	180	0.55	181
33	0	242	0.00	242
34	2	251	0.79	253
35	1	253	0.39	254
36	2	218	0.91	220
37	0	211	0.00	211
38	0	193	0.00	193
39	0	212	0.00	212
40	3	227	1.30	230
41	1	259	0.38	260
42	3	189	1.56	192
43	2	188	1.05	190
44	0	256	0.00	256
45	1	188	0.53	189
46	0	233	0.00	233
47	0	206	0.00	206
48	0	211	0.00	211
49	0	238	0.00	238
50	0	203	0.00	203
51	0	226	0.00	226
52	1	201	0.50	202
53	1	197	0.51	198
54	3	215	1.38	218
55	1	178	0.56	179
56	0	211	0.00	211
57	2	187	1.06	189
58	0	205	0.00	205
59	0	178	0.00	178
60	0	166	0.00	166
61	0	185	0.00	185
62	0	175	0.00	175
63	1	185	0.54	186
64	1	179	0.56	180
65	1	196	0.51	197
66	1	206	0.48	207
67	0	187	0.00	187
68	2	190	1.04	192
69	0	191	0.00	191
70	0	208	0.00	208
71	1	173	0.57	174
72	0	143	0.00	143
73	1	177	0.56	178
74	1	161	0.62	162
75	0	147	0.00	147
76	2	176	1.12	178
77	0	149	0.00	149
78	1	136	0.73	137
79	0	179	0.00	179
80	0	157	0.00	157
81	0	185	0.00	185
82	0	125	0.00	125
83	0	122	0.00	122
84	0	144	0.00	144
85	0	125	0.00	125
86	0	152	0.00	152
87	0	128	0.00	128
88	0	144	0.00	144
89	0	113	0.00	113
90	0	106	0.00	106
91	1	159	0.62	160
92	0	109	0.00	109
93	0	71	0.00	71
94	1	91	1.09	92
95	0	116	0.00	116
96	1	109	0.91	110
97	1	115	0.86	116
98	0	106	0.00	106
99	0	47	0.00	47
100	0	7	0.00	7
101	0	10	0.00	10
102	0	6	0.00	6
103	0	2	0.00	2
104	0	6	0.00	6
105	0	8	0.00	8
106	0	7	0.00	7
107	0	3	0.00	3
108	0	5	0.00	5
109	0	4	0.00	4
110	0	3	0.00	3
111	0	2	0.00	2
112	0	3	0.00	3
113	0	1	0.00	1
114	0	2	0.00	2
115	0	6	0.00	6
116	0	3	0.00	3
117	0	3	0.00	3
118	0	4	0.00	4
119	0	1	0.00	1
120	0	2	0.00	2
121	0	4	0.00	4
122	0	3	0.00	3
123	0	1	0.00	1
124	0	3	0.00	3
125	0	1	0.00	1
126	0	0		0
127	0	2	0.00	2
128	0	0		0
129	0	2	0.00	2
130	0	2	0.00	2
131	0	1	0.00	1
132	0	2	0.00	2
133	0	1	0.00	1
134	0	1	0.00	1
135	0	0		0
136	0	1	0.00	1
137	0	1	0.00	1
138	0	1	0.00	1
139	0	2	0.00	2
140	0	0		0
141	0	0		0
142	0	0		0
143	0	0		0
144	0	1	0.00	1
145	0	0		0
146	0	0		0
147	0	0		0
148	0	1	0.00	1
149	0	0		0

CHH context (R1)
================
position	count methylated	count unmethylated	% methylation	coverage
1	1	39	2.50	40
2	0	29	0.00	29
3	0	15	0.00	15
4	4	341	1.16	345
5	1	373	0.27	374
6	1	432	0.23	433
7	0	392	0.00	392
8	0	354	0.00	354
9	1	317	0.31	318
10	3	340	0.87	343
11	0	309	0.00	309
12	1	299	0.33	300
13	2	346	0.57	348
14	1	364	0.27	365
15	1	359	0.28	360
16	0	365	0.00	365
17	2	292	0.68	294
18	1	273	0.36	274
19	0	319	0.00	319
20	1	339	0.29	340
21	1	313	0.32	314
22	2	311	0.64	313
23	0	332	0.00	332
24	0	351	0.00	351
25	0	352	0.00	352
26	0	344	0.00	344
27	0	406	0.00	406
28	0	380	0.00	380
29	1	350	0.28	351
30	0	378	0.00	378
31	0	349	0.00	349
32	1	368	0.27	369
33	0	329	0.00	329
34	1	347	0.29	348
35	1	307	0.32	308
36	0	351	0.00	351
37	0	341	0.00	341
38	1	348	0.29	349
39	0	352	0.00	352
40	2	342	0.58	344
41	1	317	0.31	318
42	0	377	0.00	377
43	2	352	0.56	354
44	1	367	0.27	368
45	0	329	0.00	329
46	1	333	0.30	334
47	1	304	0.33	305
48	1	325	0.31	326
49	1	382	0.26	383
50	0	411	0.00	411
51	1	431	0.23	432
52	1	398	0.25	399
53	1	338	0.29	339
54	2	322	0.62	324
55	0	325	0.00	325
56	1	290	0.34	291
57	0	327	0.00	327
58	0	304	0.00	304
59	1	306	0.33	307
60	1	339	0.29	340
61	0	334	0.00	334
62	2	316	0.63	318
63	0	293	0.00	293
64	1	360	0.28	361
65	0	315	0.00	315
66	0	298	0.00	298
67	0	340	0.00	340
68	0	328	0.00	328
69	2	321	0.62	323
70	1	269	0.37	270
71	1	279	0.36	280
72	0	259	0.00	259
73	1	302	0.33	303
74	0	270	0.00	270
75	0	316	0.00	316
76	0	310	0.00	310
77	2	254	0.78	256
78	0	285	0.00	285
79	2	287	0.69	289
80	1	266	0.37	267
81	1	225	0.44	226
82	0	261	0.00	261
83	2	222	0.89	224
84	0	242	0.00	242
85	0	267	0.00	267
86	2	239	0.83	241
87	0	216	0.00	216
88	1	249	0.40	250
89	1	195	0.51	196
90	0	189	0.00	189
91	0	191	0.00	191
92	1	180	0.55	181
93	1	153	0.65	154
94	0	169	0.00	169
95	0	227	0.00	227
96	0	172	0.00	172
97	0	140	0.00	140
98	1	186	0.53	187
99	0	77	0.00	77
100	0	16	0.00	16
101	0	9	0.00	9
102	0	6	0.00	6
103	0	6	0.00	6
104	0	7	0.00	7
105	0	7	0.00	7
106	0	8	0.00	8
107	0	11	0.00	11
108	0	6	0.00	6
109	0	3	0.00	3
110	0	2	0.00	2
111	0	3	0.00	3
112	0	2	0.00	2
113	0	5	0.00	5
114	0	6	0.00	6
115	0	4	0.00	4
116	0	3	0.00	3
117	0	6	0.00	6
118	0	3	0.00	3
119	0	2	0.00	2
120	0	4	0.00	4
121	0	4	0.00	4
122	0	3	0.00	3
123	0	3	0.00	3
124	0	2	0.00	2
125	0	3	0.00	3
126	0	5	0.00	5
127	0	5	0.00	5
128	0	3	0.00	3
129	0	4	0.00	4
130	0	2	0.00	2
131	0	3	0.00	3
132	0	4	0.00	4
133	0	0		0
134	0	2	0.00	2
135	0	3	0.00	3
136	0	1	0.00	1
137	0	2	0.00	2
138	0	1	0.00	1
139	0	0		0
140	0	0		0
141	0	1	0.00	1
142	0	1	0.00	1
143	0	2	0.00	2
144	0	0		0
145	0	0		0
146	0	0		0
147	0	0		0
148	0	0		0
149	0	0		0

CpG context (R2)
================
position	count methylated	count unmethylated	% methylation	coverage
1	0	26	0.00	26
2	0	20	0.00	20
3	3	71	4.05	74
4	5	93	5.10	98
5	5	107	4.46	112
6	3	81	3.57	84
7	2	109	1.80	111
8	4	85	4.49	89
9	3	80	3.61	83
10	4	100	3.85	104
11	5	66	7.04	71
12	4	67	5.63	71
13	4	80	4.76	84
14	2	54	3.57	56
15	4	60	6.25	64
16	0	59	0.00	59
17	2	41	4.65	43
18	1	63	1.56	64
19	0	32	0.00	32
20	3	46	6.12	49
21	0	30	0.00	30
22	1	37	2.63	38
23	1	36	2.70	37
24	2	64	3.03	66
25	2	26	7.14	28
26	1	31	3.12	32
27	1	31	3.12	32
28	1	23	4.17	24
29	3	44	6.38	47
30	0	22	0.00	22
31	3	23	11.54	26
32	4	27	12.90	31
33	0	12	0.00	12
34	1	26	3.70	27
35	0	13	0.00	13
36	0	11	0.00	11
37	3	17	15.00	20
38	2	23	8.00	25
39	0	8	0.00	8
40	2	14	12.50	16
41	0	11	0.00	11
42	0	10	0.00	10
43	0	10	0.00	10
44	0	18	0.00	18
45	0	5	0.00	5
46	0	20	0.00	20
47	0	5	0.00	5
48	1	15	6.25	16
49	0	6	0.00	6
50	0	6	0.00	6
51	0	7	0.00	7
52	0	5	0.00	5
53	0	2	0.00	2
54	0	6	0.00	6
55	1	1	50.00	2
56	0	3	0.00	3
57	0	4	0.00	4
58	1	4	20.00	5
59	0	1	0.00	1
60	0	2	0.00	2
61	0	2	0.00	2
62	0	1	0.00	1
63	0	1	0.00	1
64	0	1	0.00	1
65	0	1	0.00	1
66	0	2	0.00	2
67	0	1	0.00	1
68	0	0		0
69	0	1	0.00	1
70	0	1	0.00	1
71	0	2	0.00	2
72	0	3	0.00	3
73	0	0		0
74	0	1	0.00	1
75	0	2	0.00	2
76	0	1	0.00	1
77	0	2	0.00	2
78	0	1	0.00	1
79	0	1	0.00	1
80	0	0		0
81	0	1	0.00	1
82	0	1	0.00	1
83	0	0		0
84	0	0		0
85	0	0		0
86	0	0		0
87	0	0		0
88	0	0		0
89	0	0		0
90	0	0		0
91	0	1	0.00	1
92	0	0		0
93	0	0		0
94	0	0		0

CHG context (R2)
================
position	count methylated	count unmethylated	% methylation	coverage
1	5	2135	0.23	2140
2	0	28	0.00	28
3	0	5	0.00	5
4	0	45	0.00	45
5	1	54	1.82	55
6	0	78	0.00	78
7	0	88	0.00	88
8	0	100	0.00	100
9	0	87	0.00	87
10	1	57	1.72	58
11	1	74	1.33	75
12	0	45	0.00	45
13	0	48	0.00	48
14	1	54	1.82	55
15	0	55	0.00	55
16	0	27	0.00	27
17	0	46	0.00	46
18	1	51	1.92	52
19	0	62	0.00	62
20	0	55	0.00	55
21	1	37	2.63	38
22	0	47	0.00	47
23	1	28	3.45	29
24	0	19	0.00	19
25	0	45	0.00	45
26	0	25	0.00	25
27	0	19	0.00	19
28	0	19	0.00	19
29	0	20	0.00	20
30	0	33	0.00	33
31	0	30	0.00	30
32	0	20	0.00	20
33	1	20	4.76	21
34	0	17	0.00	17
35	0	27	0.00	27
36	0	25	0.00	25
37	0	7	0.00	7
38	0	6	0.00	6
39	0	16	0.00	16
40	1	7	12.50	8
41	0	9	0.00	9
42	0	15	0.00	15
43	0	6	0.00	6
44	0	6	0.00	6
45	0	8	0.00	8
46	0	4	0.00	4
47	0	4	0.00	4
48	0	6	0.00	6
49	0	8	0.00	8
50	0	10	0.00	10
51	0	3	0.00	3
52	0	8	0.00	8
53	0	1	0.00	1
54	0	3	0.00	3
55	0	4	0.00	4
56	0	4	0.00	4
57	0	0		0
58	0	2	0.00	2
59	0	2	0.00	2
60	0	3	0.00	3
61	0	0		0
62	0	0		0
63	0	2	0.00	2
64	0	0		0
65	0	0		0
66	0	0		0
67	0	1	0.00	1
68	0	1	0.00	1
69	0	1	0.00	1
70	0	1	0.00	1
71	0	0		0
72	0	0		0
73	0	1	0.00	1
74	0	1	0.00	1
75	0	1	0.00	1
76	0	1	0.00	1
77	0	1	0.00	1
78	0	0		0
79	0	0		0
80	0	0		0
81	0	0		0
82	0	0		0
83	0	1	0.00	1
84	0	0		0
85	0	0		0
86	0	1	0.00	1
87	0	0		0
88	0	0		0
89	0	0		0
90	0	0		0
91	0	0		0
92	0	1	0.00	1
93	0	0		0
94	0	0		0

CHH context (R2)
================
position	count methylated	count unmethylated	% methylation	coverage
1	0	13	0.00	13
2	2	961	0.21	963
3	0	270	0.00	270
4	1	190	0.52	191
5	1	151	0.66	152
6	0	97	0.00	97
7	0	87	0.00	87
8	1	138	0.72	139
9	0	115	0.00	115
10	0	129	0.00	129
11	0	91	0.00	91
12	1	107	0.93	108
13	0	72	0.00	72
14	0	107	0.00	107
15	0	99	0.00	99
16	0	92	0.00	92
17	0	67	0.00	67
18	0	71	0.00	71
19	0	87	0.00	87
20	0	56	0.00	56
21	0	63	0.00	63
22	0	56	0.00	56
23	0	47	0.00	47
24	0	44	0.00	44
25	0	48	0.00	48
26	0	30	0.00	30
27	0	41	0.00	41
28	0	35	0.00	35
29	0	40	0.00	40
30	0	33	0.00	33
31	0	35	0.00	35
32	0	34	0.00	34
33	1	27	3.57	28
34	0	25	0.00	25
35	1	28	3.45	29
36	0	19	0.00	19
37	0	19	0.00	19
38	0	30	0.00	30
39	0	14	0.00	14
40	0	14	0.00	14
41	0	11	0.00	11
42	0	10	0.00	10
43	0	18	0.00	18
44	0	19	0.00	19
45	0	13	0.00	13
46	0	14	0.00	14
47	0	15	0.00	15
48	0	3	0.00	3
49	0	10	0.00	10
50	0	15	0.00	15
51	0	19	0.00	19
52	0	18	0.00	18
53	0	16	0.00	16
54	0	6	0.00	6
55	0	7	0.00	7
56	0	7	0.00	7
57	0	3	0.00	3
58	0	5	0.00	5
59	0	5	0.00	5
60	0	2	0.00	2
61	0	1	0.00	1
62	0	3	0.00	3
63	0	2	0.00	2
64	0	2	0.00	2
65	0	2	0.00	2
66	0	1	0.00	1
67	0	3	0.00	3
68	0	2	0.00	2
69	0	2	0.00	2
70	0	1	0.00	1
71	0	2	0.00	2
72	0	0		0
73	0	1	0.00	1
74	0	1	0.00	1
75	0	1	0.00	1
76	0	0		0
77	0	1	0.00	1
78	0	1	0.00	1
79	0	1	0.00	1
80	0	1	0.00	1
81	0	0		0
82	0	0		0
83	0	1	0.00	1
84	0	0		0
85	0	0		0
86	0	0		0
87	0	0		0
88	0	0		0
89	0	0		0
90	0	0		0
91	0	0		0
92	0	0		0
93	0	1	0.00	1
94	0	2	0.00	2

