CpG context (R1)
================
position	count methylated	count unmethylated	% methylation	coverage
1	199	2160	8.44	2359
2	0	18	0.00	18
3	2	26	7.14	28
4	8	167	4.57	175
5	16	192	7.69	208
6	21	248	7.81	269
7	15	218	6.44	233
8	7	283	2.41	290
9	6	233	2.51	239
10	18	292	5.81	310
11	11	244	4.31	255
12	16	287	5.28	303
13	12	284	4.05	296
14	16	240	6.25	256
15	7	217	3.12	224
16	10	269	3.58	279
17	14	237	5.58	251
18	10	238	4.03	248
19	13	302	4.13	315
20	12	221	5.15	233
21	9	229	3.78	238
22	15	281	5.07	296
23	13	243	5.08	256
24	16	229	6.53	245
25	13	307	4.06	320
26	17	301	5.35	318
27	8	287	2.71	295
28	23	258	8.19	281
29	6	248	2.36	254
30	21	250	7.75	271
31	15	273	5.21	288
32	21	310	6.34	331
33	4	235	1.67	239
34	17	249	6.39	266
35	16	285	5.32	301
36	11	214	4.89	225
37	16	272	5.56	288
38	12	232	4.92	244
39	13	239	5.16	252
40	8	254	3.05	262
41	16	227	6.58	243
42	9	259	3.36	268
43	13	256	4.83	269
44	20	247	7.49	267
45	10	239	4.02	249
46	16	251	5.99	267
47	12	276	4.17	288
48	14	242	5.47	256
49	22	212	9.40	234
50	9	234	3.70	243
51	17	226	7.00	243
52	9	260	3.35	269
53	12	242	4.72	254
54	11	246	4.28	257
55	15	280	5.08	295
56	13	247	5.00	260
57	14	230	5.74	244
58	14	244	5.43	258
59	10	272	3.55	282
60	10	226	4.24	236
61	8	239	3.24	247
62	14	231	5.71	245
63	22	226	8.87	248
64	17	244	6.51	261
65	14	240	5.51	254
66	16	235	6.37	251
67	11	208	5.02	219
68	10	197	4.83	207
69	4	177	2.21	181
70	14	235	5.62	249
71	13	281	4.42	294
72	5	246	1.99	251
73	12	229	4.98	241
74	7	225	3.02	232
75	11	159	6.47	170
76	12	191	5.91	203
77	8	237	3.27	245
78	9	180	4.76	189
79	10	212	4.50	222
80	7	179	3.76	186
81	7	181	3.72	188
82	5	192	2.54	197
83	6	131	4.38	137
84	7	166	4.05	173
85	6	201	2.90	207
86	6	156	3.70	162
87	3	183	1.61	186
88	5	135	3.57	140
89	10	148	6.33	158
90	1	134	0.74	135
91	7	131	5.07	138
92	4	134	2.90	138
93	7	137	4.86	144
94	5	123	3.91	128
95	12	109	9.92	121
96	8	102	7.27	110
97	2	137	1.44	139
98	8	103	7.21	111
99	3	39	7.14	42
100	2	5	28.57	7
101	0	3	0.00	3
102	0	3	0.00	3
103	0	5	0.00	5
104	0	6	0.00	6
105	0	7	0.00	7
106	0	8	0.00	8
107	0	3	0.00	3
108	1	5	16.67	6
109	0	3	0.00	3
110	0	5	0.00	5
111	1	0	100.00	1
112	0	2	0.00	2
113	0	1	0.00	1
114	0	4	0.00	4
115	0	4	0.00	4
116	0	1	0.00	1
117	0	2	0.00	2
118	0	0		0
119	0	4	0.00	4
120	0	0		0
121	0	3	0.00	3
122	0	1	0.00	1
123	0	2	0.00	2
124	0	0		0
125	1	4	20.00	5
126	0	2	0.00	2
127	0	2	0.00	2
128	0	0		0
129	0	3	0.00	3
130	0	1	0.00	1
131	0	2	0.00	2
132	0	2	0.00	2
133	0	0		0
134	0	1	0.00	1
135	0	0		0
136	0	0		0
137	0	2	0.00	2
138	0	0		0
139	0	0		0
140	0	1	0.00	1
141	0	0		0
142	0	0		0
143	0	1	0.00	1
144	0	0		0
145	1	0	100.00	1

CHG context (R1)
================
position	count methylated	count unmethylated	% methylation	coverage
1	1	13	7.14	14
2	0	32	0.00	32
3	0	11	0.00	11
4	1	139	0.71	140
5	2	178	1.11	180
6	1	243	0.41	244
7	0	261	0.00	261
8	1	210	0.47	211
9	1	249	0.40	250
10	0	212	0.00	212
11	1	224	0.44	225
12	0	206	0.00	206
13	0	175	0.00	175
14	1	203	0.49	204
15	1	239	0.42	240
16	1	223	0.45	224
17	2	228	0.87	230
18	1	290	0.34	291
19	0	204	0.00	204
20	0	161	0.00	161
21	0	190	0.00	190
22	0	243	0.00	243
23	0	217	0.00	217
24	1	190	0.52	191
25	3	245	1.21	248
26	2	191	1.04	193
27	0	247	0.00	247
28	2	228	0.87	230
29	1	204	0.49	205
30	0	161	0.00	161
31	1	268	0.37	269
32	1	185	0.54	186
33	1	233	0.43	234
34	2	251	0.79	253
35	2	249	0.80	251
36	0	197	0.00	197
37	0	202	0.00	202
38	2	203	0.98	205
39	1	210	0.47	211
40	1	220	0.45	221
41	0	263	0.00	263
42	1	220	0.45	221
43	0	185	0.00	185
44	3	200	1.48	203
45	0	209	0.00	209
46	1	239	0.42	240
47	0	207	0.00	207
48	1	195	0.51	196
49	1	197	0.51	198
50	0	187	0.00	187
51	1	203	0.49	204
52	2	219	0.90	221
53	1	197	0.51	198
54	0	208	0.00	208
55	0	183	0.00	183
56	3	213	1.39	216
57	2	182	1.09	184
58	0	219	0.00	219
59	1	178	0.56	179
60	0	154	0.00	154
61	0	181	0.00	181
62	0	174	0.00	174
63	2	179	1.10	181
64	0	178	0.00	178
65	1	188	0.53	189
66	0	187	0.00	187
67	0	168	0.00	168
68	1	200	0.50	201
69	1	178	0.56	179
70	0	201	0.00	201
71	1	154	0.65	155
72	0	160	0.00	160
73	0	153	0.00	153
74	1	152	0.65	153
75	0	134	0.00	134
76	1	171	0.58	172
77	1	170	0.58	171
78	0	150	0.00	150
79	1	156	0.64	157
80	1	129	0.77	130
81	0	200	0.00	200
82	1	120	0.83	121
83	0	136	0.00	136
84	0	121	0.00	121
85	0	116	0.00	116
86	1	151	0.66	152
87	0	95	0.00	95
88	1	138	0.72	139
89	0	111	0.00	111
90	1	99	1.00	100
91	1	137	0.72	138
92	0	107	0.00	107
93	0	91	0.00	91
94	1	90	1.10	91
95	2	94	2.08	96
96	0	128	0.00	128
97	1	113	0.88	114
98	0	91	0.00	91
99	0	42	0.00	42
100	0	3	0.00	3
101	1	4	20.00	5
102	0	2	0.00	2
103	0	2	0.00	2
104	0	3	0.00	3
105	0	5	0.00	5
106	0	5	0.00	5
107	0	4	0.00	4
108	0	3	0.00	3
109	0	3	0.00	3
110	0	2	0.00	2
111	0	3	0.00	3
112	0	3	0.00	3
113	0	3	0.00	3
114	0	2	0.00	2
115	0	1	0.00	1
116	0	2	0.00	2
117	0	1	0.00	1
118	0	3	0.00	3
119	0	2	0.00	2
120	0	2	0.00	2
121	0	0		0
122	0	1	0.00	1
123	0	1	0.00	1
124	0	2	0.00	2
125	0	0		0
126	0	0		0
127	0	1	0.00	1
128	0	1	0.00	1
129	0	0		0
130	0	0		0
131	0	2	0.00	2
132	0	1	0.00	1
133	0	0		0
134	0	1	0.00	1
135	0	0		0
136	0	1	0.00	1
137	0	0		0
138	0	0		0
139	0	1	0.00	1
140	0	0		0
141	0	0		0
142	0	0		0
143	0	0		0
144	0	0		0
145	0	0		0

CHH context (R1)
================
position	count methylated	count unmethylated	% methylation	coverage
1	0	39	0.00	39
2	0	30	0.00	30
3	0	20	0.00	20
4	1	353	0.28	354
5	0	390	0.00	390
6	0	414	0.00	414
7	1	399	0.25	400
8	1	377	0.26	378
9	0	334	0.00	334
10	1	306	0.33	307
11	3	288	1.03	291
12	2	319	0.62	321
13	2	371	0.54	373
14	0	377	0.00	377
15	1	392	0.25	393
16	3	337	0.88	340
17	1	331	0.30	332
18	0	292	0.00	292
19	0	312	0.00	312
20	3	328	0.91	331
21	0	328	0.00	328
22	0	343	0.00	343
23	0	359	0.00	359
24	1	379	0.26	380
25	3	374	0.80	377
26	2	352	0.56	354
27	2	402	0.50	404
28	4	367	1.08	371
29	0	327	0.00	327
30	2	389	0.51	391
31	1	326	0.31	327
32	2	366	0.54	368
33	0	335	0.00	335
34	2	326	0.61	328
35	0	312	0.00	312
36	1	347	0.29	348
37	1	337	0.30	338
38	1	335	0.30	336
39	1	352	0.28	353
40	0	336	0.00	336
41	0	325	0.00	325
42	1	340	0.29	341
43	1	334	0.30	335
44	1	334	0.30	335
45	2	308	0.65	310
46	1	370	0.27	371
47	0	306	0.00	306
48	0	327	0.00	327
49	0	383	0.00	383
50	1	412	0.24	413
51	0	408	0.00	408
52	1	375	0.27	376
53	0	336	0.00	336
54	0	296	0.00	296
55	0	329	0.00	329
56	0	287	0.00	287
57	0	305	0.00	305
58	2	278	0.71	280
59	2	317	0.63	319
60	5	293	1.68	298
61	2	315	0.63	317
62	2	326	0.61	328
63	1	298	0.33	299
64	2	326	0.61	328
65	2	312	0.64	314
66	0	288	0.00	288
67	0	338	0.00	338
68	2	317	0.63	319
69	0	289	0.00	289
70	1	273	0.36	274
71	0	264	0.00	264
72	0	266	0.00	266
73	2	272	0.73	274
74	0	225	0.00	225
75	1	320	0.31	321
76	0	285	0.00	285
77	1	246	0.40	247
78	1	230	0.43	231
79	0	287	0.00	287
80	0	294	0.00	294
81	2	248	0.80	250
82	1	264	0.38	265
83	0	248	0.00	248
84	0	242	0.00	242
85	1	273	0.36	274
86	0	289	0.00	289
87	1	235	0.42	236
88	1	267	0.37	268
89	0	197	0.00	197
90	0	199	0.00	199
91	0	210	0.00	210
92	0	221	0.00	221
93	1	181	0.55	182
94	0	165	0.00	165
95	0	198	0.00	198
96	2	142	1.39	144
97	1	167	0.60	168
98	0	158	0.00	158
99	0	71	0.00	71
100	0	10	0.00	10
101	0	4	0.00	4
102	0	3	0.00	3
103	0	4	0.00	4
104	0	9	0.00	9
105	0	4	0.00	4
106	0	3	0.00	3
107	0	4	0.00	4
108	0	3	0.00	3
109	0	2	0.00	2
110	0	3	0.00	3
111	0	1	0.00	1
112	0	6	0.00	6
113	0	2	0.00	2
114	0	2	0.00	2
115	0	1	0.00	1
116	0	0		0
117	0	2	0.00	2
118	0	1	0.00	1
119	0	1	0.00	1
120	0	0		0
121	0	1	0.00	1
122	0	1	0.00	1
123	0	1	0.00	1
124	0	3	0.00	3
125	0	1	0.00	1
126	0	2	0.00	2
127	0	3	0.00	3
128	0	2	0.00	2
129	0	2	0.00	2
130	0	1	0.00	1
131	0	2	0.00	2
132	0	0		0
133	0	0		0
134	0	1	0.00	1
135	0	0		0
136	0	0		0
137	0	1	0.00	1
138	0	1	0.00	1
139	0	0		0
140	0	0		0
141	0	0		0
142	0	0		0
143	0	0		0
144	0	0		0
145	0	0		0

CpG context (R2)
================
position	count methylated	count unmethylated	% methylation	coverage
1	0	21	0.00	21
2	0	21	0.00	21
3	2	79	2.47	81
4	6	90	6.25	96
5	3	116	2.52	119
6	8	81	8.99	89
7	2	144	1.37	146
8	0	96	0.00	96
9	3	86	3.37	89
10	2	86	2.27	88
11	5	74	6.33	79
12	4	53	7.02	57
13	0	64	0.00	64
14	3	56	5.08	59
15	3	68	4.23	71
16	0	60	0.00	60
17	1	43	2.27	44
18	2	47	4.08	49
19	4	37	9.76	41
20	6	35	14.63	41
21	2	51	3.77	53
22	1	45	2.17	46
23	3	45	6.25	48
24	1	71	1.39	72
25	2	31	6.06	33
26	0	33	0.00	33
27	5	38	11.63	43
28	4	20	16.67	24
29	2	42	4.55	44
30	0	24	0.00	24
31	1	33	2.94	34
32	2	34	5.56	36
33	0	18	0.00	18
34	3	19	13.64	22
35	0	10	0.00	10
36	1	11	8.33	12
37	0	34	0.00	34
38	1	15	6.25	16
39	0	17	0.00	17
40	0	9	0.00	9
41	0	16	0.00	16
42	0	16	0.00	16
43	3	15	16.67	18
44	0	15	0.00	15
45	0	6	0.00	6
46	6	21	22.22	27
47	0	8	0.00	8
48	0	6	0.00	6
49	0	7	0.00	7
50	0	7	0.00	7
51	1	8	11.11	9
52	2	9	18.18	11
53	0	6	0.00	6
54	2	9	18.18	11
55	0	5	0.00	5
56	0	4	0.00	4
57	0	5	0.00	5
58	1	7	12.50	8
59	0	6	0.00	6
60	1	1	50.00	2
61	0	4	0.00	4
62	0	1	0.00	1
63	0	3	0.00	3
64	0	4	0.00	4
65	0	1	0.00	1
66	0	3	0.00	3
67	0	2	0.00	2
68	0	2	0.00	2
69	0	2	0.00	2
70	0	2	0.00	2
71	0	0		0
72	0	1	0.00	1
73	0	0		0
74	0	0		0
75	0	0		0
76	0	0		0
77	0	0		0
78	0	0		0
79	0	0		0
80	0	0		0
81	0	0		0
82	0	0		0
83	0	0		0
84	0	0		0
85	0	0		0
86	0	0		0
87	0	0		0
88	0	1	0.00	1
89	0	0		0
90	0	0		0
91	0	0		0
92	0	2	0.00	2
93	0	0		0
94	0	4	0.00	4
95	0	0		0
96	0	1	0.00	1
97	0	4	0.00	4

CHG context (R2)
================
position	count methylated	count unmethylated	% methylation	coverage
1	12	2120	0.56	2132
2	1	26	3.70	27
3	0	5	0.00	5
4	0	49	0.00	49
5	0	63	0.00	63
6	0	81	0.00	81
7	0	63	0.00	63
8	0	97	0.00	97
9	0	82	0.00	82
10	1	69	1.43	70
11	0	88	0.00	88
12	0	40	0.00	40
13	0	43	0.00	43
14	0	48	0.00	48
15	0	56	0.00	56
16	0	50	0.00	50
17	1	53	1.85	54
18	1	41	2.38	42
19	0	59	0.00	59
20	1	51	1.92	52
21	0	42	0.00	42
22	1	56	1.75	57
23	0	29	0.00	29
24	0	21	0.00	21
25	0	42	0.00	42
26	0	14	0.00	14
27	0	19	0.00	19
28	0	23	0.00	23
29	1	22	4.35	23
30	0	25	0.00	25
31	0	23	0.00	23
32	0	16	0.00	16
33	0	34	0.00	34
34	0	28	0.00	28
35	0	37	0.00	37
36	0	18	0.00	18
37	0	11	0.00	11
38	0	11	0.00	11
39	0	16	0.00	16
40	0	24	0.00	24
41	0	20	0.00	20
42	0	4	0.00	4
43	0	12	0.00	12
44	0	6	0.00	6
45	0	11	0.00	11
46	0	6	0.00	6
47	0	13	0.00	13
48	0	8	0.00	8
49	1	8	11.11	9
50	0	12	0.00	12
51	0	6	0.00	6
52	1	14	6.67	15
53	0	6	0.00	6
54	0	2	0.00	2
55	0	12	0.00	12
56	0	4	0.00	4
57	0	0		0
58	0	5	0.00	5
59	0	2	0.00	2
60	0	8	0.00	8
61	0	1	0.00	1
62	0	1	0.00	1
63	0	4	0.00	4
64	0	2	0.00	2
65	0	0		0
66	0	1	0.00	1
67	0	2	0.00	2
68	0	0		0
69	0	0		0
70	0	1	0.00	1
71	0	2	0.00	2
72	0	3	0.00	3
73	0	1	0.00	1
74	0	0		0
75	0	3	0.00	3
76	0	0		0
77	0	0		0
78	0	4	0.00	4
79	0	0		0
80	0	1	0.00	1
81	0	0		0
82	0	0		0
83	0	1	0.00	1
84	0	0		0
85	0	0		0
86	0	0		0
87	0	3	0.00	3
88	0	0		0
89	0	1	0.00	1
90	0	0		0
91	0	0		0
92	0	0		0
93	0	0		0
94	0	0		0
95	0	0		0
96	0	0		0
97	0	0		0

CHH context (R2)
================
position	count methylated	count unmethylated	% methylation	coverage
1	0	8	0.00	8
2	3	1015	0.29	1018
3	1	265	0.38	266
4	0	187	0.00	187
5	3	163	1.81	166
6	0	110	0.00	110
7	0	94	0.00	94
8	1	133	0.75	134
9	1	113	0.88	114
10	0	135	0.00	135
11	0	99	0.00	99
12	0	119	0.00	119
13	1	73	1.35	74
14	0	104	0.00	104
15	0	88	0.00	88
16	0	67	0.00	67
17	0	85	0.00	85
18	0	73	0.00	73
19	0	72	0.00	72
20	0	56	0.00	56
21	0	54	0.00	54
22	0	47	0.00	47
23	0	50	0.00	50
24	0	45	0.00	45
25	0	42	0.00	42
26	0	37	0.00	37
27	0	34	0.00	34
28	0	27	0.00	27
29	0	45	0.00	45
30	0	36	0.00	36
31	0	22	0.00	22
32	0	27	0.00	27
33	0	17	0.00	17
34	1	24	4.00	25
35	0	37	0.00	37
36	0	26	0.00	26
37	0	17	0.00	17
38	0	29	0.00	29
39	0	14	0.00	14
40	0	20	0.00	20
41	0	18	0.00	18
42	0	17	0.00	17
43	0	14	0.00	14
44	0	29	0.00	29
45	0	15	0.00	15
46	0	19	0.00	19
47	0	13	0.00	13
48	0	9	0.00	9
49	0	11	0.00	11
50	0	11	0.00	11
51	0	11	0.00	11
52	1	12	7.69	13
53	0	14	0.00	14
54	0	10	0.00	10
55	0	5	0.00	5
56	0	10	0.00	10
57	0	5	0.00	5
58	0	2	0.00	2
59	0	0		0
60	0	5	0.00	5
61	1	8	11.11	9
62	0	5	0.00	5
63	0	1	0.00	1
64	0	1	0.00	1
65	0	0		0
66	0	0		0
67	0	0		0
68	0	2	0.00	2
69	0	0		0
70	0	0		0
71	0	0		0
72	0	1	0.00	1
73	0	1	0.00	1
74	0	1	0.00	1
75	0	1	0.00	1
76	0	0		0
77	0	1	0.00	1
78	0	1	0.00	1
79	0	3	0.00	3
80	0	0		0
81	0	0		0
82	0	0		0
83	0	0		0
84	0	1	0.00	1
85	0	1	0.00	1
86	0	0		0
87	0	0		0
88	0	0		0
89	0	0		0
90	0	0		0
91	0	0		0
92	0	0		0
93	0	0		0
94	0	0		0
95	0	0		0
96	0	0		0
97	0	0		0

