CpG context (R1)
================
position	count methylated	count unmethylated	% methylation	coverage
1	211	2159	8.90	2370
2	1	17	5.56	18
3	1	24	4.00	25
4	11	167	6.18	178
5	16	205	7.24	221
6	14	264	5.04	278
7	7	215	3.15	222
8	20	273	6.83	293
9	7	229	2.97	236
10	11	254	4.15	265
11	15	229	6.15	244
12	18	309	5.50	327
13	15	267	5.32	282
14	15	254	5.58	269
15	12	238	4.80	250
16	16	285	5.32	301
17	8	243	3.19	251
18	7	261	2.61	268
19	18	285	5.94	303
20	6	234	2.50	240
21	12	216	5.26	228
22	12	264	4.35	276
23	16	249	6.04	265
24	12	260	4.41	272
25	10	303	3.19	313
26	10	296	3.27	306
27	13	272	4.56	285
28	19	249	7.09	268
29	7	272	2.51	279
30	11	289	3.67	300
31	8	290	2.68	298
32	14	290	4.61	304
33	8	236	3.28	244
34	18	270	6.25	288
35	11	282	3.75	293
36	18	216	7.69	234
37	10	264	3.65	274
38	14	209	6.28	223
39	17	231	6.85	248
40	14	249	5.32	263
41	13	246	5.02	259
42	12	257	4.46	269
43	15	244	5.79	259
44	12	233	4.90	245
45	19	280	6.35	299
46	16	228	6.56	244
47	19	282	6.31	301
48	16	224	6.67	240
49	20	257	7.22	277
50	19	223	7.85	242
51	14	215	6.11	229
52	16	236	6.35	252
53	13	209	5.86	222
54	15	231	6.10	246
55	22	268	7.59	290
56	10	204	4.67	214
57	12	255	4.49	267
58	22	226	8.87	248
59	12	275	4.18	287
60	10	227	4.22	237
61	10	236	4.07	246
62	21	239	8.08	260
63	15	202	6.91	217
64	14	266	5.00	280
65	16	229	6.53	245
66	22	254	7.97	276
67	5	206	2.37	211
68	12	212	5.36	224
69	7	191	3.54	198
70	8	223	3.46	231
71	17	233	6.80	250
72	1	229	0.43	230
73	18	220	7.56	238
74	7	182	3.70	189
75	8	187	4.10	195
76	11	222	4.72	233
77	8	209	3.69	217
78	8	195	3.94	203
79	8	240	3.23	248
80	7	196	3.45	203
81	10	150	6.25	160
82	6	208	2.80	214
83	5	153	3.16	158
84	4	162	2.41	166
85	7	168	4.00	175
86	8	171	4.47	179
87	4	162	2.41	166
88	7	121	5.47	128
89	11	151	6.79	162
90	2	121	1.63	123
91	6	149	3.87	155
92	7	150	4.46	157
93	5	115	4.17	120
94	4	128	3.03	132
95	6	109	5.22	115
96	7	115	5.74	122
97	6	125	4.58	131
98	5	107	4.46	112
99	1	55	1.79	56
100	0	13	0.00	13
101	0	4	0.00	4
102	0	6	0.00	6
103	0	10	0.00	10
104	0	7	0.00	7
105	0	5	0.00	5
106	0	7	0.00	7
107	0	4	0.00	4
108	0	7	0.00	7
109	0	9	0.00	9
110	0	5	0.00	5
111	1	9	10.00	10
112	0	5	0.00	5
113	0	3	0.00	3
114	0	3	0.00	3
115	0	2	0.00	2
116	0	3	0.00	3
117	0	4	0.00	4
118	0	3	0.00	3
119	0	1	0.00	1
120	0	2	0.00	2
121	0	2	0.00	2
122	1	3	25.00	4
123	0	2	0.00	2
124	0	4	0.00	4
125	1	4	20.00	5
126	0	5	0.00	5
127	0	1	0.00	1
128	0	1	0.00	1
129	0	4	0.00	4
130	0	2	0.00	2
131	0	1	0.00	1
132	0	3	0.00	3
133	0	2	0.00	2
134	0	1	0.00	1
135	0	1	0.00	1
136	0	2	0.00	2
137	0	1	0.00	1
138	0	0		0
139	0	0		0
140	0	1	0.00	1
141	0	1	0.00	1
142	0	0		0
143	0	1	0.00	1
144	0	0		0
145	1	0	100.00	1
146	0	1	0.00	1
147	0	0		0
148	0	0		0

CHG context (R1)
================
position	count methylated	count unmethylated	% methylation	coverage
1	0	15	0.00	15
2	1	18	5.26	19
3	0	13	0.00	13
4	1	134	0.74	135
5	1	190	0.52	191
6	1	220	0.45	221
7	5	255	1.92	260
8	2	247	0.80	249
9	1	229	0.43	230
10	1	204	0.49	205
11	1	231	0.43	232
12	0	201	0.00	201
13	3	199	1.49	202
14	0	208	0.00	208
15	1	262	0.38	263
16	0	225	0.00	225
17	1	245	0.41	246
18	0	263	0.00	263
19	2	219	0.90	221
20	0	149	0.00	149
21	0	228	0.00	228
22	0	254	0.00	254
23	1	196	0.51	197
24	2	186	1.06	188
25	0	230	0.00	230
26	1	190	0.52	191
27	0	233	0.00	233
28	0	263	0.00	263
29	0	205	0.00	205
30	1	183	0.54	184
31	1	222	0.45	223
32	0	191	0.00	191
33	3	233	1.27	236
34	0	230	0.00	230
35	1	201	0.50	202
36	1	226	0.44	227
37	1	192	0.52	193
38	0	211	0.00	211
39	0	242	0.00	242
40	0	208	0.00	208
41	0	251	0.00	251
42	1	225	0.44	226
43	2	226	0.88	228
44	1	244	0.41	245
45	0	216	0.00	216
46	2	222	0.89	224
47	1	188	0.53	189
48	2	211	0.94	213
49	0	218	0.00	218
50	1	215	0.46	216
51	1	250	0.40	251
52	1	249	0.40	250
53	1	202	0.49	203
54	3	164	1.80	167
55	1	158	0.63	159
56	0	244	0.00	244
57	0	231	0.00	231
58	0	181	0.00	181
59	1	196	0.51	197
60	0	157	0.00	157
61	3	209	1.42	212
62	3	145	2.03	148
63	0	171	0.00	171
64	0	178	0.00	178
65	2	207	0.96	209
66	0	183	0.00	183
67	1	182	0.55	183
68	0	212	0.00	212
69	0	200	0.00	200
70	1	191	0.52	192
71	0	170	0.00	170
72	0	156	0.00	156
73	0	143	0.00	143
74	0	179	0.00	179
75	2	155	1.27	157
76	1	158	0.63	159
77	1	199	0.50	200
78	0	162	0.00	162
79	0	144	0.00	144
80	1	129	0.77	130
81	0	187	0.00	187
82	0	144	0.00	144
83	0	151	0.00	151
84	0	141	0.00	141
85	0	127	0.00	127
86	0	143	0.00	143
87	0	128	0.00	128
88	2	152	1.30	154
89	1	113	0.88	114
90	1	115	0.86	116
91	0	166	0.00	166
92	0	93	0.00	93
93	1	88	1.12	89
94	1	117	0.85	118
95	0	108	0.00	108
96	1	115	0.86	116
97	0	103	0.00	103
98	0	102	0.00	102
99	0	54	0.00	54
100	0	5	0.00	5
101	0	2	0.00	2
102	0	5	0.00	5
103	0	9	0.00	9
104	0	4	0.00	4
105	0	4	0.00	4
106	0	4	0.00	4
107	0	2	0.00	2
108	0	9	0.00	9
109	0	2	0.00	2
110	0	1	0.00	1
111	0	5	0.00	5
112	0	4	0.00	4
113	0	1	0.00	1
114	0	2	0.00	2
115	0	5	0.00	5
116	0	3	0.00	3
117	0	2	0.00	2
118	0	2	0.00	2
119	0	4	0.00	4
120	0	1	0.00	1
121	0	4	0.00	4
122	0	0		0
123	0	1	0.00	1
124	0	1	0.00	1
125	0	0		0
126	0	0		0
127	0	1	0.00	1
128	0	5	0.00	5
129	0	0		0
130	0	3	0.00	3
131	0	0		0
132	0	1	0.00	1
133	0	0		0
134	0	0		0
135	0	1	0.00	1
136	0	2	0.00	2
137	0	0		0
138	0	0		0
139	0	2	0.00	2
140	0	1	0.00	1
141	0	0		0
142	0	0		0
143	0	0		0
144	0	0		0
145	0	0		0
146	0	0		0
147	0	0		0
148	0	1	0.00	1

CHH context (R1)
================
position	count methylated	count unmethylated	% methylation	coverage
1	0	37	0.00	37
2	0	32	0.00	32
3	0	27	0.00	27
4	3	344	0.86	347
5	2	424	0.47	426
6	3	457	0.65	460
7	0	388	0.00	388
8	0	371	0.00	371
9	1	313	0.32	314
10	3	323	0.92	326
11	5	302	1.63	307
12	1	303	0.33	304
13	1	391	0.26	392
14	2	394	0.51	396
15	0	374	0.00	374
16	0	351	0.00	351
17	0	338	0.00	338
18	1	306	0.33	307
19	0	280	0.00	280
20	2	332	0.60	334
21	1	347	0.29	348
22	2	337	0.59	339
23	1	326	0.31	327
24	1	351	0.28	352
25	2	383	0.52	385
26	2	386	0.52	388
27	2	361	0.55	363
28	0	415	0.00	415
29	1	319	0.31	320
30	3	387	0.77	390
31	1	347	0.29	348
32	1	384	0.26	385
33	1	330	0.30	331
34	1	321	0.31	322
35	3	340	0.87	343
36	1	368	0.27	369
37	1	373	0.27	374
38	1	363	0.27	364
39	1	318	0.31	319
40	0	314	0.00	314
41	0	347	0.00	347
42	2	345	0.58	347
43	1	338	0.29	339
44	1	319	0.31	320
45	1	299	0.33	300
46	3	324	0.92	327
47	2	320	0.62	322
48	1	322	0.31	323
49	1	389	0.26	390
50	1	397	0.25	398
51	0	402	0.00	402
52	1	337	0.30	338
53	1	331	0.30	332
54	0	297	0.00	297
55	0	316	0.00	316
56	0	287	0.00	287
57	1	271	0.37	272
58	1	282	0.35	283
59	1	337	0.30	338
60	2	316	0.63	318
61	0	323	0.00	323
62	1	377	0.26	378
63	1	328	0.30	329
64	1	384	0.26	385
65	4	331	1.19	335
66	4	287	1.37	291
67	0	317	0.00	317
68	0	337	0.00	337
69	0	325	0.00	325
70	0	286	0.00	286
71	1	282	0.35	283
72	0	243	0.00	243
73	0	312	0.00	312
74	1	253	0.39	254
75	1	300	0.33	301
76	1	309	0.32	310
77	0	276	0.00	276
78	1	263	0.38	264
79	0	252	0.00	252
80	0	312	0.00	312
81	1	280	0.36	281
82	1	256	0.39	257
83	1	227	0.44	228
84	1	234	0.43	235
85	0	257	0.00	257
86	0	274	0.00	274
87	3	226	1.31	229
88	2	236	0.84	238
89	1	205	0.49	206
90	3	190	1.55	193
91	0	199	0.00	199
92	1	191	0.52	192
93	0	172	0.00	172
94	0	170	0.00	170
95	2	194	1.02	196
96	0	152	0.00	152
97	1	171	0.58	172
98	1	180	0.55	181
99	0	76	0.00	76
100	0	10	0.00	10
101	0	8	0.00	8
102	0	4	0.00	4
103	0	8	0.00	8
104	0	7	0.00	7
105	0	7	0.00	7
106	0	8	0.00	8
107	0	7	0.00	7
108	0	4	0.00	4
109	0	4	0.00	4
110	0	4	0.00	4
111	0	3	0.00	3
112	0	1	0.00	1
113	0	7	0.00	7
114	0	6	0.00	6
115	0	7	0.00	7
116	0	0		0
117	0	2	0.00	2
118	1	2	33.33	3
119	0	1	0.00	1
120	0	4	0.00	4
121	0	3	0.00	3
122	0	3	0.00	3
123	0	2	0.00	2
124	0	2	0.00	2
125	0	2	0.00	2
126	0	3	0.00	3
127	0	4	0.00	4
128	0	1	0.00	1
129	0	4	0.00	4
130	0	0		0
131	0	3	0.00	3
132	0	0		0
133	0	2	0.00	2
134	0	2	0.00	2
135	0	2	0.00	2
136	0	0		0
137	0	0		0
138	0	1	0.00	1
139	0	1	0.00	1
140	0	1	0.00	1
141	0	0		0
142	0	0		0
143	0	0		0
144	0	0		0
145	0	0		0
146	0	1	0.00	1
147	0	1	0.00	1
148	0	0		0

CpG context (R2)
================
position	count methylated	count unmethylated	% methylation	coverage
1	0	21	0.00	21
2	0	18	0.00	18
3	1	75	1.32	76
4	4	72	5.26	76
5	5	96	4.95	101
6	3	85	3.41	88
7	9	122	6.87	131
8	3	77	3.75	80
9	4	94	4.08	98
10	1	104	0.95	105
11	4	70	5.41	74
12	5	58	7.94	63
13	2	76	2.56	78
14	3	50	5.66	53
15	2	48	4.00	50
16	2	75	2.60	77
17	0	42	0.00	42
18	5	60	7.69	65
19	2	40	4.76	42
20	2	43	4.44	45
21	2	37	5.13	39
22	1	39	2.50	40
23	4	45	8.16	49
24	3	59	4.84	62
25	2	30	6.25	32
26	1	24	4.00	25
27	2	31	6.06	33
28	0	25	0.00	25
29	3	34	8.11	37
30	1	24	4.00	25
31	5	26	16.13	31
32	1	22	4.35	23
33	0	19	0.00	19
34	1	16	5.88	17
35	0	18	0.00	18
36	0	17	0.00	17
37	1	15	6.25	16
38	1	17	5.56	18
39	1	11	8.33	12
40	0	3	0.00	3
41	0	17	0.00	17
42	0	6	0.00	6
43	1	9	10.00	10
44	0	10	0.00	10
45	1	3	25.00	4
46	1	10	9.09	11
47	0	10	0.00	10
48	0	6	0.00	6
49	0	3	0.00	3
50	2	10	16.67	12
51	0	8	0.00	8
52	1	4	20.00	5
53	0	2	0.00	2
54	1	4	20.00	5
55	0	2	0.00	2
56	1	5	16.67	6
57	0	6	0.00	6
58	0	2	0.00	2
59	0	1	0.00	1
60	1	5	16.67	6
61	0	2	0.00	2
62	0	2	0.00	2
63	1	2	33.33	3
64	0	3	0.00	3
65	0	3	0.00	3
66	0	1	0.00	1
67	0	1	0.00	1
68	0	1	0.00	1
69	0	2	0.00	2
70	0	0		0
71	0	0		0
72	0	2	0.00	2
73	0	0		0
74	0	0		0
75	0	2	0.00	2
76	0	0		0
77	0	1	0.00	1
78	0	2	0.00	2
79	0	1	0.00	1
80	0	0		0
81	0	0		0
82	0	1	0.00	1
83	0	1	0.00	1
84	0	0		0
85	0	0		0
86	0	1	0.00	1
87	0	1	0.00	1
88	0	0		0
89	0	0		0
90	0	0		0
91	0	1	0.00	1
92	0	0		0
93	0	0		0
94	0	0		0
95	0	0		0
96	0	0		0
97	0	1	0.00	1

CHG context (R2)
================
position	count methylated	count unmethylated	% methylation	coverage
1	14	2126	0.65	2140
2	0	19	0.00	19
3	0	5	0.00	5
4	1	37	2.63	38
5	1	58	1.69	59
6	0	69	0.00	69
7	0	81	0.00	81
8	1	102	0.97	103
9	0	69	0.00	69
10	0	62	0.00	62
11	0	64	0.00	64
12	0	38	0.00	38
13	0	41	0.00	41
14	0	49	0.00	49
15	0	59	0.00	59
16	0	50	0.00	50
17	0	62	0.00	62
18	0	46	0.00	46
19	0	57	0.00	57
20	0	46	0.00	46
21	0	31	0.00	31
22	0	45	0.00	45
23	1	32	3.03	33
24	0	21	0.00	21
25	0	44	0.00	44
26	0	29	0.00	29
27	0	18	0.00	18
28	0	19	0.00	19
29	0	25	0.00	25
30	0	26	0.00	26
31	1	27	3.57	28
32	0	22	0.00	22
33	0	23	0.00	23
34	0	24	0.00	24
35	0	23	0.00	23
36	0	24	0.00	24
37	0	7	0.00	7
38	0	19	0.00	19
39	0	14	0.00	14
40	0	11	0.00	11
41	0	14	0.00	14
42	0	8	0.00	8
43	0	5	0.00	5
44	0	5	0.00	5
45	0	10	0.00	10
46	0	1	0.00	1
47	0	12	0.00	12
48	0	9	0.00	9
49	0	2	0.00	2
50	0	12	0.00	12
51	0	6	0.00	6
52	0	6	0.00	6
53	0	5	0.00	5
54	0	0		0
55	0	3	0.00	3
56	0	3	0.00	3
57	0	0		0
58	0	2	0.00	2
59	0	4	0.00	4
60	0	3	0.00	3
61	0	2	0.00	2
62	0	0		0
63	0	2	0.00	2
64	0	1	0.00	1
65	0	0		0
66	0	0		0
67	0	1	0.00	1
68	0	0		0
69	0	0		0
70	0	5	0.00	5
71	0	0		0
72	0	0		0
73	0	2	0.00	2
74	0	0		0
75	0	0		0
76	0	0		0
77	0	2	0.00	2
78	0	0		0
79	0	0		0
80	0	1	0.00	1
81	0	0		0
82	0	0		0
83	0	0		0
84	0	1	0.00	1
85	0	0		0
86	0	1	0.00	1
87	0	0		0
88	0	0		0
89	0	0		0
90	0	1	0.00	1
91	0	0		0
92	0	0		0
93	0	0		0
94	0	0		0
95	0	1	0.00	1
96	0	0		0
97	0	0		0

CHH context (R2)
================
position	count methylated	count unmethylated	% methylation	coverage
1	0	13	0.00	13
2	4	965	0.41	969
3	1	285	0.35	286
4	0	177	0.00	177
5	1	149	0.67	150
6	0	107	0.00	107
7	0	94	0.00	94
8	0	128	0.00	128
9	0	118	0.00	118
10	2	124	1.59	126
11	0	87	0.00	87
12	1	85	1.16	86
13	1	80	1.23	81
14	0	91	0.00	91
15	1	61	1.61	62
16	0	69	0.00	69
17	0	66	0.00	66
18	0	80	0.00	80
19	1	76	1.30	77
20	1	71	1.39	72
21	0	52	0.00	52
22	0	46	0.00	46
23	0	49	0.00	49
24	0	30	0.00	30
25	0	46	0.00	46
26	1	42	2.33	43
27	0	48	0.00	48
28	0	38	0.00	38
29	0	33	0.00	33
30	0	34	0.00	34
31	0	36	0.00	36
32	0	31	0.00	31
33	0	25	0.00	25
34	0	21	0.00	21
35	0	33	0.00	33
36	0	24	0.00	24
37	0	23	0.00	23
38	0	24	0.00	24
39	0	11	0.00	11
40	0	20	0.00	20
41	0	17	0.00	17
42	0	24	0.00	24
43	0	19	0.00	19
44	0	25	0.00	25
45	0	21	0.00	21
46	0	18	0.00	18
47	1	14	6.67	15
48	0	9	0.00	9
49	0	13	0.00	13
50	0	7	0.00	7
51	0	13	0.00	13
52	1	13	7.14	14
53	0	10	0.00	10
54	0	11	0.00	11
55	0	6	0.00	6
56	0	6	0.00	6
57	0	3	0.00	3
58	0	3	0.00	3
59	0	4	0.00	4
60	0	0		0
61	0	0		0
62	0	3	0.00	3
63	0	1	0.00	1
64	0	3	0.00	3
65	0	3	0.00	3
66	0	1	0.00	1
67	0	3	0.00	3
68	0	1	0.00	1
69	0	0		0
70	0	0		0
71	0	3	0.00	3
72	0	0		0
73	0	1	0.00	1
74	0	2	0.00	2
75	0	0		0
76	0	0		0
77	0	0		0
78	0	1	0.00	1
79	0	2	0.00	2
80	0	1	0.00	1
81	0	0		0
82	0	0		0
83	0	0		0
84	0	0		0
85	0	1	0.00	1
86	0	0		0
87	0	1	0.00	1
88	0	0		0
89	0	1	0.00	1
90	0	0		0
91	0	0		0
92	0	0		0
93	0	0		0
94	0	0		0
95	0	0		0
96	0	0		0
97	0	0		0

