CpG context (R1)
================
position	count methylated	count unmethylated	% methylation	coverage
1	216	2151	9.13	2367
2	0	14	0.00	14
3	2	10	16.67	12
4	14	186	7.00	200
5	12	184	6.12	196
6	13	266	4.66	279
7	9	224	3.86	233
8	10	257	3.75	267
9	7	222	3.06	229
10	14	279	4.78	293
11	14	229	5.76	243
12	18	275	6.14	293
13	23	296	7.21	319
14	20	215	8.51	235
15	14	253	5.24	267
16	15	283	5.03	298
17	14	226	5.83	240
18	7	265	2.57	272
19	15	299	4.78	314
20	9	197	4.37	206
21	20	214	8.55	234
22	14	270	4.93	284
23	15	236	5.98	251
24	21	239	8.08	260
25	21	264	7.37	285
26	17	295	5.45	312
27	14	263	5.05	277
28	18	256	6.57	274
29	14	268	4.96	282
30	11	269	3.93	280
31	15	278	5.12	293
32	18	278	6.08	296
33	9	217	3.98	226
34	23	236	8.88	259
35	17	291	5.52	308
36	14	220	5.98	234
37	20	273	6.83	293
38	31	233	11.74	264
39	11	222	4.72	233
40	8	287	2.71	295
41	13	248	4.98	261
42	18	281	6.02	299
43	12	266	4.32	278
44	17	233	6.80	250
45	22	274	7.43	296
46	19	239	7.36	258
47	14	255	5.20	269
48	9	253	3.44	262
49	17	215	7.33	232
50	18	233	7.17	251
51	12	250	4.58	262
52	13	254	4.87	267
53	10	245	3.92	255
54	13	236	5.22	249
55	12	257	4.46	269
56	12	231	4.94	243
57	6	187	3.11	193
58	14	238	5.56	252
59	17	251	6.34	268
60	8	244	3.17	252
61	10	237	4.05	247
62	16	229	6.53	245
63	16	194	7.62	210
64	15	225	6.25	240
65	15	266	5.34	281
66	16	243	6.18	259
67	12	219	5.19	231
68	8	220	3.51	228
69	10	195	4.88	205
70	16	214	6.96	230
71	18	248	6.77	266
72	11	233	4.51	244
73	13	207	5.91	220
74	12	199	5.69	211
75	14	165	7.82	179
76	8	211	3.65	219
77	8	200	3.85	208
78	13	218	5.63	231
79	9	216	4.00	225
80	9	185	4.64	194
81	9	169	5.06	178
82	13	194	6.28	207
83	14	155	8.28	169
84	6	171	3.39	177
85	7	170	3.95	177
86	9	163	5.23	172
87	12	169	6.63	181
88	6	130	4.41	136
89	2	142	1.39	144
90	6	120	4.76	126
91	8	140	5.41	148
92	7	131	5.07	138
93	7	124	5.34	131
94	8	142	5.33	150
95	5	106	4.50	111
96	13	101	11.40	114
97	3	137	2.14	140
98	4	103	3.74	107
99	2	55	3.51	57
100	1	7	12.50	8
101	0	10	0.00	10
102	3	3	50.00	6
103	2	7	22.22	9
104	0	2	0.00	2
105	0	1	0.00	1
106	1	9	10.00	10
107	0	1	0.00	1
108	2	4	33.33	6
109	0	6	0.00	6
110	0	0		0
111	1	5	16.67	6
112	1	4	20.00	5
113	0	1	0.00	1
114	0	2	0.00	2
115	1	4	20.00	5
116	0	1	0.00	1
117	1	2	33.33	3
118	0	0		0
119	0	1	0.00	1
120	0	1	0.00	1
121	1	2	33.33	3
122	0	4	0.00	4
123	0	2	0.00	2
124	0	4	0.00	4
125	0	2	0.00	2
126	1	3	25.00	4
127	0	2	0.00	2
128	1	1	50.00	2
129	1	3	25.00	4
130	1	1	50.00	2
131	0	0		0
132	0	1	0.00	1
133	0	0		0
134	0	1	0.00	1
135	0	0		0
136	0	0		0
137	0	1	0.00	1
138	0	1	0.00	1
139	0	2	0.00	2
140	0	0		0
141	0	3	0.00	3
142	1	1	50.00	2
143	0	2	0.00	2
144	0	1	0.00	1
145	0	2	0.00	2
146	0	0		0
147	0	0		0

CHG context (R1)
================
position	count methylated	count unmethylated	% methylation	coverage
1	0	15	0.00	15
2	0	24	0.00	24
3	0	16	0.00	16
4	0	135	0.00	135
5	0	209	0.00	209
6	2	230	0.86	232
7	1	255	0.39	256
8	0	225	0.00	225
9	0	233	0.00	233
10	0	212	0.00	212
11	0	261	0.00	261
12	0	185	0.00	185
13	2	199	1.00	201
14	0	200	0.00	200
15	1	219	0.45	220
16	1	209	0.48	210
17	2	249	0.80	251
18	2	263	0.75	265
19	0	171	0.00	171
20	0	166	0.00	166
21	1	239	0.42	240
22	0	221	0.00	221
23	0	208	0.00	208
24	2	196	1.01	198
25	0	232	0.00	232
26	1	197	0.51	198
27	0	227	0.00	227
28	0	279	0.00	279
29	2	177	1.12	179
30	1	170	0.58	171
31	2	210	0.94	212
32	0	200	0.00	200
33	1	229	0.43	230
34	2	230	0.86	232
35	1	248	0.40	249
36	0	220	0.00	220
37	1	176	0.56	177
38	0	181	0.00	181
39	1	208	0.48	209
40	1	216	0.46	217
41	0	251	0.00	251
42	0	232	0.00	232
43	2	184	1.08	186
44	2	233	0.85	235
45	1	194	0.51	195
46	1	220	0.45	221
47	0	187	0.00	187
48	2	219	0.90	221
49	1	236	0.42	237
50	0	184	0.00	184
51	1	176	0.56	177
52	0	233	0.00	233
53	0	212	0.00	212
54	0	169	0.00	169
55	0	185	0.00	185
56	0	192	0.00	192
57	2	220	0.90	222
58	1	237	0.42	238
59	0	190	0.00	190
60	0	167	0.00	167
61	0	187	0.00	187
62	0	168	0.00	168
63	1	180	0.55	181
64	1	220	0.45	221
65	0	194	0.00	194
66	2	162	1.22	164
67	0	167	0.00	167
68	0	206	0.00	206
69	0	160	0.00	160
70	2	204	0.97	206
71	1	157	0.63	158
72	0	171	0.00	171
73	2	167	1.18	169
74	0	148	0.00	148
75	0	162	0.00	162
76	1	168	0.59	169
77	0	189	0.00	189
78	0	167	0.00	167
79	3	129	2.27	132
80	0	140	0.00	140
81	0	178	0.00	178
82	0	134	0.00	134
83	1	142	0.70	143
84	0	137	0.00	137
85	0	100	0.00	100
86	0	175	0.00	175
87	0	129	0.00	129
88	1	116	0.85	117
89	0	112	0.00	112
90	0	113	0.00	113
91	0	159	0.00	159
92	0	94	0.00	94
93	1	80	1.23	81
94	0	101	0.00	101
95	1	103	0.96	104
96	0	107	0.00	107
97	0	120	0.00	120
98	0	94	0.00	94
99	0	44	0.00	44
100	0	4	0.00	4
101	0	3	0.00	3
102	0	2	0.00	2
103	0	7	0.00	7
104	0	3	0.00	3
105	0	11	0.00	11
106	0	2	0.00	2
107	0	3	0.00	3
108	1	3	25.00	4
109	0	1	0.00	1
110	0	1	0.00	1
111	0	2	0.00	2
112	0	1	0.00	1
113	0	1	0.00	1
114	0	2	0.00	2
115	0	2	0.00	2
116	0	1	0.00	1
117	0	0		0
118	0	0		0
119	0	1	0.00	1
120	0	4	0.00	4
121	0	5	0.00	5
122	0	2	0.00	2
123	0	3	0.00	3
124	0	1	0.00	1
125	0	0		0
126	0	1	0.00	1
127	0	2	0.00	2
128	0	0		0
129	0	0		0
130	0	2	0.00	2
131	0	0		0
132	0	1	0.00	1
133	0	0		0
134	0	1	0.00	1
135	0	2	0.00	2
136	0	3	0.00	3
137	0	0		0
138	0	0		0
139	0	1	0.00	1
140	0	0		0
141	0	0		0
142	0	0		0
143	0	0		0
144	0	0		0
145	0	0		0
146	0	0		0
147	0	3	0.00	3

CHH context (R1)
================
position	count methylated	count unmethylated	% methylation	coverage
1	1	32	3.03	33
2	0	36	0.00	36
3	0	23	0.00	23
4	1	330	0.30	331
5	4	432	0.92	436
6	1	440	0.23	441
7	3	390	0.76	393
8	2	366	0.54	368
9	1	336	0.30	337
10	1	337	0.30	338
11	2	356	0.56	358
12	1	323	0.31	324
13	0	382	0.00	382
14	4	383	1.03	387
15	0	380	0.00	380
16	3	367	0.81	370
17	2	327	0.61	329
18	0	311	0.00	311
19	1	333	0.30	334
20	2	374	0.53	376
21	3	312	0.95	315
22	0	348	0.00	348
23	1	334	0.30	335
24	1	353	0.28	354
25	0	365	0.00	365
26	3	360	0.83	363
27	1	423	0.24	424
28	1	357	0.28	358
29	1	349	0.29	350
30	0	346	0.00	346
31	2	360	0.55	362
32	3	347	0.86	350
33	1	336	0.30	337
34	2	338	0.59	340
35	1	297	0.34	298
36	1	346	0.29	347
37	2	353	0.56	355
38	0	392	0.00	392
39	2	334	0.60	336
40	1	335	0.30	336
41	1	338	0.29	339
42	0	349	0.00	349
43	0	329	0.00	329
44	1	357	0.28	358
45	1	319	0.31	320
46	0	348	0.00	348
47	3	341	0.87	344
48	1	338	0.29	339
49	2	373	0.53	375
50	1	388	0.26	389
51	1	410	0.24	411
52	2	359	0.55	361
53	0	303	0.00	303
54	0	307	0.00	307
55	0	306	0.00	306
56	1	314	0.32	315
57	0	315	0.00	315
58	1	284	0.35	285
59	1	315	0.32	316
60	2	303	0.66	305
61	0	328	0.00	328
62	0	321	0.00	321
63	0	317	0.00	317
64	2	331	0.60	333
65	1	276	0.36	277
66	1	285	0.35	286
67	0	341	0.00	341
68	1	363	0.27	364
69	0	317	0.00	317
70	2	258	0.77	260
71	1	289	0.34	290
72	0	291	0.00	291
73	1	307	0.32	308
74	1	267	0.37	268
75	1	322	0.31	323
76	1	324	0.31	325
77	1	281	0.35	282
78	1	251	0.40	252
79	0	278	0.00	278
80	0	288	0.00	288
81	2	235	0.84	237
82	1	267	0.37	268
83	1	218	0.46	219
84	1	220	0.45	221
85	2	279	0.71	281
86	1	280	0.36	281
87	1	212	0.47	213
88	0	257	0.00	257
89	2	211	0.94	213
90	0	184	0.00	184
91	1	191	0.52	192
92	0	218	0.00	218
93	1	173	0.57	174
94	1	169	0.59	170
95	0	206	0.00	206
96	0	179	0.00	179
97	0	160	0.00	160
98	0	186	0.00	186
99	1	64	1.54	65
100	0	6	0.00	6
101	0	10	0.00	10
102	0	4	0.00	4
103	0	4	0.00	4
104	0	6	0.00	6
105	0	7	0.00	7
106	0	5	0.00	5
107	0	11	0.00	11
108	0	6	0.00	6
109	0	5	0.00	5
110	0	9	0.00	9
111	0	6	0.00	6
112	0	5	0.00	5
113	0	2	0.00	2
114	0	6	0.00	6
115	0	3	0.00	3
116	1	2	33.33	3
117	0	6	0.00	6
118	0	4	0.00	4
119	0	5	0.00	5
120	0	4	0.00	4
121	0	4	0.00	4
122	0	5	0.00	5
123	0	3	0.00	3
124	0	3	0.00	3
125	0	1	0.00	1
126	0	1	0.00	1
127	0	4	0.00	4
128	0	1	0.00	1
129	0	0		0
130	0	0		0
131	0	1	0.00	1
132	0	0		0
133	0	1	0.00	1
134	0	0		0
135	0	4	0.00	4
136	0	0		0
137	0	0		0
138	0	1	0.00	1
139	0	3	0.00	3
140	0	1	0.00	1
141	0	0		0
142	0	0		0
143	0	0		0
144	0	0		0
145	0	1	0.00	1
146	0	1	0.00	1
147	0	1	0.00	1

CpG context (R2)
================
position	count methylated	count unmethylated	% methylation	coverage
1	0	14	0.00	14
2	1	20	4.76	21
3	3	51	5.56	54
4	5	67	6.94	72
5	6	92	6.12	98
6	8	88	8.33	96
7	4	112	3.45	116
8	1	77	1.28	78
9	6	75	7.41	81
10	5	79	5.95	84
11	11	72	13.25	83
12	4	58	6.45	62
13	11	65	14.47	76
14	2	33	5.71	35
15	1	45	2.17	46
16	3	46	6.12	49
17	1	32	3.03	33
18	2	36	5.26	38
19	2	28	6.67	30
20	5	41	10.87	46
21	4	35	10.26	39
22	2	32	5.88	34
23	3	45	6.25	48
24	5	43	10.42	48
25	3	39	7.14	42
26	0	29	0.00	29
27	4	25	13.79	29
28	1	18	5.26	19
29	2	42	4.55	44
30	1	22	4.35	23
31	3	16	15.79	19
32	2	27	6.90	29
33	1	6	14.29	7
34	2	21	8.70	23
35	1	9	10.00	10
36	0	16	0.00	16
37	1	17	5.56	18
38	2	22	8.33	24
39	1	11	8.33	12
40	0	11	0.00	11
41	0	12	0.00	12
42	0	13	0.00	13
43	1	15	6.25	16
44	1	20	4.76	21
45	0	1	0.00	1
46	3	11	21.43	14
47	1	7	12.50	8
48	0	8	0.00	8
49	0	6	0.00	6
50	1	5	16.67	6
51	0	4	0.00	4
52	2	6	25.00	8
53	1	4	20.00	5
54	1	5	16.67	6
55	0	4	0.00	4
56	1	2	33.33	3
57	2	1	66.67	3
58	1	8	11.11	9
59	0	5	0.00	5
60	0	0		0
61	0	1	0.00	1
62	1	0	100.00	1
63	0	0		0
64	0	1	0.00	1
65	1	0	100.00	1
66	0	1	0.00	1
67	0	1	0.00	1
68	0	0		0
69	0	1	0.00	1
70	0	0		0
71	0	3	0.00	3
72	0	1	0.00	1
73	0	0		0
74	0	0		0
75	0	3	0.00	3
76	0	0		0
77	0	3	0.00	3
78	0	0		0
79	0	0		0
80	0	0		0
81	0	0		0
82	0	0		0
83	0	0		0
84	0	0		0
85	0	0		0
86	0	0		0
87	0	0		0
88	0	0		0
89	0	0		0
90	0	0		0
91	0	0		0
92	0	0		0
93	0	0		0
94	0	0		0
95	0	2	0.00	2

CHG context (R2)
================
position	count methylated	count unmethylated	% methylation	coverage
1	15	2111	0.71	2126
2	0	21	0.00	21
3	0	11	0.00	11
4	0	43	0.00	43
5	0	68	0.00	68
6	1	85	1.16	86
7	1	76	1.30	77
8	0	92	0.00	92
9	0	78	0.00	78
10	0	57	0.00	57
11	1	65	1.52	66
12	0	44	0.00	44
13	0	43	0.00	43
14	0	41	0.00	41
15	0	48	0.00	48
16	0	53	0.00	53
17	0	56	0.00	56
18	0	46	0.00	46
19	0	35	0.00	35
20	1	40	2.44	41
21	1	42	2.33	43
22	0	52	0.00	52
23	0	21	0.00	21
24	0	19	0.00	19
25	0	37	0.00	37
26	0	25	0.00	25
27	0	11	0.00	11
28	0	17	0.00	17
29	0	24	0.00	24
30	1	29	3.33	30
31	0	29	0.00	29
32	0	18	0.00	18
33	0	23	0.00	23
34	0	23	0.00	23
35	0	23	0.00	23
36	0	16	0.00	16
37	0	14	0.00	14
38	0	9	0.00	9
39	0	12	0.00	12
40	0	19	0.00	19
41	0	13	0.00	13
42	0	7	0.00	7
43	0	5	0.00	5
44	0	4	0.00	4
45	0	11	0.00	11
46	0	1	0.00	1
47	0	7	0.00	7
48	0	11	0.00	11
49	0	12	0.00	12
50	0	13	0.00	13
51	0	4	0.00	4
52	0	10	0.00	10
53	0	6	0.00	6
54	0	2	0.00	2
55	0	4	0.00	4
56	0	6	0.00	6
57	0	1	0.00	1
58	0	3	0.00	3
59	0	2	0.00	2
60	0	9	0.00	9
61	0	0		0
62	0	2	0.00	2
63	0	3	0.00	3
64	0	3	0.00	3
65	0	0		0
66	0	0		0
67	0	2	0.00	2
68	1	2	33.33	3
69	0	0		0
70	0	1	0.00	1
71	0	0		0
72	0	0		0
73	0	2	0.00	2
74	0	0		0
75	0	0		0
76	0	0		0
77	0	0		0
78	0	0		0
79	0	0		0
80	0	0		0
81	0	0		0
82	0	0		0
83	0	0		0
84	0	0		0
85	0	0		0
86	0	0		0
87	0	0		0
88	0	0		0
89	0	0		0
90	0	0		0
91	0	0		0
92	0	0		0
93	0	0		0
94	0	0		0
95	0	0		0

CHH context (R2)
================
position	count methylated	count unmethylated	% methylation	coverage
1	0	9	0.00	9
2	5	993	0.50	998
3	2	287	0.69	289
4	0	191	0.00	191
5	0	136	0.00	136
6	1	96	1.03	97
7	0	102	0.00	102
8	1	132	0.75	133
9	2	119	1.65	121
10	2	114	1.72	116
11	0	83	0.00	83
12	0	88	0.00	88
13	0	61	0.00	61
14	0	84	0.00	84
15	0	63	0.00	63
16	0	49	0.00	49
17	1	76	1.30	77
18	0	79	0.00	79
19	0	73	0.00	73
20	0	55	0.00	55
21	0	44	0.00	44
22	0	33	0.00	33
23	0	35	0.00	35
24	0	34	0.00	34
25	0	31	0.00	31
26	0	34	0.00	34
27	0	28	0.00	28
28	0	29	0.00	29
29	0	29	0.00	29
30	0	31	0.00	31
31	0	24	0.00	24
32	0	31	0.00	31
33	0	16	0.00	16
34	0	27	0.00	27
35	0	24	0.00	24
36	0	20	0.00	20
37	0	15	0.00	15
38	0	19	0.00	19
39	0	8	0.00	8
40	0	15	0.00	15
41	0	13	0.00	13
42	0	14	0.00	14
43	0	23	0.00	23
44	0	24	0.00	24
45	0	14	0.00	14
46	1	19	5.00	20
47	0	17	0.00	17
48	0	5	0.00	5
49	0	11	0.00	11
50	0	8	0.00	8
51	0	18	0.00	18
52	0	11	0.00	11
53	0	13	0.00	13
54	0	12	0.00	12
55	0	9	0.00	9
56	0	11	0.00	11
57	0	5	0.00	5
58	0	6	0.00	6
59	0	3	0.00	3
60	0	1	0.00	1
61	0	5	0.00	5
62	0	4	0.00	4
63	0	1	0.00	1
64	0	0		0
65	0	1	0.00	1
66	0	0		0
67	0	0		0
68	0	3	0.00	3
69	0	6	0.00	6
70	0	0		0
71	0	0		0
72	0	2	0.00	2
73	0	0		0
74	0	1	0.00	1
75	0	1	0.00	1
76	0	0		0
77	0	1	0.00	1
78	0	1	0.00	1
79	0	0		0
80	0	0		0
81	0	0		0
82	0	0		0
83	0	0		0
84	0	2	0.00	2
85	0	0		0
86	0	0		0
87	0	0		0
88	0	0		0
89	0	0		0
90	0	0		0
91	0	0		0
92	0	0		0
93	0	0		0
94	0	0		0
95	0	0		0

