CpG context (R1)
================
position	count methylated	count unmethylated	% methylation	coverage
1	199	2165	8.42	2364
2	0	32	0.00	32
3	0	14	0.00	14
4	13	158	7.60	171
5	14	190	6.86	204
6	14	280	4.76	294
7	7	239	2.85	246
8	22	270	7.53	292
9	16	237	6.32	253
10	13	227	5.42	240
11	12	282	4.08	294
12	23	274	7.74	297
13	14	300	4.46	314
14	14	272	4.90	286
15	7	250	2.72	257
16	30	295	9.23	325
17	12	242	4.72	254
18	12	250	4.58	262
19	12	315	3.67	327
20	7	191	3.54	198
21	6	222	2.63	228
22	16	281	5.39	297
23	14	255	5.20	269
24	24	230	9.45	254
25	12	283	4.07	295
26	11	308	3.45	319
27	13	284	4.38	297
28	28	274	9.27	302
29	10	287	3.37	297
30	14	268	4.96	282
31	12	271	4.24	283
32	15	285	5.00	300
33	12	244	4.69	256
34	15	257	5.51	272
35	17	248	6.42	265
36	20	222	8.26	242
37	20	261	7.12	281
38	19	255	6.93	274
39	13	260	4.76	273
40	4	266	1.48	270
41	18	250	6.72	268
42	13	288	4.32	301
43	10	274	3.52	284
44	13	242	5.10	255
45	18	266	6.34	284
46	20	244	7.58	264
47	17	239	6.64	256
48	18	282	6.00	300
49	16	226	6.61	242
50	10	234	4.10	244
51	11	241	4.37	252
52	9	253	3.44	262
53	8	229	3.38	237
54	11	254	4.15	265
55	18	276	6.12	294
56	14	232	5.69	246
57	14	220	5.98	234
58	14	233	5.67	247
59	9	259	3.36	268
60	9	243	3.57	252
61	22	246	8.21	268
62	9	233	3.72	242
63	13	215	5.70	228
64	9	246	3.53	255
65	7	216	3.14	223
66	14	257	5.17	271
67	12	206	5.50	218
68	10	181	5.24	191
69	8	191	4.02	199
70	11	212	4.93	223
71	12	236	4.84	248
72	11	261	4.04	272
73	11	212	4.93	223
74	5	223	2.19	228
75	7	184	3.66	191
76	7	212	3.20	219
77	8	201	3.83	209
78	9	185	4.64	194
79	3	193	1.53	196
80	11	196	5.31	207
81	6	175	3.31	181
82	5	193	2.53	198
83	5	148	3.27	153
84	4	176	2.22	180
85	6	207	2.82	213
86	12	163	6.86	175
87	10	174	5.43	184
88	5	130	3.70	135
89	13	138	8.61	151
90	5	105	4.55	110
91	8	141	5.37	149
92	5	139	3.47	144
93	12	155	7.19	167
94	6	126	4.55	132
95	10	115	8.00	125
96	14	102	12.07	116
97	7	136	4.90	143
98	7	105	6.25	112
99	1	53	1.85	54
100	0	12	0.00	12
101	0	9	0.00	9
102	1	5	16.67	6
103	1	7	12.50	8
104	0	5	0.00	5
105	0	2	0.00	2
106	0	5	0.00	5
107	0	4	0.00	4
108	0	7	0.00	7
109	0	5	0.00	5
110	0	4	0.00	4
111	0	6	0.00	6
112	0	3	0.00	3
113	0	3	0.00	3
114	0	2	0.00	2
115	0	6	0.00	6
116	1	2	33.33	3
117	0	2	0.00	2
118	0	3	0.00	3
119	0	2	0.00	2
120	0	3	0.00	3
121	0	2	0.00	2
122	0	1	0.00	1
123	0	5	0.00	5
124	0	2	0.00	2
125	0	4	0.00	4
126	0	2	0.00	2
127	0	0		0
128	0	3	0.00	3
129	0	1	0.00	1
130	0	1	0.00	1
131	0	3	0.00	3
132	0	1	0.00	1
133	0	3	0.00	3
134	1	0	100.00	1
135	0	3	0.00	3
136	0	1	0.00	1
137	0	1	0.00	1
138	0	3	0.00	3
139	0	2	0.00	2
140	0	0		0
141	1	3	25.00	4
142	0	2	0.00	2
143	0	2	0.00	2
144	0	2	0.00	2
145	0	1	0.00	1
146	0	0		0
147	0	1	0.00	1
148	0	0		0
149	0	3	0.00	3

CHG context (R1)
================
position	count methylated	count unmethylated	% methylation	coverage
1	0	24	0.00	24
2	1	20	4.76	21
3	0	8	0.00	8
4	0	138	0.00	138
5	0	199	0.00	199
6	1	242	0.41	243
7	3	240	1.23	243
8	1	211	0.47	212
9	0	264	0.00	264
10	1	210	0.47	211
11	0	218	0.00	218
12	0	157	0.00	157
13	0	227	0.00	227
14	1	204	0.49	205
15	1	255	0.39	256
16	0	189	0.00	189
17	1	236	0.42	237
18	1	257	0.39	258
19	0	193	0.00	193
20	0	192	0.00	192
21	1	236	0.42	237
22	1	243	0.41	244
23	2	209	0.95	211
24	0	195	0.00	195
25	0	241	0.00	241
26	0	218	0.00	218
27	1	214	0.47	215
28	2	266	0.75	268
29	1	177	0.56	178
30	1	158	0.63	159
31	2	235	0.84	237
32	0	193	0.00	193
33	1	234	0.43	235
34	0	225	0.00	225
35	2	257	0.77	259
36	0	199	0.00	199
37	1	225	0.44	226
38	0	207	0.00	207
39	0	225	0.00	225
40	0	189	0.00	189
41	2	269	0.74	271
42	0	228	0.00	228
43	1	206	0.48	207
44	2	247	0.80	249
45	1	202	0.49	203
46	0	212	0.00	212
47	0	191	0.00	191
48	0	193	0.00	193
49	0	227	0.00	227
50	1	222	0.45	223
51	2	228	0.87	230
52	2	230	0.86	232
53	0	202	0.00	202
54	0	197	0.00	197
55	0	168	0.00	168
56	0	210	0.00	210
57	0	203	0.00	203
58	1	201	0.50	202
59	0	186	0.00	186
60	0	153	0.00	153
61	2	172	1.15	174
62	1	181	0.55	182
63	1	196	0.51	197
64	2	179	1.10	181
65	0	213	0.00	213
66	1	190	0.52	191
67	1	156	0.64	157
68	1	167	0.60	168
69	0	184	0.00	184
70	2	193	1.03	195
71	0	166	0.00	166
72	0	157	0.00	157
73	1	177	0.56	178
74	2	170	1.16	172
75	1	137	0.72	138
76	0	178	0.00	178
77	2	167	1.18	169
78	0	166	0.00	166
79	0	152	0.00	152
80	0	135	0.00	135
81	1	146	0.68	147
82	1	120	0.83	121
83	0	123	0.00	123
84	0	129	0.00	129
85	1	113	0.88	114
86	0	160	0.00	160
87	1	110	0.90	111
88	1	127	0.78	128
89	1	113	0.88	114
90	0	104	0.00	104
91	0	140	0.00	140
92	0	110	0.00	110
93	1	81	1.22	82
94	0	109	0.00	109
95	1	103	0.96	104
96	0	110	0.00	110
97	0	142	0.00	142
98	0	92	0.00	92
99	1	48	2.04	49
100	0	8	0.00	8
101	0	3	0.00	3
102	0	5	0.00	5
103	0	3	0.00	3
104	0	4	0.00	4
105	0	5	0.00	5
106	0	7	0.00	7
107	0	2	0.00	2
108	0	6	0.00	6
109	0	5	0.00	5
110	0	5	0.00	5
111	0	5	0.00	5
112	0	3	0.00	3
113	0	0		0
114	0	4	0.00	4
115	0	0		0
116	0	2	0.00	2
117	0	6	0.00	6
118	0	4	0.00	4
119	0	2	0.00	2
120	0	2	0.00	2
121	0	4	0.00	4
122	0	0		0
123	0	0		0
124	0	2	0.00	2
125	0	1	0.00	1
126	0	1	0.00	1
127	0	1	0.00	1
128	0	0		0
129	0	0		0
130	0	2	0.00	2
131	0	1	0.00	1
132	0	2	0.00	2
133	0	2	0.00	2
134	0	2	0.00	2
135	0	2	0.00	2
136	0	2	0.00	2
137	0	0		0
138	0	0		0
139	0	0		0
140	0	4	0.00	4
141	0	0		0
142	0	2	0.00	2
143	0	0		0
144	0	1	0.00	1
145	0	0		0
146	0	0		0
147	0	1	0.00	1
148	0	4	0.00	4
149	0	2	0.00	2

CHH context (R1)
================
position	count methylated	count unmethylated	% methylation	coverage
1	1	34	2.86	35
2	0	26	0.00	26
3	0	20	0.00	20
4	1	339	0.29	340
5	1	379	0.26	380
6	1	381	0.26	382
7	0	365	0.00	365
8	1	353	0.28	354
9	2	347	0.57	349
10	0	336	0.00	336
11	1	292	0.34	293
12	0	342	0.00	342
13	1	383	0.26	384
14	2	375	0.53	377
15	2	357	0.56	359
16	1	336	0.30	337
17	1	286	0.35	287
18	2	299	0.66	301
19	2	349	0.57	351
20	1	371	0.27	372
21	1	325	0.31	326
22	0	308	0.00	308
23	0	309	0.00	309
24	0	378	0.00	378
25	3	420	0.71	423
26	3	352	0.85	355
27	0	401	0.00	401
28	1	348	0.29	349
29	1	336	0.30	337
30	1	376	0.27	377
31	1	361	0.28	362
32	2	397	0.50	399
33	3	331	0.90	334
34	0	340	0.00	340
35	1	316	0.32	317
36	0	375	0.00	375
37	2	323	0.62	325
38	2	326	0.61	328
39	0	308	0.00	308
40	3	329	0.90	332
41	1	315	0.32	316
42	1	324	0.31	325
43	0	323	0.00	323
44	1	330	0.30	331
45	2	298	0.67	300
46	2	328	0.61	330
47	0	326	0.00	326
48	2	345	0.58	347
49	0	378	0.00	378
50	1	374	0.27	375
51	0	412	0.00	412
52	0	346	0.00	346
53	1	330	0.30	331
54	2	276	0.72	278
55	0	349	0.00	349
56	1	271	0.37	272
57	0	303	0.00	303
58	1	243	0.41	244
59	1	326	0.31	327
60	0	293	0.00	293
61	0	320	0.00	320
62	0	317	0.00	317
63	0	296	0.00	296
64	1	344	0.29	345
65	0	314	0.00	314
66	1	302	0.33	303
67	1	335	0.30	336
68	0	362	0.00	362
69	0	328	0.00	328
70	1	296	0.34	297
71	0	266	0.00	266
72	1	260	0.38	261
73	1	287	0.35	288
74	1	279	0.36	280
75	0	301	0.00	301
76	1	300	0.33	301
77	2	281	0.71	283
78	0	296	0.00	296
79	3	276	1.08	279
80	0	280	0.00	280
81	2	242	0.82	244
82	0	291	0.00	291
83	1	216	0.46	217
84	4	242	1.63	246
85	0	269	0.00	269
86	1	266	0.37	267
87	0	199	0.00	199
88	1	220	0.45	221
89	0	211	0.00	211
90	1	203	0.49	204
91	1	181	0.55	182
92	1	173	0.57	174
93	0	155	0.00	155
94	1	146	0.68	147
95	0	190	0.00	190
96	0	137	0.00	137
97	2	148	1.33	150
98	2	170	1.16	172
99	0	63	0.00	63
100	0	7	0.00	7
101	0	6	0.00	6
102	0	3	0.00	3
103	0	6	0.00	6
104	0	12	0.00	12
105	0	5	0.00	5
106	0	11	0.00	11
107	0	8	0.00	8
108	0	6	0.00	6
109	0	2	0.00	2
110	0	6	0.00	6
111	0	6	0.00	6
112	0	3	0.00	3
113	0	10	0.00	10
114	0	4	0.00	4
115	0	3	0.00	3
116	0	2	0.00	2
117	0	6	0.00	6
118	0	2	0.00	2
119	0	2	0.00	2
120	0	2	0.00	2
121	0	4	0.00	4
122	0	3	0.00	3
123	0	3	0.00	3
124	0	2	0.00	2
125	0	3	0.00	3
126	0	4	0.00	4
127	0	2	0.00	2
128	0	3	0.00	3
129	0	2	0.00	2
130	0	0		0
131	0	5	0.00	5
132	0	2	0.00	2
133	0	1	0.00	1
134	0	3	0.00	3
135	0	4	0.00	4
136	0	0		0
137	0	0		0
138	0	1	0.00	1
139	0	1	0.00	1
140	0	1	0.00	1
141	0	2	0.00	2
142	0	1	0.00	1
143	0	2	0.00	2
144	0	0		0
145	0	0		0
146	0	1	0.00	1
147	0	2	0.00	2
148	0	2	0.00	2
149	0	0		0

CpG context (R2)
================
position	count methylated	count unmethylated	% methylation	coverage
1	2	22	8.33	24
2	0	17	0.00	17
3	0	70	0.00	70
4	4	78	4.88	82
5	10	112	8.20	122
6	3	98	2.97	101
7	6	134	4.29	140
8	1	62	1.59	63
9	7	71	8.97	78
10	6	98	5.77	104
11	6	63	8.70	69
12	2	81	2.41	83
13	4	74	5.13	78
14	3	38	7.32	41
15	3	87	3.33	90
16	3	63	4.55	66
17	0	29	0.00	29
18	4	49	7.55	53
19	3	34	8.11	37
20	3	47	6.00	50
21	4	29	12.12	33
22	5	39	11.36	44
23	1	42	2.33	43
24	1	62	1.59	63
25	0	33	0.00	33
26	3	33	8.33	36
27	5	27	15.62	32
28	1	28	3.45	29
29	2	49	3.92	51
30	1	17	5.56	18
31	0	29	0.00	29
32	1	26	3.70	27
33	2	15	11.76	17
34	1	19	5.00	20
35	1	13	7.14	14
36	1	12	7.69	13
37	2	27	6.90	29
38	1	25	3.85	26
39	0	13	0.00	13
40	0	10	0.00	10
41	0	13	0.00	13
42	0	8	0.00	8
43	1	10	9.09	11
44	1	16	5.88	17
45	0	3	0.00	3
46	3	14	17.65	17
47	0	7	0.00	7
48	0	11	0.00	11
49	0	3	0.00	3
50	2	8	20.00	10
51	0	5	0.00	5
52	0	3	0.00	3
53	0	5	0.00	5
54	0	5	0.00	5
55	1	2	33.33	3
56	1	2	33.33	3
57	0	2	0.00	2
58	1	4	20.00	5
59	0	3	0.00	3
60	1	1	50.00	2
61	0	3	0.00	3
62	0	1	0.00	1
63	0	4	0.00	4
64	0	1	0.00	1
65	0	1	0.00	1
66	0	4	0.00	4
67	0	2	0.00	2
68	0	2	0.00	2
69	0	2	0.00	2
70	0	0		0
71	0	2	0.00	2
72	0	3	0.00	3
73	0	0		0
74	0	0		0
75	0	1	0.00	1
76	0	0		0
77	0	3	0.00	3
78	0	0		0
79	0	1	0.00	1
80	0	0		0
81	0	0		0
82	0	1	0.00	1
83	0	0		0
84	0	1	0.00	1
85	0	0		0
86	0	1	0.00	1
87	0	0		0
88	0	0		0
89	0	0		0
90	0	0		0
91	0	0		0

CHG context (R2)
================
position	count methylated	count unmethylated	% methylation	coverage
1	20	2117	0.94	2137
2	0	16	0.00	16
3	0	7	0.00	7
4	0	38	0.00	38
5	0	65	0.00	65
6	0	70	0.00	70
7	0	80	0.00	80
8	0	102	0.00	102
9	0	70	0.00	70
10	1	63	1.56	64
11	2	65	2.99	67
12	0	37	0.00	37
13	0	52	0.00	52
14	0	41	0.00	41
15	0	39	0.00	39
16	0	52	0.00	52
17	1	53	1.85	54
18	0	38	0.00	38
19	0	51	0.00	51
20	0	56	0.00	56
21	0	42	0.00	42
22	0	42	0.00	42
23	0	28	0.00	28
24	0	21	0.00	21
25	0	39	0.00	39
26	0	21	0.00	21
27	0	15	0.00	15
28	0	20	0.00	20
29	0	26	0.00	26
30	0	21	0.00	21
31	0	31	0.00	31
32	0	19	0.00	19
33	1	19	5.00	20
34	1	27	3.57	28
35	0	25	0.00	25
36	0	21	0.00	21
37	0	11	0.00	11
38	0	12	0.00	12
39	0	9	0.00	9
40	0	11	0.00	11
41	0	21	0.00	21
42	0	9	0.00	9
43	0	8	0.00	8
44	0	7	0.00	7
45	0	8	0.00	8
46	0	0		0
47	0	7	0.00	7
48	0	7	0.00	7
49	0	7	0.00	7
50	0	7	0.00	7
51	0	6	0.00	6
52	0	9	0.00	9
53	0	7	0.00	7
54	0	2	0.00	2
55	0	5	0.00	5
56	0	7	0.00	7
57	0	2	0.00	2
58	0	2	0.00	2
59	0	1	0.00	1
60	0	6	0.00	6
61	0	1	0.00	1
62	0	1	0.00	1
63	0	2	0.00	2
64	0	3	0.00	3
65	0	1	0.00	1
66	0	0		0
67	0	2	0.00	2
68	1	0	100.00	1
69	0	1	0.00	1
70	1	0	100.00	1
71	0	2	0.00	2
72	0	0		0
73	0	2	0.00	2
74	0	0		0
75	0	0		0
76	0	0		0
77	0	0		0
78	0	1	0.00	1
79	0	0		0
80	0	0		0
81	0	0		0
82	0	0		0
83	0	0		0
84	0	0		0
85	0	0		0
86	0	0		0
87	0	0		0
88	0	1	0.00	1
89	0	0		0
90	0	0		0
91	0	0		0

CHH context (R2)
================
position	count methylated	count unmethylated	% methylation	coverage
1	0	9	0.00	9
2	0	975	0.00	975
3	1	286	0.35	287
4	0	183	0.00	183
5	0	132	0.00	132
6	0	78	0.00	78
7	0	102	0.00	102
8	0	131	0.00	131
9	0	127	0.00	127
10	0	141	0.00	141
11	0	78	0.00	78
12	1	84	1.18	85
13	1	65	1.52	66
14	0	96	0.00	96
15	0	81	0.00	81
16	0	72	0.00	72
17	0	71	0.00	71
18	1	75	1.32	76
19	0	66	0.00	66
20	0	44	0.00	44
21	0	42	0.00	42
22	0	40	0.00	40
23	0	40	0.00	40
24	0	37	0.00	37
25	0	38	0.00	38
26	1	31	3.12	32
27	1	30	3.23	31
28	0	21	0.00	21
29	0	29	0.00	29
30	0	24	0.00	24
31	0	22	0.00	22
32	0	26	0.00	26
33	0	17	0.00	17
34	0	23	0.00	23
35	0	39	0.00	39
36	0	16	0.00	16
37	0	18	0.00	18
38	0	24	0.00	24
39	0	7	0.00	7
40	0	16	0.00	16
41	0	11	0.00	11
42	0	15	0.00	15
43	0	14	0.00	14
44	0	19	0.00	19
45	0	11	0.00	11
46	0	17	0.00	17
47	0	10	0.00	10
48	0	6	0.00	6
49	0	9	0.00	9
50	0	8	0.00	8
51	0	14	0.00	14
52	0	9	0.00	9
53	0	14	0.00	14
54	0	11	0.00	11
55	0	8	0.00	8
56	0	7	0.00	7
57	0	6	0.00	6
58	0	4	0.00	4
59	0	2	0.00	2
60	0	2	0.00	2
61	0	2	0.00	2
62	0	5	0.00	5
63	0	1	0.00	1
64	0	1	0.00	1
65	0	1	0.00	1
66	0	1	0.00	1
67	0	0		0
68	0	1	0.00	1
69	0	3	0.00	3
70	0	1	0.00	1
71	0	0		0
72	0	0		0
73	0	0		0
74	0	2	0.00	2
75	0	2	0.00	2
76	0	1	0.00	1
77	0	2	0.00	2
78	0	1	0.00	1
79	0	0		0
80	0	0		0
81	0	0		0
82	0	0		0
83	0	0		0
84	0	0		0
85	0	0		0
86	0	0		0
87	0	0		0
88	0	0		0
89	0	2	0.00	2
90	0	0		0
91	0	1	0.00	1

