CpG context (R1)
================
position	count methylated	count unmethylated	% methylation	coverage
1	203	2177	8.53	2380
2	0	11	0.00	11
3	2	19	9.52	21
4	9	190	4.52	199
5	12	198	5.71	210
6	10	260	3.70	270
7	10	220	4.35	230
8	13	261	4.74	274
9	11	247	4.26	258
10	13	259	4.78	272
11	13	257	4.81	270
12	19	270	6.57	289
13	15	266	5.34	281
14	11	249	4.23	260
15	14	227	5.81	241
16	21	274	7.12	295
17	11	236	4.45	247
18	9	247	3.52	256
19	15	290	4.92	305
20	4	219	1.79	223
21	8	228	3.39	236
22	12	275	4.18	287
23	17	248	6.42	265
24	12	236	4.84	248
25	13	292	4.26	305
26	14	318	4.22	332
27	8	265	2.93	273
28	11	275	3.85	286
29	13	283	4.39	296
30	16	243	6.18	259
31	21	281	6.95	302
32	7	275	2.48	282
33	6	201	2.90	207
34	17	241	6.59	258
35	19	264	6.71	283
36	13	198	6.16	211
37	10	245	3.92	255
38	9	261	3.33	270
39	14	243	5.45	257
40	8	273	2.85	281
41	13	256	4.83	269
42	10	292	3.31	302
43	8	233	3.32	241
44	10	231	4.15	241
45	14	273	4.88	287
46	15	214	6.55	229
47	15	254	5.58	269
48	10	271	3.56	281
49	20	240	7.69	260
50	16	233	6.43	249
51	7	230	2.95	237
52	15	221	6.36	236
53	10	235	4.08	245
54	16	248	6.06	264
55	14	281	4.75	295
56	13	232	5.31	245
57	14	235	5.62	249
58	18	238	7.03	256
59	11	289	3.67	300
60	18	216	7.69	234
61	15	233	6.05	248
62	12	245	4.67	257
63	13	228	5.39	241
64	14	210	6.25	224
65	17	274	5.84	291
66	15	228	6.17	243
67	18	213	7.79	231
68	9	216	4.00	225
69	12	207	5.48	219
70	8	208	3.70	216
71	9	250	3.47	259
72	4	207	1.90	211
73	10	238	4.03	248
74	19	187	9.22	206
75	11	156	6.59	167
76	10	181	5.24	191
77	12	230	4.96	242
78	12	192	5.88	204
79	8	222	3.48	230
80	8	185	4.15	193
81	13	181	6.70	194
82	5	207	2.36	212
83	7	132	5.04	139
84	7	175	3.85	182
85	7	191	3.54	198
86	7	190	3.55	197
87	8	172	4.44	180
88	6	104	5.45	110
89	12	162	6.90	174
90	3	145	2.03	148
91	9	139	6.08	148
92	6	131	4.38	137
93	8	131	5.76	139
94	5	122	3.94	127
95	7	116	5.69	123
96	4	101	3.81	105
97	4	127	3.05	131
98	6	97	5.83	103
99	3	46	6.12	49
100	1	14	6.67	15
101	1	5	16.67	6
102	0	3	0.00	3
103	0	10	0.00	10
104	0	5	0.00	5
105	0	5	0.00	5
106	2	5	28.57	7
107	0	5	0.00	5
108	1	7	12.50	8
109	0	11	0.00	11
110	0	5	0.00	5
111	2	5	28.57	7
112	0	6	0.00	6
113	0	3	0.00	3
114	0	3	0.00	3
115	0	2	0.00	2
116	0	5	0.00	5
117	0	7	0.00	7
118	0	3	0.00	3
119	0	3	0.00	3
120	0	2	0.00	2
121	1	5	16.67	6
122	0	4	0.00	4
123	0	5	0.00	5
124	0	0		0
125	0	1	0.00	1
126	0	2	0.00	2
127	0	1	0.00	1
128	1	1	50.00	2
129	0	0		0
130	1	2	33.33	3
131	0	2	0.00	2
132	0	3	0.00	3
133	0	0		0
134	0	1	0.00	1
135	0	2	0.00	2
136	0	1	0.00	1
137	0	2	0.00	2
138	0	1	0.00	1
139	0	0		0
140	0	0		0
141	0	1	0.00	1
142	0	0		0
143	0	0		0
144	0	2	0.00	2
145	0	1	0.00	1
146	0	1	0.00	1
147	0	0		0
148	0	0		0
149	0	0		0

CHG context (R1)
================
position	count methylated	count unmethylated	% methylation	coverage
1	0	13	0.00	13
2	0	22	0.00	22
3	0	11	0.00	11
4	0	137	0.00	137
5	1	182	0.55	183
6	0	242	0.00	242
7	1	245	0.41	246
8	1	220	0.45	221
9	0	229	0.00	229
10	2	199	1.00	201
11	1	233	0.43	234
12	1	199	0.50	200
13	2	222	0.89	224
14	1	197	0.51	198
15	2	220	0.90	222
16	1	208	0.48	209
17	2	241	0.82	243
18	0	271	0.00	271
19	1	202	0.49	203
20	1	157	0.63	158
21	3	235	1.26	238
22	0	236	0.00	236
23	1	200	0.50	201
24	2	171	1.16	173
25	0	237	0.00	237
26	0	203	0.00	203
27	0	267	0.00	267
28	2	233	0.85	235
29	1	182	0.55	183
30	0	189	0.00	189
31	1	254	0.39	255
32	3	199	1.49	202
33	0	250	0.00	250
34	2	254	0.78	256
35	0	205	0.00	205
36	0	199	0.00	199
37	0	212	0.00	212
38	3	183	1.61	186
39	1	208	0.48	209
40	2	210	0.94	212
41	2	236	0.84	238
42	1	195	0.51	196
43	0	216	0.00	216
44	1	242	0.41	243
45	1	200	0.50	201
46	0	203	0.00	203
47	1	190	0.52	191
48	0	223	0.00	223
49	0	220	0.00	220
50	0	201	0.00	201
51	1	233	0.43	234
52	0	234	0.00	234
53	0	211	0.00	211
54	0	188	0.00	188
55	0	168	0.00	168
56	0	240	0.00	240
57	0	199	0.00	199
58	0	229	0.00	229
59	0	188	0.00	188
60	3	140	2.10	143
61	0	177	0.00	177
62	1	187	0.53	188
63	2	157	1.26	159
64	0	208	0.00	208
65	0	200	0.00	200
66	0	182	0.00	182
67	0	180	0.00	180
68	1	191	0.52	192
69	0	217	0.00	217
70	1	190	0.52	191
71	1	145	0.68	146
72	0	178	0.00	178
73	0	179	0.00	179
74	0	156	0.00	156
75	0	143	0.00	143
76	0	195	0.00	195
77	0	188	0.00	188
78	1	169	0.59	170
79	0	155	0.00	155
80	1	131	0.76	132
81	0	199	0.00	199
82	0	123	0.00	123
83	0	129	0.00	129
84	0	125	0.00	125
85	1	133	0.75	134
86	0	174	0.00	174
87	0	112	0.00	112
88	2	127	1.55	129
89	1	124	0.80	125
90	0	102	0.00	102
91	0	134	0.00	134
92	0	99	0.00	99
93	1	84	1.18	85
94	0	113	0.00	113
95	0	103	0.00	103
96	0	108	0.00	108
97	0	115	0.00	115
98	0	102	0.00	102
99	0	39	0.00	39
100	0	12	0.00	12
101	0	6	0.00	6
102	0	8	0.00	8
103	0	5	0.00	5
104	0	5	0.00	5
105	0	6	0.00	6
106	0	8	0.00	8
107	0	1	0.00	1
108	0	7	0.00	7
109	0	1	0.00	1
110	0	2	0.00	2
111	0	4	0.00	4
112	0	3	0.00	3
113	0	2	0.00	2
114	0	2	0.00	2
115	0	3	0.00	3
116	0	3	0.00	3
117	0	2	0.00	2
118	0	1	0.00	1
119	0	3	0.00	3
120	0	4	0.00	4
121	0	1	0.00	1
122	0	4	0.00	4
123	0	0		0
124	0	0		0
125	0	2	0.00	2
126	0	1	0.00	1
127	0	4	0.00	4
128	0	1	0.00	1
129	0	0		0
130	0	1	0.00	1
131	0	1	0.00	1
132	0	2	0.00	2
133	0	0		0
134	0	2	0.00	2
135	0	1	0.00	1
136	0	0		0
137	0	0		0
138	0	0		0
139	0	0		0
140	0	0		0
141	0	0		0
142	0	0		0
143	0	1	0.00	1
144	0	0		0
145	0	0		0
146	0	0		0
147	0	2	0.00	2
148	0	2	0.00	2
149	0	1	0.00	1

CHH context (R1)
================
position	count methylated	count unmethylated	% methylation	coverage
1	0	37	0.00	37
2	0	32	0.00	32
3	0	27	0.00	27
4	1	328	0.30	329
5	3	385	0.77	388
6	1	418	0.24	419
7	3	398	0.75	401
8	0	352	0.00	352
9	3	320	0.93	323
10	1	330	0.30	331
11	0	310	0.00	310
12	0	347	0.00	347
13	2	356	0.56	358
14	2	403	0.49	405
15	1	353	0.28	354
16	2	354	0.56	356
17	2	327	0.61	329
18	0	299	0.00	299
19	2	314	0.63	316
20	2	350	0.57	352
21	0	362	0.00	362
22	0	318	0.00	318
23	3	335	0.89	338
24	3	368	0.81	371
25	1	371	0.27	372
26	0	371	0.00	371
27	1	398	0.25	399
28	1	371	0.27	372
29	2	353	0.56	355
30	1	395	0.25	396
31	0	381	0.00	381
32	2	365	0.54	367
33	4	303	1.30	307
34	0	313	0.00	313
35	3	289	1.03	292
36	2	378	0.53	380
37	1	359	0.28	360
38	0	356	0.00	356
39	2	329	0.60	331
40	2	327	0.61	329
41	3	313	0.95	316
42	2	326	0.61	328
43	0	367	0.00	367
44	1	336	0.30	337
45	2	301	0.66	303
46	1	333	0.30	334
47	2	326	0.61	328
48	2	325	0.61	327
49	3	342	0.87	345
50	1	384	0.26	385
51	1	411	0.24	412
52	2	354	0.56	356
53	2	320	0.62	322
54	0	303	0.00	303
55	0	331	0.00	331
56	2	274	0.72	276
57	0	283	0.00	283
58	1	283	0.35	284
59	0	321	0.00	321
60	1	323	0.31	324
61	0	315	0.00	315
62	0	330	0.00	330
63	0	329	0.00	329
64	2	327	0.61	329
65	0	291	0.00	291
66	2	300	0.66	302
67	0	339	0.00	339
68	1	335	0.30	336
69	1	295	0.34	296
70	3	289	1.03	292
71	1	310	0.32	311
72	2	295	0.67	297
73	1	304	0.33	305
74	2	257	0.77	259
75	0	325	0.00	325
76	3	305	0.97	308
77	0	266	0.00	266
78	1	257	0.39	258
79	0	286	0.00	286
80	4	297	1.33	301
81	3	252	1.18	255
82	1	263	0.38	264
83	3	251	1.18	254
84	1	244	0.41	245
85	1	274	0.36	275
86	0	278	0.00	278
87	3	220	1.35	223
88	0	260	0.00	260
89	0	213	0.00	213
90	0	196	0.00	196
91	0	192	0.00	192
92	0	196	0.00	196
93	1	189	0.53	190
94	1	156	0.64	157
95	0	205	0.00	205
96	1	171	0.58	172
97	0	148	0.00	148
98	1	184	0.54	185
99	0	68	0.00	68
100	0	6	0.00	6
101	0	9	0.00	9
102	0	6	0.00	6
103	0	5	0.00	5
104	0	11	0.00	11
105	0	12	0.00	12
106	0	8	0.00	8
107	2	6	25.00	8
108	0	5	0.00	5
109	0	6	0.00	6
110	0	10	0.00	10
111	0	10	0.00	10
112	0	6	0.00	6
113	0	8	0.00	8
114	0	7	0.00	7
115	0	8	0.00	8
116	0	5	0.00	5
117	0	1	0.00	1
118	0	3	0.00	3
119	0	2	0.00	2
120	0	4	0.00	4
121	0	2	0.00	2
122	0	1	0.00	1
123	0	2	0.00	2
124	0	4	0.00	4
125	0	4	0.00	4
126	0	4	0.00	4
127	0	1	0.00	1
128	0	1	0.00	1
129	0	2	0.00	2
130	0	0		0
131	0	2	0.00	2
132	0	1	0.00	1
133	0	3	0.00	3
134	0	1	0.00	1
135	0	1	0.00	1
136	0	0		0
137	0	0		0
138	0	1	0.00	1
139	0	2	0.00	2
140	0	1	0.00	1
141	0	0		0
142	0	0		0
143	0	1	0.00	1
144	0	0		0
145	0	0		0
146	0	1	0.00	1
147	0	0		0
148	0	0		0
149	0	0		0

CpG context (R2)
================
position	count methylated	count unmethylated	% methylation	coverage
1	0	13	0.00	13
2	0	10	0.00	10
3	1	82	1.20	83
4	3	73	3.95	76
5	3	97	3.00	100
6	6	89	6.32	95
7	9	143	5.92	152
8	4	72	5.26	76
9	4	74	5.13	78
10	2	78	2.50	80
11	5	66	7.04	71
12	5	74	6.33	79
13	4	79	4.82	83
14	0	36	0.00	36
15	2	59	3.28	61
16	2	51	3.77	53
17	2	40	4.76	42
18	3	53	5.36	56
19	1	42	2.33	43
20	7	38	15.56	45
21	1	22	4.35	23
22	6	42	12.50	48
23	1	44	2.22	45
24	4	60	6.25	64
25	1	34	2.86	35
26	1	29	3.33	30
27	6	29	17.14	35
28	1	28	3.45	29
29	0	38	0.00	38
30	3	31	8.82	34
31	4	27	12.90	31
32	0	23	0.00	23
33	1	12	7.69	13
34	5	17	22.73	22
35	2	6	25.00	8
36	0	12	0.00	12
37	1	29	3.33	30
38	0	20	0.00	20
39	0	15	0.00	15
40	0	5	0.00	5
41	0	11	0.00	11
42	2	9	18.18	11
43	0	8	0.00	8
44	0	16	0.00	16
45	0	4	0.00	4
46	1	13	7.14	14
47	1	6	14.29	7
48	0	10	0.00	10
49	0	4	0.00	4
50	0	7	0.00	7
51	0	6	0.00	6
52	0	5	0.00	5
53	0	4	0.00	4
54	1	1	50.00	2
55	0	5	0.00	5
56	1	2	33.33	3
57	0	2	0.00	2
58	0	4	0.00	4
59	0	1	0.00	1
60	0	1	0.00	1
61	1	2	33.33	3
62	0	0		0
63	1	1	50.00	2
64	0	0		0
65	1	0	100.00	1
66	0	2	0.00	2
67	0	0		0
68	0	0		0
69	0	0		0
70	0	0		0
71	0	1	0.00	1
72	0	0		0
73	0	0		0
74	0	0		0
75	0	1	0.00	1
76	0	0		0
77	0	1	0.00	1
78	0	0		0
79	0	1	0.00	1
80	0	0		0
81	0	1	0.00	1
82	0	0		0
83	0	1	0.00	1
84	0	0		0
85	0	0		0
86	0	1	0.00	1
87	0	0		0
88	0	0		0
89	0	0		0
90	0	0		0
91	0	0		0
92	0	0		0
93	0	0		0
94	0	1	0.00	1

CHG context (R2)
================
position	count methylated	count unmethylated	% methylation	coverage
1	14	2100	0.66	2114
2	0	23	0.00	23
3	0	6	0.00	6
4	0	50	0.00	50
5	0	69	0.00	69
6	0	61	0.00	61
7	0	80	0.00	80
8	1	91	1.09	92
9	0	69	0.00	69
10	0	57	0.00	57
11	1	71	1.39	72
12	0	36	0.00	36
13	0	45	0.00	45
14	0	43	0.00	43
15	0	37	0.00	37
16	0	56	0.00	56
17	0	52	0.00	52
18	0	64	0.00	64
19	0	43	0.00	43
20	0	61	0.00	61
21	0	42	0.00	42
22	0	45	0.00	45
23	0	22	0.00	22
24	0	25	0.00	25
25	0	38	0.00	38
26	0	21	0.00	21
27	0	12	0.00	12
28	0	25	0.00	25
29	0	22	0.00	22
30	0	27	0.00	27
31	1	23	4.17	24
32	0	18	0.00	18
33	0	26	0.00	26
34	0	18	0.00	18
35	0	28	0.00	28
36	0	12	0.00	12
37	0	13	0.00	13
38	0	9	0.00	9
39	0	12	0.00	12
40	0	19	0.00	19
41	0	14	0.00	14
42	0	1	0.00	1
43	0	5	0.00	5
44	0	2	0.00	2
45	0	8	0.00	8
46	0	3	0.00	3
47	0	4	0.00	4
48	1	4	20.00	5
49	0	9	0.00	9
50	1	7	12.50	8
51	0	3	0.00	3
52	0	9	0.00	9
53	0	6	0.00	6
54	0	1	0.00	1
55	0	1	0.00	1
56	0	5	0.00	5
57	0	0		0
58	0	2	0.00	2
59	0	0		0
60	0	1	0.00	1
61	0	0		0
62	0	1	0.00	1
63	0	3	0.00	3
64	0	1	0.00	1
65	0	0		0
66	0	0		0
67	0	1	0.00	1
68	0	1	0.00	1
69	0	0		0
70	0	0		0
71	0	1	0.00	1
72	0	0		0
73	0	0		0
74	0	0		0
75	0	0		0
76	0	0		0
77	0	1	0.00	1
78	0	0		0
79	0	0		0
80	0	0		0
81	0	0		0
82	0	0		0
83	0	0		0
84	0	0		0
85	0	0		0
86	0	0		0
87	0	0		0
88	0	0		0
89	0	0		0
90	0	0		0
91	0	0		0
92	0	0		0
93	0	0		0
94	0	0		0

CHH context (R2)
================
position	count methylated	count unmethylated	% methylation	coverage
1	1	13	7.14	14
2	2	957	0.21	959
3	1	271	0.37	272
4	0	185	0.00	185
5	0	143	0.00	143
6	1	92	1.08	93
7	0	88	0.00	88
8	0	130	0.00	130
9	0	137	0.00	137
10	1	126	0.79	127
11	0	88	0.00	88
12	0	79	0.00	79
13	0	56	0.00	56
14	0	94	0.00	94
15	0	72	0.00	72
16	0	48	0.00	48
17	0	54	0.00	54
18	0	64	0.00	64
19	1	72	1.37	73
20	0	47	0.00	47
21	0	43	0.00	43
22	0	50	0.00	50
23	0	39	0.00	39
24	0	37	0.00	37
25	1	53	1.85	54
26	0	31	0.00	31
27	0	38	0.00	38
28	0	22	0.00	22
29	0	30	0.00	30
30	0	30	0.00	30
31	0	30	0.00	30
32	0	36	0.00	36
33	0	18	0.00	18
34	0	32	0.00	32
35	0	26	0.00	26
36	0	23	0.00	23
37	0	11	0.00	11
38	0	21	0.00	21
39	0	7	0.00	7
40	0	16	0.00	16
41	0	12	0.00	12
42	0	17	0.00	17
43	0	13	0.00	13
44	0	17	0.00	17
45	0	14	0.00	14
46	0	8	0.00	8
47	0	10	0.00	10
48	0	6	0.00	6
49	0	6	0.00	6
50	0	5	0.00	5
51	0	14	0.00	14
52	0	12	0.00	12
53	0	10	0.00	10
54	0	10	0.00	10
55	0	9	0.00	9
56	0	8	0.00	8
57	0	7	0.00	7
58	0	5	0.00	5
59	0	2	0.00	2
60	0	1	0.00	1
61	0	0		0
62	0	1	0.00	1
63	0	0		0
64	0	1	0.00	1
65	0	1	0.00	1
66	0	0		0
67	0	0		0
68	0	3	0.00	3
69	0	2	0.00	2
70	0	0		0
71	0	0		0
72	0	0		0
73	0	0		0
74	0	0		0
75	0	0		0
76	0	0		0
77	0	0		0
78	0	0		0
79	0	0		0
80	0	0		0
81	0	0		0
82	0	0		0
83	0	0		0
84	0	0		0
85	0	0		0
86	0	0		0
87	0	0		0
88	0	0		0
89	0	0		0
90	0	1	0.00	1
91	0	0		0
92	0	0		0
93	0	0		0
94	0	0		0

