CpG context (R1)
================
position	count methylated	count unmethylated	% methylation	coverage
1	203	2177	8.53	2380
2	0	13	0.00	13
3	2	19	9.52	21
4	14	177	7.33	191
5	21	191	9.91	212
6	9	255	3.41	264
7	10	215	4.44	225
8	18	271	6.23	289
9	8	203	3.79	211
10	12	248	4.62	260
11	9	274	3.18	283
12	10	289	3.34	299
13	15	288	4.95	303
14	13	248	4.98	261
15	15	228	6.17	243
16	13	289	4.30	302
17	9	245	3.54	254
18	10	260	3.70	270
19	21	321	6.14	342
20	11	225	4.66	236
21	16	231	6.48	247
22	11	276	3.83	287
23	14	263	5.05	277
24	20	249	7.43	269
25	13	310	4.02	323
26	10	287	3.37	297
27	15	279	5.10	294
28	20	254	7.30	274
29	12	259	4.43	271
30	8	265	2.93	273
31	13	291	4.28	304
32	15	259	5.47	274
33	9	227	3.81	236
34	16	284	5.33	300
35	15	289	4.93	304
36	16	219	6.81	235
37	13	283	4.39	296
38	13	230	5.35	243
39	8	254	3.05	262
40	9	248	3.50	257
41	7	233	2.92	240
42	15	256	5.54	271
43	6	222	2.63	228
44	9	282	3.09	291
45	15	273	5.21	288
46	14	213	6.17	227
47	22	280	7.28	302
48	12	243	4.71	255
49	14	252	5.26	266
50	11	227	4.62	238
51	9	225	3.85	234
52	5	247	1.98	252
53	10	244	3.94	254
54	16	253	5.95	269
55	11	312	3.41	323
56	11	204	5.12	215
57	11	245	4.30	256
58	15	245	5.77	260
59	12	256	4.48	268
60	9	268	3.25	277
61	8	244	3.17	252
62	12	239	4.78	251
63	19	216	8.09	235
64	10	229	4.18	239
65	12	238	4.80	250
66	14	220	5.98	234
67	14	243	5.45	257
68	6	186	3.12	192
69	7	217	3.12	224
70	7	254	2.68	261
71	14	254	5.22	268
72	6	255	2.30	261
73	10	232	4.13	242
74	5	216	2.26	221
75	10	170	5.56	180
76	15	197	7.08	212
77	12	216	5.26	228
78	7	189	3.57	196
79	9	202	4.27	211
80	6	203	2.87	209
81	6	163	3.55	169
82	6	205	2.84	211
83	2	152	1.30	154
84	5	161	3.01	166
85	8	199	3.86	207
86	9	159	5.36	168
87	9	163	5.23	172
88	4	136	2.86	140
89	11	154	6.67	165
90	4	94	4.08	98
91	9	131	6.43	140
92	9	139	6.08	148
93	8	136	5.56	144
94	2	111	1.77	113
95	8	125	6.02	133
96	6	89	6.32	95
97	5	130	3.70	135
98	8	92	8.00	100
99	2	46	4.17	48
100	1	8	11.11	9
101	1	8	11.11	9
102	3	4	42.86	7
103	1	10	9.09	11
104	1	4	20.00	5
105	0	4	0.00	4
106	0	11	0.00	11
107	3	3	50.00	6
108	1	7	12.50	8
109	3	5	37.50	8
110	0	4	0.00	4
111	0	4	0.00	4
112	0	8	0.00	8
113	1	3	25.00	4
114	2	3	40.00	5
115	0	4	0.00	4
116	0	1	0.00	1
117	0	5	0.00	5
118	0	4	0.00	4
119	0	5	0.00	5
120	0	4	0.00	4
121	1	3	25.00	4
122	0	0		0
123	2	1	66.67	3
124	0	3	0.00	3
125	0	2	0.00	2
126	0	2	0.00	2
127	0	1	0.00	1
128	2	2	50.00	4
129	0	1	0.00	1
130	1	0	100.00	1
131	0	1	0.00	1
132	0	1	0.00	1
133	0	2	0.00	2
134	1	1	50.00	2
135	0	1	0.00	1
136	0	0		0
137	1	0	100.00	1
138	0	2	0.00	2
139	0	1	0.00	1
140	0	1	0.00	1
141	0	3	0.00	3
142	0	0		0
143	1	1	50.00	2
144	0	0		0
145	0	1	0.00	1
146	0	1	0.00	1
147	0	0		0
148	0	1	0.00	1
149	0	1	0.00	1

CHG context (R1)
================
position	count methylated	count unmethylated	% methylation	coverage
1	0	16	0.00	16
2	0	20	0.00	20
3	0	13	0.00	13
4	1	144	0.69	145
5	1	201	0.50	202
6	1	228	0.44	229
7	0	262	0.00	262
8	0	226	0.00	226
9	2	224	0.88	226
10	0	223	0.00	223
11	0	241	0.00	241
12	0	193	0.00	193
13	0	190	0.00	190
14	0	232	0.00	232
15	1	236	0.42	237
16	2	230	0.86	232
17	1	233	0.43	234
18	1	238	0.42	239
19	1	205	0.49	206
20	1	154	0.65	155
21	0	245	0.00	245
22	0	235	0.00	235
23	0	204	0.00	204
24	2	206	0.96	208
25	1	247	0.40	248
26	1	204	0.49	205
27	0	213	0.00	213
28	0	253	0.00	253
29	2	187	1.06	189
30	0	218	0.00	218
31	0	222	0.00	222
32	1	194	0.51	195
33	1	225	0.44	226
34	4	234	1.68	238
35	3	223	1.33	226
36	0	216	0.00	216
37	0	188	0.00	188
38	2	201	0.99	203
39	1	222	0.45	223
40	2	212	0.93	214
41	0	266	0.00	266
42	0	203	0.00	203
43	2	199	1.00	201
44	1	249	0.40	250
45	0	201	0.00	201
46	2	238	0.83	240
47	2	177	1.12	179
48	0	209	0.00	209
49	0	236	0.00	236
50	2	203	0.98	205
51	1	193	0.52	194
52	0	228	0.00	228
53	0	215	0.00	215
54	0	181	0.00	181
55	0	165	0.00	165
56	1	210	0.47	211
57	2	214	0.93	216
58	0	216	0.00	216
59	1	168	0.59	169
60	0	164	0.00	164
61	0	178	0.00	178
62	0	170	0.00	170
63	1	188	0.53	189
64	0	207	0.00	207
65	1	206	0.48	207
66	0	176	0.00	176
67	1	172	0.58	173
68	0	213	0.00	213
69	0	212	0.00	212
70	0	191	0.00	191
71	1	176	0.56	177
72	0	159	0.00	159
73	1	178	0.56	179
74	0	151	0.00	151
75	1	138	0.72	139
76	0	181	0.00	181
77	0	172	0.00	172
78	1	129	0.77	130
79	0	158	0.00	158
80	3	147	2.00	150
81	0	179	0.00	179
82	0	116	0.00	116
83	0	109	0.00	109
84	0	127	0.00	127
85	1	107	0.93	108
86	1	155	0.64	156
87	0	98	0.00	98
88	1	151	0.66	152
89	0	116	0.00	116
90	1	109	0.91	110
91	1	165	0.60	166
92	0	95	0.00	95
93	1	77	1.28	78
94	0	108	0.00	108
95	0	96	0.00	96
96	0	117	0.00	117
97	1	116	0.85	117
98	0	100	0.00	100
99	0	39	0.00	39
100	1	13	7.14	14
101	0	7	0.00	7
102	0	8	0.00	8
103	0	5	0.00	5
104	0	5	0.00	5
105	0	10	0.00	10
106	0	6	0.00	6
107	1	6	14.29	7
108	0	9	0.00	9
109	0	4	0.00	4
110	0	3	0.00	3
111	0	2	0.00	2
112	0	5	0.00	5
113	0	3	0.00	3
114	0	3	0.00	3
115	0	5	0.00	5
116	0	0		0
117	0	3	0.00	3
118	0	2	0.00	2
119	0	3	0.00	3
120	0	3	0.00	3
121	0	1	0.00	1
122	0	2	0.00	2
123	0	3	0.00	3
124	0	0		0
125	0	0		0
126	0	1	0.00	1
127	0	5	0.00	5
128	0	0		0
129	0	1	0.00	1
130	0	0		0
131	0	0		0
132	0	4	0.00	4
133	0	1	0.00	1
134	0	0		0
135	0	3	0.00	3
136	0	0		0
137	0	0		0
138	0	0		0
139	0	1	0.00	1
140	0	3	0.00	3
141	0	0		0
142	0	1	0.00	1
143	0	0		0
144	0	0		0
145	0	0		0
146	0	0		0
147	0	1	0.00	1
148	0	1	0.00	1
149	0	2	0.00	2

CHH context (R1)
================
position	count methylated	count unmethylated	% methylation	coverage
1	0	31	0.00	31
2	0	34	0.00	34
3	0	16	0.00	16
4	1	344	0.29	345
5	1	410	0.24	411
6	1	460	0.22	461
7	3	401	0.74	404
8	0	354	0.00	354
9	2	328	0.61	330
10	0	326	0.00	326
11	3	296	1.00	299
12	0	318	0.00	318
13	1	380	0.26	381
14	1	392	0.25	393
15	3	390	0.76	393
16	1	341	0.29	342
17	2	342	0.58	344
18	1	286	0.35	287
19	0	304	0.00	304
20	3	374	0.80	377
21	0	340	0.00	340
22	3	334	0.89	337
23	0	360	0.00	360
24	2	340	0.58	342
25	0	369	0.00	369
26	3	324	0.92	327
27	1	415	0.24	416
28	0	353	0.00	353
29	1	341	0.29	342
30	1	364	0.27	365
31	1	338	0.29	339
32	1	371	0.27	372
33	2	326	0.61	328
34	1	317	0.31	318
35	1	292	0.34	293
36	0	327	0.00	327
37	1	374	0.27	375
38	0	348	0.00	348
39	1	323	0.31	324
40	3	334	0.89	337
41	0	365	0.00	365
42	5	373	1.32	378
43	0	364	0.00	364
44	2	354	0.56	356
45	3	279	1.06	282
46	0	329	0.00	329
47	0	320	0.00	320
48	0	355	0.00	355
49	1	352	0.28	353
50	1	345	0.29	346
51	3	418	0.71	421
52	1	372	0.27	373
53	2	355	0.56	357
54	0	315	0.00	315
55	2	334	0.60	336
56	0	319	0.00	319
57	1	281	0.35	282
58	0	324	0.00	324
59	1	319	0.31	320
60	1	301	0.33	302
61	0	359	0.00	359
62	1	346	0.29	347
63	0	296	0.00	296
64	1	352	0.28	353
65	1	326	0.31	327
66	1	282	0.35	283
67	3	341	0.87	344
68	1	350	0.28	351
69	2	317	0.63	319
70	1	271	0.37	272
71	1	276	0.36	277
72	1	271	0.37	272
73	0	293	0.00	293
74	1	255	0.39	256
75	0	304	0.00	304
76	0	278	0.00	278
77	1	281	0.35	282
78	0	277	0.00	277
79	0	262	0.00	262
80	0	277	0.00	277
81	0	236	0.00	236
82	0	234	0.00	234
83	1	221	0.45	222
84	0	240	0.00	240
85	0	252	0.00	252
86	2	229	0.87	231
87	0	202	0.00	202
88	2	238	0.83	240
89	0	204	0.00	204
90	1	201	0.50	202
91	2	201	0.99	203
92	2	213	0.93	215
93	4	196	2.00	200
94	0	166	0.00	166
95	0	193	0.00	193
96	1	167	0.60	168
97	0	173	0.00	173
98	2	166	1.19	168
99	0	63	0.00	63
100	0	8	0.00	8
101	0	10	0.00	10
102	0	7	0.00	7
103	0	9	0.00	9
104	0	10	0.00	10
105	0	4	0.00	4
106	0	6	0.00	6
107	0	3	0.00	3
108	0	2	0.00	2
109	0	2	0.00	2
110	0	6	0.00	6
111	0	4	0.00	4
112	0	6	0.00	6
113	0	1	0.00	1
114	0	3	0.00	3
115	0	2	0.00	2
116	0	4	0.00	4
117	0	3	0.00	3
118	0	6	0.00	6
119	0	3	0.00	3
120	0	3	0.00	3
121	0	5	0.00	5
122	0	6	0.00	6
123	0	2	0.00	2
124	0	2	0.00	2
125	0	1	0.00	1
126	0	2	0.00	2
127	0	0		0
128	0	2	0.00	2
129	0	3	0.00	3
130	0	3	0.00	3
131	0	4	0.00	4
132	0	4	0.00	4
133	0	0		0
134	0	2	0.00	2
135	0	0		0
136	0	1	0.00	1
137	0	2	0.00	2
138	0	2	0.00	2
139	0	3	0.00	3
140	0	1	0.00	1
141	0	1	0.00	1
142	0	0		0
143	0	0		0
144	0	0		0
145	0	0		0
146	0	0		0
147	0	2	0.00	2
148	0	2	0.00	2
149	0	1	0.00	1

CpG context (R2)
================
position	count methylated	count unmethylated	% methylation	coverage
1	0	30	0.00	30
2	1	20	4.76	21
3	5	85	5.56	90
4	0	75	0.00	75
5	4	104	3.70	108
6	5	85	5.56	90
7	5	126	3.82	131
8	0	86	0.00	86
9	2	76	2.56	78
10	4	55	6.78	59
11	4	61	6.15	65
12	4	59	6.35	63
13	6	72	7.69	78
14	1	50	1.96	51
15	3	62	4.62	65
16	4	42	8.70	46
17	0	32	0.00	32
18	2	45	4.26	47
19	3	37	7.50	40
20	2	52	3.70	54
21	0	44	0.00	44
22	5	38	11.63	43
23	4	29	12.12	33
24	2	68	2.86	70
25	1	35	2.78	36
26	1	33	2.94	34
27	6	30	16.67	36
28	2	23	8.00	25
29	3	38	7.32	41
30	3	18	14.29	21
31	6	35	14.63	41
32	0	30	0.00	30
33	2	17	10.53	19
34	4	17	19.05	21
35	0	12	0.00	12
36	1	10	9.09	11
37	1	20	4.76	21
38	1	35	2.78	36
39	0	12	0.00	12
40	0	7	0.00	7
41	0	13	0.00	13
42	1	6	14.29	7
43	3	15	16.67	18
44	0	20	0.00	20
45	2	3	40.00	5
46	3	12	20.00	15
47	0	8	0.00	8
48	0	14	0.00	14
49	0	3	0.00	3
50	1	8	11.11	9
51	0	8	0.00	8
52	4	6	40.00	10
53	0	6	0.00	6
54	3	6	33.33	9
55	1	1	50.00	2
56	0	5	0.00	5
57	0	2	0.00	2
58	0	3	0.00	3
59	0	4	0.00	4
60	1	2	33.33	3
61	0	2	0.00	2
62	0	0		0
63	0	2	0.00	2
64	0	1	0.00	1
65	0	0		0
66	0	2	0.00	2
67	0	0		0
68	0	1	0.00	1
69	0	0		0
70	0	0		0
71	0	1	0.00	1
72	1	0	100.00	1
73	0	1	0.00	1
74	0	2	0.00	2
75	0	2	0.00	2
76	0	1	0.00	1
77	0	1	0.00	1
78	0	1	0.00	1
79	1	1	50.00	2
80	0	0		0
81	0	1	0.00	1
82	0	2	0.00	2
83	0	1	0.00	1
84	0	0		0
85	0	0		0
86	0	1	0.00	1
87	0	0		0
88	0	0		0
89	0	0		0
90	0	0		0
91	0	1	0.00	1
92	0	0		0
93	0	0		0
94	0	1	0.00	1
95	0	1	0.00	1
96	0	0		0
97	0	1	0.00	1

CHG context (R2)
================
position	count methylated	count unmethylated	% methylation	coverage
1	13	2100	0.62	2113
2	1	27	3.57	28
3	0	9	0.00	9
4	1	41	2.38	42
5	0	66	0.00	66
6	0	69	0.00	69
7	0	75	0.00	75
8	1	92	1.08	93
9	0	58	0.00	58
10	0	62	0.00	62
11	1	72	1.37	73
12	0	37	0.00	37
13	0	38	0.00	38
14	0	47	0.00	47
15	0	49	0.00	49
16	0	44	0.00	44
17	1	52	1.89	53
18	0	56	0.00	56
19	0	43	0.00	43
20	0	50	0.00	50
21	0	39	0.00	39
22	0	48	0.00	48
23	0	22	0.00	22
24	0	20	0.00	20
25	0	47	0.00	47
26	0	21	0.00	21
27	0	14	0.00	14
28	0	16	0.00	16
29	0	25	0.00	25
30	0	22	0.00	22
31	0	24	0.00	24
32	0	26	0.00	26
33	0	23	0.00	23
34	0	27	0.00	27
35	0	23	0.00	23
36	0	20	0.00	20
37	0	16	0.00	16
38	0	12	0.00	12
39	0	13	0.00	13
40	0	18	0.00	18
41	0	20	0.00	20
42	0	5	0.00	5
43	0	7	0.00	7
44	0	3	0.00	3
45	0	12	0.00	12
46	0	4	0.00	4
47	0	13	0.00	13
48	0	5	0.00	5
49	0	11	0.00	11
50	0	13	0.00	13
51	0	7	0.00	7
52	0	3	0.00	3
53	0	4	0.00	4
54	0	1	0.00	1
55	0	7	0.00	7
56	0	8	0.00	8
57	0	0		0
58	0	5	0.00	5
59	0	2	0.00	2
60	0	3	0.00	3
61	0	2	0.00	2
62	0	1	0.00	1
63	0	2	0.00	2
64	0	4	0.00	4
65	0	0		0
66	0	1	0.00	1
67	0	1	0.00	1
68	0	1	0.00	1
69	0	0		0
70	0	1	0.00	1
71	0	1	0.00	1
72	0	0		0
73	0	0		0
74	0	0		0
75	0	1	0.00	1
76	0	0		0
77	0	1	0.00	1
78	0	0		0
79	0	1	0.00	1
80	0	1	0.00	1
81	0	0		0
82	0	0		0
83	0	0		0
84	0	0		0
85	0	0		0
86	0	1	0.00	1
87	0	1	0.00	1
88	0	0		0
89	0	0		0
90	0	0		0
91	0	0		0
92	0	0		0
93	0	0		0
94	0	0		0
95	0	1	0.00	1
96	0	0		0
97	0	0		0

CHH context (R2)
================
position	count methylated	count unmethylated	% methylation	coverage
1	0	17	0.00	17
2	2	951	0.21	953
3	0	262	0.00	262
4	0	196	0.00	196
5	0	131	0.00	131
6	1	107	0.93	108
7	1	101	0.98	102
8	2	148	1.33	150
9	1	106	0.93	107
10	0	112	0.00	112
11	0	82	0.00	82
12	0	89	0.00	89
13	0	68	0.00	68
14	0	72	0.00	72
15	0	71	0.00	71
16	0	72	0.00	72
17	0	62	0.00	62
18	1	88	1.12	89
19	0	76	0.00	76
20	0	71	0.00	71
21	0	62	0.00	62
22	0	49	0.00	49
23	0	58	0.00	58
24	0	36	0.00	36
25	0	49	0.00	49
26	0	38	0.00	38
27	0	39	0.00	39
28	0	40	0.00	40
29	0	33	0.00	33
30	0	20	0.00	20
31	0	24	0.00	24
32	0	18	0.00	18
33	0	22	0.00	22
34	0	18	0.00	18
35	0	24	0.00	24
36	0	25	0.00	25
37	0	15	0.00	15
38	0	24	0.00	24
39	0	12	0.00	12
40	0	15	0.00	15
41	0	10	0.00	10
42	0	18	0.00	18
43	0	13	0.00	13
44	1	15	6.25	16
45	0	13	0.00	13
46	0	21	0.00	21
47	0	11	0.00	11
48	0	7	0.00	7
49	0	11	0.00	11
50	0	10	0.00	10
51	0	16	0.00	16
52	0	15	0.00	15
53	0	11	0.00	11
54	0	9	0.00	9
55	0	9	0.00	9
56	0	6	0.00	6
57	0	8	0.00	8
58	0	3	0.00	3
59	0	3	0.00	3
60	0	3	0.00	3
61	0	2	0.00	2
62	0	3	0.00	3
63	0	1	0.00	1
64	0	1	0.00	1
65	0	0		0
66	0	2	0.00	2
67	0	1	0.00	1
68	0	2	0.00	2
69	0	2	0.00	2
70	0	1	0.00	1
71	0	1	0.00	1
72	0	1	0.00	1
73	0	0		0
74	0	0		0
75	0	0		0
76	0	0		0
77	0	0		0
78	0	0		0
79	0	0		0
80	0	0		0
81	0	0		0
82	0	0		0
83	0	0		0
84	0	2	0.00	2
85	0	0		0
86	0	0		0
87	0	1	0.00	1
88	0	1	0.00	1
89	0	0		0
90	0	1	0.00	1
91	0	0		0
92	0	0		0
93	0	0		0
94	0	0		0
95	0	0		0
96	0	0		0
97	0	0		0

