CpG context (R1)
================
position	count methylated	count unmethylated	% methylation	coverage
1	216	2163	9.08	2379
2	0	21	0.00	21
3	1	13	7.14	14
4	13	188	6.47	201
5	14	211	6.22	225
6	8	275	2.83	283
7	20	209	8.73	229
8	15	289	4.93	304
9	15	225	6.25	240
10	19	243	7.25	262
11	9	254	3.42	263
12	14	267	4.98	281
13	15	297	4.81	312
14	16	271	5.57	287
15	12	228	5.00	240
16	16	311	4.89	327
17	10	240	4.00	250
18	10	240	4.00	250
19	23	333	6.46	356
20	13	197	6.19	210
21	12	232	4.92	244
22	15	258	5.49	273
23	12	262	4.38	274
24	12	260	4.41	272
25	13	281	4.42	294
26	14	291	4.59	305
27	12	267	4.30	279
28	18	261	6.45	279
29	7	271	2.52	278
30	19	265	6.69	284
31	17	294	5.47	311
32	11	306	3.47	317
33	11	225	4.66	236
34	15	242	5.84	257
35	19	305	5.86	324
36	5	209	2.34	214
37	20	272	6.85	292
38	9	216	4.00	225
39	12	241	4.74	253
40	15	214	6.55	229
41	20	229	8.03	249
42	11	275	3.85	286
43	10	255	3.77	265
44	17	246	6.46	263
45	10	278	3.47	288
46	17	215	7.33	232
47	15	291	4.90	306
48	13	270	4.59	283
49	16	241	6.23	257
50	18	242	6.92	260
51	12	232	4.92	244
52	13	232	5.31	245
53	11	231	4.55	242
54	11	251	4.20	262
55	14	288	4.64	302
56	8	221	3.49	229
57	7	195	3.47	202
58	12	251	4.56	263
59	12	249	4.60	261
60	9	237	3.66	246
61	19	256	6.91	275
62	17	219	7.20	236
63	21	193	9.81	214
64	13	232	5.31	245
65	10	240	4.00	250
66	8	257	3.02	265
67	14	209	6.28	223
68	8	226	3.42	234
69	7	207	3.27	214
70	11	210	4.98	221
71	15	285	5.00	300
72	6	218	2.68	224
73	14	237	5.58	251
74	9	179	4.79	188
75	9	174	4.92	183
76	10	195	4.88	205
77	8	222	3.48	230
78	10	193	4.93	203
79	8	215	3.59	223
80	10	175	5.41	185
81	7	166	4.05	173
82	10	211	4.52	221
83	7	150	4.46	157
84	2	156	1.27	158
85	8	193	3.98	201
86	12	184	6.12	196
87	6	157	3.68	163
88	6	121	4.72	127
89	9	157	5.42	166
90	6	133	4.32	139
91	11	136	7.48	147
92	3	151	1.95	154
93	1	135	0.74	136
94	6	127	4.51	133
95	3	114	2.56	117
96	5	116	4.13	121
97	6	121	4.72	127
98	4	94	4.08	98
99	1	62	1.59	63
100	1	7	12.50	8
101	0	3	0.00	3
102	1	5	16.67	6
103	1	9	10.00	10
104	0	5	0.00	5
105	2	2	50.00	4
106	0	8	0.00	8
107	1	3	25.00	4
108	0	7	0.00	7
109	0	9	0.00	9
110	0	4	0.00	4
111	1	5	16.67	6
112	1	9	10.00	10
113	0	3	0.00	3
114	0	3	0.00	3
115	0	10	0.00	10
116	0	1	0.00	1
117	2	2	50.00	4
118	0	2	0.00	2
119	0	3	0.00	3
120	1	5	16.67	6
121	1	0	100.00	1
122	1	4	20.00	5
123	0	0		0
124	0	2	0.00	2
125	0	4	0.00	4
126	0	2	0.00	2
127	1	0	100.00	1
128	0	3	0.00	3
129	0	5	0.00	5
130	1	4	20.00	5
131	0	5	0.00	5
132	0	1	0.00	1
133	0	3	0.00	3
134	0	2	0.00	2
135	0	0		0
136	0	1	0.00	1
137	1	2	33.33	3
138	0	2	0.00	2
139	0	0		0
140	0	3	0.00	3
141	0	2	0.00	2
142	0	3	0.00	3
143	0	0		0
144	0	1	0.00	1
145	0	0		0
146	0	0		0
147	0	0		0
148	0	2	0.00	2
149	0	2	0.00	2

CHG context (R1)
================
position	count methylated	count unmethylated	% methylation	coverage
1	1	18	5.26	19
2	0	27	0.00	27
3	0	9	0.00	9
4	1	135	0.74	136
5	2	201	0.99	203
6	0	216	0.00	216
7	1	272	0.37	273
8	0	226	0.00	226
9	2	230	0.86	232
10	1	201	0.50	202
11	0	228	0.00	228
12	0	202	0.00	202
13	0	208	0.00	208
14	1	193	0.52	194
15	1	243	0.41	244
16	1	232	0.43	233
17	1	243	0.41	244
18	0	239	0.00	239
19	0	182	0.00	182
20	0	166	0.00	166
21	1	232	0.43	233
22	0	243	0.00	243
23	0	199	0.00	199
24	2	170	1.16	172
25	1	244	0.41	245
26	2	216	0.92	218
27	2	250	0.79	252
28	2	238	0.83	240
29	0	181	0.00	181
30	1	199	0.50	200
31	0	219	0.00	219
32	1	184	0.54	185
33	0	203	0.00	203
34	2	233	0.85	235
35	0	225	0.00	225
36	0	215	0.00	215
37	1	199	0.50	200
38	0	228	0.00	228
39	1	203	0.49	204
40	0	220	0.00	220
41	2	256	0.78	258
42	0	218	0.00	218
43	0	199	0.00	199
44	2	253	0.78	255
45	4	207	1.90	211
46	1	227	0.44	228
47	0	204	0.00	204
48	0	207	0.00	207
49	0	214	0.00	214
50	1	186	0.53	187
51	2	231	0.86	233
52	1	211	0.47	212
53	3	192	1.54	195
54	2	204	0.97	206
55	0	164	0.00	164
56	1	203	0.49	204
57	0	203	0.00	203
58	1	226	0.44	227
59	0	167	0.00	167
60	2	170	1.16	172
61	0	190	0.00	190
62	0	152	0.00	152
63	0	205	0.00	205
64	1	183	0.54	184
65	1	198	0.50	199
66	1	190	0.52	191
67	1	180	0.55	181
68	0	215	0.00	215
69	0	193	0.00	193
70	0	212	0.00	212
71	0	166	0.00	166
72	0	140	0.00	140
73	0	171	0.00	171
74	2	154	1.28	156
75	0	157	0.00	157
76	0	171	0.00	171
77	2	184	1.08	186
78	0	147	0.00	147
79	0	163	0.00	163
80	1	147	0.68	148
81	0	183	0.00	183
82	1	130	0.76	131
83	0	127	0.00	127
84	0	108	0.00	108
85	0	117	0.00	117
86	0	174	0.00	174
87	1	112	0.88	113
88	0	141	0.00	141
89	0	119	0.00	119
90	1	103	0.96	104
91	0	138	0.00	138
92	0	100	0.00	100
93	0	88	0.00	88
94	1	98	1.01	99
95	0	106	0.00	106
96	0	113	0.00	113
97	0	116	0.00	116
98	0	98	0.00	98
99	0	42	0.00	42
100	0	4	0.00	4
101	0	11	0.00	11
102	0	6	0.00	6
103	0	3	0.00	3
104	0	6	0.00	6
105	0	9	0.00	9
106	0	10	0.00	10
107	0	1	0.00	1
108	0	6	0.00	6
109	0	5	0.00	5
110	0	5	0.00	5
111	0	2	0.00	2
112	0	3	0.00	3
113	0	4	0.00	4
114	0	2	0.00	2
115	0	5	0.00	5
116	0	3	0.00	3
117	0	3	0.00	3
118	0	4	0.00	4
119	0	2	0.00	2
120	0	4	0.00	4
121	0	3	0.00	3
122	0	1	0.00	1
123	0	2	0.00	2
124	0	6	0.00	6
125	0	0		0
126	0	3	0.00	3
127	0	2	0.00	2
128	0	1	0.00	1
129	0	3	0.00	3
130	0	4	0.00	4
131	0	1	0.00	1
132	0	5	0.00	5
133	0	1	0.00	1
134	0	2	0.00	2
135	0	0		0
136	0	2	0.00	2
137	0	1	0.00	1
138	0	0		0
139	0	3	0.00	3
140	0	0		0
141	0	2	0.00	2
142	0	1	0.00	1
143	0	0		0
144	0	0		0
145	0	0		0
146	0	0		0
147	0	1	0.00	1
148	0	2	0.00	2
149	0	0		0

CHH context (R1)
================
position	count methylated	count unmethylated	% methylation	coverage
1	3	32	8.57	35
2	0	25	0.00	25
3	0	18	0.00	18
4	2	323	0.62	325
5	1	390	0.26	391
6	3	421	0.71	424
7	2	400	0.50	402
8	1	354	0.28	355
9	2	322	0.62	324
10	1	348	0.29	349
11	0	313	0.00	313
12	0	345	0.00	345
13	1	369	0.27	370
14	3	374	0.80	377
15	1	370	0.27	371
16	1	324	0.31	325
17	1	294	0.34	295
18	2	285	0.70	287
19	3	311	0.96	314
20	2	344	0.58	346
21	2	346	0.57	348
22	2	336	0.59	338
23	1	344	0.29	345
24	0	339	0.00	339
25	3	393	0.76	396
26	0	355	0.00	355
27	1	360	0.28	361
28	1	333	0.30	334
29	1	348	0.29	349
30	1	356	0.28	357
31	1	336	0.30	337
32	0	349	0.00	349
33	2	303	0.66	305
34	1	319	0.31	320
35	0	312	0.00	312
36	1	378	0.26	379
37	3	363	0.82	366
38	2	351	0.57	353
39	1	367	0.27	368
40	2	329	0.60	331
41	1	334	0.30	335
42	1	348	0.29	349
43	1	349	0.29	350
44	1	319	0.31	320
45	1	293	0.34	294
46	2	335	0.59	337
47	1	321	0.31	322
48	1	292	0.34	293
49	0	353	0.00	353
50	2	394	0.51	396
51	0	395	0.00	395
52	3	361	0.82	364
53	1	348	0.29	349
54	0	306	0.00	306
55	1	303	0.33	304
56	0	306	0.00	306
57	1	302	0.33	303
58	0	294	0.00	294
59	0	314	0.00	314
60	0	335	0.00	335
61	0	331	0.00	331
62	3	338	0.88	341
63	1	311	0.32	312
64	1	334	0.30	335
65	1	299	0.33	300
66	1	248	0.40	249
67	1	345	0.29	346
68	2	345	0.58	347
69	3	307	0.97	310
70	2	269	0.74	271
71	0	291	0.00	291
72	2	258	0.77	260
73	0	308	0.00	308
74	0	248	0.00	248
75	1	302	0.33	303
76	0	314	0.00	314
77	0	279	0.00	279
78	0	275	0.00	275
79	1	275	0.36	276
80	1	283	0.35	284
81	1	230	0.43	231
82	0	250	0.00	250
83	2	245	0.81	247
84	0	269	0.00	269
85	1	274	0.36	275
86	0	268	0.00	268
87	1	198	0.50	199
88	0	274	0.00	274
89	1	203	0.49	204
90	2	177	1.12	179
91	1	182	0.55	183
92	0	206	0.00	206
93	0	173	0.00	173
94	0	175	0.00	175
95	1	211	0.47	212
96	0	141	0.00	141
97	0	164	0.00	164
98	1	181	0.55	182
99	1	72	1.37	73
100	0	17	0.00	17
101	0	9	0.00	9
102	0	7	0.00	7
103	0	5	0.00	5
104	0	6	0.00	6
105	0	12	0.00	12
106	0	7	0.00	7
107	0	6	0.00	6
108	0	3	0.00	3
109	0	8	0.00	8
110	0	7	0.00	7
111	0	4	0.00	4
112	0	3	0.00	3
113	0	6	0.00	6
114	0	3	0.00	3
115	0	2	0.00	2
116	0	3	0.00	3
117	0	6	0.00	6
118	0	7	0.00	7
119	0	2	0.00	2
120	0	3	0.00	3
121	0	4	0.00	4
122	0	5	0.00	5
123	0	7	0.00	7
124	0	3	0.00	3
125	0	3	0.00	3
126	0	5	0.00	5
127	0	8	0.00	8
128	0	6	0.00	6
129	0	4	0.00	4
130	0	0		0
131	0	1	0.00	1
132	0	1	0.00	1
133	0	1	0.00	1
134	0	3	0.00	3
135	0	2	0.00	2
136	0	2	0.00	2
137	0	2	0.00	2
138	0	3	0.00	3
139	0	1	0.00	1
140	0	3	0.00	3
141	0	0		0
142	0	1	0.00	1
143	0	1	0.00	1
144	0	0		0
145	0	2	0.00	2
146	0	1	0.00	1
147	0	3	0.00	3
148	0	1	0.00	1
149	0	0		0

CpG context (R2)
================
position	count methylated	count unmethylated	% methylation	coverage
1	1	18	5.26	19
2	0	19	0.00	19
3	5	75	6.25	80
4	3	69	4.17	72
5	6	102	5.56	108
6	6	73	7.59	79
7	5	132	3.65	137
8	2	89	2.20	91
9	5	86	5.49	91
10	3	82	3.53	85
11	5	59	7.81	64
12	7	53	11.67	60
13	3	75	3.85	78
14	3	47	6.00	50
15	5	70	6.67	75
16	2	49	3.92	51
17	0	37	0.00	37
18	7	52	11.86	59
19	2	35	5.41	37
20	1	48	2.04	49
21	0	37	0.00	37
22	3	36	7.69	39
23	0	30	0.00	30
24	3	41	6.82	44
25	1	31	3.12	32
26	0	32	0.00	32
27	6	30	16.67	36
28	0	19	0.00	19
29	1	38	2.56	39
30	1	19	5.00	20
31	4	29	12.12	33
32	2	19	9.52	21
33	0	18	0.00	18
34	3	26	10.34	29
35	0	14	0.00	14
36	1	13	7.14	14
37	1	14	6.67	15
38	0	23	0.00	23
39	0	9	0.00	9
40	0	4	0.00	4
41	1	9	10.00	10
42	0	7	0.00	7
43	3	15	16.67	18
44	0	10	0.00	10
45	1	4	20.00	5
46	1	9	10.00	10
47	0	3	0.00	3
48	0	9	0.00	9
49	0	6	0.00	6
50	2	2	50.00	4
51	0	3	0.00	3
52	0	6	0.00	6
53	1	2	33.33	3
54	0	3	0.00	3
55	0	4	0.00	4
56	0	4	0.00	4
57	0	1	0.00	1
58	1	3	25.00	4
59	0	2	0.00	2
60	1	2	33.33	3
61	0	3	0.00	3
62	0	1	0.00	1
63	0	2	0.00	2
64	0	0		0
65	0	0		0
66	0	3	0.00	3
67	0	2	0.00	2
68	0	2	0.00	2
69	0	2	0.00	2
70	0	1	0.00	1
71	0	0		0
72	0	2	0.00	2
73	0	0		0
74	0	0		0
75	0	0		0
76	0	0		0
77	0	1	0.00	1
78	0	0		0
79	0	1	0.00	1
80	0	0		0
81	0	0		0
82	0	1	0.00	1
83	0	0		0
84	0	0		0
85	0	0		0
86	0	1	0.00	1
87	0	0		0
88	0	0		0
89	0	0		0
90	0	0		0
91	0	1	0.00	1
92	0	1	0.00	1
93	0	0		0
94	0	0		0
95	0	0		0
96	0	0		0
97	0	2	0.00	2

CHG context (R2)
================
position	count methylated	count unmethylated	% methylation	coverage
1	16	2130	0.75	2146
2	0	16	0.00	16
3	0	5	0.00	5
4	0	44	0.00	44
5	0	71	0.00	71
6	0	75	0.00	75
7	1	67	1.47	68
8	0	94	0.00	94
9	0	65	0.00	65
10	0	60	0.00	60
11	0	65	0.00	65
12	0	36	0.00	36
13	0	52	0.00	52
14	0	46	0.00	46
15	0	43	0.00	43
16	0	36	0.00	36
17	0	56	0.00	56
18	0	57	0.00	57
19	0	49	0.00	49
20	0	52	0.00	52
21	0	38	0.00	38
22	0	55	0.00	55
23	0	22	0.00	22
24	0	13	0.00	13
25	1	36	2.70	37
26	0	18	0.00	18
27	0	7	0.00	7
28	0	20	0.00	20
29	0	26	0.00	26
30	0	32	0.00	32
31	1	17	5.56	18
32	1	17	5.56	18
33	0	14	0.00	14
34	0	16	0.00	16
35	0	24	0.00	24
36	0	22	0.00	22
37	0	10	0.00	10
38	0	5	0.00	5
39	0	12	0.00	12
40	0	21	0.00	21
41	0	10	0.00	10
42	0	6	0.00	6
43	0	8	0.00	8
44	0	7	0.00	7
45	0	4	0.00	4
46	0	4	0.00	4
47	0	1	0.00	1
48	0	7	0.00	7
49	0	11	0.00	11
50	0	8	0.00	8
51	0	3	0.00	3
52	0	8	0.00	8
53	0	4	0.00	4
54	0	1	0.00	1
55	0	8	0.00	8
56	0	5	0.00	5
57	0	0		0
58	0	2	0.00	2
59	0	1	0.00	1
60	0	2	0.00	2
61	0	2	0.00	2
62	0	0		0
63	0	1	0.00	1
64	0	2	0.00	2
65	0	0		0
66	0	1	0.00	1
67	0	1	0.00	1
68	0	0		0
69	0	0		0
70	0	1	0.00	1
71	0	3	0.00	3
72	0	0		0
73	0	2	0.00	2
74	0	1	0.00	1
75	0	0		0
76	0	0		0
77	0	0		0
78	0	0		0
79	0	0		0
80	0	1	0.00	1
81	0	0		0
82	0	0		0
83	0	0		0
84	0	0		0
85	0	0		0
86	0	1	0.00	1
87	0	0		0
88	0	0		0
89	0	0		0
90	0	0		0
91	0	0		0
92	0	0		0
93	0	0		0
94	0	0		0
95	0	1	0.00	1
96	0	0		0
97	0	0		0

CHH context (R2)
================
position	count methylated	count unmethylated	% methylation	coverage
1	0	13	0.00	13
2	0	997	0.00	997
3	1	269	0.37	270
4	0	171	0.00	171
5	1	129	0.77	130
6	2	104	1.89	106
7	0	118	0.00	118
8	0	132	0.00	132
9	0	100	0.00	100
10	0	121	0.00	121
11	1	97	1.02	98
12	0	85	0.00	85
13	1	60	1.64	61
14	0	76	0.00	76
15	0	76	0.00	76
16	0	76	0.00	76
17	0	71	0.00	71
18	0	82	0.00	82
19	0	73	0.00	73
20	0	59	0.00	59
21	0	56	0.00	56
22	0	52	0.00	52
23	0	51	0.00	51
24	1	43	2.27	44
25	0	40	0.00	40
26	0	36	0.00	36
27	0	30	0.00	30
28	0	28	0.00	28
29	0	30	0.00	30
30	0	33	0.00	33
31	0	30	0.00	30
32	0	28	0.00	28
33	0	21	0.00	21
34	0	19	0.00	19
35	0	26	0.00	26
36	0	19	0.00	19
37	0	23	0.00	23
38	0	18	0.00	18
39	0	6	0.00	6
40	0	12	0.00	12
41	0	15	0.00	15
42	0	15	0.00	15
43	0	17	0.00	17
44	0	15	0.00	15
45	1	9	10.00	10
46	0	11	0.00	11
47	0	8	0.00	8
48	0	2	0.00	2
49	0	7	0.00	7
50	0	8	0.00	8
51	0	12	0.00	12
52	0	10	0.00	10
53	0	6	0.00	6
54	0	4	0.00	4
55	0	5	0.00	5
56	0	11	0.00	11
57	0	3	0.00	3
58	0	3	0.00	3
59	0	1	0.00	1
60	0	1	0.00	1
61	0	2	0.00	2
62	0	4	0.00	4
63	0	1	0.00	1
64	0	2	0.00	2
65	0	1	0.00	1
66	0	1	0.00	1
67	0	0		0
68	0	1	0.00	1
69	0	1	0.00	1
70	0	0		0
71	0	0		0
72	0	0		0
73	0	1	0.00	1
74	0	1	0.00	1
75	0	2	0.00	2
76	0	0		0
77	0	1	0.00	1
78	0	0		0
79	0	0		0
80	0	0		0
81	0	0		0
82	0	0		0
83	0	0		0
84	0	0		0
85	0	1	0.00	1
86	0	0		0
87	0	1	0.00	1
88	0	0		0
89	0	1	0.00	1
90	0	0		0
91	0	0		0
92	0	0		0
93	0	0		0
94	0	0		0
95	0	0		0
96	0	0		0
97	0	0		0

