CpG context (R1)
================
position	count methylated	count unmethylated	% methylation	coverage
1	213	2171	8.93	2384
2	0	12	0.00	12
3	0	23	0.00	23
4	12	194	5.83	206
5	12	189	5.97	201
6	11	289	3.67	300
7	8	196	3.92	204
8	17	313	5.15	330
9	8	265	2.93	273
10	8	250	3.10	258
11	10	263	3.66	273
12	15	269	5.28	284
13	12	277	4.15	289
14	11	242	4.35	253
15	10	234	4.10	244
16	12	265	4.33	277
17	7	205	3.30	212
18	6	246	2.38	252
19	18	313	5.44	331
20	9	241	3.60	250
21	9	246	3.53	255
22	20	263	7.07	283
23	18	257	6.55	275
24	17	249	6.39	266
25	12	280	4.11	292
26	13	295	4.22	308
27	14	288	4.64	302
28	17	258	6.18	275
29	7	259	2.63	266
30	16	284	5.33	300
31	5	285	1.72	290
32	9	288	3.03	297
33	6	205	2.84	211
34	18	264	6.38	282
35	22	258	7.86	280
36	13	211	5.80	224
37	12	283	4.07	295
38	15	262	5.42	277
39	11	253	4.17	264
40	14	263	5.05	277
41	14	274	4.86	288
42	12	291	3.96	303
43	13	234	5.26	247
44	15	255	5.56	270
45	13	266	4.66	279
46	11	229	4.58	240
47	20	263	7.07	283
48	7	254	2.68	261
49	16	245	6.13	261
50	8	261	2.97	269
51	18	228	7.32	246
52	17	219	7.20	236
53	8	235	3.29	243
54	12	236	4.84	248
55	13	309	4.04	322
56	10	217	4.41	227
57	12	258	4.44	270
58	7	240	2.83	247
59	15	249	5.68	264
60	16	217	6.87	233
61	16	243	6.18	259
62	12	248	4.62	260
63	13	215	5.70	228
64	15	248	5.70	263
65	8	242	3.20	250
66	16	246	6.11	262
67	15	221	6.36	236
68	6	195	2.99	201
69	14	178	7.29	192
70	20	204	8.93	224
71	12	218	5.22	230
72	7	229	2.97	236
73	8	216	3.57	224
74	9	182	4.71	191
75	9	187	4.59	196
76	13	182	6.67	195
77	11	225	4.66	236
78	8	219	3.52	227
79	8	182	4.21	190
80	9	181	4.74	190
81	8	184	4.17	192
82	5	188	2.59	193
83	7	141	4.73	148
84	5	171	2.84	176
85	7	173	3.89	180
86	10	173	5.46	183
87	8	168	4.55	176
88	5	126	3.82	131
89	8	157	4.85	165
90	2	120	1.64	122
91	3	133	2.21	136
92	5	138	3.50	143
93	12	161	6.94	173
94	7	137	4.86	144
95	4	115	3.36	119
96	7	106	6.19	113
97	7	115	5.74	122
98	8	110	6.78	118
99	1	54	1.82	55
100	0	7	0.00	7
101	1	6	14.29	7
102	0	4	0.00	4
103	0	3	0.00	3
104	0	4	0.00	4
105	0	1	0.00	1
106	0	2	0.00	2
107	1	5	16.67	6
108	0	2	0.00	2
109	0	4	0.00	4
110	1	1	50.00	2
111	0	3	0.00	3
112	0	1	0.00	1
113	0	4	0.00	4
114	0	2	0.00	2
115	0	3	0.00	3
116	0	2	0.00	2
117	0	5	0.00	5
118	0	1	0.00	1
119	0	2	0.00	2
120	0	0		0
121	0	2	0.00	2
122	0	2	0.00	2
123	1	2	33.33	3
124	0	2	0.00	2
125	0	1	0.00	1
126	0	4	0.00	4
127	0	0		0
128	0	0		0
129	1	1	50.00	2
130	0	1	0.00	1
131	0	1	0.00	1
132	0	1	0.00	1
133	0	0		0
134	0	0		0
135	0	1	0.00	1
136	0	1	0.00	1
137	0	1	0.00	1
138	0	1	0.00	1
139	0	1	0.00	1
140	0	0		0
141	0	0		0
142	0	1	0.00	1
143	0	0		0
144	0	2	0.00	2
145	0	0		0
146	0	0		0
147	0	0		0
148	1	1	50.00	2
149	0	0		0

CHG context (R1)
================
position	count methylated	count unmethylated	% methylation	coverage
1	0	8	0.00	8
2	0	28	0.00	28
3	0	6	0.00	6
4	0	134	0.00	134
5	0	202	0.00	202
6	0	229	0.00	229
7	1	253	0.39	254
8	0	235	0.00	235
9	1	248	0.40	249
10	0	221	0.00	221
11	0	232	0.00	232
12	2	214	0.93	216
13	1	200	0.50	201
14	2	206	0.96	208
15	0	251	0.00	251
16	0	221	0.00	221
17	1	242	0.41	243
18	1	251	0.40	252
19	1	196	0.51	197
20	0	183	0.00	183
21	0	229	0.00	229
22	1	236	0.42	237
23	0	201	0.00	201
24	1	189	0.53	190
25	1	240	0.41	241
26	0	224	0.00	224
27	0	213	0.00	213
28	1	237	0.42	238
29	1	199	0.50	200
30	2	201	0.99	203
31	0	265	0.00	265
32	0	183	0.00	183
33	0	239	0.00	239
34	0	247	0.00	247
35	0	230	0.00	230
36	0	221	0.00	221
37	1	203	0.49	204
38	0	194	0.00	194
39	1	211	0.47	212
40	0	234	0.00	234
41	2	241	0.82	243
42	3	229	1.29	232
43	0	205	0.00	205
44	1	237	0.42	238
45	0	205	0.00	205
46	0	237	0.00	237
47	1	186	0.53	187
48	0	217	0.00	217
49	0	198	0.00	198
50	0	217	0.00	217
51	0	193	0.00	193
52	1	219	0.45	220
53	0	209	0.00	209
54	0	236	0.00	236
55	0	158	0.00	158
56	1	212	0.47	213
57	1	194	0.51	195
58	0	201	0.00	201
59	1	174	0.57	175
60	1	159	0.62	160
61	0	190	0.00	190
62	0	177	0.00	177
63	1	180	0.55	181
64	0	178	0.00	178
65	0	204	0.00	204
66	0	181	0.00	181
67	0	170	0.00	170
68	0	176	0.00	176
69	0	205	0.00	205
70	0	182	0.00	182
71	1	167	0.60	168
72	0	183	0.00	183
73	2	171	1.16	173
74	0	157	0.00	157
75	0	174	0.00	174
76	1	188	0.53	189
77	0	198	0.00	198
78	0	150	0.00	150
79	0	143	0.00	143
80	1	153	0.65	154
81	0	176	0.00	176
82	0	122	0.00	122
83	0	161	0.00	161
84	0	125	0.00	125
85	0	110	0.00	110
86	0	159	0.00	159
87	1	108	0.92	109
88	2	136	1.45	138
89	1	107	0.93	108
90	1	96	1.03	97
91	0	133	0.00	133
92	0	89	0.00	89
93	1	88	1.12	89
94	0	101	0.00	101
95	0	96	0.00	96
96	0	113	0.00	113
97	0	127	0.00	127
98	0	88	0.00	88
99	0	34	0.00	34
100	0	2	0.00	2
101	0	3	0.00	3
102	0	5	0.00	5
103	0	4	0.00	4
104	0	3	0.00	3
105	0	4	0.00	4
106	0	6	0.00	6
107	0	1	0.00	1
108	0	8	0.00	8
109	0	3	0.00	3
110	0	1	0.00	1
111	0	3	0.00	3
112	0	4	0.00	4
113	0	3	0.00	3
114	0	1	0.00	1
115	0	0		0
116	0	1	0.00	1
117	0	4	0.00	4
118	0	1	0.00	1
119	0	1	0.00	1
120	0	2	0.00	2
121	0	1	0.00	1
122	0	2	0.00	2
123	0	2	0.00	2
124	0	1	0.00	1
125	0	0		0
126	0	0		0
127	0	0		0
128	0	1	0.00	1
129	0	0		0
130	0	1	0.00	1
131	0	0		0
132	0	1	0.00	1
133	0	1	0.00	1
134	0	0		0
135	0	0		0
136	0	1	0.00	1
137	0	1	0.00	1
138	0	0		0
139	0	0		0
140	0	0		0
141	0	2	0.00	2
142	0	0		0
143	0	0		0
144	0	0		0
145	0	0		0
146	0	0		0
147	0	0		0
148	0	0		0
149	0	1	0.00	1

CHH context (R1)
================
position	count methylated	count unmethylated	% methylation	coverage
1	2	28	6.67	30
2	1	26	3.70	27
3	0	20	0.00	20
4	1	350	0.28	351
5	1	390	0.26	391
6	0	432	0.00	432
7	4	407	0.97	411
8	0	350	0.00	350
9	2	298	0.67	300
10	2	304	0.65	306
11	0	324	0.00	324
12	1	350	0.28	351
13	3	364	0.82	367
14	0	382	0.00	382
15	0	383	0.00	383
16	0	354	0.00	354
17	0	366	0.00	366
18	1	326	0.31	327
19	0	317	0.00	317
20	0	330	0.00	330
21	1	330	0.30	331
22	0	328	0.00	328
23	0	341	0.00	341
24	2	381	0.52	383
25	3	403	0.74	406
26	3	367	0.81	370
27	2	390	0.51	392
28	2	357	0.56	359
29	0	334	0.00	334
30	1	378	0.26	379
31	2	338	0.59	340
32	0	369	0.00	369
33	0	327	0.00	327
34	0	349	0.00	349
35	1	330	0.30	331
36	0	365	0.00	365
37	1	358	0.28	359
38	0	383	0.00	383
39	2	360	0.55	362
40	1	315	0.32	316
41	2	318	0.62	320
42	1	326	0.31	327
43	0	340	0.00	340
44	0	347	0.00	347
45	1	299	0.33	300
46	2	333	0.60	335
47	3	324	0.92	327
48	1	310	0.32	311
49	3	356	0.84	359
50	1	373	0.27	374
51	1	400	0.25	401
52	0	361	0.00	361
53	2	340	0.58	342
54	1	307	0.32	308
55	1	339	0.29	340
56	0	295	0.00	295
57	0	309	0.00	309
58	0	278	0.00	278
59	3	325	0.91	328
60	2	330	0.60	332
61	0	351	0.00	351
62	0	365	0.00	365
63	1	324	0.31	325
64	1	360	0.28	361
65	1	319	0.31	320
66	2	275	0.72	277
67	1	304	0.33	305
68	2	373	0.53	375
69	2	298	0.67	300
70	1	292	0.34	293
71	1	293	0.34	294
72	2	290	0.68	292
73	0	315	0.00	315
74	1	275	0.36	276
75	0	312	0.00	312
76	1	303	0.33	304
77	0	269	0.00	269
78	1	258	0.39	259
79	2	276	0.72	278
80	1	284	0.35	285
81	0	249	0.00	249
82	1	266	0.37	267
83	0	225	0.00	225
84	1	252	0.40	253
85	1	266	0.37	267
86	1	253	0.39	254
87	0	223	0.00	223
88	0	261	0.00	261
89	1	233	0.43	234
90	0	188	0.00	188
91	2	187	1.06	189
92	0	206	0.00	206
93	3	187	1.58	190
94	0	155	0.00	155
95	0	197	0.00	197
96	1	168	0.59	169
97	0	158	0.00	158
98	1	179	0.56	180
99	0	68	0.00	68
100	0	9	0.00	9
101	0	5	0.00	5
102	0	6	0.00	6
103	0	5	0.00	5
104	0	7	0.00	7
105	0	8	0.00	8
106	0	8	0.00	8
107	0	10	0.00	10
108	0	0		0
109	0	4	0.00	4
110	0	7	0.00	7
111	0	6	0.00	6
112	0	2	0.00	2
113	0	1	0.00	1
114	0	6	0.00	6
115	0	4	0.00	4
116	0	3	0.00	3
117	0	4	0.00	4
118	0	0		0
119	0	2	0.00	2
120	0	2	0.00	2
121	0	5	0.00	5
122	0	1	0.00	1
123	0	0		0
124	0	0		0
125	0	0		0
126	0	1	0.00	1
127	0	0		0
128	0	1	0.00	1
129	0	1	0.00	1
130	0	2	0.00	2
131	0	2	0.00	2
132	0	3	0.00	3
133	0	2	0.00	2
134	0	2	0.00	2
135	0	1	0.00	1
136	0	1	0.00	1
137	0	0		0
138	0	0		0
139	0	0		0
140	0	1	0.00	1
141	0	1	0.00	1
142	0	0		0
143	0	0		0
144	0	0		0
145	0	0		0
146	0	1	0.00	1
147	0	3	0.00	3
148	0	2	0.00	2
149	0	1	0.00	1

CpG context (R2)
================
position	count methylated	count unmethylated	% methylation	coverage
1	0	33	0.00	33
2	1	29	3.33	30
3	6	71	7.79	77
4	2	68	2.86	70
5	8	107	6.96	115
6	8	95	7.77	103
7	5	122	3.94	127
8	3	82	3.53	85
9	3	82	3.53	85
10	4	81	4.71	85
11	3	67	4.29	70
12	3	66	4.35	69
13	4	64	5.88	68
14	3	57	5.00	60
15	2	64	3.03	66
16	1	56	1.75	57
17	1	42	2.33	43
18	4	54	6.90	58
19	2	32	5.88	34
20	1	50	1.96	51
21	1	42	2.33	43
22	2	39	4.88	41
23	4	42	8.70	46
24	4	46	8.00	50
25	0	56	0.00	56
26	2	30	6.25	32
27	4	38	9.52	42
28	2	34	5.56	36
29	3	38	7.32	41
30	5	23	17.86	28
31	3	33	8.33	36
32	1	27	3.57	28
33	2	13	13.33	15
34	3	23	11.54	26
35	0	18	0.00	18
36	1	15	6.25	16
37	0	18	0.00	18
38	0	11	0.00	11
39	0	13	0.00	13
40	0	7	0.00	7
41	0	9	0.00	9
42	0	11	0.00	11
43	1	21	4.55	22
44	0	12	0.00	12
45	0	4	0.00	4
46	1	13	7.14	14
47	0	8	0.00	8
48	1	8	11.11	9
49	0	7	0.00	7
50	2	3	40.00	5
51	0	5	0.00	5
52	1	8	11.11	9
53	0	3	0.00	3
54	0	6	0.00	6
55	1	3	25.00	4
56	0	4	0.00	4
57	0	3	0.00	3
58	0	1	0.00	1
59	0	1	0.00	1
60	0	1	0.00	1
61	0	3	0.00	3
62	0	1	0.00	1
63	1	2	33.33	3
64	0	1	0.00	1
65	0	1	0.00	1
66	0	2	0.00	2
67	0	1	0.00	1
68	0	1	0.00	1
69	0	1	0.00	1
70	0	1	0.00	1
71	0	0		0
72	0	1	0.00	1
73	0	0		0
74	0	0		0
75	0	1	0.00	1
76	0	0		0
77	0	0		0
78	0	0		0
79	0	0		0
80	0	0		0
81	0	0		0
82	0	0		0
83	0	0		0
84	0	0		0
85	0	1	0.00	1
86	0	0		0
87	0	0		0
88	0	0		0
89	0	1	0.00	1
90	0	0		0
91	0	0		0
92	0	0		0
93	0	0		0
94	0	1	0.00	1
95	0	0		0
96	0	0		0
97	0	1	0.00	1

CHG context (R2)
================
position	count methylated	count unmethylated	% methylation	coverage
1	11	2111	0.52	2122
2	0	30	0.00	30
3	0	10	0.00	10
4	1	35	2.78	36
5	0	56	0.00	56
6	0	80	0.00	80
7	0	61	0.00	61
8	0	92	0.00	92
9	1	62	1.59	63
10	1	66	1.49	67
11	0	65	0.00	65
12	0	43	0.00	43
13	0	44	0.00	44
14	0	54	0.00	54
15	0	43	0.00	43
16	0	51	0.00	51
17	0	70	0.00	70
18	0	59	0.00	59
19	0	53	0.00	53
20	0	47	0.00	47
21	0	46	0.00	46
22	0	51	0.00	51
23	0	26	0.00	26
24	0	24	0.00	24
25	0	38	0.00	38
26	0	29	0.00	29
27	0	13	0.00	13
28	1	19	5.00	20
29	0	27	0.00	27
30	0	28	0.00	28
31	0	26	0.00	26
32	0	21	0.00	21
33	0	30	0.00	30
34	1	18	5.26	19
35	0	23	0.00	23
36	0	26	0.00	26
37	0	12	0.00	12
38	0	10	0.00	10
39	0	8	0.00	8
40	1	15	6.25	16
41	1	17	5.56	18
42	0	6	0.00	6
43	0	9	0.00	9
44	0	4	0.00	4
45	0	5	0.00	5
46	0	5	0.00	5
47	0	8	0.00	8
48	0	9	0.00	9
49	0	10	0.00	10
50	0	9	0.00	9
51	0	3	0.00	3
52	0	8	0.00	8
53	0	5	0.00	5
54	0	1	0.00	1
55	0	5	0.00	5
56	0	6	0.00	6
57	0	0		0
58	0	2	0.00	2
59	0	2	0.00	2
60	0	4	0.00	4
61	0	1	0.00	1
62	0	0		0
63	1	3	25.00	4
64	0	2	0.00	2
65	0	0		0
66	0	1	0.00	1
67	0	0		0
68	0	0		0
69	0	1	0.00	1
70	0	0		0
71	0	2	0.00	2
72	0	1	0.00	1
73	0	1	0.00	1
74	0	0		0
75	0	1	0.00	1
76	0	0		0
77	0	0		0
78	0	1	0.00	1
79	0	0		0
80	0	0		0
81	0	0		0
82	0	0		0
83	0	0		0
84	0	0		0
85	0	0		0
86	0	0		0
87	0	1	0.00	1
88	0	0		0
89	0	0		0
90	0	0		0
91	0	0		0
92	0	0		0
93	0	1	0.00	1
94	0	0		0
95	0	0		0
96	0	0		0
97	0	0		0

CHH context (R2)
================
position	count methylated	count unmethylated	% methylation	coverage
1	0	9	0.00	9
2	4	1005	0.40	1009
3	0	273	0.00	273
4	0	191	0.00	191
5	0	140	0.00	140
6	1	96	1.03	97
7	0	106	0.00	106
8	0	128	0.00	128
9	0	105	0.00	105
10	0	112	0.00	112
11	0	91	0.00	91
12	0	89	0.00	89
13	0	77	0.00	77
14	1	99	1.00	100
15	1	76	1.30	77
16	0	71	0.00	71
17	0	69	0.00	69
18	0	82	0.00	82
19	1	80	1.23	81
20	1	65	1.52	66
21	1	53	1.85	54
22	0	48	0.00	48
23	0	51	0.00	51
24	1	38	2.56	39
25	0	39	0.00	39
26	0	40	0.00	40
27	0	37	0.00	37
28	0	30	0.00	30
29	0	29	0.00	29
30	0	31	0.00	31
31	0	27	0.00	27
32	0	32	0.00	32
33	0	25	0.00	25
34	0	24	0.00	24
35	1	21	4.55	22
36	0	21	0.00	21
37	0	24	0.00	24
38	1	24	4.00	25
39	0	13	0.00	13
40	0	20	0.00	20
41	0	10	0.00	10
42	0	17	0.00	17
43	0	17	0.00	17
44	0	18	0.00	18
45	0	10	0.00	10
46	0	14	0.00	14
47	0	10	0.00	10
48	0	4	0.00	4
49	0	10	0.00	10
50	0	12	0.00	12
51	0	13	0.00	13
52	0	9	0.00	9
53	0	7	0.00	7
54	0	9	0.00	9
55	0	5	0.00	5
56	0	9	0.00	9
57	0	6	0.00	6
58	0	7	0.00	7
59	0	3	0.00	3
60	0	2	0.00	2
61	0	2	0.00	2
62	0	2	0.00	2
63	0	2	0.00	2
64	0	0		0
65	0	0		0
66	0	0		0
67	0	0		0
68	0	4	0.00	4
69	0	0		0
70	0	1	0.00	1
71	0	0		0
72	0	0		0
73	0	0		0
74	0	0		0
75	0	1	0.00	1
76	0	0		0
77	0	1	0.00	1
78	0	1	0.00	1
79	0	1	0.00	1
80	0	0		0
81	0	0		0
82	0	0		0
83	0	0		0
84	0	0		0
85	0	0		0
86	0	0		0
87	0	0		0
88	0	0		0
89	0	0		0
90	0	0		0
91	0	0		0
92	0	0		0
93	0	0		0
94	0	0		0
95	0	0		0
96	0	0		0
97	0	0		0

