CpG context (R1)
================
position	count methylated	count unmethylated	% methylation	coverage
1	189	2181	7.97	2370
2	1	17	5.56	18
3	0	13	0.00	13
4	13	146	8.18	159
5	12	198	5.71	210
6	9	253	3.44	262
7	12	244	4.69	256
8	13	268	4.63	281
9	10	259	3.72	269
10	15	243	5.81	258
11	14	248	5.34	262
12	22	262	7.75	284
13	14	296	4.52	310
14	9	250	3.47	259
15	14	257	5.17	271
16	18	262	6.43	280
17	10	237	4.05	247
18	13	258	4.80	271
19	15	315	4.55	330
20	10	198	4.81	208
21	16	236	6.35	252
22	15	274	5.19	289
23	14	255	5.20	269
24	14	255	5.20	269
25	12	290	3.97	302
26	13	286	4.35	299
27	15	258	5.49	273
28	24	272	8.11	296
29	13	266	4.66	279
30	14	271	4.91	285
31	22	258	7.86	280
32	13	308	4.05	321
33	13	235	5.24	248
34	11	294	3.61	305
35	20	287	6.51	307
36	14	234	5.65	248
37	15	247	5.73	262
38	22	236	8.53	258
39	14	223	5.91	237
40	7	263	2.59	270
41	11	261	4.04	272
42	17	282	5.69	299
43	18	271	6.23	289
44	9	231	3.75	240
45	10	272	3.55	282
46	18	234	7.14	252
47	16	263	5.73	279
48	8	249	3.11	257
49	17	227	6.97	244
50	9	219	3.95	228
51	12	218	5.22	230
52	9	216	4.00	225
53	12	242	4.72	254
54	9	223	3.88	232
55	12	276	4.17	288
56	9	208	4.15	217
57	10	261	3.69	271
58	8	227	3.40	235
59	17	254	6.27	271
60	10	231	4.15	241
61	15	244	5.79	259
62	13	248	4.98	261
63	18	219	7.59	237
64	9	244	3.56	253
65	12	259	4.43	271
66	5	236	2.07	241
67	13	210	5.83	223
68	16	183	8.04	199
69	10	214	4.46	224
70	10	224	4.27	234
71	17	207	7.59	224
72	10	229	4.18	239
73	11	236	4.45	247
74	4	211	1.86	215
75	13	188	6.47	201
76	11	180	5.76	191
77	5	238	2.06	243
78	13	207	5.91	220
79	14	196	6.67	210
80	9	181	4.74	190
81	13	176	6.88	189
82	9	186	4.62	195
83	5	144	3.36	149
84	9	150	5.66	159
85	7	182	3.70	189
86	8	190	4.04	198
87	7	158	4.24	165
88	3	130	2.26	133
89	11	154	6.67	165
90	4	118	3.28	122
91	4	147	2.65	151
92	5	154	3.14	159
93	6	117	4.88	123
94	9	119	7.03	128
95	8	117	6.40	125
96	3	118	2.48	121
97	8	134	5.63	142
98	7	101	6.48	108
99	2	47	4.08	49
100	0	10	0.00	10
101	0	4	0.00	4
102	0	4	0.00	4
103	0	5	0.00	5
104	0	5	0.00	5
105	0	5	0.00	5
106	0	7	0.00	7
107	0	2	0.00	2
108	0	8	0.00	8
109	0	6	0.00	6
110	0	7	0.00	7
111	0	5	0.00	5
112	0	4	0.00	4
113	0	1	0.00	1
114	1	3	25.00	4
115	0	3	0.00	3
116	0	5	0.00	5
117	1	4	20.00	5
118	0	4	0.00	4
119	0	0		0
120	0	3	0.00	3
121	0	1	0.00	1
122	1	4	20.00	5
123	0	1	0.00	1
124	1	2	33.33	3
125	0	2	0.00	2
126	1	3	25.00	4
127	0	0		0
128	0	0		0
129	0	0		0
130	0	2	0.00	2
131	0	1	0.00	1
132	1	2	33.33	3
133	0	0		0
134	1	0	100.00	1
135	0	1	0.00	1
136	0	3	0.00	3
137	0	2	0.00	2
138	0	1	0.00	1
139	0	0		0
140	0	0		0
141	1	0	100.00	1
142	0	0		0
143	0	0		0
144	0	0		0
145	0	1	0.00	1
146	0	0		0
147	0	2	0.00	2
148	0	0		0

CHG context (R1)
================
position	count methylated	count unmethylated	% methylation	coverage
1	1	14	6.67	15
2	1	24	4.00	25
3	0	10	0.00	10
4	2	140	1.41	142
5	0	194	0.00	194
6	0	227	0.00	227
7	2	247	0.80	249
8	0	218	0.00	218
9	2	213	0.93	215
10	1	224	0.44	225
11	0	237	0.00	237
12	1	217	0.46	218
13	0	188	0.00	188
14	0	242	0.00	242
15	0	228	0.00	228
16	0	222	0.00	222
17	0	241	0.00	241
18	1	271	0.37	272
19	1	200	0.50	201
20	2	176	1.12	178
21	0	215	0.00	215
22	0	234	0.00	234
23	1	211	0.47	212
24	1	210	0.47	211
25	1	240	0.41	241
26	1	203	0.49	204
27	1	233	0.43	234
28	1	210	0.47	211
29	0	190	0.00	190
30	1	190	0.52	191
31	1	253	0.39	254
32	0	211	0.00	211
33	0	218	0.00	218
34	2	238	0.83	240
35	1	236	0.42	237
36	0	219	0.00	219
37	2	199	1.00	201
38	0	202	0.00	202
39	1	206	0.48	207
40	2	215	0.92	217
41	0	276	0.00	276
42	0	216	0.00	216
43	3	188	1.57	191
44	1	247	0.40	248
45	1	209	0.48	210
46	0	235	0.00	235
47	1	175	0.57	176
48	1	233	0.43	234
49	0	211	0.00	211
50	0	198	0.00	198
51	1	216	0.46	217
52	2	227	0.87	229
53	0	201	0.00	201
54	1	186	0.53	187
55	0	168	0.00	168
56	0	188	0.00	188
57	0	205	0.00	205
58	0	216	0.00	216
59	0	173	0.00	173
60	2	167	1.18	169
61	0	198	0.00	198
62	0	177	0.00	177
63	1	192	0.52	193
64	0	185	0.00	185
65	0	191	0.00	191
66	0	173	0.00	173
67	1	176	0.56	177
68	0	192	0.00	192
69	1	185	0.54	186
70	0	196	0.00	196
71	0	181	0.00	181
72	0	157	0.00	157
73	2	177	1.12	179
74	0	147	0.00	147
75	0	150	0.00	150
76	0	180	0.00	180
77	0	168	0.00	168
78	0	144	0.00	144
79	2	148	1.33	150
80	0	134	0.00	134
81	0	191	0.00	191
82	1	124	0.80	125
83	0	132	0.00	132
84	0	125	0.00	125
85	0	127	0.00	127
86	1	149	0.67	150
87	0	108	0.00	108
88	1	148	0.67	149
89	1	115	0.86	116
90	0	116	0.00	116
91	2	150	1.32	152
92	0	76	0.00	76
93	1	87	1.14	88
94	0	110	0.00	110
95	0	94	0.00	94
96	0	109	0.00	109
97	0	105	0.00	105
98	0	90	0.00	90
99	0	24	0.00	24
100	0	7	0.00	7
101	0	6	0.00	6
102	0	9	0.00	9
103	0	5	0.00	5
104	0	3	0.00	3
105	0	5	0.00	5
106	0	6	0.00	6
107	0	3	0.00	3
108	0	2	0.00	2
109	0	3	0.00	3
110	0	5	0.00	5
111	0	1	0.00	1
112	0	2	0.00	2
113	0	2	0.00	2
114	0	2	0.00	2
115	0	1	0.00	1
116	0	4	0.00	4
117	0	3	0.00	3
118	0	2	0.00	2
119	0	2	0.00	2
120	0	0		0
121	0	1	0.00	1
122	0	1	0.00	1
123	0	2	0.00	2
124	0	1	0.00	1
125	0	1	0.00	1
126	0	0		0
127	0	1	0.00	1
128	0	0		0
129	0	1	0.00	1
130	0	2	0.00	2
131	0	0		0
132	0	0		0
133	0	0		0
134	0	1	0.00	1
135	0	0		0
136	0	1	0.00	1
137	0	0		0
138	0	0		0
139	0	0		0
140	0	2	0.00	2
141	0	0		0
142	0	0		0
143	0	1	0.00	1
144	0	1	0.00	1
145	0	1	0.00	1
146	0	0		0
147	0	1	0.00	1
148	0	0		0

CHH context (R1)
================
position	count methylated	count unmethylated	% methylation	coverage
1	3	38	7.32	41
2	0	37	0.00	37
3	0	29	0.00	29
4	2	365	0.54	367
5	1	458	0.22	459
6	1	456	0.22	457
7	2	424	0.47	426
8	0	386	0.00	386
9	2	354	0.56	356
10	1	334	0.30	335
11	0	309	0.00	309
12	0	346	0.00	346
13	1	406	0.25	407
14	1	367	0.27	368
15	2	374	0.53	376
16	1	369	0.27	370
17	0	327	0.00	327
18	1	286	0.35	287
19	3	311	0.96	314
20	1	391	0.26	392
21	2	342	0.58	344
22	0	354	0.00	354
23	0	363	0.00	363
24	1	367	0.27	368
25	1	371	0.27	372
26	4	377	1.05	381
27	0	386	0.00	386
28	0	384	0.00	384
29	1	384	0.26	385
30	1	377	0.26	378
31	1	350	0.28	351
32	1	388	0.26	389
33	3	313	0.95	316
34	0	325	0.00	325
35	0	297	0.00	297
36	1	349	0.29	350
37	0	360	0.00	360
38	0	329	0.00	329
39	0	370	0.00	370
40	1	348	0.29	349
41	1	351	0.28	352
42	1	330	0.30	331
43	0	328	0.00	328
44	1	329	0.30	330
45	0	318	0.00	318
46	0	337	0.00	337
47	1	334	0.30	335
48	0	305	0.00	305
49	1	371	0.27	372
50	1	369	0.27	370
51	2	444	0.45	446
52	0	363	0.00	363
53	3	343	0.87	346
54	0	288	0.00	288
55	0	352	0.00	352
56	1	320	0.31	321
57	0	284	0.00	284
58	1	281	0.35	282
59	0	350	0.00	350
60	2	333	0.60	335
61	0	313	0.00	313
62	2	332	0.60	334
63	3	299	0.99	302
64	3	334	0.89	337
65	0	301	0.00	301
66	1	278	0.36	279
67	0	312	0.00	312
68	0	316	0.00	316
69	1	321	0.31	322
70	1	275	0.36	276
71	1	303	0.33	304
72	2	255	0.78	257
73	0	300	0.00	300
74	0	279	0.00	279
75	1	268	0.37	269
76	0	300	0.00	300
77	0	276	0.00	276
78	0	266	0.00	266
79	0	294	0.00	294
80	0	306	0.00	306
81	0	242	0.00	242
82	1	250	0.40	251
83	1	234	0.43	235
84	1	248	0.40	249
85	3	242	1.22	245
86	0	255	0.00	255
87	1	213	0.47	214
88	0	243	0.00	243
89	2	216	0.92	218
90	1	192	0.52	193
91	1	188	0.53	189
92	0	199	0.00	199
93	1	175	0.57	176
94	0	184	0.00	184
95	1	191	0.52	192
96	1	145	0.68	146
97	2	164	1.20	166
98	1	161	0.62	162
99	1	67	1.47	68
100	0	6	0.00	6
101	0	11	0.00	11
102	0	7	0.00	7
103	0	9	0.00	9
104	0	6	0.00	6
105	0	4	0.00	4
106	0	7	0.00	7
107	0	5	0.00	5
108	0	2	0.00	2
109	0	5	0.00	5
110	0	6	0.00	6
111	0	2	0.00	2
112	0	5	0.00	5
113	0	8	0.00	8
114	0	4	0.00	4
115	0	7	0.00	7
116	0	3	0.00	3
117	0	5	0.00	5
118	0	6	0.00	6
119	0	4	0.00	4
120	0	1	0.00	1
121	0	9	0.00	9
122	0	6	0.00	6
123	0	1	0.00	1
124	0	2	0.00	2
125	0	0		0
126	0	4	0.00	4
127	0	2	0.00	2
128	0	4	0.00	4
129	0	3	0.00	3
130	0	2	0.00	2
131	0	2	0.00	2
132	0	1	0.00	1
133	0	3	0.00	3
134	0	2	0.00	2
135	0	1	0.00	1
136	0	0		0
137	0	0		0
138	0	1	0.00	1
139	0	1	0.00	1
140	0	1	0.00	1
141	0	0		0
142	0	0		0
143	0	1	0.00	1
144	0	2	0.00	2
145	0	1	0.00	1
146	0	1	0.00	1
147	0	0		0
148	0	1	0.00	1

CpG context (R2)
================
position	count methylated	count unmethylated	% methylation	coverage
1	1	24	4.00	25
2	0	21	0.00	21
3	3	83	3.49	86
4	6	73	7.59	79
5	8	101	7.34	109
6	7	93	7.00	100
7	7	133	5.00	140
8	3	78	3.70	81
9	6	84	6.67	90
10	4	105	3.67	109
11	6	72	7.69	78
12	0	66	0.00	66
13	4	82	4.65	86
14	5	42	10.64	47
15	3	51	5.56	54
16	1	47	2.08	48
17	2	45	4.26	47
18	5	48	9.43	53
19	0	47	0.00	47
20	1	46	2.13	47
21	2	26	7.14	28
22	1	42	2.33	43
23	4	31	11.43	35
24	2	66	2.94	68
25	1	25	3.85	26
26	1	39	2.50	40
27	4	34	10.53	38
28	0	23	0.00	23
29	3	47	6.00	50
30	2	23	8.00	25
31	0	29	0.00	29
32	1	33	2.94	34
33	0	17	0.00	17
34	2	16	11.11	18
35	1	9	10.00	10
36	1	21	4.55	22
37	1	26	3.70	27
38	1	23	4.17	24
39	0	13	0.00	13
40	0	9	0.00	9
41	0	9	0.00	9
42	0	8	0.00	8
43	3	12	20.00	15
44	1	18	5.26	19
45	0	2	0.00	2
46	1	20	4.76	21
47	0	10	0.00	10
48	5	12	29.41	17
49	0	10	0.00	10
50	0	10	0.00	10
51	0	7	0.00	7
52	1	7	12.50	8
53	0	2	0.00	2
54	1	8	11.11	9
55	0	4	0.00	4
56	0	4	0.00	4
57	0	4	0.00	4
58	0	4	0.00	4
59	0	3	0.00	3
60	0	4	0.00	4
61	0	2	0.00	2
62	0	1	0.00	1
63	0	3	0.00	3
64	0	1	0.00	1
65	0	3	0.00	3
66	0	1	0.00	1
67	0	3	0.00	3
68	0	1	0.00	1
69	0	2	0.00	2
70	0	0		0
71	1	2	33.33	3
72	0	2	0.00	2
73	0	2	0.00	2
74	0	1	0.00	1
75	0	0		0
76	0	3	0.00	3
77	0	1	0.00	1
78	1	1	50.00	2
79	0	1	0.00	1
80	0	0		0
81	0	1	0.00	1
82	0	0		0
83	0	0		0
84	0	0		0
85	0	0		0
86	0	1	0.00	1
87	0	0		0
88	0	0		0
89	0	0		0
90	0	0		0
91	0	0		0
92	0	0		0
93	0	0		0
94	0	1	0.00	1
95	0	0		0
96	0	0		0
97	0	1	0.00	1

CHG context (R2)
================
position	count methylated	count unmethylated	% methylation	coverage
1	9	2131	0.42	2140
2	0	29	0.00	29
3	0	5	0.00	5
4	2	54	3.57	56
5	0	62	0.00	62
6	2	58	3.33	60
7	0	80	0.00	80
8	2	108	1.82	110
9	0	62	0.00	62
10	0	52	0.00	52
11	1	82	1.20	83
12	0	47	0.00	47
13	0	42	0.00	42
14	0	49	0.00	49
15	0	48	0.00	48
16	0	38	0.00	38
17	1	71	1.39	72
18	0	55	0.00	55
19	0	48	0.00	48
20	0	63	0.00	63
21	0	41	0.00	41
22	0	42	0.00	42
23	0	31	0.00	31
24	0	21	0.00	21
25	0	43	0.00	43
26	0	17	0.00	17
27	0	23	0.00	23
28	0	23	0.00	23
29	0	25	0.00	25
30	0	27	0.00	27
31	1	24	4.00	25
32	0	16	0.00	16
33	0	32	0.00	32
34	1	23	4.17	24
35	0	25	0.00	25
36	0	19	0.00	19
37	0	20	0.00	20
38	0	11	0.00	11
39	0	12	0.00	12
40	0	13	0.00	13
41	0	20	0.00	20
42	0	4	0.00	4
43	0	5	0.00	5
44	0	5	0.00	5
45	0	14	0.00	14
46	0	5	0.00	5
47	0	8	0.00	8
48	0	6	0.00	6
49	0	10	0.00	10
50	0	10	0.00	10
51	0	5	0.00	5
52	0	6	0.00	6
53	0	4	0.00	4
54	0	0		0
55	0	7	0.00	7
56	0	3	0.00	3
57	0	0		0
58	0	1	0.00	1
59	0	3	0.00	3
60	0	4	0.00	4
61	0	1	0.00	1
62	0	0		0
63	0	3	0.00	3
64	0	1	0.00	1
65	0	0		0
66	0	0		0
67	0	0		0
68	0	1	0.00	1
69	0	0		0
70	1	1	50.00	2
71	0	1	0.00	1
72	0	1	0.00	1
73	0	3	0.00	3
74	0	2	0.00	2
75	0	1	0.00	1
76	0	0		0
77	0	0		0
78	0	1	0.00	1
79	0	1	0.00	1
80	0	0		0
81	0	0		0
82	0	0		0
83	0	0		0
84	0	0		0
85	0	0		0
86	0	0		0
87	0	1	0.00	1
88	0	0		0
89	0	0		0
90	0	0		0
91	0	0		0
92	0	1	0.00	1
93	0	0		0
94	0	1	0.00	1
95	0	0		0
96	0	0		0
97	0	0		0

CHH context (R2)
================
position	count methylated	count unmethylated	% methylation	coverage
1	0	11	0.00	11
2	2	961	0.21	963
3	2	242	0.82	244
4	1	176	0.56	177
5	1	146	0.68	147
6	0	105	0.00	105
7	0	97	0.00	97
8	2	126	1.56	128
9	0	124	0.00	124
10	0	111	0.00	111
11	0	81	0.00	81
12	0	88	0.00	88
13	0	66	0.00	66
14	0	95	0.00	95
15	0	78	0.00	78
16	1	69	1.43	70
17	0	58	0.00	58
18	0	82	0.00	82
19	0	62	0.00	62
20	0	60	0.00	60
21	1	61	1.61	62
22	0	47	0.00	47
23	0	45	0.00	45
24	0	47	0.00	47
25	0	49	0.00	49
26	0	44	0.00	44
27	0	31	0.00	31
28	0	24	0.00	24
29	0	37	0.00	37
30	0	29	0.00	29
31	0	28	0.00	28
32	0	30	0.00	30
33	0	19	0.00	19
34	0	31	0.00	31
35	0	24	0.00	24
36	0	24	0.00	24
37	0	14	0.00	14
38	0	21	0.00	21
39	0	5	0.00	5
40	0	23	0.00	23
41	0	21	0.00	21
42	0	19	0.00	19
43	0	14	0.00	14
44	1	16	5.88	17
45	0	13	0.00	13
46	0	22	0.00	22
47	0	12	0.00	12
48	0	2	0.00	2
49	0	12	0.00	12
50	0	9	0.00	9
51	0	18	0.00	18
52	1	15	6.25	16
53	0	13	0.00	13
54	0	9	0.00	9
55	0	9	0.00	9
56	0	9	0.00	9
57	0	4	0.00	4
58	0	4	0.00	4
59	0	2	0.00	2
60	0	1	0.00	1
61	0	3	0.00	3
62	0	2	0.00	2
63	0	1	0.00	1
64	0	1	0.00	1
65	0	2	0.00	2
66	0	0		0
67	0	1	0.00	1
68	0	2	0.00	2
69	0	0		0
70	0	1	0.00	1
71	0	0		0
72	0	0		0
73	0	0		0
74	0	1	0.00	1
75	0	1	0.00	1
76	0	0		0
77	0	1	0.00	1
78	0	1	0.00	1
79	0	1	0.00	1
80	0	1	0.00	1
81	0	0		0
82	0	1	0.00	1
83	0	2	0.00	2
84	0	0		0
85	0	1	0.00	1
86	0	0		0
87	0	0		0
88	0	0		0
89	0	1	0.00	1
90	0	1	0.00	1
91	0	0		0
92	0	0		0
93	0	1	0.00	1
94	0	1	0.00	1
95	0	1	0.00	1
96	0	1	0.00	1
97	0	0		0

