CpG context (R1)
================
position	count methylated	count unmethylated	% methylation	coverage
1	197	2160	8.36	2357
2	1	22	4.35	23
3	2	21	8.70	23
4	8	176	4.35	184
5	11	183	5.67	194
6	9	265	3.28	274
7	9	228	3.80	237
8	14	268	4.96	282
9	12	244	4.69	256
10	16	239	6.27	255
11	8	251	3.09	259
12	17	283	5.67	300
13	18	273	6.19	291
14	9	227	3.81	236
15	8	246	3.15	254
16	11	270	3.91	281
17	8	235	3.29	243
18	12	231	4.94	243
19	14	307	4.36	321
20	10	243	3.95	253
21	11	224	4.68	235
22	7	267	2.55	274
23	15	230	6.12	245
24	9	251	3.46	260
25	17	296	5.43	313
26	9	288	3.03	297
27	14	282	4.73	296
28	18	287	5.90	305
29	7	273	2.50	280
30	13	252	4.91	265
31	22	304	6.75	326
32	13	288	4.32	301
33	12	234	4.88	246
34	15	290	4.92	305
35	19	260	6.81	279
36	11	202	5.16	213
37	14	268	4.96	282
38	14	242	5.47	256
39	11	267	3.96	278
40	6	231	2.53	237
41	10	238	4.03	248
42	9	291	3.00	300
43	16	264	5.71	280
44	12	240	4.76	252
45	15	265	5.36	280
46	23	240	8.75	263
47	24	259	8.48	283
48	24	269	8.19	293
49	14	225	5.86	239
50	12	237	4.82	249
51	9	223	3.88	232
52	15	240	5.88	255
53	10	230	4.17	240
54	16	210	7.08	226
55	16	291	5.21	307
56	16	235	6.37	251
57	11	256	4.12	267
58	13	256	4.83	269
59	17	257	6.20	274
60	12	216	5.26	228
61	17	255	6.25	272
62	11	223	4.70	234
63	15	235	6.00	250
64	13	259	4.78	272
65	7	227	2.99	234
66	12	240	4.76	252
67	5	229	2.14	234
68	9	239	3.63	248
69	10	186	5.10	196
70	12	218	5.22	230
71	12	258	4.44	270
72	13	240	5.14	253
73	12	224	5.08	236
74	6	196	2.97	202
75	7	199	3.40	206
76	11	191	5.45	202
77	8	216	3.57	224
78	7	215	3.15	222
79	10	221	4.33	231
80	4	156	2.50	160
81	8	192	4.00	200
82	5	209	2.34	214
83	5	140	3.45	145
84	11	161	6.40	172
85	5	178	2.73	183
86	10	178	5.32	188
87	5	177	2.75	182
88	6	141	4.08	147
89	4	123	3.15	127
90	10	133	6.99	143
91	5	149	3.25	154
92	7	124	5.34	131
93	5	129	3.73	134
94	3	117	2.50	120
95	5	101	4.72	106
96	3	114	2.56	117
97	2	108	1.82	110
98	4	96	4.00	100
99	0	52	0.00	52
100	1	7	12.50	8
101	2	5	28.57	7
102	1	3	25.00	4
103	0	8	0.00	8
104	0	3	0.00	3
105	0	2	0.00	2
106	1	5	16.67	6
107	0	2	0.00	2
108	0	3	0.00	3
109	1	6	14.29	7
110	0	4	0.00	4
111	0	5	0.00	5
112	0	6	0.00	6
113	0	3	0.00	3
114	0	6	0.00	6
115	0	1	0.00	1
116	1	1	50.00	2
117	0	2	0.00	2
118	0	1	0.00	1
119	0	4	0.00	4
120	0	2	0.00	2
121	0	0		0
122	0	3	0.00	3
123	0	3	0.00	3
124	0	2	0.00	2
125	0	4	0.00	4
126	0	1	0.00	1
127	0	3	0.00	3
128	0	2	0.00	2
129	0	3	0.00	3
130	0	1	0.00	1
131	0	0		0
132	0	0		0
133	0	0		0
134	0	1	0.00	1
135	0	0		0
136	0	2	0.00	2
137	0	1	0.00	1
138	1	1	50.00	2
139	0	0		0
140	0	0		0
141	0	0		0
142	0	1	0.00	1
143	0	0		0
144	0	0		0
145	0	1	0.00	1
146	1	1	50.00	2
147	0	0		0
148	0	0		0
149	0	0		0

CHG context (R1)
================
position	count methylated	count unmethylated	% methylation	coverage
1	2	23	8.00	25
2	0	21	0.00	21
3	0	14	0.00	14
4	0	118	0.00	118
5	3	185	1.60	188
6	0	252	0.00	252
7	1	248	0.40	249
8	1	208	0.48	209
9	4	242	1.63	246
10	2	227	0.87	229
11	2	232	0.85	234
12	0	190	0.00	190
13	0	179	0.00	179
14	1	213	0.47	214
15	0	228	0.00	228
16	0	221	0.00	221
17	3	261	1.14	264
18	0	253	0.00	253
19	0	233	0.00	233
20	0	172	0.00	172
21	1	231	0.43	232
22	1	224	0.44	225
23	1	202	0.49	203
24	1	192	0.52	193
25	1	243	0.41	244
26	1	218	0.46	219
27	1	214	0.47	215
28	1	235	0.42	236
29	1	152	0.65	153
30	1	172	0.58	173
31	0	264	0.00	264
32	2	208	0.95	210
33	1	244	0.41	245
34	2	210	0.94	212
35	0	220	0.00	220
36	0	228	0.00	228
37	1	192	0.52	193
38	0	201	0.00	201
39	1	222	0.45	223
40	2	205	0.97	207
41	0	264	0.00	264
42	0	210	0.00	210
43	3	211	1.40	214
44	0	252	0.00	252
45	1	207	0.48	208
46	0	214	0.00	214
47	3	200	1.48	203
48	4	208	1.89	212
49	0	202	0.00	202
50	0	198	0.00	198
51	2	211	0.94	213
52	0	207	0.00	207
53	1	225	0.44	226
54	2	218	0.91	220
55	0	181	0.00	181
56	1	206	0.48	207
57	0	202	0.00	202
58	0	208	0.00	208
59	0	190	0.00	190
60	0	150	0.00	150
61	0	201	0.00	201
62	0	161	0.00	161
63	0	161	0.00	161
64	0	192	0.00	192
65	0	194	0.00	194
66	0	171	0.00	171
67	1	200	0.50	201
68	1	188	0.53	189
69	1	173	0.57	174
70	0	174	0.00	174
71	1	163	0.61	164
72	0	147	0.00	147
73	0	159	0.00	159
74	1	168	0.59	169
75	1	128	0.78	129
76	0	181	0.00	181
77	1	172	0.58	173
78	1	153	0.65	154
79	0	147	0.00	147
80	2	129	1.53	131
81	0	186	0.00	186
82	0	103	0.00	103
83	0	139	0.00	139
84	0	102	0.00	102
85	1	131	0.76	132
86	0	166	0.00	166
87	0	106	0.00	106
88	0	111	0.00	111
89	0	111	0.00	111
90	0	119	0.00	119
91	1	126	0.79	127
92	1	98	1.01	99
93	0	80	0.00	80
94	0	101	0.00	101
95	0	106	0.00	106
96	0	114	0.00	114
97	0	110	0.00	110
98	0	92	0.00	92
99	0	44	0.00	44
100	0	6	0.00	6
101	0	4	0.00	4
102	0	7	0.00	7
103	0	8	0.00	8
104	0	1	0.00	1
105	0	3	0.00	3
106	0	6	0.00	6
107	0	2	0.00	2
108	0	6	0.00	6
109	0	5	0.00	5
110	0	4	0.00	4
111	0	3	0.00	3
112	0	3	0.00	3
113	0	2	0.00	2
114	0	3	0.00	3
115	0	1	0.00	1
116	0	1	0.00	1
117	0	0		0
118	0	3	0.00	3
119	0	4	0.00	4
120	0	1	0.00	1
121	0	2	0.00	2
122	0	2	0.00	2
123	0	1	0.00	1
124	0	1	0.00	1
125	0	2	0.00	2
126	0	0		0
127	0	0		0
128	0	1	0.00	1
129	0	1	0.00	1
130	0	0		0
131	0	0		0
132	0	1	0.00	1
133	0	1	0.00	1
134	0	0		0
135	0	1	0.00	1
136	0	1	0.00	1
137	0	0		0
138	0	0		0
139	0	1	0.00	1
140	0	2	0.00	2
141	0	1	0.00	1
142	0	0		0
143	0	0		0
144	0	0		0
145	0	1	0.00	1
146	0	0		0
147	0	0		0
148	0	0		0
149	1	0	100.00	1

CHH context (R1)
================
position	count methylated	count unmethylated	% methylation	coverage
1	1	30	3.23	31
2	0	23	0.00	23
3	1	18	5.26	19
4	1	347	0.29	348
5	2	365	0.54	367
6	2	408	0.49	410
7	0	369	0.00	369
8	2	359	0.55	361
9	2	330	0.60	332
10	1	340	0.29	341
11	4	328	1.20	332
12	0	304	0.00	304
13	1	406	0.25	407
14	0	400	0.00	400
15	2	419	0.48	421
16	1	367	0.27	368
17	1	353	0.28	354
18	0	282	0.00	282
19	0	328	0.00	328
20	2	309	0.64	311
21	1	300	0.33	301
22	0	334	0.00	334
23	0	352	0.00	352
24	1	347	0.29	348
25	3	399	0.75	402
26	0	348	0.00	348
27	1	381	0.26	382
28	1	343	0.29	344
29	0	358	0.00	358
30	2	371	0.54	373
31	1	341	0.29	342
32	1	375	0.27	376
33	2	313	0.63	315
34	0	304	0.00	304
35	1	301	0.33	302
36	1	353	0.28	354
37	1	335	0.30	336
38	0	352	0.00	352
39	1	344	0.29	345
40	0	353	0.00	353
41	0	340	0.00	340
42	1	323	0.31	324
43	1	340	0.29	341
44	0	318	0.00	318
45	0	313	0.00	313
46	0	337	0.00	337
47	0	323	0.00	323
48	1	306	0.33	307
49	0	387	0.00	387
50	0	401	0.00	401
51	1	400	0.25	401
52	3	371	0.80	374
53	3	323	0.92	326
54	1	302	0.33	303
55	0	326	0.00	326
56	0	315	0.00	315
57	0	298	0.00	298
58	0	279	0.00	279
59	1	297	0.34	298
60	2	341	0.58	343
61	1	312	0.32	313
62	2	366	0.54	368
63	0	331	0.00	331
64	3	340	0.87	343
65	1	301	0.33	302
66	2	294	0.68	296
67	0	298	0.00	298
68	0	296	0.00	296
69	1	288	0.35	289
70	1	267	0.37	268
71	1	270	0.37	271
72	0	269	0.00	269
73	2	308	0.65	310
74	1	267	0.37	268
75	0	313	0.00	313
76	0	318	0.00	318
77	0	268	0.00	268
78	2	265	0.75	267
79	0	270	0.00	270
80	1	302	0.33	303
81	1	267	0.37	268
82	3	255	1.16	258
83	0	233	0.00	233
84	1	255	0.39	256
85	0	225	0.00	225
86	0	251	0.00	251
87	1	195	0.51	196
88	1	258	0.39	259
89	1	202	0.49	203
90	2	194	1.02	196
91	1	185	0.54	186
92	1	206	0.48	207
93	0	189	0.00	189
94	1	185	0.54	186
95	0	194	0.00	194
96	0	156	0.00	156
97	0	164	0.00	164
98	1	185	0.54	186
99	0	73	0.00	73
100	0	10	0.00	10
101	0	13	0.00	13
102	0	8	0.00	8
103	0	6	0.00	6
104	1	4	20.00	5
105	0	8	0.00	8
106	0	7	0.00	7
107	0	8	0.00	8
108	0	5	0.00	5
109	0	4	0.00	4
110	0	4	0.00	4
111	0	3	0.00	3
112	0	2	0.00	2
113	0	1	0.00	1
114	0	3	0.00	3
115	0	6	0.00	6
116	0	5	0.00	5
117	0	7	0.00	7
118	0	4	0.00	4
119	0	3	0.00	3
120	0	2	0.00	2
121	0	4	0.00	4
122	0	3	0.00	3
123	0	1	0.00	1
124	0	3	0.00	3
125	0	3	0.00	3
126	0	7	0.00	7
127	0	1	0.00	1
128	0	2	0.00	2
129	0	0		0
130	0	2	0.00	2
131	0	2	0.00	2
132	0	3	0.00	3
133	0	0		0
134	0	0		0
135	0	0		0
136	0	0		0
137	0	2	0.00	2
138	0	1	0.00	1
139	0	0		0
140	0	0		0
141	0	1	0.00	1
142	0	1	0.00	1
143	0	1	0.00	1
144	0	0		0
145	0	0		0
146	0	0		0
147	0	2	0.00	2
148	1	1	50.00	2
149	0	2	0.00	2

CpG context (R2)
================
position	count methylated	count unmethylated	% methylation	coverage
1	0	28	0.00	28
2	0	19	0.00	19
3	4	65	5.80	69
4	3	67	4.29	70
5	7	113	5.83	120
6	3	66	4.35	69
7	2	138	1.43	140
8	2	78	2.50	80
9	6	80	6.98	86
10	8	91	8.08	99
11	2	73	2.67	75
12	2	70	2.78	72
13	8	73	9.88	81
14	2	50	3.85	52
15	4	70	5.41	74
16	3	64	4.48	67
17	0	43	0.00	43
18	2	35	5.41	37
19	0	31	0.00	31
20	3	38	7.32	41
21	1	26	3.70	27
22	0	41	0.00	41
23	2	40	4.76	42
24	3	48	5.88	51
25	2	43	4.44	45
26	0	24	0.00	24
27	0	38	0.00	38
28	1	28	3.45	29
29	2	21	8.70	23
30	1	23	4.17	24
31	2	31	6.06	33
32	1	27	3.57	28
33	1	19	5.00	20
34	2	13	13.33	15
35	0	20	0.00	20
36	1	17	5.56	18
37	0	13	0.00	13
38	1	16	5.88	17
39	2	8	20.00	10
40	0	8	0.00	8
41	0	12	0.00	12
42	0	10	0.00	10
43	1	12	7.69	13
44	0	11	0.00	11
45	0	3	0.00	3
46	1	14	6.67	15
47	1	9	10.00	10
48	1	1	50.00	2
49	0	2	0.00	2
50	0	3	0.00	3
51	0	10	0.00	10
52	0	8	0.00	8
53	0	0		0
54	0	9	0.00	9
55	0	2	0.00	2
56	1	4	20.00	5
57	0	2	0.00	2
58	2	10	16.67	12
59	0	3	0.00	3
60	0	3	0.00	3
61	0	3	0.00	3
62	0	1	0.00	1
63	1	3	25.00	4
64	1	1	50.00	2
65	0	3	0.00	3
66	0	3	0.00	3
67	0	0		0
68	0	0		0
69	0	1	0.00	1
70	0	0		0
71	0	1	0.00	1
72	0	0		0
73	0	0		0
74	0	0		0
75	0	1	0.00	1
76	0	0		0
77	0	1	0.00	1
78	0	0		0
79	0	0		0
80	0	0		0
81	0	0		0
82	0	0		0
83	0	1	0.00	1
84	0	0		0
85	0	0		0
86	0	0		0
87	0	1	0.00	1
88	0	0		0
89	0	0		0
90	0	0		0

CHG context (R2)
================
position	count methylated	count unmethylated	% methylation	coverage
1	17	2088	0.81	2105
2	0	28	0.00	28
3	0	10	0.00	10
4	0	27	0.00	27
5	0	60	0.00	60
6	1	61	1.61	62
7	1	71	1.39	72
8	0	84	0.00	84
9	0	88	0.00	88
10	0	62	0.00	62
11	1	56	1.75	57
12	1	36	2.70	37
13	0	39	0.00	39
14	0	43	0.00	43
15	0	47	0.00	47
16	0	46	0.00	46
17	1	54	1.82	55
18	1	72	1.37	73
19	0	34	0.00	34
20	0	40	0.00	40
21	0	43	0.00	43
22	0	43	0.00	43
23	0	30	0.00	30
24	0	23	0.00	23
25	0	27	0.00	27
26	0	17	0.00	17
27	0	22	0.00	22
28	0	22	0.00	22
29	0	26	0.00	26
30	0	17	0.00	17
31	0	25	0.00	25
32	0	18	0.00	18
33	0	25	0.00	25
34	0	20	0.00	20
35	0	17	0.00	17
36	0	19	0.00	19
37	0	11	0.00	11
38	0	8	0.00	8
39	0	12	0.00	12
40	0	17	0.00	17
41	0	19	0.00	19
42	0	7	0.00	7
43	0	9	0.00	9
44	0	4	0.00	4
45	0	11	0.00	11
46	0	2	0.00	2
47	0	11	0.00	11
48	0	9	0.00	9
49	0	12	0.00	12
50	0	10	0.00	10
51	0	1	0.00	1
52	0	11	0.00	11
53	0	2	0.00	2
54	0	0		0
55	0	8	0.00	8
56	0	4	0.00	4
57	0	0		0
58	0	0		0
59	0	1	0.00	1
60	0	6	0.00	6
61	0	1	0.00	1
62	0	0		0
63	0	3	0.00	3
64	0	2	0.00	2
65	0	0		0
66	0	0		0
67	0	1	0.00	1
68	0	1	0.00	1
69	0	0		0
70	0	2	0.00	2
71	0	0		0
72	0	0		0
73	0	1	0.00	1
74	0	0		0
75	0	0		0
76	0	0		0
77	0	1	0.00	1
78	0	0		0
79	0	0		0
80	0	0		0
81	0	0		0
82	0	0		0
83	0	0		0
84	0	1	0.00	1
85	0	0		0
86	0	0		0
87	0	0		0
88	0	0		0
89	0	0		0
90	0	1	0.00	1

CHH context (R2)
================
position	count methylated	count unmethylated	% methylation	coverage
1	0	13	0.00	13
2	4	943	0.42	947
3	1	257	0.39	258
4	0	173	0.00	173
5	0	114	0.00	114
6	0	89	0.00	89
7	0	105	0.00	105
8	0	117	0.00	117
9	1	114	0.87	115
10	0	115	0.00	115
11	0	87	0.00	87
12	0	85	0.00	85
13	1	57	1.72	58
14	0	67	0.00	67
15	1	65	1.52	66
16	0	64	0.00	64
17	0	74	0.00	74
18	1	78	1.27	79
19	2	78	2.50	80
20	0	73	0.00	73
21	0	42	0.00	42
22	0	43	0.00	43
23	0	44	0.00	44
24	0	43	0.00	43
25	0	38	0.00	38
26	0	32	0.00	32
27	0	31	0.00	31
28	1	29	3.33	30
29	0	45	0.00	45
30	0	30	0.00	30
31	0	24	0.00	24
32	0	25	0.00	25
33	0	17	0.00	17
34	0	30	0.00	30
35	0	25	0.00	25
36	1	19	5.00	20
37	0	12	0.00	12
38	0	23	0.00	23
39	0	10	0.00	10
40	0	14	0.00	14
41	0	16	0.00	16
42	0	24	0.00	24
43	0	18	0.00	18
44	0	28	0.00	28
45	0	16	0.00	16
46	0	15	0.00	15
47	0	12	0.00	12
48	0	5	0.00	5
49	0	13	0.00	13
50	0	7	0.00	7
51	0	13	0.00	13
52	0	8	0.00	8
53	1	6	14.29	7
54	0	9	0.00	9
55	1	8	11.11	9
56	0	9	0.00	9
57	0	2	0.00	2
58	0	4	0.00	4
59	0	1	0.00	1
60	0	0		0
61	0	2	0.00	2
62	0	4	0.00	4
63	0	1	0.00	1
64	0	1	0.00	1
65	0	2	0.00	2
66	0	0		0
67	0	0		0
68	0	3	0.00	3
69	0	1	0.00	1
70	0	0		0
71	0	1	0.00	1
72	0	0		0
73	0	1	0.00	1
74	0	1	0.00	1
75	0	0		0
76	0	0		0
77	0	0		0
78	0	1	0.00	1
79	0	1	0.00	1
80	0	0		0
81	0	0		0
82	0	0		0
83	0	0		0
84	0	0		0
85	0	1	0.00	1
86	0	0		0
87	0	0		0
88	0	0		0
89	0	0		0
90	0	0		0

