CpG context (R1)
================
position	count methylated	count unmethylated	% methylation	coverage
1	200	2185	8.39	2385
2	0	19	0.00	19
3	3	11	21.43	14
4	10	193	4.93	203
5	8	205	3.76	213
6	11	246	4.28	257
7	13	218	5.63	231
8	16	260	5.80	276
9	11	225	4.66	236
10	14	246	5.38	260
11	9	256	3.40	265
12	13	239	5.16	252
13	18	284	5.96	302
14	15	263	5.40	278
15	10	227	4.22	237
16	27	272	9.03	299
17	10	244	3.94	254
18	8	276	2.82	284
19	21	316	6.23	337
20	14	195	6.70	209
21	9	220	3.93	229
22	13	281	4.42	294
23	12	247	4.63	259
24	19	227	7.72	246
25	14	311	4.31	325
26	12	304	3.80	316
27	12	273	4.21	285
28	21	276	7.07	297
29	4	253	1.56	257
30	18	266	6.34	284
31	15	264	5.38	279
32	11	318	3.34	329
33	6	205	2.84	211
34	15	275	5.17	290
35	16	259	5.82	275
36	7	213	3.18	220
37	19	268	6.62	287
38	16	236	6.35	252
39	17	258	6.18	275
40	20	266	6.99	286
41	10	253	3.80	263
42	17	272	5.88	289
43	10	251	3.83	261
44	10	247	3.89	257
45	14	266	5.00	280
46	17	205	7.66	222
47	12	304	3.80	316
48	12	243	4.71	255
49	15	234	6.02	249
50	17	258	6.18	275
51	13	226	5.44	239
52	13	251	4.92	264
53	8	259	3.00	267
54	5	244	2.01	249
55	17	298	5.40	315
56	15	244	5.79	259
57	11	223	4.70	234
58	11	267	3.96	278
59	10	259	3.72	269
60	15	269	5.28	284
61	12	241	4.74	253
62	18	238	7.03	256
63	12	215	5.29	227
64	12	270	4.26	282
65	15	266	5.34	281
66	12	264	4.35	276
67	17	220	7.17	237
68	11	194	5.37	205
69	10	195	4.88	205
70	15	244	5.79	259
71	10	237	4.05	247
72	14	257	5.17	271
73	9	199	4.33	208
74	9	194	4.43	203
75	14	167	7.73	181
76	4	205	1.91	209
77	7	203	3.33	210
78	9	214	4.04	223
79	1	239	0.42	240
80	9	207	4.17	216
81	7	172	3.91	179
82	10	200	4.76	210
83	8	129	5.84	137
84	6	196	2.97	202
85	6	207	2.82	213
86	19	164	10.38	183
87	8	181	4.23	189
88	2	123	1.60	125
89	11	150	6.83	161
90	6	106	5.36	112
91	3	132	2.22	135
92	10	144	6.49	154
93	8	141	5.37	149
94	7	134	4.96	141
95	8	115	6.50	123
96	5	118	4.07	123
97	6	130	4.41	136
98	5	86	5.49	91
99	4	64	5.88	68
100	0	9	0.00	9
101	0	6	0.00	6
102	0	8	0.00	8
103	1	5	16.67	6
104	0	8	0.00	8
105	0	2	0.00	2
106	0	3	0.00	3
107	0	5	0.00	5
108	1	3	25.00	4
109	0	3	0.00	3
110	0	5	0.00	5
111	1	1	50.00	2
112	0	3	0.00	3
113	0	3	0.00	3
114	0	4	0.00	4
115	0	2	0.00	2
116	0	5	0.00	5
117	0	4	0.00	4
118	0	2	0.00	2
119	0	0		0
120	0	1	0.00	1
121	0	2	0.00	2
122	0	3	0.00	3
123	1	1	50.00	2
124	0	1	0.00	1
125	0	2	0.00	2
126	0	2	0.00	2
127	0	1	0.00	1
128	0	2	0.00	2
129	0	4	0.00	4
130	0	1	0.00	1
131	0	1	0.00	1
132	1	2	33.33	3
133	0	1	0.00	1
134	0	0		0
135	0	3	0.00	3
136	0	0		0
137	0	4	0.00	4
138	0	2	0.00	2
139	0	1	0.00	1
140	0	0		0
141	0	1	0.00	1
142	0	1	0.00	1
143	0	2	0.00	2
144	0	2	0.00	2
145	0	1	0.00	1
146	0	1	0.00	1
147	0	0		0
148	0	0		0
149	0	2	0.00	2

CHG context (R1)
================
position	count methylated	count unmethylated	% methylation	coverage
1	0	14	0.00	14
2	0	15	0.00	15
3	0	11	0.00	11
4	0	137	0.00	137
5	0	202	0.00	202
6	1	248	0.40	249
7	4	232	1.69	236
8	0	237	0.00	237
9	0	221	0.00	221
10	1	223	0.45	224
11	0	254	0.00	254
12	0	231	0.00	231
13	0	198	0.00	198
14	0	171	0.00	171
15	1	261	0.38	262
16	1	202	0.49	203
17	2	239	0.83	241
18	0	257	0.00	257
19	1	189	0.53	190
20	0	183	0.00	183
21	1	214	0.47	215
22	0	245	0.00	245
23	2	184	1.08	186
24	1	199	0.50	200
25	3	261	1.14	264
26	0	193	0.00	193
27	0	212	0.00	212
28	0	245	0.00	245
29	1	175	0.57	176
30	2	192	1.03	194
31	0	237	0.00	237
32	0	204	0.00	204
33	1	236	0.42	237
34	0	241	0.00	241
35	0	230	0.00	230
36	0	226	0.00	226
37	0	223	0.00	223
38	0	195	0.00	195
39	1	235	0.42	236
40	0	211	0.00	211
41	2	266	0.75	268
42	1	227	0.44	228
43	1	224	0.44	225
44	0	222	0.00	222
45	0	221	0.00	221
46	0	261	0.00	261
47	0	209	0.00	209
48	0	221	0.00	221
49	1	207	0.48	208
50	1	198	0.50	199
51	0	221	0.00	221
52	0	256	0.00	256
53	1	191	0.52	192
54	0	197	0.00	197
55	0	204	0.00	204
56	0	188	0.00	188
57	0	224	0.00	224
58	0	224	0.00	224
59	0	196	0.00	196
60	2	159	1.24	161
61	0	209	0.00	209
62	1	158	0.63	159
63	1	207	0.48	208
64	1	204	0.49	205
65	1	208	0.48	209
66	0	168	0.00	168
67	0	203	0.00	203
68	0	197	0.00	197
69	0	186	0.00	186
70	2	183	1.08	185
71	0	187	0.00	187
72	0	158	0.00	158
73	0	149	0.00	149
74	0	142	0.00	142
75	2	168	1.18	170
76	0	177	0.00	177
77	0	184	0.00	184
78	1	147	0.68	148
79	0	160	0.00	160
80	2	137	1.44	139
81	0	181	0.00	181
82	0	115	0.00	115
83	1	154	0.65	155
84	1	131	0.76	132
85	0	111	0.00	111
86	0	157	0.00	157
87	0	119	0.00	119
88	1	132	0.75	133
89	0	112	0.00	112
90	0	120	0.00	120
91	0	134	0.00	134
92	0	102	0.00	102
93	1	92	1.08	93
94	0	112	0.00	112
95	0	114	0.00	114
96	0	107	0.00	107
97	0	125	0.00	125
98	0	111	0.00	111
99	0	43	0.00	43
100	0	3	0.00	3
101	0	9	0.00	9
102	0	9	0.00	9
103	0	3	0.00	3
104	0	4	0.00	4
105	0	7	0.00	7
106	0	7	0.00	7
107	0	4	0.00	4
108	0	6	0.00	6
109	0	3	0.00	3
110	0	4	0.00	4
111	0	5	0.00	5
112	0	2	0.00	2
113	0	5	0.00	5
114	0	1	0.00	1
115	0	1	0.00	1
116	0	2	0.00	2
117	0	2	0.00	2
118	0	3	0.00	3
119	0	2	0.00	2
120	0	3	0.00	3
121	0	2	0.00	2
122	0	0		0
123	0	3	0.00	3
124	0	2	0.00	2
125	0	1	0.00	1
126	0	0		0
127	0	2	0.00	2
128	0	1	0.00	1
129	0	0		0
130	0	2	0.00	2
131	0	0		0
132	0	1	0.00	1
133	0	0		0
134	0	2	0.00	2
135	0	2	0.00	2
136	0	0		0
137	0	0		0
138	0	0		0
139	0	1	0.00	1
140	0	1	0.00	1
141	0	1	0.00	1
142	0	2	0.00	2
143	0	2	0.00	2
144	0	0		0
145	0	2	0.00	2
146	0	0		0
147	0	2	0.00	2
148	0	2	0.00	2
149	1	0	100.00	1

CHH context (R1)
================
position	count methylated	count unmethylated	% methylation	coverage
1	2	29	6.45	31
2	0	30	0.00	30
3	0	20	0.00	20
4	1	309	0.32	310
5	1	394	0.25	395
6	3	442	0.67	445
7	4	412	0.96	416
8	4	361	1.10	365
9	2	361	0.55	363
10	1	346	0.29	347
11	1	316	0.32	317
12	0	354	0.00	354
13	2	385	0.52	387
14	0	410	0.00	410
15	1	379	0.26	380
16	2	352	0.56	354
17	0	299	0.00	299
18	1	304	0.33	305
19	1	347	0.29	348
20	1	353	0.28	354
21	2	343	0.58	345
22	0	317	0.00	317
23	0	350	0.00	350
24	3	333	0.89	336
25	3	360	0.83	363
26	2	322	0.62	324
27	0	408	0.00	408
28	1	347	0.29	348
29	0	327	0.00	327
30	0	377	0.00	377
31	0	343	0.00	343
32	0	391	0.00	391
33	2	323	0.62	325
34	2	329	0.60	331
35	2	299	0.66	301
36	0	366	0.00	366
37	1	349	0.29	350
38	1	341	0.29	342
39	2	313	0.63	315
40	1	305	0.33	306
41	2	306	0.65	308
42	1	346	0.29	347
43	0	338	0.00	338
44	1	366	0.27	367
45	0	335	0.00	335
46	1	347	0.29	348
47	0	316	0.00	316
48	0	315	0.00	315
49	1	359	0.28	360
50	0	363	0.00	363
51	1	409	0.24	410
52	1	344	0.29	345
53	1	337	0.30	338
54	0	304	0.00	304
55	1	321	0.31	322
56	1	275	0.36	276
57	2	290	0.68	292
58	0	310	0.00	310
59	2	321	0.62	323
60	1	317	0.31	318
61	1	317	0.31	318
62	1	361	0.28	362
63	1	326	0.31	327
64	1	338	0.29	339
65	0	286	0.00	286
66	2	281	0.71	283
67	0	307	0.00	307
68	2	357	0.56	359
69	1	312	0.32	313
70	2	286	0.69	288
71	2	266	0.75	268
72	2	264	0.75	266
73	1	304	0.33	305
74	0	265	0.00	265
75	0	334	0.00	334
76	0	289	0.00	289
77	0	243	0.00	243
78	2	288	0.69	290
79	1	260	0.38	261
80	0	269	0.00	269
81	0	247	0.00	247
82	0	281	0.00	281
83	0	247	0.00	247
84	1	231	0.43	232
85	1	276	0.36	277
86	0	250	0.00	250
87	0	204	0.00	204
88	0	250	0.00	250
89	2	205	0.97	207
90	0	172	0.00	172
91	0	172	0.00	172
92	1	190	0.52	191
93	2	170	1.16	172
94	0	176	0.00	176
95	0	205	0.00	205
96	2	176	1.12	178
97	1	168	0.59	169
98	0	169	0.00	169
99	0	77	0.00	77
100	0	13	0.00	13
101	0	6	0.00	6
102	0	3	0.00	3
103	0	7	0.00	7
104	0	7	0.00	7
105	0	9	0.00	9
106	0	5	0.00	5
107	0	9	0.00	9
108	0	5	0.00	5
109	0	3	0.00	3
110	0	11	0.00	11
111	0	7	0.00	7
112	0	3	0.00	3
113	0	5	0.00	5
114	0	4	0.00	4
115	0	6	0.00	6
116	0	4	0.00	4
117	0	7	0.00	7
118	0	3	0.00	3
119	0	4	0.00	4
120	0	3	0.00	3
121	0	3	0.00	3
122	0	3	0.00	3
123	0	2	0.00	2
124	0	1	0.00	1
125	0	1	0.00	1
126	0	4	0.00	4
127	0	2	0.00	2
128	0	2	0.00	2
129	0	1	0.00	1
130	0	0		0
131	0	2	0.00	2
132	0	3	0.00	3
133	0	3	0.00	3
134	0	1	0.00	1
135	0	1	0.00	1
136	0	0		0
137	0	1	0.00	1
138	0	1	0.00	1
139	0	1	0.00	1
140	0	2	0.00	2
141	0	0		0
142	0	1	0.00	1
143	0	3	0.00	3
144	0	0		0
145	0	0		0
146	0	2	0.00	2
147	0	3	0.00	3
148	1	4	20.00	5
149	0	2	0.00	2

CpG context (R2)
================
position	count methylated	count unmethylated	% methylation	coverage
1	0	16	0.00	16
2	1	13	7.14	14
3	4	71	5.33	75
4	5	72	6.49	77
5	3	99	2.94	102
6	4	89	4.30	93
7	9	129	6.52	138
8	1	72	1.37	73
9	0	88	0.00	88
10	6	90	6.25	96
11	5	63	7.35	68
12	4	65	5.80	69
13	8	71	10.13	79
14	1	50	1.96	51
15	3	54	5.26	57
16	3	60	4.76	63
17	1	37	2.63	38
18	3	45	6.25	48
19	2	40	4.76	42
20	3	42	6.67	45
21	2	28	6.67	30
22	4	36	10.00	40
23	2	41	4.65	43
24	6	62	8.82	68
25	1	38	2.56	39
26	0	29	0.00	29
27	1	31	3.12	32
28	1	27	3.57	28
29	1	37	2.63	38
30	2	25	7.41	27
31	4	23	14.81	27
32	1	20	4.76	21
33	0	16	0.00	16
34	0	20	0.00	20
35	0	17	0.00	17
36	1	8	11.11	9
37	0	16	0.00	16
38	2	21	8.70	23
39	0	6	0.00	6
40	0	5	0.00	5
41	0	10	0.00	10
42	1	11	8.33	12
43	0	11	0.00	11
44	1	16	5.88	17
45	0	2	0.00	2
46	5	18	21.74	23
47	0	7	0.00	7
48	0	8	0.00	8
49	0	9	0.00	9
50	0	7	0.00	7
51	1	6	14.29	7
52	1	9	10.00	10
53	0	3	0.00	3
54	1	5	16.67	6
55	0	2	0.00	2
56	0	4	0.00	4
57	1	2	33.33	3
58	1	7	12.50	8
59	1	3	25.00	4
60	0	1	0.00	1
61	0	1	0.00	1
62	0	1	0.00	1
63	1	1	50.00	2
64	0	3	0.00	3
65	0	0		0
66	0	3	0.00	3
67	0	1	0.00	1
68	0	0		0
69	0	2	0.00	2
70	0	1	0.00	1
71	1	1	50.00	2
72	0	1	0.00	1
73	0	0		0
74	1	1	50.00	2
75	0	2	0.00	2
76	0	1	0.00	1
77	0	2	0.00	2
78	0	1	0.00	1
79	0	1	0.00	1
80	0	0		0
81	0	0		0
82	0	0		0
83	0	1	0.00	1
84	0	0		0
85	0	0		0
86	1	0	100.00	1
87	0	1	0.00	1
88	0	0		0
89	0	0		0
90	0	0		0
91	0	0		0
92	0	0		0
93	0	0		0
94	0	1	0.00	1
95	0	1	0.00	1
96	0	0		0
97	0	1	0.00	1

CHG context (R2)
================
position	count methylated	count unmethylated	% methylation	coverage
1	13	2126	0.61	2139
2	0	19	0.00	19
3	0	6	0.00	6
4	1	44	2.22	45
5	0	59	0.00	59
6	0	86	0.00	86
7	0	87	0.00	87
8	1	86	1.15	87
9	0	58	0.00	58
10	1	73	1.35	74
11	2	81	2.41	83
12	0	48	0.00	48
13	0	48	0.00	48
14	0	44	0.00	44
15	0	50	0.00	50
16	0	56	0.00	56
17	0	53	0.00	53
18	0	42	0.00	42
19	0	49	0.00	49
20	0	65	0.00	65
21	0	46	0.00	46
22	1	39	2.50	40
23	1	31	3.12	32
24	0	25	0.00	25
25	0	38	0.00	38
26	0	21	0.00	21
27	0	12	0.00	12
28	0	17	0.00	17
29	0	26	0.00	26
30	0	22	0.00	22
31	0	28	0.00	28
32	0	15	0.00	15
33	0	30	0.00	30
34	0	20	0.00	20
35	0	19	0.00	19
36	0	18	0.00	18
37	0	12	0.00	12
38	0	13	0.00	13
39	0	7	0.00	7
40	0	10	0.00	10
41	0	16	0.00	16
42	0	5	0.00	5
43	0	11	0.00	11
44	0	3	0.00	3
45	0	9	0.00	9
46	0	4	0.00	4
47	0	14	0.00	14
48	0	4	0.00	4
49	0	13	0.00	13
50	0	10	0.00	10
51	0	2	0.00	2
52	0	7	0.00	7
53	0	7	0.00	7
54	0	2	0.00	2
55	0	9	0.00	9
56	0	2	0.00	2
57	0	1	0.00	1
58	0	4	0.00	4
59	0	2	0.00	2
60	0	5	0.00	5
61	0	0		0
62	0	0		0
63	0	0		0
64	0	1	0.00	1
65	0	1	0.00	1
66	0	0		0
67	0	3	0.00	3
68	0	1	0.00	1
69	0	0		0
70	1	2	33.33	3
71	0	0		0
72	0	2	0.00	2
73	0	1	0.00	1
74	0	0		0
75	0	2	0.00	2
76	0	0		0
77	0	1	0.00	1
78	0	1	0.00	1
79	0	0		0
80	0	0		0
81	0	0		0
82	0	0		0
83	0	0		0
84	0	1	0.00	1
85	0	0		0
86	0	0		0
87	0	1	0.00	1
88	0	0		0
89	0	0		0
90	0	0		0
91	0	0		0
92	0	0		0
93	0	0		0
94	0	0		0
95	0	0		0
96	0	0		0
97	0	0		0

CHH context (R2)
================
position	count methylated	count unmethylated	% methylation	coverage
1	0	14	0.00	14
2	2	968	0.21	970
3	0	268	0.00	268
4	0	188	0.00	188
5	0	130	0.00	130
6	3	90	3.23	93
7	0	108	0.00	108
8	0	125	0.00	125
9	0	115	0.00	115
10	0	116	0.00	116
11	0	72	0.00	72
12	0	92	0.00	92
13	0	70	0.00	70
14	0	90	0.00	90
15	1	73	1.35	74
16	0	69	0.00	69
17	0	66	0.00	66
18	1	80	1.23	81
19	0	65	0.00	65
20	3	58	4.92	61
21	0	60	0.00	60
22	0	52	0.00	52
23	0	45	0.00	45
24	1	42	2.33	43
25	0	40	0.00	40
26	0	31	0.00	31
27	0	22	0.00	22
28	0	19	0.00	19
29	0	37	0.00	37
30	0	32	0.00	32
31	0	20	0.00	20
32	0	22	0.00	22
33	0	16	0.00	16
34	0	18	0.00	18
35	0	22	0.00	22
36	0	25	0.00	25
37	0	14	0.00	14
38	0	16	0.00	16
39	0	7	0.00	7
40	0	14	0.00	14
41	0	12	0.00	12
42	0	18	0.00	18
43	0	14	0.00	14
44	0	25	0.00	25
45	0	13	0.00	13
46	1	15	6.25	16
47	0	12	0.00	12
48	0	10	0.00	10
49	0	9	0.00	9
50	0	7	0.00	7
51	0	10	0.00	10
52	0	11	0.00	11
53	0	10	0.00	10
54	0	9	0.00	9
55	0	7	0.00	7
56	0	8	0.00	8
57	0	6	0.00	6
58	0	5	0.00	5
59	0	6	0.00	6
60	0	4	0.00	4
61	0	1	0.00	1
62	0	3	0.00	3
63	0	0		0
64	0	1	0.00	1
65	0	1	0.00	1
66	0	0		0
67	0	1	0.00	1
68	0	2	0.00	2
69	0	3	0.00	3
70	0	0		0
71	0	2	0.00	2
72	0	1	0.00	1
73	0	1	0.00	1
74	0	0		0
75	0	0		0
76	0	0		0
77	0	0		0
78	0	2	0.00	2
79	0	2	0.00	2
80	0	1	0.00	1
81	0	0		0
82	0	1	0.00	1
83	0	0		0
84	0	1	0.00	1
85	0	1	0.00	1
86	0	0		0
87	0	0		0
88	0	0		0
89	0	1	0.00	1
90	0	0		0
91	0	0		0
92	0	0		0
93	0	0		0
94	0	0		0
95	0	0		0
96	0	0		0
97	0	0		0

