CpG context (R1)
================
position	count methylated	count unmethylated	% methylation	coverage
1	190	2201	7.95	2391
2	0	12	0.00	12
3	0	21	0.00	21
4	10	182	5.21	192
5	7	203	3.33	210
6	14	252	5.26	266
7	10	224	4.27	234
8	12	283	4.07	295
9	4	235	1.67	239
10	11	250	4.21	261
11	14	252	5.26	266
12	16	288	5.26	304
13	17	297	5.41	314
14	10	260	3.70	270
15	15	263	5.40	278
16	11	282	3.75	293
17	16	240	6.25	256
18	5	241	2.03	246
19	13	309	4.04	322
20	7	218	3.11	225
21	11	256	4.12	267
22	12	294	3.92	306
23	15	249	5.68	264
24	14	254	5.22	268
25	19	279	6.38	298
26	11	297	3.57	308
27	8	258	3.01	266
28	21	271	7.19	292
29	7	274	2.49	281
30	13	271	4.58	284
31	17	270	5.92	287
32	9	286	3.05	295
33	11	228	4.60	239
34	14	294	4.55	308
35	10	265	3.64	275
36	9	226	3.83	235
37	18	267	6.32	285
38	10	231	4.15	241
39	13	253	4.89	266
40	14	253	5.24	267
41	13	267	4.64	280
42	8	295	2.64	303
43	17	224	7.05	241
44	15	248	5.70	263
45	15	280	5.08	295
46	16	218	6.84	234
47	11	266	3.97	277
48	17	250	6.37	267
49	9	252	3.45	261
50	8	252	3.08	260
51	12	258	4.44	270
52	17	227	6.97	244
53	19	232	7.57	251
54	11	245	4.30	256
55	12	278	4.14	290
56	15	215	6.52	230
57	15	237	5.95	252
58	13	242	5.10	255
59	11	266	3.97	277
60	10	252	3.82	262
61	16	239	6.27	255
62	21	240	8.05	261
63	14	207	6.33	221
64	18	253	6.64	271
65	21	259	7.50	280
66	14	265	5.02	279
67	16	216	6.90	232
68	12	203	5.58	215
69	6	181	3.21	187
70	12	218	5.22	230
71	14	218	6.03	232
72	9	217	3.98	226
73	9	232	3.73	241
74	6	209	2.79	215
75	8	166	4.60	174
76	16	215	6.93	231
77	13	217	5.65	230
78	10	242	3.97	252
79	8	207	3.72	215
80	8	180	4.26	188
81	6	166	3.49	172
82	7	174	3.87	181
83	2	137	1.44	139
84	7	169	3.98	176
85	10	168	5.62	178
86	10	181	5.24	191
87	10	162	5.81	172
88	2	129	1.53	131
89	7	147	4.55	154
90	5	122	3.94	127
91	7	165	4.07	172
92	5	135	3.57	140
93	4	157	2.48	161
94	5	148	3.27	153
95	7	97	6.73	104
96	6	108	5.26	114
97	6	138	4.17	144
98	7	96	6.80	103
99	1	57	1.72	58
100	0	8	0.00	8
101	0	4	0.00	4
102	2	4	33.33	6
103	0	7	0.00	7
104	1	3	25.00	4
105	0	4	0.00	4
106	0	1	0.00	1
107	0	2	0.00	2
108	1	3	25.00	4
109	0	2	0.00	2
110	0	3	0.00	3
111	1	3	25.00	4
112	0	4	0.00	4
113	0	1	0.00	1
114	0	4	0.00	4
115	0	3	0.00	3
116	0	3	0.00	3
117	0	2	0.00	2
118	0	3	0.00	3
119	0	1	0.00	1
120	0	2	0.00	2
121	0	2	0.00	2
122	0	2	0.00	2
123	1	1	50.00	2
124	0	4	0.00	4
125	0	2	0.00	2
126	1	1	50.00	2
127	0	1	0.00	1
128	0	0		0
129	1	3	25.00	4
130	0	0		0
131	0	2	0.00	2
132	0	0		0
133	0	2	0.00	2
134	0	1	0.00	1
135	0	2	0.00	2
136	0	0		0
137	0	1	0.00	1
138	0	1	0.00	1
139	0	0		0
140	0	0		0
141	0	2	0.00	2
142	0	0		0
143	0	2	0.00	2
144	0	0		0
145	0	1	0.00	1
146	1	0	100.00	1
147	0	1	0.00	1
148	0	0		0
149	0	2	0.00	2

CHG context (R1)
================
position	count methylated	count unmethylated	% methylation	coverage
1	0	9	0.00	9
2	0	24	0.00	24
3	0	4	0.00	4
4	0	134	0.00	134
5	0	190	0.00	190
6	0	246	0.00	246
7	3	239	1.24	242
8	0	229	0.00	229
9	0	244	0.00	244
10	0	224	0.00	224
11	3	241	1.23	244
12	0	200	0.00	200
13	0	186	0.00	186
14	0	221	0.00	221
15	2	257	0.77	259
16	0	213	0.00	213
17	1	225	0.44	226
18	0	265	0.00	265
19	1	211	0.47	212
20	0	211	0.00	211
21	0	241	0.00	241
22	1	226	0.44	227
23	2	209	0.95	211
24	0	195	0.00	195
25	2	218	0.91	220
26	0	189	0.00	189
27	1	252	0.40	253
28	0	248	0.00	248
29	1	191	0.52	192
30	1	190	0.52	191
31	1	235	0.42	236
32	2	200	0.99	202
33	1	250	0.40	251
34	0	239	0.00	239
35	0	217	0.00	217
36	0	231	0.00	231
37	1	199	0.50	200
38	1	199	0.50	200
39	0	208	0.00	208
40	0	239	0.00	239
41	2	248	0.80	250
42	0	199	0.00	199
43	0	182	0.00	182
44	0	257	0.00	257
45	1	191	0.52	192
46	0	210	0.00	210
47	0	190	0.00	190
48	1	222	0.45	223
49	0	200	0.00	200
50	1	199	0.50	200
51	2	220	0.90	222
52	1	219	0.45	220
53	0	214	0.00	214
54	0	215	0.00	215
55	0	175	0.00	175
56	0	209	0.00	209
57	1	220	0.45	221
58	1	218	0.46	219
59	0	185	0.00	185
60	0	164	0.00	164
61	0	190	0.00	190
62	1	138	0.72	139
63	1	192	0.52	193
64	2	198	1.00	200
65	0	198	0.00	198
66	2	163	1.21	165
67	1	186	0.53	187
68	0	184	0.00	184
69	0	185	0.00	185
70	3	200	1.48	203
71	2	161	1.23	163
72	3	170	1.73	173
73	0	176	0.00	176
74	2	164	1.20	166
75	0	167	0.00	167
76	0	156	0.00	156
77	0	169	0.00	169
78	1	168	0.59	169
79	1	138	0.72	139
80	0	164	0.00	164
81	0	171	0.00	171
82	0	116	0.00	116
83	0	135	0.00	135
84	0	131	0.00	131
85	0	115	0.00	115
86	1	148	0.67	149
87	0	132	0.00	132
88	0	131	0.00	131
89	0	110	0.00	110
90	0	112	0.00	112
91	0	132	0.00	132
92	0	91	0.00	91
93	0	87	0.00	87
94	0	90	0.00	90
95	1	96	1.03	97
96	0	105	0.00	105
97	0	91	0.00	91
98	0	99	0.00	99
99	0	40	0.00	40
100	0	3	0.00	3
101	0	12	0.00	12
102	0	6	0.00	6
103	0	4	0.00	4
104	0	5	0.00	5
105	0	2	0.00	2
106	0	7	0.00	7
107	0	1	0.00	1
108	0	5	0.00	5
109	0	3	0.00	3
110	0	4	0.00	4
111	0	3	0.00	3
112	0	3	0.00	3
113	0	1	0.00	1
114	0	3	0.00	3
115	0	1	0.00	1
116	0	1	0.00	1
117	0	1	0.00	1
118	0	3	0.00	3
119	0	0		0
120	0	1	0.00	1
121	0	4	0.00	4
122	0	2	0.00	2
123	0	2	0.00	2
124	0	3	0.00	3
125	0	0		0
126	0	1	0.00	1
127	0	2	0.00	2
128	0	0		0
129	0	1	0.00	1
130	0	2	0.00	2
131	0	1	0.00	1
132	0	1	0.00	1
133	0	0		0
134	0	3	0.00	3
135	0	1	0.00	1
136	0	1	0.00	1
137	0	0		0
138	0	0		0
139	0	2	0.00	2
140	0	0		0
141	0	0		0
142	0	0		0
143	0	0		0
144	0	0		0
145	0	1	0.00	1
146	0	0		0
147	0	1	0.00	1
148	0	4	0.00	4
149	0	0		0

CHH context (R1)
================
position	count methylated	count unmethylated	% methylation	coverage
1	0	30	0.00	30
2	0	22	0.00	22
3	0	16	0.00	16
4	0	329	0.00	329
5	1	420	0.24	421
6	1	409	0.24	410
7	3	390	0.76	393
8	1	365	0.27	366
9	3	333	0.89	336
10	1	343	0.29	344
11	0	304	0.00	304
12	0	353	0.00	353
13	2	400	0.50	402
14	1	382	0.26	383
15	3	407	0.73	410
16	1	376	0.27	377
17	2	330	0.60	332
18	2	326	0.61	328
19	2	324	0.61	326
20	1	360	0.28	361
21	2	314	0.63	316
22	1	340	0.29	341
23	1	345	0.29	346
24	1	363	0.27	364
25	2	378	0.53	380
26	0	360	0.00	360
27	1	410	0.24	411
28	1	352	0.28	353
29	1	362	0.28	363
30	1	386	0.26	387
31	1	351	0.28	352
32	0	371	0.00	371
33	1	313	0.32	314
34	1	324	0.31	325
35	1	287	0.35	288
36	1	367	0.27	368
37	4	345	1.15	349
38	3	332	0.90	335
39	0	360	0.00	360
40	2	338	0.59	340
41	2	315	0.63	317
42	0	358	0.00	358
43	2	385	0.52	387
44	0	349	0.00	349
45	2	300	0.66	302
46	3	368	0.81	371
47	0	328	0.00	328
48	0	334	0.00	334
49	1	365	0.27	366
50	3	377	0.79	380
51	1	417	0.24	418
52	3	390	0.76	393
53	2	344	0.58	346
54	0	303	0.00	303
55	0	336	0.00	336
56	1	301	0.33	302
57	3	265	1.12	268
58	0	271	0.00	271
59	0	314	0.00	314
60	0	298	0.00	298
61	1	322	0.31	323
62	2	367	0.54	369
63	0	348	0.00	348
64	1	358	0.28	359
65	1	293	0.34	294
66	0	281	0.00	281
67	1	309	0.32	310
68	3	335	0.89	338
69	0	273	0.00	273
70	0	283	0.00	283
71	1	261	0.38	262
72	2	270	0.74	272
73	1	303	0.33	304
74	1	256	0.39	257
75	2	306	0.65	308
76	1	315	0.32	316
77	2	253	0.78	255
78	1	266	0.37	267
79	1	278	0.36	279
80	3	279	1.06	282
81	0	246	0.00	246
82	0	270	0.00	270
83	1	225	0.44	226
84	0	236	0.00	236
85	1	246	0.40	247
86	0	266	0.00	266
87	0	206	0.00	206
88	0	228	0.00	228
89	1	227	0.44	228
90	2	179	1.10	181
91	0	157	0.00	157
92	0	180	0.00	180
93	0	167	0.00	167
94	0	151	0.00	151
95	0	194	0.00	194
96	2	159	1.24	161
97	1	170	0.58	171
98	1	149	0.67	150
99	0	78	0.00	78
100	0	11	0.00	11
101	0	6	0.00	6
102	0	0		0
103	0	5	0.00	5
104	0	6	0.00	6
105	0	10	0.00	10
106	0	9	0.00	9
107	0	8	0.00	8
108	0	7	0.00	7
109	0	5	0.00	5
110	0	7	0.00	7
111	0	5	0.00	5
112	0	3	0.00	3
113	0	5	0.00	5
114	0	5	0.00	5
115	0	3	0.00	3
116	0	2	0.00	2
117	0	3	0.00	3
118	0	4	0.00	4
119	0	3	0.00	3
120	0	4	0.00	4
121	0	5	0.00	5
122	0	3	0.00	3
123	0	3	0.00	3
124	0	3	0.00	3
125	0	2	0.00	2
126	0	3	0.00	3
127	0	3	0.00	3
128	0	4	0.00	4
129	0	2	0.00	2
130	0	0		0
131	0	4	0.00	4
132	0	2	0.00	2
133	0	2	0.00	2
134	0	1	0.00	1
135	0	1	0.00	1
136	0	1	0.00	1
137	0	2	0.00	2
138	0	1	0.00	1
139	0	0		0
140	0	0		0
141	0	0		0
142	0	0		0
143	0	0		0
144	0	0		0
145	0	0		0
146	0	1	0.00	1
147	0	1	0.00	1
148	0	0		0
149	0	1	0.00	1

CpG context (R2)
================
position	count methylated	count unmethylated	% methylation	coverage
1	1	29	3.33	30
2	1	13	7.14	14
3	4	61	6.15	65
4	3	73	3.95	76
5	5	106	4.50	111
6	5	74	6.33	79
7	9	138	6.12	147
8	2	84	2.33	86
9	3	65	4.41	68
10	5	88	5.38	93
11	0	69	0.00	69
12	4	64	5.88	68
13	1	74	1.33	75
14	2	49	3.92	51
15	2	65	2.99	67
16	0	61	0.00	61
17	1	41	2.38	42
18	1	38	2.56	39
19	1	43	2.27	44
20	2	35	5.41	37
21	2	32	5.88	34
22	5	38	11.63	43
23	6	35	14.63	41
24	2	60	3.23	62
25	0	27	0.00	27
26	1	37	2.63	38
27	4	34	10.53	38
28	0	19	0.00	19
29	0	39	0.00	39
30	3	10	23.08	13
31	1	30	3.23	31
32	0	23	0.00	23
33	1	19	5.00	20
34	2	17	10.53	19
35	0	20	0.00	20
36	0	16	0.00	16
37	0	19	0.00	19
38	0	20	0.00	20
39	0	14	0.00	14
40	0	9	0.00	9
41	0	7	0.00	7
42	0	9	0.00	9
43	2	9	18.18	11
44	0	13	0.00	13
45	0	0		0
46	4	9	30.77	13
47	0	6	0.00	6
48	0	4	0.00	4
49	0	5	0.00	5
50	2	4	33.33	6
51	0	4	0.00	4
52	1	7	12.50	8
53	2	1	66.67	3
54	1	6	14.29	7
55	0	3	0.00	3
56	0	3	0.00	3
57	0	2	0.00	2
58	0	5	0.00	5
59	0	1	0.00	1
60	0	0		0
61	0	1	0.00	1
62	0	0		0
63	0	0		0
64	0	2	0.00	2
65	0	0		0
66	0	0		0
67	0	1	0.00	1
68	0	1	0.00	1
69	0	1	0.00	1
70	0	0		0
71	0	1	0.00	1
72	0	1	0.00	1
73	0	0		0
74	0	0		0
75	0	0		0
76	0	0		0
77	0	0		0
78	0	0		0
79	0	0		0
80	0	0		0
81	0	0		0
82	0	0		0
83	0	0		0
84	0	0		0
85	0	0		0
86	0	0		0
87	0	0		0
88	0	0		0
89	0	0		0
90	0	0		0
91	0	0		0
92	0	0		0
93	0	0		0
94	0	1	0.00	1

CHG context (R2)
================
position	count methylated	count unmethylated	% methylation	coverage
1	12	2147	0.56	2159
2	0	27	0.00	27
3	0	4	0.00	4
4	0	48	0.00	48
5	0	60	0.00	60
6	0	71	0.00	71
7	0	83	0.00	83
8	0	100	0.00	100
9	0	69	0.00	69
10	0	63	0.00	63
11	0	69	0.00	69
12	0	34	0.00	34
13	0	45	0.00	45
14	0	53	0.00	53
15	0	43	0.00	43
16	0	38	0.00	38
17	0	64	0.00	64
18	0	47	0.00	47
19	0	53	0.00	53
20	0	59	0.00	59
21	0	27	0.00	27
22	0	45	0.00	45
23	0	28	0.00	28
24	0	19	0.00	19
25	0	47	0.00	47
26	0	23	0.00	23
27	1	17	5.56	18
28	0	18	0.00	18
29	0	26	0.00	26
30	0	22	0.00	22
31	1	18	5.26	19
32	0	25	0.00	25
33	0	24	0.00	24
34	0	15	0.00	15
35	0	25	0.00	25
36	0	22	0.00	22
37	0	9	0.00	9
38	0	6	0.00	6
39	0	12	0.00	12
40	2	13	13.33	15
41	0	10	0.00	10
42	0	8	0.00	8
43	0	12	0.00	12
44	0	3	0.00	3
45	0	10	0.00	10
46	0	1	0.00	1
47	0	10	0.00	10
48	0	7	0.00	7
49	0	7	0.00	7
50	0	12	0.00	12
51	0	2	0.00	2
52	0	8	0.00	8
53	0	5	0.00	5
54	0	0		0
55	0	7	0.00	7
56	0	3	0.00	3
57	0	0		0
58	0	1	0.00	1
59	0	1	0.00	1
60	0	3	0.00	3
61	0	0		0
62	0	1	0.00	1
63	0	3	0.00	3
64	0	1	0.00	1
65	0	1	0.00	1
66	0	0		0
67	0	0		0
68	0	0		0
69	0	1	0.00	1
70	0	1	0.00	1
71	0	0		0
72	0	1	0.00	1
73	0	2	0.00	2
74	0	0		0
75	0	1	0.00	1
76	0	0		0
77	0	0		0
78	0	1	0.00	1
79	0	0		0
80	0	0		0
81	0	0		0
82	0	0		0
83	0	0		0
84	0	0		0
85	0	0		0
86	0	0		0
87	0	1	0.00	1
88	0	0		0
89	0	0		0
90	0	0		0
91	0	0		0
92	0	0		0
93	0	0		0
94	0	0		0

CHH context (R2)
================
position	count methylated	count unmethylated	% methylation	coverage
1	1	14	6.67	15
2	1	974	0.10	975
3	1	270	0.37	271
4	2	195	1.02	197
5	1	134	0.74	135
6	0	95	0.00	95
7	0	101	0.00	101
8	0	114	0.00	114
9	1	108	0.92	109
10	0	128	0.00	128
11	0	94	0.00	94
12	0	96	0.00	96
13	1	82	1.20	83
14	0	86	0.00	86
15	0	80	0.00	80
16	0	77	0.00	77
17	0	77	0.00	77
18	0	94	0.00	94
19	1	78	1.27	79
20	0	61	0.00	61
21	0	59	0.00	59
22	0	55	0.00	55
23	0	46	0.00	46
24	1	55	1.79	56
25	0	51	0.00	51
26	0	38	0.00	38
27	0	33	0.00	33
28	0	25	0.00	25
29	0	41	0.00	41
30	0	28	0.00	28
31	0	26	0.00	26
32	0	23	0.00	23
33	0	19	0.00	19
34	0	16	0.00	16
35	0	26	0.00	26
36	0	19	0.00	19
37	0	17	0.00	17
38	0	18	0.00	18
39	0	11	0.00	11
40	0	13	0.00	13
41	0	16	0.00	16
42	0	10	0.00	10
43	0	12	0.00	12
44	0	15	0.00	15
45	0	11	0.00	11
46	1	14	6.67	15
47	0	10	0.00	10
48	0	5	0.00	5
49	0	11	0.00	11
50	0	3	0.00	3
51	0	13	0.00	13
52	2	12	14.29	14
53	0	8	0.00	8
54	0	7	0.00	7
55	0	5	0.00	5
56	0	9	0.00	9
57	0	2	0.00	2
58	0	2	0.00	2
59	0	0		0
60	0	1	0.00	1
61	0	2	0.00	2
62	0	1	0.00	1
63	0	1	0.00	1
64	0	0		0
65	0	1	0.00	1
66	0	0		0
67	0	0		0
68	0	2	0.00	2
69	0	0		0
70	0	0		0
71	0	0		0
72	0	0		0
73	0	0		0
74	0	2	0.00	2
75	0	2	0.00	2
76	0	1	0.00	1
77	0	2	0.00	2
78	0	1	0.00	1
79	0	1	0.00	1
80	0	0		0
81	0	0		0
82	0	0		0
83	0	0		0
84	0	0		0
85	0	0		0
86	0	0		0
87	0	0		0
88	0	0		0
89	0	0		0
90	0	0		0
91	0	0		0
92	0	0		0
93	0	0		0
94	0	0		0

