CpG context (R1)
================
position	count methylated	count unmethylated	% methylation	coverage
1	201	2172	8.47	2373
2	1	14	6.67	15
3	0	19	0.00	19
4	14	170	7.61	184
5	14	212	6.19	226
6	10	265	3.64	275
7	10	206	4.63	216
8	14	280	4.76	294
9	11	258	4.09	269
10	14	265	5.02	279
11	12	278	4.14	290
12	15	266	5.34	281
13	17	273	5.86	290
14	7	267	2.55	274
15	5	243	2.02	248
16	13	283	4.39	296
17	11	234	4.49	245
18	11	269	3.93	280
19	12	303	3.81	315
20	14	243	5.45	257
21	14	225	5.86	239
22	8	265	2.93	273
23	8	254	3.05	262
24	15	259	5.47	274
25	5	301	1.63	306
26	11	274	3.86	285
27	9	237	3.66	246
28	20	261	7.12	281
29	9	271	3.21	280
30	7	262	2.60	269
31	8	283	2.75	291
32	24	281	7.87	305
33	12	227	5.02	239
34	14	232	5.69	246
35	13	271	4.58	284
36	11	224	4.68	235
37	13	285	4.36	298
38	13	210	5.83	223
39	7	253	2.69	260
40	11	261	4.04	272
41	12	252	4.55	264
42	13	272	4.56	285
43	15	248	5.70	263
44	9	245	3.54	254
45	13	248	4.98	261
46	21	279	7.00	300
47	17	246	6.46	263
48	8	247	3.14	255
49	18	217	7.66	235
50	11	234	4.49	245
51	13	223	5.51	236
52	12	233	4.90	245
53	14	229	5.76	243
54	16	216	6.90	232
55	13	288	4.32	301
56	5	215	2.27	220
57	11	229	4.58	240
58	11	240	4.38	251
59	7	262	2.60	269
60	13	254	4.87	267
61	10	254	3.79	264
62	12	219	5.19	231
63	17	209	7.52	226
64	14	262	5.07	276
65	12	261	4.40	273
66	14	243	5.45	257
67	17	227	6.97	244
68	9	197	4.37	206
69	10	175	5.41	185
70	8	214	3.60	222
71	20	221	8.30	241
72	4	241	1.63	245
73	13	211	5.80	224
74	13	194	6.28	207
75	10	175	5.41	185
76	13	196	6.22	209
77	15	213	6.58	228
78	11	192	5.42	203
79	13	213	5.75	226
80	4	181	2.16	185
81	3	158	1.86	161
82	7	204	3.32	211
83	4	136	2.86	140
84	5	160	3.03	165
85	6	175	3.31	181
86	17	159	9.66	176
87	6	185	3.14	191
88	2	139	1.42	141
89	10	145	6.45	155
90	6	93	6.06	99
91	8	151	5.03	159
92	5	139	3.47	144
93	8	143	5.30	151
94	5	133	3.62	138
95	5	123	3.91	128
96	10	82	10.87	92
97	5	137	3.52	142
98	4	109	3.54	113
99	2	47	4.08	49
100	0	8	0.00	8
101	0	3	0.00	3
102	0	1	0.00	1
103	0	6	0.00	6
104	0	5	0.00	5
105	0	3	0.00	3
106	1	6	14.29	7
107	1	3	25.00	4
108	1	5	16.67	6
109	0	11	0.00	11
110	0	3	0.00	3
111	0	9	0.00	9
112	0	3	0.00	3
113	1	4	20.00	5
114	0	2	0.00	2
115	1	5	16.67	6
116	0	3	0.00	3
117	0	3	0.00	3
118	0	6	0.00	6
119	0	1	0.00	1
120	0	2	0.00	2
121	1	2	33.33	3
122	0	3	0.00	3
123	0	3	0.00	3
124	0	0		0
125	0	2	0.00	2
126	0	0		0
127	0	1	0.00	1
128	0	2	0.00	2
129	0	2	0.00	2
130	1	3	25.00	4
131	0	1	0.00	1
132	0	0		0
133	0	0		0
134	0	1	0.00	1
135	0	0		0
136	0	3	0.00	3
137	1	1	50.00	2
138	0	2	0.00	2
139	0	0		0
140	0	0		0
141	0	3	0.00	3
142	0	3	0.00	3
143	0	0		0
144	0	0		0
145	0	3	0.00	3
146	0	0		0
147	0	0		0
148	0	0		0

CHG context (R1)
================
position	count methylated	count unmethylated	% methylation	coverage
1	1	15	6.25	16
2	0	19	0.00	19
3	0	14	0.00	14
4	1	148	0.67	149
5	1	219	0.45	220
6	1	236	0.42	237
7	2	251	0.79	253
8	0	238	0.00	238
9	0	249	0.00	249
10	1	195	0.51	196
11	0	226	0.00	226
12	0	207	0.00	207
13	0	208	0.00	208
14	1	200	0.50	201
15	3	240	1.23	243
16	0	195	0.00	195
17	3	249	1.19	252
18	2	266	0.75	268
19	1	190	0.52	191
20	0	180	0.00	180
21	2	222	0.89	224
22	0	223	0.00	223
23	0	217	0.00	217
24	1	201	0.50	202
25	0	249	0.00	249
26	1	210	0.47	211
27	0	236	0.00	236
28	2	281	0.71	283
29	1	190	0.52	191
30	0	191	0.00	191
31	1	235	0.42	236
32	0	203	0.00	203
33	2	241	0.82	243
34	0	233	0.00	233
35	2	208	0.95	210
36	0	251	0.00	251
37	1	214	0.47	215
38	2	191	1.04	193
39	0	243	0.00	243
40	3	208	1.42	211
41	1	272	0.37	273
42	0	212	0.00	212
43	0	216	0.00	216
44	1	220	0.45	221
45	3	198	1.49	201
46	0	218	0.00	218
47	0	180	0.00	180
48	0	237	0.00	237
49	1	229	0.43	230
50	3	216	1.37	219
51	0	209	0.00	209
52	1	215	0.46	216
53	1	197	0.51	198
54	2	221	0.90	223
55	0	168	0.00	168
56	1	198	0.50	199
57	2	226	0.88	228
58	0	202	0.00	202
59	1	169	0.59	170
60	0	165	0.00	165
61	0	185	0.00	185
62	3	167	1.76	170
63	2	200	0.99	202
64	0	193	0.00	193
65	0	202	0.00	202
66	0	187	0.00	187
67	0	158	0.00	158
68	0	206	0.00	206
69	1	198	0.50	199
70	2	228	0.87	230
71	0	170	0.00	170
72	0	164	0.00	164
73	2	174	1.14	176
74	4	159	2.45	163
75	0	176	0.00	176
76	2	167	1.18	169
77	0	157	0.00	157
78	1	150	0.66	151
79	0	142	0.00	142
80	2	137	1.44	139
81	0	202	0.00	202
82	1	115	0.86	116
83	0	139	0.00	139
84	1	134	0.74	135
85	0	124	0.00	124
86	1	163	0.61	164
87	0	88	0.00	88
88	0	129	0.00	129
89	0	117	0.00	117
90	0	111	0.00	111
91	0	137	0.00	137
92	0	89	0.00	89
93	0	74	0.00	74
94	1	116	0.85	117
95	0	98	0.00	98
96	0	120	0.00	120
97	1	116	0.85	117
98	0	95	0.00	95
99	0	37	0.00	37
100	0	4	0.00	4
101	0	6	0.00	6
102	0	10	0.00	10
103	0	4	0.00	4
104	0	4	0.00	4
105	0	4	0.00	4
106	0	5	0.00	5
107	0	3	0.00	3
108	0	7	0.00	7
109	0	2	0.00	2
110	0	3	0.00	3
111	0	4	0.00	4
112	0	4	0.00	4
113	0	2	0.00	2
114	0	2	0.00	2
115	0	2	0.00	2
116	0	0		0
117	0	2	0.00	2
118	0	1	0.00	1
119	0	2	0.00	2
120	0	5	0.00	5
121	0	1	0.00	1
122	0	2	0.00	2
123	0	2	0.00	2
124	0	0		0
125	0	3	0.00	3
126	0	1	0.00	1
127	0	1	0.00	1
128	0	2	0.00	2
129	0	2	0.00	2
130	0	0		0
131	0	0		0
132	0	0		0
133	0	1	0.00	1
134	0	1	0.00	1
135	0	4	0.00	4
136	0	0		0
137	0	0		0
138	0	0		0
139	0	0		0
140	1	2	33.33	3
141	0	2	0.00	2
142	0	0		0
143	0	0		0
144	0	0		0
145	0	1	0.00	1
146	0	0		0
147	0	1	0.00	1
148	0	0		0

CHH context (R1)
================
position	count methylated	count unmethylated	% methylation	coverage
1	0	33	0.00	33
2	0	34	0.00	34
3	0	25	0.00	25
4	1	344	0.29	345
5	3	394	0.76	397
6	3	420	0.71	423
7	1	386	0.26	387
8	1	348	0.29	349
9	2	315	0.63	317
10	1	329	0.30	330
11	3	311	0.96	314
12	0	337	0.00	337
13	1	370	0.27	371
14	1	385	0.26	386
15	3	351	0.85	354
16	2	336	0.59	338
17	0	314	0.00	314
18	2	303	0.66	305
19	1	322	0.31	323
20	2	351	0.57	353
21	0	327	0.00	327
22	0	318	0.00	318
23	1	319	0.31	320
24	0	326	0.00	326
25	2	386	0.52	388
26	2	415	0.48	417
27	1	413	0.24	414
28	1	347	0.29	348
29	0	334	0.00	334
30	4	355	1.11	359
31	1	375	0.27	376
32	3	366	0.81	369
33	0	337	0.00	337
34	2	303	0.66	305
35	1	311	0.32	312
36	2	369	0.54	371
37	0	347	0.00	347
38	2	357	0.56	359
39	1	339	0.29	340
40	0	331	0.00	331
41	1	327	0.30	328
42	1	344	0.29	345
43	1	343	0.29	344
44	1	354	0.28	355
45	3	294	1.01	297
46	1	340	0.29	341
47	1	327	0.30	328
48	1	348	0.29	349
49	1	381	0.26	382
50	2	399	0.50	401
51	0	419	0.00	419
52	1	347	0.29	348
53	0	348	0.00	348
54	1	334	0.30	335
55	2	319	0.62	321
56	2	288	0.69	290
57	3	285	1.04	288
58	0	301	0.00	301
59	0	302	0.00	302
60	1	313	0.32	314
61	3	349	0.85	352
62	3	332	0.90	335
63	0	313	0.00	313
64	1	331	0.30	332
65	3	288	1.03	291
66	0	254	0.00	254
67	1	321	0.31	322
68	1	349	0.29	350
69	2	323	0.62	325
70	1	295	0.34	296
71	1	262	0.38	263
72	1	260	0.38	261
73	2	312	0.64	314
74	0	259	0.00	259
75	1	314	0.32	315
76	1	306	0.33	307
77	2	277	0.72	279
78	0	285	0.00	285
79	2	267	0.74	269
80	3	268	1.11	271
81	3	245	1.21	248
82	0	276	0.00	276
83	0	229	0.00	229
84	3	223	1.33	226
85	1	265	0.38	266
86	0	243	0.00	243
87	0	210	0.00	210
88	1	237	0.42	238
89	1	226	0.44	227
90	0	186	0.00	186
91	1	203	0.49	204
92	0	197	0.00	197
93	1	191	0.52	192
94	1	147	0.68	148
95	0	186	0.00	186
96	0	157	0.00	157
97	1	162	0.61	163
98	1	176	0.56	177
99	0	82	0.00	82
100	0	8	0.00	8
101	0	11	0.00	11
102	0	8	0.00	8
103	0	9	0.00	9
104	0	5	0.00	5
105	0	5	0.00	5
106	0	9	0.00	9
107	0	4	0.00	4
108	0	2	0.00	2
109	0	2	0.00	2
110	0	6	0.00	6
111	0	3	0.00	3
112	0	7	0.00	7
113	0	7	0.00	7
114	0	4	0.00	4
115	0	5	0.00	5
116	0	6	0.00	6
117	0	5	0.00	5
118	0	4	0.00	4
119	0	5	0.00	5
120	0	3	0.00	3
121	0	3	0.00	3
122	0	1	0.00	1
123	0	3	0.00	3
124	0	3	0.00	3
125	0	3	0.00	3
126	0	4	0.00	4
127	0	0		0
128	0	1	0.00	1
129	0	0		0
130	0	0		0
131	0	1	0.00	1
132	0	5	0.00	5
133	0	2	0.00	2
134	0	4	0.00	4
135	0	1	0.00	1
136	0	0		0
137	0	1	0.00	1
138	0	1	0.00	1
139	0	4	0.00	4
140	0	1	0.00	1
141	0	0		0
142	0	0		0
143	0	1	0.00	1
144	0	1	0.00	1
145	0	1	0.00	1
146	0	0		0
147	0	0		0
148	0	2	0.00	2

CpG context (R2)
================
position	count methylated	count unmethylated	% methylation	coverage
1	0	20	0.00	20
2	1	18	5.26	19
3	6	83	6.74	89
4	8	71	10.13	79
5	3	116	2.52	119
6	6	88	6.38	94
7	5	122	3.94	127
8	1	74	1.33	75
9	1	65	1.52	66
10	4	89	4.30	93
11	3	70	4.11	73
12	3	60	4.76	63
13	6	73	7.59	79
14	1	49	2.00	50
15	2	47	4.08	49
16	1	55	1.79	56
17	0	43	0.00	43
18	2	43	4.44	45
19	1	43	2.27	44
20	0	49	0.00	49
21	2	35	5.41	37
22	0	37	0.00	37
23	1	42	2.33	43
24	2	60	3.23	62
25	1	34	2.86	35
26	2	42	4.55	44
27	0	41	0.00	41
28	1	19	5.00	20
29	2	49	3.92	51
30	2	16	11.11	18
31	3	28	9.68	31
32	0	21	0.00	21
33	2	12	14.29	14
34	3	13	18.75	16
35	1	13	7.14	14
36	2	18	10.00	20
37	2	25	7.41	27
38	1	17	5.56	18
39	0	13	0.00	13
40	0	8	0.00	8
41	0	7	0.00	7
42	0	15	0.00	15
43	0	8	0.00	8
44	1	19	5.00	20
45	1	4	20.00	5
46	1	15	6.25	16
47	0	3	0.00	3
48	3	7	30.00	10
49	0	7	0.00	7
50	0	8	0.00	8
51	1	5	16.67	6
52	0	10	0.00	10
53	0	5	0.00	5
54	0	4	0.00	4
55	1	4	20.00	5
56	1	1	50.00	2
57	0	1	0.00	1
58	1	6	14.29	7
59	0	0		0
60	0	1	0.00	1
61	0	0		0
62	0	1	0.00	1
63	0	0		0
64	0	0		0
65	0	0		0
66	0	0		0
67	0	3	0.00	3
68	0	0		0
69	0	1	0.00	1
70	0	1	0.00	1
71	0	4	0.00	4
72	0	1	0.00	1
73	0	1	0.00	1
74	0	0		0
75	0	3	0.00	3
76	0	0		0
77	0	3	0.00	3
78	0	0		0
79	0	0		0
80	0	1	0.00	1
81	0	0		0
82	0	0		0
83	0	0		0
84	0	0		0
85	0	0		0
86	0	1	0.00	1
87	0	0		0
88	0	1	0.00	1
89	0	0		0
90	0	0		0
91	0	0		0
92	0	0		0
93	0	0		0
94	0	0		0
95	0	2	0.00	2

CHG context (R2)
================
position	count methylated	count unmethylated	% methylation	coverage
1	8	2131	0.37	2139
2	0	24	0.00	24
3	0	9	0.00	9
4	1	32	3.03	33
5	0	47	0.00	47
6	0	77	0.00	77
7	0	77	0.00	77
8	0	100	0.00	100
9	0	78	0.00	78
10	0	43	0.00	43
11	2	78	2.50	80
12	0	45	0.00	45
13	0	36	0.00	36
14	0	50	0.00	50
15	0	47	0.00	47
16	0	45	0.00	45
17	1	51	1.92	52
18	0	39	0.00	39
19	0	57	0.00	57
20	0	55	0.00	55
21	0	38	0.00	38
22	0	49	0.00	49
23	0	27	0.00	27
24	0	26	0.00	26
25	0	52	0.00	52
26	0	18	0.00	18
27	1	24	4.00	25
28	1	20	4.76	21
29	0	24	0.00	24
30	0	41	0.00	41
31	0	34	0.00	34
32	0	15	0.00	15
33	0	16	0.00	16
34	0	20	0.00	20
35	0	15	0.00	15
36	1	20	4.76	21
37	0	12	0.00	12
38	0	6	0.00	6
39	0	15	0.00	15
40	0	20	0.00	20
41	0	10	0.00	10
42	0	8	0.00	8
43	0	9	0.00	9
44	0	3	0.00	3
45	0	7	0.00	7
46	0	5	0.00	5
47	0	6	0.00	6
48	0	7	0.00	7
49	0	5	0.00	5
50	0	12	0.00	12
51	0	8	0.00	8
52	1	9	10.00	10
53	0	5	0.00	5
54	0	1	0.00	1
55	0	5	0.00	5
56	0	7	0.00	7
57	0	0		0
58	0	0		0
59	0	1	0.00	1
60	0	2	0.00	2
61	0	1	0.00	1
62	0	0		0
63	0	2	0.00	2
64	1	2	33.33	3
65	0	1	0.00	1
66	0	0		0
67	0	0		0
68	0	3	0.00	3
69	0	0		0
70	0	2	0.00	2
71	0	0		0
72	0	0		0
73	0	2	0.00	2
74	0	0		0
75	0	0		0
76	0	0		0
77	0	0		0
78	0	0		0
79	0	0		0
80	0	0		0
81	0	0		0
82	0	0		0
83	0	0		0
84	0	0		0
85	0	0		0
86	0	0		0
87	0	0		0
88	0	0		0
89	0	0		0
90	0	0		0
91	0	0		0
92	0	0		0
93	0	0		0
94	0	0		0
95	0	0		0

CHH context (R2)
================
position	count methylated	count unmethylated	% methylation	coverage
1	0	16	0.00	16
2	1	1006	0.10	1007
3	0	269	0.00	269
4	0	176	0.00	176
5	0	134	0.00	134
6	1	91	1.09	92
7	0	89	0.00	89
8	2	136	1.45	138
9	0	107	0.00	107
10	1	117	0.85	118
11	0	93	0.00	93
12	0	90	0.00	90
13	0	69	0.00	69
14	0	70	0.00	70
15	0	86	0.00	86
16	0	54	0.00	54
17	0	59	0.00	59
18	1	75	1.32	76
19	1	60	1.64	61
20	1	61	1.61	62
21	0	60	0.00	60
22	1	46	2.13	47
23	0	41	0.00	41
24	0	43	0.00	43
25	0	32	0.00	32
26	0	32	0.00	32
27	0	25	0.00	25
28	0	27	0.00	27
29	0	45	0.00	45
30	0	35	0.00	35
31	0	29	0.00	29
32	0	37	0.00	37
33	0	21	0.00	21
34	0	17	0.00	17
35	0	27	0.00	27
36	0	22	0.00	22
37	0	20	0.00	20
38	0	28	0.00	28
39	0	11	0.00	11
40	0	24	0.00	24
41	0	16	0.00	16
42	0	9	0.00	9
43	0	11	0.00	11
44	1	25	3.85	26
45	0	10	0.00	10
46	0	17	0.00	17
47	0	14	0.00	14
48	0	4	0.00	4
49	0	8	0.00	8
50	0	4	0.00	4
51	0	10	0.00	10
52	0	11	0.00	11
53	0	14	0.00	14
54	0	10	0.00	10
55	0	3	0.00	3
56	0	11	0.00	11
57	0	6	0.00	6
58	0	3	0.00	3
59	0	0		0
60	0	0		0
61	0	0		0
62	0	1	0.00	1
63	0	1	0.00	1
64	0	2	0.00	2
65	0	2	0.00	2
66	0	0		0
67	0	0		0
68	0	2	0.00	2
69	0	5	0.00	5
70	0	0		0
71	0	0		0
72	0	2	0.00	2
73	0	0		0
74	0	1	0.00	1
75	0	2	0.00	2
76	0	0		0
77	0	1	0.00	1
78	0	1	0.00	1
79	0	0		0
80	0	0		0
81	0	0		0
82	0	1	0.00	1
83	0	0		0
84	0	2	0.00	2
85	0	0		0
86	0	0		0
87	0	0		0
88	0	0		0
89	0	0		0
90	0	0		0
91	0	0		0
92	0	0		0
93	0	0		0
94	0	0		0
95	0	0		0

