CpG context (R1)
================
position	count methylated	count unmethylated	% methylation	coverage
1	201	2158	8.52	2359
2	0	28	0.00	28
3	1	16	5.88	17
4	13	170	7.10	183
5	15	213	6.58	228
6	12	237	4.82	249
7	9	214	4.04	223
8	15	259	5.47	274
9	15	227	6.20	242
10	18	254	6.62	272
11	17	243	6.54	260
12	13	278	4.47	291
13	18	279	6.06	297
14	14	266	5.00	280
15	11	212	4.93	223
16	11	289	3.67	300
17	11	235	4.47	246
18	7	251	2.71	258
19	14	300	4.46	314
20	12	197	5.74	209
21	12	222	5.13	234
22	8	289	2.69	297
23	10	238	4.03	248
24	17	246	6.46	263
25	15	284	5.02	299
26	13	309	4.04	322
27	15	256	5.54	271
28	17	257	6.20	274
29	9	242	3.59	251
30	18	255	6.59	273
31	16	287	5.28	303
32	13	283	4.39	296
33	15	220	6.38	235
34	19	262	6.76	281
35	13	290	4.29	303
36	15	217	6.47	232
37	10	259	3.72	269
38	17	233	6.80	250
39	6	244	2.40	250
40	18	264	6.38	282
41	7	223	3.04	230
42	19	245	7.20	264
43	20	246	7.52	266
44	15	233	6.05	248
45	25	270	8.47	295
46	20	226	8.13	246
47	24	253	8.66	277
48	17	278	5.76	295
49	17	216	7.30	233
50	16	248	6.06	264
51	13	223	5.51	236
52	13	231	5.33	244
53	13	249	4.96	262
54	15	237	5.95	252
55	13	277	4.48	290
56	12	210	5.41	222
57	15	255	5.56	270
58	14	235	5.62	249
59	16	257	5.86	273
60	9	217	3.98	226
61	15	230	6.12	245
62	13	210	5.83	223
63	18	209	7.93	227
64	10	250	3.85	260
65	13	280	4.44	293
66	13	254	4.87	267
67	14	230	5.74	244
68	8	204	3.77	212
69	8	188	4.08	196
70	17	220	7.17	237
71	11	250	4.21	261
72	11	229	4.58	240
73	10	202	4.72	212
74	5	204	2.39	209
75	12	186	6.06	198
76	9	206	4.19	215
77	8	217	3.56	225
78	6	185	3.14	191
79	11	217	4.82	228
80	10	204	4.67	214
81	3	168	1.75	171
82	6	176	3.30	182
83	5	164	2.96	169
84	6	169	3.43	175
85	8	195	3.94	203
86	7	151	4.43	158
87	5	178	2.73	183
88	6	124	4.62	130
89	10	154	6.10	164
90	2	124	1.59	126
91	11	142	7.19	153
92	3	164	1.80	167
93	8	153	4.97	161
94	6	124	4.62	130
95	6	131	4.38	137
96	5	114	4.20	119
97	6	137	4.20	143
98	8	109	6.84	117
99	3	62	4.62	65
100	0	12	0.00	12
101	0	8	0.00	8
102	0	7	0.00	7
103	0	8	0.00	8
104	1	6	14.29	7
105	0	3	0.00	3
106	0	2	0.00	2
107	1	2	33.33	3
108	0	6	0.00	6
109	1	6	14.29	7
110	0	6	0.00	6
111	0	8	0.00	8
112	0	3	0.00	3
113	0	4	0.00	4
114	0	7	0.00	7
115	0	3	0.00	3
116	0	0		0
117	0	4	0.00	4
118	0	3	0.00	3
119	0	2	0.00	2
120	0	6	0.00	6
121	1	1	50.00	2
122	0	3	0.00	3
123	1	1	50.00	2
124	0	2	0.00	2
125	1	2	33.33	3
126	0	2	0.00	2
127	0	0		0
128	1	2	33.33	3
129	1	2	33.33	3
130	0	1	0.00	1
131	0	4	0.00	4
132	0	0		0
133	0	3	0.00	3
134	1	1	50.00	2
135	0	2	0.00	2
136	0	0		0
137	0	1	0.00	1
138	0	1	0.00	1
139	0	0		0
140	0	0		0
141	0	1	0.00	1
142	0	1	0.00	1
143	0	1	0.00	1
144	0	0		0
145	0	1	0.00	1
146	0	0		0
147	0	1	0.00	1
148	0	1	0.00	1
149	0	1	0.00	1

CHG context (R1)
================
position	count methylated	count unmethylated	% methylation	coverage
1	0	27	0.00	27
2	0	27	0.00	27
3	0	8	0.00	8
4	2	143	1.38	145
5	0	196	0.00	196
6	1	227	0.44	228
7	2	251	0.79	253
8	0	219	0.00	219
9	0	229	0.00	229
10	1	181	0.55	182
11	1	247	0.40	248
12	1	220	0.45	221
13	0	228	0.00	228
14	2	163	1.21	165
15	0	231	0.00	231
16	3	205	1.44	208
17	0	235	0.00	235
18	1	246	0.40	247
19	3	196	1.51	199
20	0	176	0.00	176
21	1	218	0.46	219
22	0	230	0.00	230
23	1	183	0.54	184
24	1	196	0.51	197
25	0	247	0.00	247
26	0	201	0.00	201
27	1	230	0.43	231
28	0	219	0.00	219
29	1	201	0.50	202
30	0	218	0.00	218
31	1	223	0.45	224
32	0	195	0.00	195
33	0	219	0.00	219
34	0	238	0.00	238
35	0	230	0.00	230
36	0	195	0.00	195
37	1	213	0.47	214
38	0	196	0.00	196
39	1	229	0.43	230
40	2	222	0.89	224
41	1	249	0.40	250
42	1	223	0.45	224
43	0	194	0.00	194
44	1	234	0.43	235
45	4	209	1.88	213
46	0	215	0.00	215
47	1	220	0.45	221
48	1	204	0.49	205
49	0	187	0.00	187
50	1	220	0.45	221
51	2	231	0.86	233
52	0	233	0.00	233
53	1	209	0.48	210
54	4	212	1.85	216
55	0	176	0.00	176
56	1	220	0.45	221
57	0	195	0.00	195
58	0	179	0.00	179
59	1	191	0.52	192
60	3	164	1.80	167
61	1	177	0.56	178
62	1	185	0.54	186
63	0	191	0.00	191
64	2	190	1.04	192
65	0	197	0.00	197
66	1	191	0.52	192
67	1	199	0.50	200
68	1	189	0.53	190
69	0	210	0.00	210
70	1	198	0.50	199
71	0	177	0.00	177
72	0	163	0.00	163
73	2	157	1.26	159
74	2	143	1.38	145
75	0	150	0.00	150
76	0	193	0.00	193
77	0	186	0.00	186
78	0	142	0.00	142
79	1	155	0.64	156
80	0	134	0.00	134
81	1	185	0.54	186
82	0	146	0.00	146
83	1	120	0.83	121
84	0	125	0.00	125
85	0	130	0.00	130
86	2	153	1.29	155
87	1	108	0.92	109
88	1	133	0.75	134
89	0	115	0.00	115
90	0	106	0.00	106
91	1	155	0.64	156
92	0	97	0.00	97
93	0	93	0.00	93
94	0	109	0.00	109
95	2	115	1.71	117
96	0	113	0.00	113
97	0	123	0.00	123
98	0	94	0.00	94
99	0	60	0.00	60
100	0	7	0.00	7
101	0	6	0.00	6
102	0	3	0.00	3
103	0	6	0.00	6
104	0	4	0.00	4
105	0	1	0.00	1
106	0	11	0.00	11
107	0	2	0.00	2
108	0	3	0.00	3
109	0	3	0.00	3
110	0	6	0.00	6
111	0	1	0.00	1
112	0	1	0.00	1
113	0	2	0.00	2
114	0	2	0.00	2
115	0	2	0.00	2
116	0	3	0.00	3
117	0	3	0.00	3
118	0	1	0.00	1
119	0	3	0.00	3
120	0	1	0.00	1
121	0	5	0.00	5
122	0	2	0.00	2
123	0	1	0.00	1
124	0	2	0.00	2
125	0	2	0.00	2
126	0	1	0.00	1
127	0	3	0.00	3
128	0	1	0.00	1
129	0	1	0.00	1
130	0	2	0.00	2
131	0	2	0.00	2
132	0	3	0.00	3
133	0	1	0.00	1
134	0	1	0.00	1
135	0	1	0.00	1
136	0	0		0
137	0	0		0
138	0	0		0
139	0	0		0
140	0	2	0.00	2
141	0	2	0.00	2
142	0	0		0
143	0	0		0
144	0	1	0.00	1
145	0	0		0
146	0	0		0
147	0	1	0.00	1
148	0	2	0.00	2
149	0	1	0.00	1

CHH context (R1)
================
position	count methylated	count unmethylated	% methylation	coverage
1	1	30	3.23	31
2	1	28	3.45	29
3	0	20	0.00	20
4	1	334	0.30	335
5	1	381	0.26	382
6	4	425	0.93	429
7	2	409	0.49	411
8	1	351	0.28	352
9	3	342	0.87	345
10	1	348	0.29	349
11	3	327	0.91	330
12	0	374	0.00	374
13	3	362	0.82	365
14	3	364	0.82	367
15	2	389	0.51	391
16	1	370	0.27	371
17	1	317	0.31	318
18	4	303	1.30	307
19	0	339	0.00	339
20	3	354	0.84	357
21	2	358	0.56	360
22	1	332	0.30	333
23	2	310	0.64	312
24	0	378	0.00	378
25	3	385	0.77	388
26	3	346	0.86	349
27	1	410	0.24	411
28	3	400	0.74	403
29	1	347	0.29	348
30	1	332	0.30	333
31	0	338	0.00	338
32	1	345	0.29	346
33	0	346	0.00	346
34	0	330	0.00	330
35	0	299	0.00	299
36	3	374	0.80	377
37	2	347	0.57	349
38	0	372	0.00	372
39	2	325	0.61	327
40	2	347	0.57	349
41	0	331	0.00	331
42	1	344	0.29	345
43	0	320	0.00	320
44	1	332	0.30	333
45	0	324	0.00	324
46	2	357	0.56	359
47	1	309	0.32	310
48	1	334	0.30	335
49	1	374	0.27	375
50	2	397	0.50	399
51	2	423	0.47	425
52	1	348	0.29	349
53	1	319	0.31	320
54	0	308	0.00	308
55	0	335	0.00	335
56	1	281	0.35	282
57	2	288	0.69	290
58	3	269	1.10	272
59	2	314	0.63	316
60	1	317	0.31	318
61	1	366	0.27	367
62	0	328	0.00	328
63	0	318	0.00	318
64	1	344	0.29	345
65	1	334	0.30	335
66	2	300	0.66	302
67	0	320	0.00	320
68	0	329	0.00	329
69	0	316	0.00	316
70	3	297	1.00	300
71	0	314	0.00	314
72	1	274	0.36	275
73	1	323	0.31	324
74	1	276	0.36	277
75	0	322	0.00	322
76	0	324	0.00	324
77	1	254	0.39	255
78	0	268	0.00	268
79	1	308	0.32	309
80	1	296	0.34	297
81	2	248	0.80	250
82	0	283	0.00	283
83	0	245	0.00	245
84	0	251	0.00	251
85	1	261	0.38	262
86	1	261	0.38	262
87	1	211	0.47	212
88	1	273	0.36	274
89	1	211	0.47	212
90	1	206	0.48	207
91	1	193	0.52	194
92	2	205	0.97	207
93	1	179	0.56	180
94	1	158	0.63	159
95	1	178	0.56	179
96	1	149	0.67	150
97	0	171	0.00	171
98	1	165	0.60	166
99	0	57	0.00	57
100	0	7	0.00	7
101	0	11	0.00	11
102	0	8	0.00	8
103	0	7	0.00	7
104	0	2	0.00	2
105	0	4	0.00	4
106	0	7	0.00	7
107	0	9	0.00	9
108	0	9	0.00	9
109	0	4	0.00	4
110	0	1	0.00	1
111	0	4	0.00	4
112	0	2	0.00	2
113	0	4	0.00	4
114	0	4	0.00	4
115	0	2	0.00	2
116	0	4	0.00	4
117	0	4	0.00	4
118	0	3	0.00	3
119	1	3	25.00	4
120	0	5	0.00	5
121	0	3	0.00	3
122	0	2	0.00	2
123	0	2	0.00	2
124	0	2	0.00	2
125	0	0		0
126	0	2	0.00	2
127	0	6	0.00	6
128	0	2	0.00	2
129	0	1	0.00	1
130	0	1	0.00	1
131	0	3	0.00	3
132	0	0		0
133	0	1	0.00	1
134	0	2	0.00	2
135	0	2	0.00	2
136	0	1	0.00	1
137	0	1	0.00	1
138	0	3	0.00	3
139	0	2	0.00	2
140	0	3	0.00	3
141	0	1	0.00	1
142	0	0		0
143	0	1	0.00	1
144	0	1	0.00	1
145	0	1	0.00	1
146	0	0		0
147	0	2	0.00	2
148	0	1	0.00	1
149	0	0		0

CpG context (R2)
================
position	count methylated	count unmethylated	% methylation	coverage
1	0	27	0.00	27
2	0	13	0.00	13
3	2	97	2.02	99
4	8	71	10.13	79
5	6	107	5.31	113
6	5	84	5.62	89
7	8	133	5.67	141
8	3	89	3.26	92
9	4	82	4.65	86
10	4	91	4.21	95
11	2	71	2.74	73
12	2	58	3.33	60
13	5	95	5.00	100
14	1	41	2.38	42
15	2	73	2.67	75
16	3	50	5.66	53
17	2	46	4.17	48
18	5	55	8.33	60
19	2	34	5.56	36
20	2	51	3.77	53
21	2	30	6.25	32
22	2	45	4.26	47
23	2	36	5.26	38
24	4	68	5.56	72
25	1	32	3.03	33
26	1	27	3.57	28
27	1	38	2.56	39
28	1	24	4.00	25
29	1	36	2.70	37
30	2	26	7.14	28
31	2	28	6.67	30
32	1	27	3.57	28
33	1	13	7.14	14
34	4	23	14.81	27
35	0	12	0.00	12
36	0	10	0.00	10
37	0	21	0.00	21
38	0	17	0.00	17
39	0	7	0.00	7
40	0	4	0.00	4
41	0	8	0.00	8
42	1	7	12.50	8
43	0	17	0.00	17
44	0	11	0.00	11
45	0	2	0.00	2
46	1	11	8.33	12
47	1	9	10.00	10
48	0	7	0.00	7
49	1	5	16.67	6
50	0	6	0.00	6
51	0	8	0.00	8
52	1	4	20.00	5
53	0	3	0.00	3
54	0	2	0.00	2
55	0	6	0.00	6
56	1	3	25.00	4
57	0	3	0.00	3
58	0	4	0.00	4
59	0	4	0.00	4
60	0	2	0.00	2
61	0	1	0.00	1
62	0	2	0.00	2
63	1	3	25.00	4
64	0	2	0.00	2
65	0	1	0.00	1
66	0	3	0.00	3
67	0	3	0.00	3
68	0	1	0.00	1
69	0	3	0.00	3
70	0	2	0.00	2
71	0	0		0
72	0	1	0.00	1
73	0	2	0.00	2
74	0	0		0
75	0	2	0.00	2
76	0	1	0.00	1
77	0	1	0.00	1
78	0	3	0.00	3
79	0	1	0.00	1
80	0	0		0
81	0	0		0
82	0	1	0.00	1
83	0	1	0.00	1
84	0	1	0.00	1
85	0	0		0
86	0	1	0.00	1
87	0	1	0.00	1
88	0	1	0.00	1
89	0	0		0
90	0	1	0.00	1
91	0	1	0.00	1
92	0	1	0.00	1
93	0	1	0.00	1
94	0	1	0.00	1
95	0	0		0
96	0	0		0
97	0	2	0.00	2

CHG context (R2)
================
position	count methylated	count unmethylated	% methylation	coverage
1	20	2123	0.93	2143
2	0	34	0.00	34
3	0	8	0.00	8
4	0	48	0.00	48
5	0	65	0.00	65
6	0	81	0.00	81
7	1	74	1.33	75
8	0	83	0.00	83
9	0	85	0.00	85
10	0	60	0.00	60
11	1	86	1.15	87
12	0	43	0.00	43
13	0	57	0.00	57
14	0	45	0.00	45
15	0	55	0.00	55
16	0	39	0.00	39
17	0	55	0.00	55
18	0	53	0.00	53
19	0	38	0.00	38
20	0	45	0.00	45
21	0	48	0.00	48
22	0	52	0.00	52
23	0	17	0.00	17
24	0	16	0.00	16
25	0	48	0.00	48
26	0	13	0.00	13
27	0	14	0.00	14
28	0	28	0.00	28
29	0	26	0.00	26
30	0	21	0.00	21
31	0	33	0.00	33
32	0	15	0.00	15
33	1	20	4.76	21
34	0	18	0.00	18
35	0	25	0.00	25
36	0	17	0.00	17
37	0	16	0.00	16
38	0	16	0.00	16
39	0	8	0.00	8
40	0	11	0.00	11
41	0	17	0.00	17
42	0	4	0.00	4
43	0	7	0.00	7
44	0	3	0.00	3
45	0	5	0.00	5
46	0	5	0.00	5
47	0	3	0.00	3
48	0	8	0.00	8
49	0	7	0.00	7
50	0	7	0.00	7
51	0	4	0.00	4
52	0	1	0.00	1
53	0	7	0.00	7
54	0	2	0.00	2
55	0	3	0.00	3
56	0	3	0.00	3
57	0	1	0.00	1
58	0	3	0.00	3
59	0	0		0
60	0	4	0.00	4
61	0	1	0.00	1
62	0	0		0
63	0	1	0.00	1
64	0	3	0.00	3
65	0	1	0.00	1
66	0	1	0.00	1
67	0	3	0.00	3
68	0	0		0
69	0	0		0
70	0	5	0.00	5
71	0	1	0.00	1
72	0	0		0
73	0	2	0.00	2
74	0	0		0
75	0	0		0
76	0	0		0
77	0	1	0.00	1
78	0	0		0
79	0	1	0.00	1
80	0	0		0
81	0	0		0
82	0	1	0.00	1
83	0	0		0
84	0	1	0.00	1
85	0	1	0.00	1
86	0	0		0
87	0	0		0
88	0	0		0
89	0	1	0.00	1
90	0	0		0
91	0	0		0
92	0	0		0
93	0	0		0
94	0	0		0
95	0	1	0.00	1
96	0	0		0
97	0	0		0

CHH context (R2)
================
position	count methylated	count unmethylated	% methylation	coverage
1	0	5	0.00	5
2	3	986	0.30	989
3	2	226	0.88	228
4	0	178	0.00	178
5	1	130	0.76	131
6	0	101	0.00	101
7	0	112	0.00	112
8	0	124	0.00	124
9	0	107	0.00	107
10	0	116	0.00	116
11	0	86	0.00	86
12	0	92	0.00	92
13	2	66	2.94	68
14	0	109	0.00	109
15	0	88	0.00	88
16	0	66	0.00	66
17	0	67	0.00	67
18	0	78	0.00	78
19	0	79	0.00	79
20	0	51	0.00	51
21	0	50	0.00	50
22	1	39	2.50	40
23	0	60	0.00	60
24	0	45	0.00	45
25	0	42	0.00	42
26	0	28	0.00	28
27	0	29	0.00	29
28	0	27	0.00	27
29	0	33	0.00	33
30	0	28	0.00	28
31	0	26	0.00	26
32	0	31	0.00	31
33	1	24	4.00	25
34	0	33	0.00	33
35	0	28	0.00	28
36	0	21	0.00	21
37	0	17	0.00	17
38	0	13	0.00	13
39	0	6	0.00	6
40	0	21	0.00	21
41	0	12	0.00	12
42	0	19	0.00	19
43	0	18	0.00	18
44	0	19	0.00	19
45	0	16	0.00	16
46	0	11	0.00	11
47	0	13	0.00	13
48	0	5	0.00	5
49	0	11	0.00	11
50	0	7	0.00	7
51	0	10	0.00	10
52	0	16	0.00	16
53	0	11	0.00	11
54	0	12	0.00	12
55	0	4	0.00	4
56	0	2	0.00	2
57	0	5	0.00	5
58	0	2	0.00	2
59	0	4	0.00	4
60	0	2	0.00	2
61	0	4	0.00	4
62	0	5	0.00	5
63	0	0		0
64	0	2	0.00	2
65	0	3	0.00	3
66	0	1	0.00	1
67	0	2	0.00	2
68	0	0		0
69	0	1	0.00	1
70	0	0		0
71	0	3	0.00	3
72	0	1	0.00	1
73	0	1	0.00	1
74	0	2	0.00	2
75	0	0		0
76	0	1	0.00	1
77	0	0		0
78	0	0		0
79	0	0		0
80	0	0		0
81	0	0		0
82	0	0		0
83	0	0		0
84	0	0		0
85	0	1	0.00	1
86	0	1	0.00	1
87	0	1	0.00	1
88	0	0		0
89	0	1	0.00	1
90	0	1	0.00	1
91	0	0		0
92	0	0		0
93	0	1	0.00	1
94	0	0		0
95	0	0		0
96	0	1	0.00	1
97	0	0		0

