CpG context (R1)
================
position	count methylated	count unmethylated	% methylation	coverage
1	192	2192	8.05	2384
2	0	25	0.00	25
3	1	18	5.26	19
4	10	159	5.92	169
5	17	212	7.42	229
6	9	252	3.45	261
7	12	215	5.29	227
8	11	288	3.68	299
9	12	203	5.58	215
10	12	242	4.72	254
11	15	239	5.91	254
12	7	287	2.38	294
13	17	279	5.74	296
14	11	267	3.96	278
15	14	217	6.06	231
16	11	282	3.75	293
17	18	237	7.06	255
18	5	247	1.98	252
19	16	287	5.28	303
20	11	246	4.28	257
21	12	220	5.17	232
22	20	278	6.71	298
23	15	268	5.30	283
24	11	214	4.89	225
25	14	316	4.24	330
26	17	278	5.76	295
27	14	281	4.75	295
28	23	249	8.46	272
29	11	263	4.01	274
30	13	260	4.76	273
31	14	299	4.47	313
32	11	245	4.30	256
33	13	220	5.58	233
34	12	274	4.20	286
35	14	268	4.96	282
36	15	193	7.21	208
37	12	262	4.38	274
38	9	257	3.38	266
39	13	241	5.12	254
40	10	252	3.82	262
41	10	257	3.75	267
42	20	248	7.46	268
43	6	262	2.24	268
44	16	232	6.45	248
45	9	245	3.54	254
46	20	255	7.27	275
47	13	267	4.64	280
48	12	234	4.88	246
49	19	246	7.17	265
50	19	252	7.01	271
51	15	259	5.47	274
52	13	229	5.37	242
53	9	231	3.75	240
54	9	228	3.80	237
55	12	270	4.26	282
56	11	231	4.55	242
57	10	205	4.65	215
58	7	241	2.82	248
59	12	254	4.51	266
60	10	246	3.91	256
61	15	235	6.00	250
62	12	255	4.49	267
63	15	216	6.49	231
64	14	259	5.13	273
65	9	252	3.45	261
66	9	256	3.40	265
67	10	212	4.50	222
68	8	179	4.28	187
69	8	187	4.10	195
70	8	202	3.81	210
71	13	267	4.64	280
72	15	237	5.95	252
73	15	225	6.25	240
74	7	201	3.37	208
75	10	169	5.59	179
76	10	228	4.20	238
77	11	196	5.31	207
78	11	190	5.47	201
79	11	235	4.47	246
80	2	183	1.08	185
81	5	168	2.89	173
82	9	198	4.35	207
83	6	136	4.23	142
84	5	177	2.75	182
85	7	192	3.52	199
86	8	165	4.62	173
87	9	178	4.81	187
88	5	119	4.03	124
89	7	156	4.29	163
90	5	97	4.90	102
91	2	144	1.37	146
92	4	146	2.67	150
93	5	136	3.55	141
94	6	127	4.51	133
95	10	113	8.13	123
96	4	89	4.30	93
97	6	155	3.73	161
98	4	98	3.92	102
99	0	50	0.00	50
100	2	14	12.50	16
101	0	3	0.00	3
102	1	5	16.67	6
103	0	7	0.00	7
104	1	3	25.00	4
105	2	2	50.00	4
106	0	4	0.00	4
107	0	6	0.00	6
108	0	6	0.00	6
109	0	3	0.00	3
110	0	2	0.00	2
111	1	4	20.00	5
112	0	3	0.00	3
113	0	4	0.00	4
114	0	2	0.00	2
115	0	4	0.00	4
116	0	2	0.00	2
117	1	2	33.33	3
118	0	2	0.00	2
119	1	0	100.00	1
120	0	0		0
121	1	0	100.00	1
122	0	2	0.00	2
123	0	2	0.00	2
124	0	2	0.00	2
125	1	3	25.00	4
126	1	2	33.33	3
127	0	0		0
128	0	0		0
129	1	4	20.00	5
130	0	0		0
131	1	1	50.00	2
132	0	2	0.00	2
133	0	1	0.00	1
134	0	1	0.00	1
135	1	1	50.00	2
136	0	1	0.00	1
137	0	5	0.00	5
138	0	1	0.00	1
139	0	0		0
140	0	0		0
141	0	1	0.00	1
142	1	1	50.00	2
143	0	1	0.00	1
144	0	0		0
145	0	0		0
146	1	0	100.00	1
147	0	0		0
148	1	0	100.00	1
149	0	2	0.00	2

CHG context (R1)
================
position	count methylated	count unmethylated	% methylation	coverage
1	0	27	0.00	27
2	0	19	0.00	19
3	0	6	0.00	6
4	0	127	0.00	127
5	1	184	0.54	185
6	3	244	1.21	247
7	1	270	0.37	271
8	1	209	0.48	210
9	1	254	0.39	255
10	1	235	0.42	236
11	1	225	0.44	226
12	0	205	0.00	205
13	1	218	0.46	219
14	0	194	0.00	194
15	0	243	0.00	243
16	0	228	0.00	228
17	1	228	0.44	229
18	3	254	1.17	257
19	0	223	0.00	223
20	1	170	0.58	171
21	3	229	1.29	232
22	0	262	0.00	262
23	1	191	0.52	192
24	0	198	0.00	198
25	1	216	0.46	217
26	3	207	1.43	210
27	0	222	0.00	222
28	0	261	0.00	261
29	2	183	1.08	185
30	0	182	0.00	182
31	1	253	0.39	254
32	0	191	0.00	191
33	0	240	0.00	240
34	1	239	0.42	240
35	0	210	0.00	210
36	0	236	0.00	236
37	1	200	0.50	201
38	0	185	0.00	185
39	0	235	0.00	235
40	1	221	0.45	222
41	1	273	0.36	274
42	0	203	0.00	203
43	3	200	1.48	203
44	0	202	0.00	202
45	1	204	0.49	205
46	0	238	0.00	238
47	0	179	0.00	179
48	0	208	0.00	208
49	0	204	0.00	204
50	1	214	0.47	215
51	2	194	1.02	196
52	0	195	0.00	195
53	1	209	0.48	210
54	0	213	0.00	213
55	1	187	0.53	188
56	1	212	0.47	213
57	0	213	0.00	213
58	0	206	0.00	206
59	0	172	0.00	172
60	0	152	0.00	152
61	0	207	0.00	207
62	1	164	0.61	165
63	0	226	0.00	226
64	0	208	0.00	208
65	0	199	0.00	199
66	0	176	0.00	176
67	0	153	0.00	153
68	0	186	0.00	186
69	0	198	0.00	198
70	2	198	1.00	200
71	1	149	0.67	150
72	1	159	0.62	160
73	0	180	0.00	180
74	0	142	0.00	142
75	0	161	0.00	161
76	1	169	0.59	170
77	0	151	0.00	151
78	0	168	0.00	168
79	0	153	0.00	153
80	1	137	0.72	138
81	0	173	0.00	173
82	0	107	0.00	107
83	2	136	1.45	138
84	1	150	0.66	151
85	0	108	0.00	108
86	1	171	0.58	172
87	1	116	0.85	117
88	0	153	0.00	153
89	0	138	0.00	138
90	0	115	0.00	115
91	1	135	0.74	136
92	0	83	0.00	83
93	0	70	0.00	70
94	2	91	2.15	93
95	0	84	0.00	84
96	0	150	0.00	150
97	0	122	0.00	122
98	0	82	0.00	82
99	0	50	0.00	50
100	0	5	0.00	5
101	0	5	0.00	5
102	0	3	0.00	3
103	0	2	0.00	2
104	0	5	0.00	5
105	0	3	0.00	3
106	0	7	0.00	7
107	0	3	0.00	3
108	0	1	0.00	1
109	0	1	0.00	1
110	0	5	0.00	5
111	0	2	0.00	2
112	0	3	0.00	3
113	0	1	0.00	1
114	0	0		0
115	0	2	0.00	2
116	0	1	0.00	1
117	0	3	0.00	3
118	0	0		0
119	0	2	0.00	2
120	0	0		0
121	0	1	0.00	1
122	0	5	0.00	5
123	0	1	0.00	1
124	0	5	0.00	5
125	0	1	0.00	1
126	0	0		0
127	0	1	0.00	1
128	0	2	0.00	2
129	0	0		0
130	0	2	0.00	2
131	0	2	0.00	2
132	0	1	0.00	1
133	0	1	0.00	1
134	0	3	0.00	3
135	0	0		0
136	0	2	0.00	2
137	0	0		0
138	0	0		0
139	0	2	0.00	2
140	0	0		0
141	0	0		0
142	0	0		0
143	0	1	0.00	1
144	0	0		0
145	0	1	0.00	1
146	0	0		0
147	0	1	0.00	1
148	0	2	0.00	2
149	0	1	0.00	1

CHH context (R1)
================
position	count methylated	count unmethylated	% methylation	coverage
1	0	35	0.00	35
2	0	27	0.00	27
3	0	22	0.00	22
4	1	326	0.31	327
5	0	426	0.00	426
6	1	450	0.22	451
7	0	413	0.00	413
8	0	342	0.00	342
9	2	320	0.62	322
10	1	312	0.32	313
11	0	319	0.00	319
12	0	319	0.00	319
13	1	363	0.27	364
14	1	358	0.28	359
15	0	364	0.00	364
16	1	359	0.28	360
17	0	306	0.00	306
18	2	307	0.65	309
19	0	324	0.00	324
20	3	326	0.91	329
21	1	329	0.30	330
22	1	315	0.32	316
23	1	348	0.29	349
24	2	369	0.54	371
25	6	376	1.57	382
26	1	373	0.27	374
27	0	384	0.00	384
28	1	358	0.28	359
29	2	346	0.57	348
30	1	388	0.26	389
31	0	348	0.00	348
32	2	386	0.52	388
33	1	323	0.31	324
34	1	318	0.31	319
35	5	298	1.65	303
36	3	392	0.76	395
37	2	347	0.57	349
38	3	362	0.82	365
39	0	349	0.00	349
40	3	325	0.91	328
41	1	308	0.32	309
42	1	347	0.29	348
43	1	329	0.30	330
44	1	338	0.29	339
45	1	340	0.29	341
46	1	341	0.29	342
47	0	324	0.00	324
48	0	339	0.00	339
49	1	390	0.26	391
50	0	345	0.00	345
51	1	378	0.26	379
52	1	369	0.27	370
53	1	356	0.28	357
54	1	301	0.33	302
55	1	321	0.31	322
56	1	300	0.33	301
57	2	300	0.66	302
58	0	290	0.00	290
59	1	306	0.33	307
60	4	315	1.25	319
61	2	307	0.65	309
62	3	337	0.88	340
63	0	283	0.00	283
64	0	320	0.00	320
65	3	291	1.02	294
66	1	261	0.38	262
67	0	336	0.00	336
68	2	358	0.56	360
69	0	323	0.00	323
70	0	254	0.00	254
71	1	271	0.37	272
72	1	254	0.39	255
73	0	284	0.00	284
74	0	242	0.00	242
75	0	278	0.00	278
76	0	284	0.00	284
77	1	265	0.38	266
78	1	269	0.37	270
79	1	227	0.44	228
80	0	269	0.00	269
81	0	235	0.00	235
82	0	261	0.00	261
83	0	257	0.00	257
84	2	239	0.83	241
85	0	277	0.00	277
86	0	277	0.00	277
87	0	210	0.00	210
88	1	283	0.35	284
89	2	231	0.86	233
90	2	174	1.14	176
91	0	137	0.00	137
92	0	167	0.00	167
93	0	168	0.00	168
94	0	155	0.00	155
95	0	211	0.00	211
96	1	170	0.58	171
97	2	150	1.32	152
98	0	154	0.00	154
99	0	60	0.00	60
100	1	9	10.00	10
101	0	6	0.00	6
102	0	3	0.00	3
103	0	6	0.00	6
104	0	10	0.00	10
105	0	10	0.00	10
106	0	5	0.00	5
107	0	5	0.00	5
108	0	3	0.00	3
109	0	10	0.00	10
110	0	4	0.00	4
111	0	5	0.00	5
112	0	2	0.00	2
113	0	2	0.00	2
114	0	3	0.00	3
115	0	3	0.00	3
116	0	6	0.00	6
117	0	3	0.00	3
118	0	4	0.00	4
119	0	0		0
120	0	3	0.00	3
121	0	6	0.00	6
122	0	3	0.00	3
123	0	3	0.00	3
124	0	2	0.00	2
125	0	2	0.00	2
126	0	1	0.00	1
127	0	3	0.00	3
128	0	2	0.00	2
129	0	2	0.00	2
130	0	2	0.00	2
131	0	4	0.00	4
132	0	2	0.00	2
133	0	2	0.00	2
134	0	0		0
135	0	1	0.00	1
136	0	0		0
137	0	0		0
138	0	0		0
139	0	0		0
140	0	0		0
141	0	0		0
142	0	0		0
143	0	0		0
144	0	0		0
145	0	1	0.00	1
146	0	1	0.00	1
147	0	1	0.00	1
148	0	0		0
149	0	0		0

CpG context (R2)
================
position	count methylated	count unmethylated	% methylation	coverage
1	0	23	0.00	23
2	1	26	3.70	27
3	2	66	2.94	68
4	1	87	1.14	88
5	4	99	3.88	103
6	9	71	11.25	80
7	5	144	3.36	149
8	1	79	1.25	80
9	4	67	5.63	71
10	3	82	3.53	85
11	1	57	1.72	58
12	3	65	4.41	68
13	3	75	3.85	78
14	0	40	0.00	40
15	2	58	3.33	60
16	0	62	0.00	62
17	1	45	2.17	46
18	2	44	4.35	46
19	2	41	4.65	43
20	0	35	0.00	35
21	0	25	0.00	25
22	3	41	6.82	44
23	3	40	6.98	43
24	2	45	4.26	47
25	0	16	0.00	16
26	0	29	0.00	29
27	4	33	10.81	37
28	1	28	3.45	29
29	1	35	2.78	36
30	0	23	0.00	23
31	2	26	7.14	28
32	0	22	0.00	22
33	0	13	0.00	13
34	1	22	4.35	23
35	0	13	0.00	13
36	0	12	0.00	12
37	0	22	0.00	22
38	0	19	0.00	19
39	0	9	0.00	9
40	0	14	0.00	14
41	0	9	0.00	9
42	1	12	7.69	13
43	1	11	8.33	12
44	1	13	7.14	14
45	0	5	0.00	5
46	2	12	14.29	14
47	0	4	0.00	4
48	0	3	0.00	3
49	0	5	0.00	5
50	0	3	0.00	3
51	0	6	0.00	6
52	1	7	12.50	8
53	0	1	0.00	1
54	0	5	0.00	5
55	0	3	0.00	3
56	0	4	0.00	4
57	0	0		0
58	0	4	0.00	4
59	0	0		0
60	0	0		0
61	0	3	0.00	3
62	0	0		0
63	0	1	0.00	1
64	0	1	0.00	1
65	0	1	0.00	1
66	0	1	0.00	1
67	0	0		0
68	0	1	0.00	1
69	0	1	0.00	1
70	0	0		0
71	0	2	0.00	2
72	0	0		0
73	0	0		0
74	0	0		0
75	0	1	0.00	1
76	0	0		0
77	0	1	0.00	1
78	0	0		0
79	0	0		0
80	0	0		0
81	0	1	0.00	1
82	0	0		0
83	0	1	0.00	1
84	0	0		0
85	0	1	0.00	1
86	0	0		0
87	0	1	0.00	1
88	0	0		0
89	0	0		0
90	0	0		0
91	0	0		0
92	0	0		0
93	0	0		0
94	0	0		0
95	0	0		0
96	0	0		0
97	0	0		0

CHG context (R2)
================
position	count methylated	count unmethylated	% methylation	coverage
1	10	2107	0.47	2117
2	0	25	0.00	25
3	0	7	0.00	7
4	0	47	0.00	47
5	0	75	0.00	75
6	2	63	3.08	65
7	0	66	0.00	66
8	0	94	0.00	94
9	0	70	0.00	70
10	0	62	0.00	62
11	1	70	1.41	71
12	0	32	0.00	32
13	0	43	0.00	43
14	0	50	0.00	50
15	0	45	0.00	45
16	0	30	0.00	30
17	0	56	0.00	56
18	0	62	0.00	62
19	0	44	0.00	44
20	0	53	0.00	53
21	0	33	0.00	33
22	1	44	2.22	45
23	0	18	0.00	18
24	0	14	0.00	14
25	0	36	0.00	36
26	0	10	0.00	10
27	0	16	0.00	16
28	0	16	0.00	16
29	0	20	0.00	20
30	0	23	0.00	23
31	1	21	4.55	22
32	0	23	0.00	23
33	0	17	0.00	17
34	0	20	0.00	20
35	0	28	0.00	28
36	0	14	0.00	14
37	0	15	0.00	15
38	0	7	0.00	7
39	0	8	0.00	8
40	0	12	0.00	12
41	0	14	0.00	14
42	0	6	0.00	6
43	0	8	0.00	8
44	0	5	0.00	5
45	0	11	0.00	11
46	0	2	0.00	2
47	0	10	0.00	10
48	0	9	0.00	9
49	0	7	0.00	7
50	0	9	0.00	9
51	0	2	0.00	2
52	0	9	0.00	9
53	0	4	0.00	4
54	0	1	0.00	1
55	0	4	0.00	4
56	1	6	14.29	7
57	0	0		0
58	0	0		0
59	0	2	0.00	2
60	0	1	0.00	1
61	0	2	0.00	2
62	0	1	0.00	1
63	0	3	0.00	3
64	1	1	50.00	2
65	0	0		0
66	0	2	0.00	2
67	0	1	0.00	1
68	0	1	0.00	1
69	0	0		0
70	0	2	0.00	2
71	0	0		0
72	0	0		0
73	0	1	0.00	1
74	0	1	0.00	1
75	0	0		0
76	0	0		0
77	0	1	0.00	1
78	0	1	0.00	1
79	0	0		0
80	0	0		0
81	0	0		0
82	0	0		0
83	0	0		0
84	0	1	0.00	1
85	0	0		0
86	0	0		0
87	0	0		0
88	0	1	0.00	1
89	0	0		0
90	0	0		0
91	0	0		0
92	0	0		0
93	0	0		0
94	0	0		0
95	0	0		0
96	0	0		0
97	0	1	0.00	1

CHH context (R2)
================
position	count methylated	count unmethylated	% methylation	coverage
1	0	18	0.00	18
2	1	919	0.11	920
3	0	246	0.00	246
4	0	157	0.00	157
5	0	122	0.00	122
6	0	83	0.00	83
7	0	87	0.00	87
8	0	106	0.00	106
9	0	111	0.00	111
10	1	121	0.82	122
11	0	88	0.00	88
12	0	87	0.00	87
13	1	69	1.43	70
14	0	84	0.00	84
15	0	87	0.00	87
16	0	67	0.00	67
17	0	73	0.00	73
18	0	57	0.00	57
19	0	66	0.00	66
20	0	56	0.00	56
21	0	52	0.00	52
22	0	44	0.00	44
23	0	51	0.00	51
24	0	50	0.00	50
25	0	55	0.00	55
26	0	30	0.00	30
27	0	35	0.00	35
28	0	28	0.00	28
29	0	39	0.00	39
30	0	23	0.00	23
31	0	28	0.00	28
32	0	32	0.00	32
33	0	16	0.00	16
34	0	24	0.00	24
35	0	25	0.00	25
36	0	24	0.00	24
37	0	18	0.00	18
38	0	17	0.00	17
39	0	6	0.00	6
40	0	11	0.00	11
41	0	12	0.00	12
42	0	13	0.00	13
43	0	11	0.00	11
44	0	23	0.00	23
45	0	6	0.00	6
46	0	16	0.00	16
47	0	15	0.00	15
48	0	6	0.00	6
49	0	14	0.00	14
50	0	3	0.00	3
51	0	12	0.00	12
52	1	12	7.69	13
53	0	11	0.00	11
54	0	7	0.00	7
55	0	9	0.00	9
56	0	10	0.00	10
57	0	5	0.00	5
58	0	5	0.00	5
59	0	1	0.00	1
60	0	0		0
61	0	0		0
62	0	1	0.00	1
63	0	1	0.00	1
64	0	0		0
65	0	1	0.00	1
66	0	0		0
67	0	0		0
68	0	2	0.00	2
69	0	1	0.00	1
70	0	0		0
71	0	1	0.00	1
72	0	0		0
73	0	1	0.00	1
74	0	1	0.00	1
75	0	0		0
76	0	0		0
77	0	0		0
78	0	1	0.00	1
79	0	2	0.00	2
80	0	0		0
81	0	0		0
82	0	0		0
83	0	0		0
84	0	0		0
85	0	1	0.00	1
86	0	0		0
87	0	0		0
88	0	0		0
89	0	0		0
90	0	0		0
91	0	0		0
92	0	0		0
93	0	0		0
94	0	0		0
95	0	0		0
96	0	0		0
97	0	0		0

