CpG context (R1)
================
position	count methylated	count unmethylated	% methylation	coverage
1	206	2177	8.64	2383
2	0	9	0.00	9
3	1	14	6.67	15
4	11	172	6.01	183
5	14	195	6.70	209
6	6	245	2.39	251
7	2	230	0.86	232
8	11	296	3.58	307
9	19	245	7.20	264
10	12	260	4.41	272
11	19	263	6.74	282
12	17	273	5.86	290
13	18	275	6.14	293
14	11	260	4.06	271
15	11	254	4.15	265
16	13	293	4.25	306
17	5	228	2.15	233
18	12	266	4.32	278
19	15	310	4.62	325
20	9	225	3.85	234
21	7	213	3.18	220
22	11	299	3.55	310
23	8	253	3.07	261
24	14	255	5.20	269
25	8	291	2.68	299
26	10	281	3.44	291
27	7	267	2.55	274
28	21	251	7.72	272
29	11	254	4.15	265
30	11	256	4.12	267
31	9	275	3.17	284
32	10	286	3.38	296
33	8	215	3.59	223
34	13	273	4.55	286
35	8	256	3.03	264
36	10	235	4.08	245
37	10	273	3.53	283
38	14	244	5.43	258
39	15	226	6.22	241
40	11	265	3.99	276
41	14	248	5.34	262
42	14	288	4.64	302
43	15	232	6.07	247
44	14	233	5.67	247
45	18	284	5.96	302
46	9	243	3.57	252
47	8	285	2.73	293
48	14	267	4.98	281
49	13	238	5.18	251
50	8	249	3.11	257
51	7	233	2.92	240
52	8	258	3.01	266
53	11	226	4.64	237
54	12	242	4.72	254
55	14	275	4.84	289
56	13	240	5.14	253
57	16	231	6.48	247
58	6	266	2.21	272
59	7	261	2.61	268
60	9	236	3.67	245
61	12	237	4.82	249
62	14	219	6.01	233
63	15	205	6.82	220
64	9	215	4.02	224
65	15	228	6.17	243
66	4	268	1.47	272
67	8	206	3.74	214
68	8	189	4.06	197
69	8	196	3.92	204
70	8	219	3.52	227
71	13	264	4.69	277
72	9	233	3.72	242
73	6	217	2.69	223
74	10	183	5.18	193
75	12	150	7.41	162
76	13	182	6.67	195
77	18	199	8.29	217
78	9	192	4.48	201
79	9	199	4.33	208
80	7	171	3.93	178
81	6	161	3.59	167
82	7	200	3.38	207
83	4	141	2.76	145
84	6	171	3.39	177
85	9	175	4.89	184
86	13	157	7.65	170
87	5	161	3.01	166
88	2	118	1.67	120
89	9	123	6.82	132
90	5	121	3.97	126
91	11	136	7.48	147
92	7	147	4.55	154
93	12	132	8.33	144
94	7	119	5.56	126
95	5	115	4.17	120
96	3	97	3.00	100
97	4	115	3.36	119
98	7	97	6.73	104
99	2	47	4.08	49
100	0	13	0.00	13
101	1	3	25.00	4
102	0	6	0.00	6
103	1	4	20.00	5
104	0	5	0.00	5
105	0	4	0.00	4
106	2	4	33.33	6
107	0	2	0.00	2
108	0	8	0.00	8
109	1	10	9.09	11
110	0	5	0.00	5
111	0	4	0.00	4
112	0	2	0.00	2
113	1	3	25.00	4
114	1	5	16.67	6
115	0	0		0
116	0	1	0.00	1
117	0	7	0.00	7
118	0	2	0.00	2
119	0	2	0.00	2
120	1	1	50.00	2
121	0	3	0.00	3
122	0	1	0.00	1
123	0	1	0.00	1
124	0	0		0
125	0	3	0.00	3
126	2	2	50.00	4
127	0	1	0.00	1
128	0	2	0.00	2
129	0	1	0.00	1
130	0	0		0
131	0	1	0.00	1
132	0	1	0.00	1
133	0	2	0.00	2
134	0	1	0.00	1
135	1	1	50.00	2
136	0	2	0.00	2
137	0	0		0
138	0	3	0.00	3
139	0	1	0.00	1
140	0	1	0.00	1
141	0	2	0.00	2
142	0	2	0.00	2
143	0	0		0
144	0	2	0.00	2
145	0	1	0.00	1
146	0	1	0.00	1
147	0	1	0.00	1
148	0	1	0.00	1
149	0	2	0.00	2

CHG context (R1)
================
position	count methylated	count unmethylated	% methylation	coverage
1	1	8	11.11	9
2	1	19	5.00	20
3	0	14	0.00	14
4	0	125	0.00	125
5	0	206	0.00	206
6	0	249	0.00	249
7	1	259	0.38	260
8	1	213	0.47	214
9	1	235	0.42	236
10	1	224	0.44	225
11	0	234	0.00	234
12	1	202	0.49	203
13	0	178	0.00	178
14	0	193	0.00	193
15	2	253	0.78	255
16	0	211	0.00	211
17	0	231	0.00	231
18	0	270	0.00	270
19	1	176	0.56	177
20	1	184	0.54	185
21	0	240	0.00	240
22	0	223	0.00	223
23	0	221	0.00	221
24	0	188	0.00	188
25	1	231	0.43	232
26	1	207	0.48	208
27	0	241	0.00	241
28	1	250	0.40	251
29	0	188	0.00	188
30	0	197	0.00	197
31	0	234	0.00	234
32	1	181	0.55	182
33	1	253	0.39	254
34	2	227	0.87	229
35	0	213	0.00	213
36	0	199	0.00	199
37	1	208	0.48	209
38	0	198	0.00	198
39	1	230	0.43	231
40	1	197	0.51	198
41	0	267	0.00	267
42	0	213	0.00	213
43	2	211	0.94	213
44	0	247	0.00	247
45	1	227	0.44	228
46	1	231	0.43	232
47	1	159	0.62	160
48	0	208	0.00	208
49	1	208	0.48	209
50	4	164	2.38	168
51	1	238	0.42	239
52	2	220	0.90	222
53	2	194	1.02	196
54	0	202	0.00	202
55	1	168	0.59	169
56	1	222	0.45	223
57	2	212	0.93	214
58	0	188	0.00	188
59	2	172	1.15	174
60	2	162	1.22	164
61	0	181	0.00	181
62	0	182	0.00	182
63	0	192	0.00	192
64	1	181	0.55	182
65	0	192	0.00	192
66	0	186	0.00	186
67	0	201	0.00	201
68	0	189	0.00	189
69	1	182	0.55	183
70	2	227	0.87	229
71	0	151	0.00	151
72	1	160	0.62	161
73	0	155	0.00	155
74	0	154	0.00	154
75	0	146	0.00	146
76	2	185	1.07	187
77	0	186	0.00	186
78	0	144	0.00	144
79	0	150	0.00	150
80	4	156	2.50	160
81	1	173	0.57	174
82	1	127	0.78	128
83	0	123	0.00	123
84	0	141	0.00	141
85	0	109	0.00	109
86	0	159	0.00	159
87	1	110	0.90	111
88	0	136	0.00	136
89	0	105	0.00	105
90	0	112	0.00	112
91	0	134	0.00	134
92	0	82	0.00	82
93	0	89	0.00	89
94	0	107	0.00	107
95	0	96	0.00	96
96	0	94	0.00	94
97	1	133	0.75	134
98	0	84	0.00	84
99	0	44	0.00	44
100	0	5	0.00	5
101	0	9	0.00	9
102	0	8	0.00	8
103	0	3	0.00	3
104	0	11	0.00	11
105	0	2	0.00	2
106	0	9	0.00	9
107	0	5	0.00	5
108	0	7	0.00	7
109	0	1	0.00	1
110	0	1	0.00	1
111	0	0		0
112	0	4	0.00	4
113	0	2	0.00	2
114	0	2	0.00	2
115	0	2	0.00	2
116	0	3	0.00	3
117	0	1	0.00	1
118	0	3	0.00	3
119	0	2	0.00	2
120	0	3	0.00	3
121	0	1	0.00	1
122	0	1	0.00	1
123	0	1	0.00	1
124	0	1	0.00	1
125	0	2	0.00	2
126	0	2	0.00	2
127	0	2	0.00	2
128	0	1	0.00	1
129	0	0		0
130	0	3	0.00	3
131	0	1	0.00	1
132	0	2	0.00	2
133	0	3	0.00	3
134	0	0		0
135	0	1	0.00	1
136	0	0		0
137	0	0		0
138	0	0		0
139	0	1	0.00	1
140	0	0		0
141	0	3	0.00	3
142	0	1	0.00	1
143	0	0		0
144	0	0		0
145	0	0		0
146	0	1	0.00	1
147	0	0		0
148	0	3	0.00	3
149	0	0		0

CHH context (R1)
================
position	count methylated	count unmethylated	% methylation	coverage
1	0	26	0.00	26
2	0	32	0.00	32
3	0	16	0.00	16
4	3	338	0.88	341
5	2	392	0.51	394
6	1	444	0.22	445
7	0	360	0.00	360
8	0	325	0.00	325
9	1	326	0.31	327
10	0	331	0.00	331
11	3	308	0.96	311
12	1	322	0.31	323
13	1	394	0.25	395
14	3	413	0.72	416
15	1	356	0.28	357
16	0	330	0.00	330
17	0	312	0.00	312
18	1	279	0.36	280
19	0	336	0.00	336
20	2	367	0.54	369
21	1	350	0.28	351
22	0	353	0.00	353
23	0	322	0.00	322
24	0	365	0.00	365
25	1	385	0.26	386
26	2	381	0.52	383
27	0	387	0.00	387
28	2	384	0.52	386
29	1	315	0.32	316
30	0	372	0.00	372
31	1	339	0.29	340
32	0	376	0.00	376
33	1	331	0.30	332
34	2	311	0.64	313
35	0	289	0.00	289
36	1	376	0.27	377
37	0	361	0.00	361
38	2	374	0.53	376
39	3	334	0.89	337
40	1	332	0.30	333
41	4	328	1.20	332
42	1	315	0.32	316
43	1	309	0.32	310
44	2	344	0.58	346
45	2	305	0.65	307
46	2	304	0.65	306
47	1	327	0.30	328
48	0	299	0.00	299
49	1	367	0.27	368
50	0	394	0.00	394
51	0	405	0.00	405
52	2	370	0.54	372
53	2	329	0.60	331
54	0	308	0.00	308
55	1	305	0.33	306
56	1	284	0.35	285
57	1	278	0.36	279
58	3	274	1.08	277
59	1	324	0.31	325
60	1	327	0.30	328
61	1	336	0.30	337
62	0	339	0.00	339
63	2	297	0.67	299
64	0	352	0.00	352
65	0	321	0.00	321
66	0	304	0.00	304
67	2	304	0.65	306
68	1	339	0.29	340
69	0	326	0.00	326
70	2	256	0.78	258
71	0	282	0.00	282
72	0	257	0.00	257
73	0	284	0.00	284
74	2	258	0.77	260
75	0	283	0.00	283
76	1	304	0.33	305
77	1	280	0.36	281
78	0	230	0.00	230
79	1	266	0.37	267
80	1	321	0.31	322
81	1	250	0.40	251
82	1	271	0.37	272
83	1	241	0.41	242
84	0	248	0.00	248
85	0	270	0.00	270
86	2	258	0.77	260
87	1	231	0.43	232
88	0	255	0.00	255
89	2	211	0.94	213
90	0	215	0.00	215
91	0	164	0.00	164
92	0	222	0.00	222
93	0	176	0.00	176
94	0	158	0.00	158
95	1	197	0.51	198
96	0	160	0.00	160
97	0	160	0.00	160
98	0	147	0.00	147
99	0	64	0.00	64
100	0	7	0.00	7
101	0	8	0.00	8
102	0	8	0.00	8
103	0	8	0.00	8
104	0	7	0.00	7
105	0	10	0.00	10
106	0	9	0.00	9
107	0	4	0.00	4
108	0	4	0.00	4
109	0	1	0.00	1
110	0	7	0.00	7
111	0	7	0.00	7
112	0	4	0.00	4
113	0	4	0.00	4
114	0	3	0.00	3
115	0	3	0.00	3
116	0	3	0.00	3
117	0	5	0.00	5
118	0	5	0.00	5
119	0	7	0.00	7
120	0	2	0.00	2
121	0	3	0.00	3
122	0	1	0.00	1
123	0	3	0.00	3
124	0	3	0.00	3
125	0	2	0.00	2
126	0	1	0.00	1
127	0	1	0.00	1
128	0	3	0.00	3
129	0	2	0.00	2
130	0	0		0
131	0	1	0.00	1
132	0	3	0.00	3
133	0	0		0
134	0	0		0
135	0	0		0
136	0	0		0
137	0	1	0.00	1
138	0	1	0.00	1
139	0	0		0
140	0	2	0.00	2
141	0	0		0
142	0	1	0.00	1
143	0	1	0.00	1
144	0	0		0
145	0	0		0
146	0	0		0
147	0	1	0.00	1
148	0	1	0.00	1
149	0	0		0

CpG context (R2)
================
position	count methylated	count unmethylated	% methylation	coverage
1	1	22	4.35	23
2	0	14	0.00	14
3	4	72	5.26	76
4	6	76	7.32	82
5	4	97	3.96	101
6	2	85	2.30	87
7	4	137	2.84	141
8	1	85	1.16	86
9	7	81	7.95	88
10	7	72	8.86	79
11	3	61	4.69	64
12	4	62	6.06	66
13	7	72	8.86	79
14	3	57	5.00	60
15	1	54	1.82	55
16	1	53	1.85	54
17	3	39	7.14	42
18	3	53	5.36	56
19	1	36	2.70	37
20	1	45	2.17	46
21	4	35	10.26	39
22	1	36	2.70	37
23	3	50	5.66	53
24	7	62	10.14	69
25	0	34	0.00	34
26	3	27	10.00	30
27	1	29	3.33	30
28	0	26	0.00	26
29	0	45	0.00	45
30	2	24	7.69	26
31	1	28	3.45	29
32	0	32	0.00	32
33	2	12	14.29	14
34	1	24	4.00	25
35	0	13	0.00	13
36	0	20	0.00	20
37	1	22	4.35	23
38	0	25	0.00	25
39	1	15	6.25	16
40	1	10	9.09	11
41	0	8	0.00	8
42	0	17	0.00	17
43	0	10	0.00	10
44	1	24	4.00	25
45	0	4	0.00	4
46	1	7	12.50	8
47	0	4	0.00	4
48	0	11	0.00	11
49	0	4	0.00	4
50	0	6	0.00	6
51	0	3	0.00	3
52	1	10	9.09	11
53	0	4	0.00	4
54	0	5	0.00	5
55	0	5	0.00	5
56	1	4	20.00	5
57	0	3	0.00	3
58	0	10	0.00	10
59	1	2	33.33	3
60	0	1	0.00	1
61	0	6	0.00	6
62	0	1	0.00	1
63	1	1	50.00	2
64	0	2	0.00	2
65	1	1	50.00	2
66	0	1	0.00	1
67	0	1	0.00	1
68	0	1	0.00	1
69	0	1	0.00	1
70	0	0		0
71	0	6	0.00	6
72	0	0		0
73	0	1	0.00	1
74	0	1	0.00	1
75	0	4	0.00	4
76	0	0		0
77	0	4	0.00	4
78	0	0		0
79	0	0		0
80	0	1	0.00	1
81	0	1	0.00	1
82	0	0		0
83	0	0		0
84	0	0		0
85	0	1	0.00	1
86	1	0	100.00	1
87	0	0		0
88	0	0		0
89	0	0		0
90	0	1	0.00	1
91	0	0		0
92	0	0		0
93	0	0		0
94	0	0		0
95	0	0		0
96	0	0		0
97	0	0		0

CHG context (R2)
================
position	count methylated	count unmethylated	% methylation	coverage
1	10	2145	0.46	2155
2	0	29	0.00	29
3	0	3	0.00	3
4	0	39	0.00	39
5	0	60	0.00	60
6	1	69	1.43	70
7	1	77	1.28	78
8	1	102	0.97	103
9	0	75	0.00	75
10	0	59	0.00	59
11	0	61	0.00	61
12	0	33	0.00	33
13	0	49	0.00	49
14	0	44	0.00	44
15	0	50	0.00	50
16	0	41	0.00	41
17	0	64	0.00	64
18	0	51	0.00	51
19	0	51	0.00	51
20	0	58	0.00	58
21	1	49	2.00	50
22	0	48	0.00	48
23	0	27	0.00	27
24	0	30	0.00	30
25	0	36	0.00	36
26	0	26	0.00	26
27	0	13	0.00	13
28	0	19	0.00	19
29	0	19	0.00	19
30	0	28	0.00	28
31	0	24	0.00	24
32	0	17	0.00	17
33	0	19	0.00	19
34	0	23	0.00	23
35	0	35	0.00	35
36	0	18	0.00	18
37	0	11	0.00	11
38	0	10	0.00	10
39	0	19	0.00	19
40	1	18	5.26	19
41	0	18	0.00	18
42	0	8	0.00	8
43	0	9	0.00	9
44	0	7	0.00	7
45	0	12	0.00	12
46	0	2	0.00	2
47	0	11	0.00	11
48	0	8	0.00	8
49	0	7	0.00	7
50	0	13	0.00	13
51	0	7	0.00	7
52	0	12	0.00	12
53	0	5	0.00	5
54	0	1	0.00	1
55	0	5	0.00	5
56	1	8	11.11	9
57	0	1	0.00	1
58	0	1	0.00	1
59	0	0		0
60	0	4	0.00	4
61	0	0		0
62	0	1	0.00	1
63	0	4	0.00	4
64	0	2	0.00	2
65	0	0		0
66	0	2	0.00	2
67	0	0		0
68	0	4	0.00	4
69	0	0		0
70	0	1	0.00	1
71	0	1	0.00	1
72	0	0		0
73	0	1	0.00	1
74	0	1	0.00	1
75	0	0		0
76	0	0		0
77	0	0		0
78	0	1	0.00	1
79	0	0		0
80	0	0		0
81	0	0		0
82	0	0		0
83	0	1	0.00	1
84	0	0		0
85	0	0		0
86	0	0		0
87	0	1	0.00	1
88	0	1	0.00	1
89	0	0		0
90	0	0		0
91	0	0		0
92	0	0		0
93	0	0		0
94	0	0		0
95	0	0		0
96	0	0		0
97	0	1	0.00	1

CHH context (R2)
================
position	count methylated	count unmethylated	% methylation	coverage
1	0	14	0.00	14
2	1	940	0.11	941
3	3	275	1.08	278
4	0	204	0.00	204
5	0	150	0.00	150
6	0	114	0.00	114
7	1	91	1.09	92
8	3	126	2.33	129
9	2	144	1.37	146
10	0	145	0.00	145
11	0	93	0.00	93
12	1	76	1.30	77
13	1	65	1.52	66
14	0	79	0.00	79
15	0	74	0.00	74
16	0	69	0.00	69
17	0	63	0.00	63
18	1	67	1.47	68
19	0	71	0.00	71
20	0	54	0.00	54
21	0	44	0.00	44
22	0	44	0.00	44
23	0	53	0.00	53
24	0	51	0.00	51
25	0	47	0.00	47
26	0	39	0.00	39
27	0	38	0.00	38
28	1	33	2.94	34
29	0	44	0.00	44
30	0	40	0.00	40
31	0	42	0.00	42
32	0	35	0.00	35
33	1	16	5.88	17
34	0	25	0.00	25
35	0	35	0.00	35
36	0	31	0.00	31
37	0	20	0.00	20
38	0	22	0.00	22
39	0	11	0.00	11
40	0	20	0.00	20
41	0	11	0.00	11
42	0	23	0.00	23
43	0	17	0.00	17
44	0	26	0.00	26
45	0	22	0.00	22
46	0	22	0.00	22
47	0	20	0.00	20
48	0	8	0.00	8
49	0	10	0.00	10
50	0	7	0.00	7
51	0	15	0.00	15
52	1	11	8.33	12
53	0	12	0.00	12
54	0	11	0.00	11
55	0	14	0.00	14
56	0	10	0.00	10
57	0	8	0.00	8
58	0	5	0.00	5
59	0	1	0.00	1
60	0	0		0
61	0	0		0
62	0	1	0.00	1
63	0	1	0.00	1
64	0	0		0
65	0	1	0.00	1
66	0	0		0
67	0	1	0.00	1
68	0	3	0.00	3
69	0	6	0.00	6
70	0	0		0
71	0	0		0
72	0	0		0
73	0	0		0
74	0	1	0.00	1
75	0	0		0
76	0	0		0
77	0	0		0
78	0	0		0
79	0	1	0.00	1
80	0	0		0
81	0	0		0
82	0	0		0
83	0	0		0
84	0	0		0
85	0	0		0
86	0	0		0
87	0	0		0
88	0	0		0
89	0	0		0
90	0	0		0
91	0	0		0
92	0	1	0.00	1
93	0	1	0.00	1
94	0	1	0.00	1
95	0	0		0
96	0	0		0
97	0	0		0

