CpG context (R1)
================
position	count methylated	count unmethylated	% methylation	coverage
1	193	2192	8.09	2385
2	0	15	0.00	15
3	2	16	11.11	18
4	10	188	5.05	198
5	4	172	2.27	176
6	15	278	5.12	293
7	10	205	4.65	215
8	18	262	6.43	280
9	12	231	4.94	243
10	20	280	6.67	300
11	8	254	3.05	262
12	25	287	8.01	312
13	11	291	3.64	302
14	9	236	3.67	245
15	11	224	4.68	235
16	13	286	4.35	299
17	6	238	2.46	244
18	9	245	3.54	254
19	10	316	3.07	326
20	11	243	4.33	254
21	8	233	3.32	241
22	16	293	5.18	309
23	12	231	4.94	243
24	14	231	5.71	245
25	22	279	7.31	301
26	11	275	3.85	286
27	14	266	5.00	280
28	20	265	7.02	285
29	6	279	2.11	285
30	12	268	4.29	280
31	15	263	5.40	278
32	17	292	5.50	309
33	14	238	5.56	252
34	9	246	3.53	255
35	15	262	5.42	277
36	14	209	6.28	223
37	11	258	4.09	269
38	19	243	7.25	262
39	12	247	4.63	259
40	10	254	3.79	264
41	19	240	7.34	259
42	13	276	4.50	289
43	17	234	6.77	251
44	13	240	5.14	253
45	15	264	5.38	279
46	17	240	6.61	257
47	20	273	6.83	293
48	15	247	5.73	262
49	16	238	6.30	254
50	9	233	3.72	242
51	10	208	4.59	218
52	11	240	4.38	251
53	8	239	3.24	247
54	6	261	2.25	267
55	20	294	6.37	314
56	15	236	5.98	251
57	16	219	6.81	235
58	7	252	2.70	259
59	14	237	5.58	251
60	16	221	6.75	237
61	20	260	7.14	280
62	7	235	2.89	242
63	10	226	4.24	236
64	19	251	7.04	270
65	9	248	3.50	257
66	12	238	4.80	250
67	15	240	5.88	255
68	11	219	4.78	230
69	5	161	3.01	166
70	10	225	4.26	235
71	18	233	7.17	251
72	13	212	5.78	225
73	16	224	6.67	240
74	10	182	5.21	192
75	7	175	3.85	182
76	12	184	6.12	196
77	11	221	4.74	232
78	11	201	5.19	212
79	8	214	3.60	222
80	6	205	2.84	211
81	8	177	4.32	185
82	7	199	3.40	206
83	11	153	6.71	164
84	6	176	3.30	182
85	4	174	2.25	178
86	12	181	6.22	193
87	11	161	6.40	172
88	1	125	0.79	126
89	10	136	6.85	146
90	5	120	4.00	125
91	8	152	5.00	160
92	9	134	6.29	143
93	11	136	7.48	147
94	6	129	4.44	135
95	7	109	6.03	116
96	8	95	7.77	103
97	6	124	4.62	130
98	7	98	6.67	105
99	3	57	5.00	60
100	1	13	7.14	14
101	0	6	0.00	6
102	1	5	16.67	6
103	0	11	0.00	11
104	0	3	0.00	3
105	0	3	0.00	3
106	1	5	16.67	6
107	4	5	44.44	9
108	0	2	0.00	2
109	2	8	20.00	10
110	0	5	0.00	5
111	0	5	0.00	5
112	1	9	10.00	10
113	0	4	0.00	4
114	0	5	0.00	5
115	2	3	40.00	5
116	0	3	0.00	3
117	0	3	0.00	3
118	0	1	0.00	1
119	0	4	0.00	4
120	0	3	0.00	3
121	1	2	33.33	3
122	0	1	0.00	1
123	2	3	40.00	5
124	0	0		0
125	0	5	0.00	5
126	0	3	0.00	3
127	0	1	0.00	1
128	1	3	25.00	4
129	0	5	0.00	5
130	0	0		0
131	0	2	0.00	2
132	1	1	50.00	2
133	0	2	0.00	2
134	2	0	100.00	2
135	0	3	0.00	3
136	0	1	0.00	1
137	0	2	0.00	2
138	0	1	0.00	1
139	0	0		0
140	0	1	0.00	1
141	0	1	0.00	1
142	0	1	0.00	1
143	1	0	100.00	1
144	1	0	100.00	1
145	0	0		0
146	0	0		0
147	0	0		0
148	0	1	0.00	1
149	0	2	0.00	2

CHG context (R1)
================
position	count methylated	count unmethylated	% methylation	coverage
1	0	10	0.00	10
2	0	21	0.00	21
3	0	16	0.00	16
4	0	105	0.00	105
5	1	210	0.47	211
6	0	250	0.00	250
7	0	248	0.00	248
8	0	219	0.00	219
9	1	257	0.39	258
10	1	196	0.51	197
11	0	248	0.00	248
12	0	195	0.00	195
13	0	205	0.00	205
14	0	206	0.00	206
15	0	243	0.00	243
16	2	220	0.90	222
17	1	230	0.43	231
18	1	255	0.39	256
19	1	205	0.49	206
20	1	185	0.54	186
21	1	237	0.42	238
22	0	210	0.00	210
23	1	204	0.49	205
24	0	217	0.00	217
25	2	217	0.91	219
26	0	195	0.00	195
27	0	252	0.00	252
28	0	225	0.00	225
29	0	183	0.00	183
30	1	180	0.55	181
31	1	262	0.38	263
32	0	186	0.00	186
33	0	256	0.00	256
34	1	229	0.43	230
35	0	216	0.00	216
36	1	230	0.43	231
37	0	204	0.00	204
38	0	196	0.00	196
39	0	255	0.00	255
40	1	216	0.46	217
41	1	266	0.37	267
42	0	209	0.00	209
43	1	201	0.50	202
44	0	223	0.00	223
45	2	227	0.87	229
46	1	214	0.47	215
47	0	183	0.00	183
48	0	218	0.00	218
49	1	195	0.51	196
50	1	200	0.50	201
51	0	232	0.00	232
52	2	237	0.84	239
53	1	207	0.48	208
54	2	198	1.00	200
55	0	167	0.00	167
56	0	226	0.00	226
57	1	208	0.48	209
58	0	216	0.00	216
59	0	198	0.00	198
60	0	173	0.00	173
61	0	181	0.00	181
62	0	169	0.00	169
63	1	199	0.50	200
64	0	190	0.00	190
65	0	203	0.00	203
66	0	210	0.00	210
67	3	181	1.63	184
68	0	189	0.00	189
69	1	202	0.49	203
70	0	206	0.00	206
71	0	160	0.00	160
72	2	140	1.41	142
73	0	184	0.00	184
74	0	149	0.00	149
75	0	154	0.00	154
76	1	179	0.56	180
77	0	187	0.00	187
78	0	162	0.00	162
79	1	160	0.62	161
80	0	128	0.00	128
81	0	203	0.00	203
82	0	121	0.00	121
83	2	139	1.42	141
84	0	115	0.00	115
85	1	131	0.76	132
86	2	156	1.27	158
87	0	110	0.00	110
88	1	119	0.83	120
89	0	114	0.00	114
90	0	118	0.00	118
91	0	136	0.00	136
92	0	121	0.00	121
93	0	90	0.00	90
94	1	103	0.96	104
95	0	96	0.00	96
96	0	115	0.00	115
97	0	118	0.00	118
98	0	95	0.00	95
99	0	34	0.00	34
100	0	8	0.00	8
101	0	10	0.00	10
102	0	11	0.00	11
103	0	5	0.00	5
104	0	7	0.00	7
105	0	5	0.00	5
106	0	7	0.00	7
107	0	4	0.00	4
108	0	8	0.00	8
109	0	3	0.00	3
110	0	6	0.00	6
111	0	2	0.00	2
112	0	2	0.00	2
113	0	3	0.00	3
114	0	2	0.00	2
115	0	2	0.00	2
116	0	4	0.00	4
117	0	1	0.00	1
118	0	2	0.00	2
119	0	3	0.00	3
120	0	3	0.00	3
121	0	1	0.00	1
122	0	3	0.00	3
123	0	2	0.00	2
124	0	0		0
125	0	1	0.00	1
126	0	2	0.00	2
127	0	3	0.00	3
128	0	1	0.00	1
129	0	1	0.00	1
130	0	1	0.00	1
131	0	2	0.00	2
132	0	2	0.00	2
133	0	0		0
134	0	2	0.00	2
135	0	1	0.00	1
136	0	1	0.00	1
137	0	0		0
138	0	0		0
139	0	1	0.00	1
140	0	1	0.00	1
141	0	1	0.00	1
142	0	2	0.00	2
143	0	1	0.00	1
144	0	0		0
145	0	0		0
146	0	0		0
147	0	1	0.00	1
148	0	3	0.00	3
149	0	1	0.00	1

CHH context (R1)
================
position	count methylated	count unmethylated	% methylation	coverage
1	1	37	2.63	38
2	0	33	0.00	33
3	0	13	0.00	13
4	2	343	0.58	345
5	1	380	0.26	381
6	1	436	0.23	437
7	1	400	0.25	401
8	0	353	0.00	353
9	1	317	0.31	318
10	0	311	0.00	311
11	0	311	0.00	311
12	3	336	0.88	339
13	0	374	0.00	374
14	1	382	0.26	383
15	0	393	0.00	393
16	0	362	0.00	362
17	0	358	0.00	358
18	1	336	0.30	337
19	0	322	0.00	322
20	1	340	0.29	341
21	2	318	0.62	320
22	3	356	0.84	359
23	0	345	0.00	345
24	3	397	0.75	400
25	2	419	0.48	421
26	1	396	0.25	397
27	0	408	0.00	408
28	2	366	0.54	368
29	1	328	0.30	329
30	0	397	0.00	397
31	1	369	0.27	370
32	0	391	0.00	391
33	0	310	0.00	310
34	0	382	0.00	382
35	0	315	0.00	315
36	1	374	0.27	375
37	1	393	0.25	394
38	2	380	0.52	382
39	2	346	0.57	348
40	1	337	0.30	338
41	0	331	0.00	331
42	1	349	0.29	350
43	2	347	0.57	349
44	0	352	0.00	352
45	1	307	0.32	308
46	0	365	0.00	365
47	0	335	0.00	335
48	1	341	0.29	342
49	1	406	0.25	407
50	1	438	0.23	439
51	0	433	0.00	433
52	0	369	0.00	369
53	2	321	0.62	323
54	1	292	0.34	293
55	1	317	0.31	318
56	3	290	1.02	293
57	1	266	0.37	267
58	0	287	0.00	287
59	1	321	0.31	322
60	3	305	0.97	308
61	1	341	0.29	342
62	2	355	0.56	357
63	2	304	0.65	306
64	2	345	0.58	347
65	0	300	0.00	300
66	0	256	0.00	256
67	1	296	0.34	297
68	1	328	0.30	329
69	3	326	0.91	329
70	1	284	0.35	285
71	1	294	0.34	295
72	3	277	1.07	280
73	0	325	0.00	325
74	0	284	0.00	284
75	0	311	0.00	311
76	0	336	0.00	336
77	1	253	0.39	254
78	0	238	0.00	238
79	0	259	0.00	259
80	0	289	0.00	289
81	2	234	0.85	236
82	1	286	0.35	287
83	1	207	0.48	208
84	1	245	0.41	246
85	0	258	0.00	258
86	0	248	0.00	248
87	1	208	0.48	209
88	1	251	0.40	252
89	3	226	1.31	229
90	0	173	0.00	173
91	1	185	0.54	186
92	1	191	0.52	192
93	2	151	1.31	153
94	0	156	0.00	156
95	2	194	1.02	196
96	0	166	0.00	166
97	0	161	0.00	161
98	0	174	0.00	174
99	1	82	1.20	83
100	0	10	0.00	10
101	0	5	0.00	5
102	0	5	0.00	5
103	0	5	0.00	5
104	0	10	0.00	10
105	0	7	0.00	7
106	0	13	0.00	13
107	0	6	0.00	6
108	0	2	0.00	2
109	2	4	33.33	6
110	0	4	0.00	4
111	0	4	0.00	4
112	0	6	0.00	6
113	0	5	0.00	5
114	0	2	0.00	2
115	0	5	0.00	5
116	0	5	0.00	5
117	0	7	0.00	7
118	0	7	0.00	7
119	0	3	0.00	3
120	0	1	0.00	1
121	0	3	0.00	3
122	0	2	0.00	2
123	0	2	0.00	2
124	0	4	0.00	4
125	0	2	0.00	2
126	0	3	0.00	3
127	0	2	0.00	2
128	0	3	0.00	3
129	0	4	0.00	4
130	0	2	0.00	2
131	0	3	0.00	3
132	0	3	0.00	3
133	0	1	0.00	1
134	0	4	0.00	4
135	0	2	0.00	2
136	0	1	0.00	1
137	0	0		0
138	0	0		0
139	0	1	0.00	1
140	0	0		0
141	0	2	0.00	2
142	0	0		0
143	0	0		0
144	0	0		0
145	0	2	0.00	2
146	0	3	0.00	3
147	0	2	0.00	2
148	0	1	0.00	1
149	0	0		0

CpG context (R2)
================
position	count methylated	count unmethylated	% methylation	coverage
1	0	17	0.00	17
2	0	13	0.00	13
3	2	70	2.78	72
4	5	88	5.38	93
5	3	103	2.83	106
6	2	99	1.98	101
7	7	122	5.43	129
8	2	72	2.70	74
9	1	67	1.47	68
10	2	89	2.20	91
11	7	71	8.97	78
12	4	63	5.97	67
13	3	73	3.95	76
14	1	66	1.49	67
15	6	57	9.52	63
16	0	67	0.00	67
17	0	30	0.00	30
18	6	44	12.00	50
19	2	36	5.26	38
20	6	40	13.04	46
21	4	53	7.02	57
22	6	30	16.67	36
23	2	48	4.00	50
24	1	51	1.92	52
25	0	39	0.00	39
26	1	29	3.33	30
27	6	34	15.00	40
28	0	20	0.00	20
29	0	42	0.00	42
30	1	16	5.88	17
31	1	47	2.08	48
32	1	29	3.33	30
33	3	15	16.67	18
34	2	26	7.14	28
35	0	7	0.00	7
36	0	15	0.00	15
37	0	29	0.00	29
38	0	18	0.00	18
39	0	11	0.00	11
40	0	13	0.00	13
41	0	13	0.00	13
42	1	14	6.67	15
43	1	21	4.55	22
44	0	19	0.00	19
45	0	2	0.00	2
46	4	18	18.18	22
47	0	5	0.00	5
48	0	7	0.00	7
49	0	11	0.00	11
50	2	5	28.57	7
51	0	6	0.00	6
52	0	3	0.00	3
53	0	4	0.00	4
54	0	4	0.00	4
55	0	5	0.00	5
56	0	1	0.00	1
57	0	3	0.00	3
58	1	3	25.00	4
59	0	1	0.00	1
60	0	1	0.00	1
61	0	2	0.00	2
62	0	0		0
63	0	2	0.00	2
64	1	1	50.00	2
65	0	1	0.00	1
66	0	3	0.00	3
67	0	1	0.00	1
68	0	0		0
69	0	1	0.00	1
70	0	0		0
71	0	1	0.00	1
72	0	1	0.00	1
73	0	0		0
74	0	1	0.00	1
75	0	0		0
76	0	2	0.00	2
77	0	0		0
78	0	0		0
79	0	0		0
80	0	0		0
81	0	1	0.00	1
82	0	0		0
83	0	0		0
84	0	0		0
85	0	0		0
86	0	0		0
87	0	0		0
88	0	0		0
89	0	0		0
90	0	0		0
91	0	0		0
92	0	0		0
93	0	0		0
94	0	1	0.00	1
95	0	1	0.00	1

CHG context (R2)
================
position	count methylated	count unmethylated	% methylation	coverage
1	11	2133	0.51	2144
2	0	21	0.00	21
3	0	4	0.00	4
4	0	44	0.00	44
5	0	78	0.00	78
6	1	81	1.22	82
7	0	74	0.00	74
8	0	84	0.00	84
9	1	75	1.32	76
10	1	75	1.32	76
11	1	60	1.64	61
12	0	38	0.00	38
13	0	51	0.00	51
14	0	51	0.00	51
15	1	45	2.17	46
16	0	43	0.00	43
17	0	64	0.00	64
18	0	47	0.00	47
19	1	55	1.79	56
20	0	54	0.00	54
21	0	35	0.00	35
22	1	52	1.89	53
23	0	27	0.00	27
24	0	17	0.00	17
25	0	40	0.00	40
26	0	27	0.00	27
27	0	13	0.00	13
28	0	20	0.00	20
29	0	26	0.00	26
30	0	21	0.00	21
31	0	26	0.00	26
32	0	26	0.00	26
33	1	23	4.17	24
34	0	23	0.00	23
35	0	26	0.00	26
36	0	13	0.00	13
37	0	21	0.00	21
38	0	14	0.00	14
39	0	15	0.00	15
40	0	10	0.00	10
41	0	19	0.00	19
42	0	7	0.00	7
43	0	10	0.00	10
44	0	5	0.00	5
45	0	12	0.00	12
46	0	1	0.00	1
47	0	9	0.00	9
48	0	6	0.00	6
49	0	10	0.00	10
50	0	7	0.00	7
51	0	6	0.00	6
52	0	7	0.00	7
53	0	6	0.00	6
54	0	2	0.00	2
55	0	2	0.00	2
56	0	4	0.00	4
57	0	0		0
58	0	2	0.00	2
59	0	0		0
60	0	6	0.00	6
61	0	0		0
62	0	0		0
63	0	2	0.00	2
64	1	2	33.33	3
65	0	0		0
66	0	0		0
67	0	1	0.00	1
68	0	0		0
69	0	0		0
70	0	1	0.00	1
71	0	1	0.00	1
72	0	1	0.00	1
73	0	2	0.00	2
74	0	1	0.00	1
75	0	1	0.00	1
76	0	0		0
77	0	0		0
78	0	1	0.00	1
79	0	0		0
80	0	0		0
81	0	0		0
82	0	0		0
83	0	0		0
84	0	0		0
85	0	0		0
86	0	0		0
87	0	1	0.00	1
88	0	0		0
89	0	0		0
90	0	0		0
91	0	0		0
92	0	1	0.00	1
93	0	0		0
94	0	0		0
95	0	0		0

CHH context (R2)
================
position	count methylated	count unmethylated	% methylation	coverage
1	0	12	0.00	12
2	7	979	0.71	986
3	0	244	0.00	244
4	1	177	0.56	178
5	0	126	0.00	126
6	0	83	0.00	83
7	0	114	0.00	114
8	1	123	0.81	124
9	0	114	0.00	114
10	0	110	0.00	110
11	1	76	1.30	77
12	0	79	0.00	79
13	1	68	1.45	69
14	0	71	0.00	71
15	0	80	0.00	80
16	0	59	0.00	59
17	0	57	0.00	57
18	0	73	0.00	73
19	1	80	1.23	81
20	0	47	0.00	47
21	0	40	0.00	40
22	0	26	0.00	26
23	0	45	0.00	45
24	1	41	2.38	42
25	0	46	0.00	46
26	0	31	0.00	31
27	0	31	0.00	31
28	0	28	0.00	28
29	0	34	0.00	34
30	1	21	4.55	22
31	0	22	0.00	22
32	1	28	3.45	29
33	0	18	0.00	18
34	0	24	0.00	24
35	0	40	0.00	40
36	0	22	0.00	22
37	0	17	0.00	17
38	1	16	5.88	17
39	0	8	0.00	8
40	0	20	0.00	20
41	0	12	0.00	12
42	0	11	0.00	11
43	0	13	0.00	13
44	0	16	0.00	16
45	0	7	0.00	7
46	0	10	0.00	10
47	0	8	0.00	8
48	0	7	0.00	7
49	0	6	0.00	6
50	0	6	0.00	6
51	0	13	0.00	13
52	0	12	0.00	12
53	0	15	0.00	15
54	0	5	0.00	5
55	0	5	0.00	5
56	0	8	0.00	8
57	0	4	0.00	4
58	0	2	0.00	2
59	0	0		0
60	0	2	0.00	2
61	0	3	0.00	3
62	0	3	0.00	3
63	0	1	0.00	1
64	0	0		0
65	0	1	0.00	1
66	0	0		0
67	0	0		0
68	0	3	0.00	3
69	0	2	0.00	2
70	0	0		0
71	0	0		0
72	0	1	0.00	1
73	0	0		0
74	0	1	0.00	1
75	0	1	0.00	1
76	0	0		0
77	0	1	0.00	1
78	0	1	0.00	1
79	0	1	0.00	1
80	0	0		0
81	0	0		0
82	0	0		0
83	0	1	0.00	1
84	0	1	0.00	1
85	0	0		0
86	0	0		0
87	0	0		0
88	0	0		0
89	0	0		0
90	0	0		0
91	0	0		0
92	0	0		0
93	0	1	0.00	1
94	0	1	0.00	1
95	0	0		0

