CpG context (R1)
================
position	count methylated	count unmethylated	% methylation	coverage
1	222	2155	9.34	2377
2	0	9	0.00	9
3	0	16	0.00	16
4	12	162	6.90	174
5	12	199	5.69	211
6	10	260	3.70	270
7	8	202	3.81	210
8	13	283	4.39	296
9	14	237	5.58	251
10	17	260	6.14	277
11	7	243	2.80	250
12	16	292	5.19	308
13	18	309	5.50	327
14	11	257	4.10	268
15	9	248	3.50	257
16	17	284	5.65	301
17	7	232	2.93	239
18	12	260	4.41	272
19	17	290	5.54	307
20	9	213	4.05	222
21	17	219	7.20	236
22	13	288	4.32	301
23	15	246	5.75	261
24	18	229	7.29	247
25	17	301	5.35	318
26	11	288	3.68	299
27	7	267	2.55	274
28	23	264	8.01	287
29	5	287	1.71	292
30	9	268	3.25	277
31	12	292	3.95	304
32	22	295	6.94	317
33	11	217	4.82	228
34	15	250	5.66	265
35	14	277	4.81	291
36	8	221	3.49	229
37	15	283	5.03	298
38	14	215	6.11	229
39	16	232	6.45	248
40	12	261	4.40	273
41	12	220	5.17	232
42	16	271	5.57	287
43	12	246	4.65	258
44	13	240	5.14	253
45	17	290	5.54	307
46	18	246	6.82	264
47	15	243	5.81	258
48	12	249	4.60	261
49	13	232	5.31	245
50	10	255	3.77	265
51	17	203	7.73	220
52	14	238	5.56	252
53	13	213	5.75	226
54	17	239	6.64	256
55	15	264	5.38	279
56	13	213	5.75	226
57	11	238	4.42	249
58	19	242	7.28	261
59	7	243	2.80	250
60	16	255	5.90	271
61	17	222	7.11	239
62	22	234	8.59	256
63	17	211	7.46	228
64	13	228	5.39	241
65	13	268	4.63	281
66	12	243	4.71	255
67	16	226	6.61	242
68	11	192	5.42	203
69	13	205	5.96	218
70	7	222	3.06	229
71	19	230	7.63	249
72	6	230	2.54	236
73	11	225	4.66	236
74	8	219	3.52	227
75	11	207	5.05	218
76	12	176	6.38	188
77	6	219	2.67	225
78	12	195	5.80	207
79	6	207	2.82	213
80	10	181	5.24	191
81	9	172	4.97	181
82	8	196	3.92	204
83	9	155	5.49	164
84	5	183	2.66	188
85	8	186	4.12	194
86	9	174	4.92	183
87	9	179	4.79	188
88	2	130	1.52	132
89	6	146	3.95	152
90	5	138	3.50	143
91	6	140	4.11	146
92	7	132	5.04	139
93	13	124	9.49	137
94	1	139	0.71	140
95	6	104	5.45	110
96	6	100	5.66	106
97	7	133	5.00	140
98	4	95	4.04	99
99	3	49	5.77	52
100	2	8	20.00	10
101	0	3	0.00	3
102	0	4	0.00	4
103	1	5	16.67	6
104	1	9	10.00	10
105	1	3	25.00	4
106	1	3	25.00	4
107	0	2	0.00	2
108	1	5	16.67	6
109	1	7	12.50	8
110	0	3	0.00	3
111	0	1	0.00	1
112	0	4	0.00	4
113	0	1	0.00	1
114	0	2	0.00	2
115	0	3	0.00	3
116	0	2	0.00	2
117	1	5	16.67	6
118	1	2	33.33	3
119	0	0		0
120	1	0	100.00	1
121	1	1	50.00	2
122	0	2	0.00	2
123	1	1	50.00	2
124	1	1	50.00	2
125	0	0		0
126	1	2	33.33	3
127	0	0		0
128	0	2	0.00	2
129	0	1	0.00	1
130	0	2	0.00	2
131	0	0		0
132	2	0	100.00	2
133	0	0		0
134	0	1	0.00	1
135	0	0		0
136	0	2	0.00	2
137	0	1	0.00	1
138	0	1	0.00	1
139	1	1	50.00	2
140	0	1	0.00	1
141	0	1	0.00	1
142	0	2	0.00	2
143	0	0		0
144	0	1	0.00	1
145	1	1	50.00	2
146	0	0		0
147	0	0		0
148	0	1	0.00	1
149	0	0		0

CHG context (R1)
================
position	count methylated	count unmethylated	% methylation	coverage
1	0	11	0.00	11
2	0	23	0.00	23
3	0	14	0.00	14
4	0	122	0.00	122
5	1	189	0.53	190
6	1	222	0.45	223
7	1	255	0.39	256
8	1	232	0.43	233
9	1	224	0.44	225
10	0	214	0.00	214
11	0	228	0.00	228
12	0	222	0.00	222
13	0	195	0.00	195
14	0	179	0.00	179
15	1	255	0.39	256
16	0	167	0.00	167
17	0	262	0.00	262
18	0	244	0.00	244
19	2	190	1.04	192
20	0	188	0.00	188
21	0	199	0.00	199
22	2	243	0.82	245
23	1	229	0.43	230
24	0	198	0.00	198
25	2	239	0.83	241
26	1	189	0.53	190
27	0	210	0.00	210
28	0	257	0.00	257
29	2	197	1.01	199
30	1	187	0.53	188
31	0	227	0.00	227
32	1	192	0.52	193
33	0	235	0.00	235
34	0	218	0.00	218
35	3	235	1.26	238
36	0	227	0.00	227
37	0	211	0.00	211
38	0	187	0.00	187
39	2	209	0.95	211
40	1	212	0.47	213
41	1	262	0.38	263
42	1	206	0.48	207
43	0	185	0.00	185
44	2	227	0.87	229
45	1	207	0.48	208
46	2	233	0.85	235
47	0	197	0.00	197
48	1	227	0.44	228
49	2	222	0.89	224
50	0	199	0.00	199
51	0	243	0.00	243
52	1	233	0.43	234
53	0	213	0.00	213
54	0	202	0.00	202
55	0	197	0.00	197
56	0	201	0.00	201
57	0	198	0.00	198
58	0	223	0.00	223
59	0	165	0.00	165
60	0	136	0.00	136
61	1	227	0.44	228
62	0	189	0.00	189
63	0	177	0.00	177
64	0	209	0.00	209
65	0	199	0.00	199
66	1	181	0.55	182
67	0	195	0.00	195
68	0	199	0.00	199
69	1	190	0.52	191
70	1	188	0.53	189
71	0	174	0.00	174
72	1	159	0.62	160
73	0	195	0.00	195
74	2	163	1.21	165
75	0	155	0.00	155
76	2	167	1.18	169
77	0	178	0.00	178
78	0	164	0.00	164
79	0	162	0.00	162
80	1	166	0.60	167
81	0	199	0.00	199
82	1	138	0.72	139
83	0	137	0.00	137
84	0	121	0.00	121
85	0	132	0.00	132
86	1	160	0.62	161
87	1	123	0.81	124
88	0	122	0.00	122
89	0	119	0.00	119
90	2	99	1.98	101
91	1	141	0.70	142
92	0	104	0.00	104
93	0	81	0.00	81
94	0	109	0.00	109
95	1	96	1.03	97
96	0	82	0.00	82
97	0	115	0.00	115
98	0	113	0.00	113
99	1	38	2.56	39
100	0	7	0.00	7
101	0	4	0.00	4
102	0	9	0.00	9
103	0	4	0.00	4
104	0	6	0.00	6
105	0	5	0.00	5
106	0	5	0.00	5
107	0	2	0.00	2
108	0	3	0.00	3
109	0	2	0.00	2
110	0	4	0.00	4
111	0	1	0.00	1
112	0	4	0.00	4
113	0	3	0.00	3
114	0	1	0.00	1
115	0	0		0
116	0	4	0.00	4
117	0	0		0
118	0	0		0
119	0	1	0.00	1
120	0	2	0.00	2
121	0	1	0.00	1
122	0	1	0.00	1
123	0	3	0.00	3
124	0	1	0.00	1
125	0	5	0.00	5
126	0	0		0
127	0	2	0.00	2
128	0	3	0.00	3
129	0	0		0
130	0	1	0.00	1
131	0	0		0
132	0	0		0
133	0	2	0.00	2
134	0	0		0
135	0	3	0.00	3
136	0	2	0.00	2
137	0	0		0
138	0	0		0
139	0	2	0.00	2
140	0	1	0.00	1
141	0	1	0.00	1
142	0	0		0
143	0	0		0
144	0	0		0
145	0	0		0
146	0	0		0
147	0	1	0.00	1
148	0	1	0.00	1
149	0	2	0.00	2

CHH context (R1)
================
position	count methylated	count unmethylated	% methylation	coverage
1	1	35	2.78	36
2	0	38	0.00	38
3	0	26	0.00	26
4	0	323	0.00	323
5	0	428	0.00	428
6	0	431	0.00	431
7	0	381	0.00	381
8	0	352	0.00	352
9	1	299	0.33	300
10	1	330	0.30	331
11	3	329	0.90	332
12	2	317	0.63	319
13	4	363	1.09	367
14	1	320	0.31	321
15	1	332	0.30	333
16	1	366	0.27	367
17	0	305	0.00	305
18	0	292	0.00	292
19	2	328	0.61	330
20	3	349	0.85	352
21	0	358	0.00	358
22	1	320	0.31	321
23	1	343	0.29	344
24	0	350	0.00	350
25	0	375	0.00	375
26	2	344	0.58	346
27	0	417	0.00	417
28	2	336	0.59	338
29	0	337	0.00	337
30	0	343	0.00	343
31	1	325	0.31	326
32	3	354	0.84	357
33	2	312	0.64	314
34	1	330	0.30	331
35	1	315	0.32	316
36	1	379	0.26	380
37	4	358	1.10	362
38	3	357	0.83	360
39	4	330	1.20	334
40	2	334	0.60	336
41	0	331	0.00	331
42	0	350	0.00	350
43	3	338	0.88	341
44	0	389	0.00	389
45	2	304	0.65	306
46	0	329	0.00	329
47	1	331	0.30	332
48	4	345	1.15	349
49	1	387	0.26	388
50	1	421	0.24	422
51	1	419	0.24	420
52	1	344	0.29	345
53	2	348	0.57	350
54	1	305	0.33	306
55	2	340	0.58	342
56	1	315	0.32	316
57	0	293	0.00	293
58	1	289	0.34	290
59	0	336	0.00	336
60	1	338	0.29	339
61	4	347	1.14	351
62	4	328	1.20	332
63	0	292	0.00	292
64	1	340	0.29	341
65	1	317	0.31	318
66	0	267	0.00	267
67	2	328	0.61	330
68	1	328	0.30	329
69	1	308	0.32	309
70	1	301	0.33	302
71	1	277	0.36	278
72	2	282	0.70	284
73	1	302	0.33	303
74	1	236	0.42	237
75	0	294	0.00	294
76	1	289	0.34	290
77	1	297	0.34	298
78	1	284	0.35	285
79	0	292	0.00	292
80	0	286	0.00	286
81	1	250	0.40	251
82	3	265	1.12	268
83	0	231	0.00	231
84	3	233	1.27	236
85	2	248	0.80	250
86	0	261	0.00	261
87	1	200	0.50	201
88	2	267	0.74	269
89	0	212	0.00	212
90	0	195	0.00	195
91	1	180	0.55	181
92	0	216	0.00	216
93	2	159	1.24	161
94	1	150	0.66	151
95	0	167	0.00	167
96	0	159	0.00	159
97	0	178	0.00	178
98	0	166	0.00	166
99	1	67	1.47	68
100	1	7	12.50	8
101	0	9	0.00	9
102	0	3	0.00	3
103	0	4	0.00	4
104	0	7	0.00	7
105	0	9	0.00	9
106	0	8	0.00	8
107	0	3	0.00	3
108	0	6	0.00	6
109	0	7	0.00	7
110	0	9	0.00	9
111	0	8	0.00	8
112	0	5	0.00	5
113	0	3	0.00	3
114	0	4	0.00	4
115	0	3	0.00	3
116	0	2	0.00	2
117	0	2	0.00	2
118	0	2	0.00	2
119	0	4	0.00	4
120	0	4	0.00	4
121	0	5	0.00	5
122	0	3	0.00	3
123	0	2	0.00	2
124	0	3	0.00	3
125	0	1	0.00	1
126	0	2	0.00	2
127	0	2	0.00	2
128	0	2	0.00	2
129	0	1	0.00	1
130	0	0		0
131	0	0		0
132	0	2	0.00	2
133	0	2	0.00	2
134	0	4	0.00	4
135	0	1	0.00	1
136	0	0		0
137	0	1	0.00	1
138	0	0		0
139	0	1	0.00	1
140	0	1	0.00	1
141	0	0		0
142	0	2	0.00	2
143	0	0		0
144	0	0		0
145	0	1	0.00	1
146	0	1	0.00	1
147	0	1	0.00	1
148	0	1	0.00	1
149	0	0		0

CpG context (R2)
================
position	count methylated	count unmethylated	% methylation	coverage
1	0	26	0.00	26
2	0	21	0.00	21
3	4	79	4.82	83
4	0	94	0.00	94
5	7	122	5.43	129
6	5	81	5.81	86
7	8	128	5.88	136
8	2	80	2.44	82
9	4	61	6.15	65
10	2	110	1.79	112
11	8	65	10.96	73
12	2	74	2.63	76
13	6	83	6.74	89
14	3	45	6.25	48
15	6	79	7.06	85
16	0	52	0.00	52
17	0	34	0.00	34
18	5	65	7.14	70
19	2	30	6.25	32
20	3	54	5.26	57
21	3	38	7.32	41
22	2	34	5.56	36
23	1	45	2.17	46
24	2	66	2.94	68
25	0	39	0.00	39
26	2	26	7.14	28
27	2	33	5.71	35
28	1	25	3.85	26
29	2	40	4.76	42
30	3	24	11.11	27
31	3	34	8.11	37
32	1	41	2.38	42
33	0	18	0.00	18
34	2	28	6.67	30
35	0	11	0.00	11
36	1	17	5.56	18
37	1	30	3.23	31
38	0	22	0.00	22
39	0	15	0.00	15
40	0	14	0.00	14
41	1	13	7.14	14
42	0	9	0.00	9
43	4	15	21.05	19
44	0	18	0.00	18
45	0	1	0.00	1
46	4	8	33.33	12
47	0	9	0.00	9
48	0	8	0.00	8
49	0	4	0.00	4
50	0	5	0.00	5
51	0	3	0.00	3
52	1	12	7.69	13
53	0	5	0.00	5
54	1	2	33.33	3
55	0	5	0.00	5
56	0	2	0.00	2
57	0	2	0.00	2
58	0	3	0.00	3
59	0	0		0
60	0	2	0.00	2
61	0	2	0.00	2
62	0	1	0.00	1
63	0	1	0.00	1
64	0	2	0.00	2
65	0	0		0
66	0	2	0.00	2
67	0	0		0
68	0	1	0.00	1
69	0	0		0
70	0	1	0.00	1
71	0	2	0.00	2
72	0	0		0
73	0	0		0
74	0	0		0
75	0	2	0.00	2
76	0	0		0
77	0	1	0.00	1
78	0	1	0.00	1
79	0	1	0.00	1
80	0	0		0
81	0	1	0.00	1
82	0	1	0.00	1
83	0	1	0.00	1
84	0	0		0
85	0	0		0
86	0	0		0
87	0	0		0
88	0	0		0
89	0	0		0
90	0	0		0
91	0	1	0.00	1
92	0	0		0
93	0	0		0
94	0	1	0.00	1
95	0	0		0
96	0	0		0
97	0	1	0.00	1

CHG context (R2)
================
position	count methylated	count unmethylated	% methylation	coverage
1	14	2145	0.65	2159
2	0	24	0.00	24
3	0	10	0.00	10
4	0	52	0.00	52
5	0	45	0.00	45
6	1	78	1.27	79
7	0	75	0.00	75
8	0	99	0.00	99
9	0	70	0.00	70
10	0	50	0.00	50
11	1	82	1.20	83
12	0	36	0.00	36
13	0	50	0.00	50
14	0	50	0.00	50
15	0	41	0.00	41
16	0	53	0.00	53
17	0	62	0.00	62
18	0	52	0.00	52
19	0	61	0.00	61
20	0	43	0.00	43
21	0	48	0.00	48
22	0	50	0.00	50
23	0	27	0.00	27
24	0	17	0.00	17
25	0	40	0.00	40
26	0	22	0.00	22
27	0	16	0.00	16
28	1	22	4.35	23
29	0	26	0.00	26
30	0	25	0.00	25
31	0	22	0.00	22
32	1	20	4.76	21
33	0	29	0.00	29
34	0	26	0.00	26
35	0	31	0.00	31
36	0	21	0.00	21
37	0	11	0.00	11
38	0	10	0.00	10
39	0	13	0.00	13
40	0	18	0.00	18
41	0	26	0.00	26
42	1	4	20.00	5
43	0	7	0.00	7
44	0	4	0.00	4
45	1	15	6.25	16
46	0	3	0.00	3
47	0	5	0.00	5
48	0	12	0.00	12
49	0	8	0.00	8
50	0	10	0.00	10
51	0	3	0.00	3
52	0	9	0.00	9
53	0	4	0.00	4
54	0	2	0.00	2
55	0	3	0.00	3
56	0	6	0.00	6
57	0	0		0
58	0	4	0.00	4
59	0	1	0.00	1
60	0	2	0.00	2
61	0	0		0
62	0	0		0
63	1	6	14.29	7
64	0	2	0.00	2
65	0	0		0
66	0	0		0
67	0	1	0.00	1
68	0	1	0.00	1
69	0	1	0.00	1
70	0	2	0.00	2
71	0	1	0.00	1
72	0	1	0.00	1
73	0	1	0.00	1
74	0	0		0
75	0	2	0.00	2
76	0	1	0.00	1
77	0	0		0
78	0	1	0.00	1
79	0	0		0
80	0	0		0
81	0	0		0
82	0	0		0
83	0	1	0.00	1
84	0	1	0.00	1
85	0	0		0
86	0	1	0.00	1
87	0	1	0.00	1
88	0	0		0
89	0	0		0
90	0	0		0
91	0	0		0
92	0	0		0
93	0	0		0
94	0	0		0
95	0	0		0
96	0	0		0
97	0	0		0

CHH context (R2)
================
position	count methylated	count unmethylated	% methylation	coverage
1	1	8	11.11	9
2	4	958	0.42	962
3	2	256	0.78	258
4	0	191	0.00	191
5	1	145	0.68	146
6	1	95	1.04	96
7	0	110	0.00	110
8	1	135	0.74	136
9	0	122	0.00	122
10	0	118	0.00	118
11	0	83	0.00	83
12	0	87	0.00	87
13	0	60	0.00	60
14	0	88	0.00	88
15	0	67	0.00	67
16	1	77	1.28	78
17	0	76	0.00	76
18	0	91	0.00	91
19	1	77	1.28	78
20	1	53	1.85	54
21	1	42	2.33	43
22	0	47	0.00	47
23	0	53	0.00	53
24	0	45	0.00	45
25	1	56	1.75	57
26	1	47	2.08	48
27	0	43	0.00	43
28	0	42	0.00	42
29	0	36	0.00	36
30	0	29	0.00	29
31	0	24	0.00	24
32	0	28	0.00	28
33	0	22	0.00	22
34	0	21	0.00	21
35	0	31	0.00	31
36	0	26	0.00	26
37	0	15	0.00	15
38	0	18	0.00	18
39	0	10	0.00	10
40	1	18	5.26	19
41	0	18	0.00	18
42	0	18	0.00	18
43	0	14	0.00	14
44	0	19	0.00	19
45	0	13	0.00	13
46	0	22	0.00	22
47	0	13	0.00	13
48	0	4	0.00	4
49	0	7	0.00	7
50	0	7	0.00	7
51	0	12	0.00	12
52	0	10	0.00	10
53	0	8	0.00	8
54	0	11	0.00	11
55	0	9	0.00	9
56	0	16	0.00	16
57	0	5	0.00	5
58	0	8	0.00	8
59	0	2	0.00	2
60	0	3	0.00	3
61	0	1	0.00	1
62	0	2	0.00	2
63	0	0		0
64	0	0		0
65	0	1	0.00	1
66	0	0		0
67	0	1	0.00	1
68	0	7	0.00	7
69	0	1	0.00	1
70	0	1	0.00	1
71	0	2	0.00	2
72	0	0		0
73	0	1	0.00	1
74	0	1	0.00	1
75	0	0		0
76	0	0		0
77	0	0		0
78	0	0		0
79	0	1	0.00	1
80	0	0		0
81	0	0		0
82	0	0		0
83	0	0		0
84	0	0		0
85	0	0		0
86	0	0		0
87	0	0		0
88	0	0		0
89	0	0		0
90	0	0		0
91	0	0		0
92	0	0		0
93	0	0		0
94	0	1	0.00	1
95	0	0		0
96	0	0		0
97	0	0		0

