CpG context (R1)
================
position	count methylated	count unmethylated	% methylation	coverage
1	193	2196	8.08	2389
2	0	9	0.00	9
3	2	10	16.67	12
4	14	177	7.33	191
5	15	201	6.94	216
6	13	306	4.08	319
7	15	191	7.28	206
8	15	319	4.49	334
9	8	231	3.35	239
10	16	266	5.67	282
11	8	273	2.85	281
12	13	260	4.76	273
13	15	297	4.81	312
14	10	258	3.73	268
15	12	256	4.48	268
16	17	284	5.65	301
17	10	242	3.97	252
18	16	257	5.86	273
19	15	290	4.92	305
20	10	216	4.42	226
21	7	206	3.29	213
22	15	283	5.03	298
23	13	240	5.14	253
24	12	241	4.74	253
25	14	261	5.09	275
26	12	299	3.86	311
27	11	269	3.93	280
28	16	272	5.56	288
29	8	261	2.97	269
30	14	259	5.13	273
31	14	270	4.93	284
32	21	294	6.67	315
33	7	243	2.80	250
34	19	255	6.93	274
35	11	260	4.06	271
36	10	227	4.22	237
37	14	239	5.53	253
38	10	236	4.07	246
39	8	253	3.07	261
40	11	259	4.07	270
41	12	237	4.82	249
42	14	283	4.71	297
43	16	253	5.95	269
44	12	268	4.29	280
45	18	284	5.96	302
46	19	239	7.36	258
47	16	273	5.54	289
48	20	221	8.30	241
49	16	263	5.73	279
50	17	243	6.54	260
51	14	230	5.74	244
52	8	256	3.03	264
53	14	225	5.86	239
54	14	237	5.58	251
55	12	308	3.75	320
56	9	235	3.69	244
57	17	216	7.30	233
58	14	250	5.30	264
59	14	286	4.67	300
60	16	239	6.27	255
61	13	246	5.02	259
62	23	221	9.43	244
63	19	232	7.57	251
64	7	222	3.06	229
65	13	243	5.08	256
66	13	234	5.26	247
67	13	236	5.22	249
68	12	208	5.45	220
69	7	190	3.55	197
70	11	207	5.05	218
71	13	246	5.02	259
72	10	238	4.03	248
73	11	216	4.85	227
74	11	195	5.34	206
75	10	192	4.95	202
76	9	197	4.37	206
77	10	207	4.61	217
78	11	217	4.82	228
79	8	203	3.79	211
80	4	182	2.15	186
81	6	182	3.19	188
82	10	193	4.93	203
83	9	116	7.20	125
84	6	167	3.47	173
85	7	167	4.02	174
86	9	173	4.95	182
87	5	186	2.62	191
88	3	112	2.61	115
89	6	155	3.73	161
90	4	113	3.42	117
91	9	143	5.92	152
92	7	130	5.11	137
93	11	116	8.66	127
94	6	122	4.69	128
95	7	143	4.67	150
96	5	114	4.20	119
97	1	124	0.80	125
98	5	115	4.17	120
99	2	38	5.00	40
100	1	6	14.29	7
101	0	6	0.00	6
102	0	4	0.00	4
103	1	8	11.11	9
104	0	4	0.00	4
105	2	2	50.00	4
106	2	1	66.67	3
107	1	3	25.00	4
108	0	6	0.00	6
109	0	5	0.00	5
110	0	2	0.00	2
111	0	2	0.00	2
112	0	5	0.00	5
113	0	3	0.00	3
114	0	2	0.00	2
115	0	0		0
116	1	3	25.00	4
117	0	2	0.00	2
118	0	3	0.00	3
119	0	2	0.00	2
120	0	2	0.00	2
121	1	2	33.33	3
122	0	2	0.00	2
123	0	2	0.00	2
124	0	1	0.00	1
125	1	1	50.00	2
126	0	3	0.00	3
127	0	1	0.00	1
128	1	0	100.00	1
129	0	2	0.00	2
130	0	0		0
131	0	1	0.00	1
132	0	2	0.00	2
133	0	0		0
134	0	1	0.00	1
135	1	0	100.00	1
136	0	0		0
137	0	1	0.00	1
138	0	1	0.00	1
139	0	0		0
140	0	0		0
141	0	0		0
142	1	0	100.00	1
143	0	0		0
144	1	2	33.33	3
145	0	0		0
146	0	0		0
147	0	0		0
148	0	0		0
149	0	0		0

CHG context (R1)
================
position	count methylated	count unmethylated	% methylation	coverage
1	0	8	0.00	8
2	0	14	0.00	14
3	0	14	0.00	14
4	0	144	0.00	144
5	2	235	0.84	237
6	0	222	0.00	222
7	3	241	1.23	244
8	1	210	0.47	211
9	2	239	0.83	241
10	1	217	0.46	218
11	0	229	0.00	229
12	1	185	0.54	186
13	2	222	0.89	224
14	2	211	0.94	213
15	0	236	0.00	236
16	0	216	0.00	216
17	1	223	0.45	224
18	3	234	1.27	237
19	3	218	1.36	221
20	1	165	0.60	166
21	1	216	0.46	217
22	0	237	0.00	237
23	2	197	1.01	199
24	0	169	0.00	169
25	0	253	0.00	253
26	1	218	0.46	219
27	0	219	0.00	219
28	2	256	0.78	258
29	0	191	0.00	191
30	0	179	0.00	179
31	1	246	0.40	247
32	0	206	0.00	206
33	0	191	0.00	191
34	0	197	0.00	197
35	0	241	0.00	241
36	0	206	0.00	206
37	0	199	0.00	199
38	2	206	0.96	208
39	0	221	0.00	221
40	1	203	0.49	204
41	3	262	1.13	265
42	0	234	0.00	234
43	1	221	0.45	222
44	0	244	0.00	244
45	1	204	0.49	205
46	0	233	0.00	233
47	1	173	0.57	174
48	2	225	0.88	227
49	0	205	0.00	205
50	0	186	0.00	186
51	0	222	0.00	222
52	1	229	0.43	230
53	1	194	0.51	195
54	1	192	0.52	193
55	0	167	0.00	167
56	2	224	0.88	226
57	0	225	0.00	225
58	0	210	0.00	210
59	0	185	0.00	185
60	1	143	0.69	144
61	1	179	0.56	180
62	1	170	0.58	171
63	1	176	0.56	177
64	2	205	0.97	207
65	0	193	0.00	193
66	0	165	0.00	165
67	1	169	0.59	170
68	0	192	0.00	192
69	0	164	0.00	164
70	1	213	0.47	214
71	0	162	0.00	162
72	0	153	0.00	153
73	0	169	0.00	169
74	1	162	0.61	163
75	0	149	0.00	149
76	0	159	0.00	159
77	0	172	0.00	172
78	0	144	0.00	144
79	0	140	0.00	140
80	0	126	0.00	126
81	1	202	0.49	203
82	0	113	0.00	113
83	1	141	0.70	142
84	0	127	0.00	127
85	0	130	0.00	130
86	0	141	0.00	141
87	0	107	0.00	107
88	0	143	0.00	143
89	0	114	0.00	114
90	0	106	0.00	106
91	0	161	0.00	161
92	0	75	0.00	75
93	1	76	1.30	77
94	0	109	0.00	109
95	1	96	1.03	97
96	0	103	0.00	103
97	0	121	0.00	121
98	0	90	0.00	90
99	0	43	0.00	43
100	0	5	0.00	5
101	0	6	0.00	6
102	0	11	0.00	11
103	0	4	0.00	4
104	0	3	0.00	3
105	0	4	0.00	4
106	0	4	0.00	4
107	0	5	0.00	5
108	0	3	0.00	3
109	0	2	0.00	2
110	0	5	0.00	5
111	0	4	0.00	4
112	0	2	0.00	2
113	0	1	0.00	1
114	0	2	0.00	2
115	0	1	0.00	1
116	0	1	0.00	1
117	0	2	0.00	2
118	0	2	0.00	2
119	0	2	0.00	2
120	0	0		0
121	0	3	0.00	3
122	0	1	0.00	1
123	0	2	0.00	2
124	0	3	0.00	3
125	0	0		0
126	0	1	0.00	1
127	0	0		0
128	0	2	0.00	2
129	0	0		0
130	0	2	0.00	2
131	0	0		0
132	0	0		0
133	0	1	0.00	1
134	0	1	0.00	1
135	0	0		0
136	0	1	0.00	1
137	0	1	0.00	1
138	0	0		0
139	0	2	0.00	2
140	0	0		0
141	0	0		0
142	0	0		0
143	0	2	0.00	2
144	0	0		0
145	0	0		0
146	0	1	0.00	1
147	0	2	0.00	2
148	0	2	0.00	2
149	0	0		0

CHH context (R1)
================
position	count methylated	count unmethylated	% methylation	coverage
1	0	26	0.00	26
2	0	31	0.00	31
3	0	22	0.00	22
4	0	329	0.00	329
5	0	387	0.00	387
6	0	380	0.00	380
7	2	405	0.49	407
8	1	375	0.27	376
9	0	337	0.00	337
10	0	317	0.00	317
11	0	355	0.00	355
12	0	338	0.00	338
13	0	371	0.00	371
14	0	364	0.00	364
15	3	369	0.81	372
16	1	360	0.28	361
17	2	310	0.64	312
18	1	313	0.32	314
19	0	307	0.00	307
20	1	352	0.28	353
21	1	340	0.29	341
22	3	348	0.85	351
23	3	332	0.90	335
24	2	378	0.53	380
25	2	403	0.49	405
26	3	346	0.86	349
27	3	367	0.81	370
28	3	347	0.86	350
29	1	349	0.29	350
30	1	401	0.25	402
31	1	346	0.29	347
32	2	368	0.54	370
33	2	316	0.63	318
34	1	326	0.31	327
35	0	308	0.00	308
36	1	355	0.28	356
37	0	348	0.00	348
38	1	346	0.29	347
39	0	322	0.00	322
40	3	329	0.90	332
41	2	369	0.54	371
42	1	332	0.30	333
43	0	284	0.00	284
44	2	328	0.61	330
45	0	271	0.00	271
46	0	320	0.00	320
47	1	309	0.32	310
48	1	312	0.32	313
49	0	351	0.00	351
50	0	398	0.00	398
51	1	415	0.24	416
52	0	370	0.00	370
53	1	321	0.31	322
54	2	309	0.64	311
55	2	309	0.64	311
56	0	320	0.00	320
57	1	290	0.34	291
58	3	252	1.18	255
59	1	289	0.34	290
60	1	308	0.32	309
61	0	337	0.00	337
62	2	348	0.57	350
63	0	337	0.00	337
64	4	354	1.12	358
65	0	305	0.00	305
66	0	273	0.00	273
67	0	324	0.00	324
68	3	323	0.92	326
69	4	321	1.23	325
70	0	247	0.00	247
71	0	286	0.00	286
72	1	258	0.39	259
73	3	286	1.04	289
74	1	240	0.41	241
75	0	298	0.00	298
76	2	297	0.67	299
77	0	274	0.00	274
78	1	295	0.34	296
79	0	308	0.00	308
80	0	321	0.00	321
81	1	245	0.41	246
82	0	256	0.00	256
83	0	233	0.00	233
84	0	245	0.00	245
85	0	230	0.00	230
86	1	260	0.38	261
87	0	203	0.00	203
88	1	254	0.39	255
89	0	224	0.00	224
90	0	179	0.00	179
91	0	171	0.00	171
92	0	169	0.00	169
93	1	182	0.55	183
94	0	158	0.00	158
95	0	179	0.00	179
96	1	146	0.68	147
97	0	160	0.00	160
98	0	165	0.00	165
99	0	60	0.00	60
100	0	12	0.00	12
101	0	11	0.00	11
102	0	10	0.00	10
103	1	7	12.50	8
104	0	8	0.00	8
105	0	8	0.00	8
106	1	6	14.29	7
107	0	4	0.00	4
108	1	3	25.00	4
109	0	9	0.00	9
110	0	11	0.00	11
111	0	5	0.00	5
112	0	1	0.00	1
113	0	7	0.00	7
114	0	4	0.00	4
115	0	3	0.00	3
116	0	6	0.00	6
117	0	6	0.00	6
118	0	1	0.00	1
119	0	3	0.00	3
120	0	3	0.00	3
121	0	3	0.00	3
122	0	4	0.00	4
123	0	3	0.00	3
124	0	1	0.00	1
125	0	2	0.00	2
126	0	2	0.00	2
127	0	1	0.00	1
128	0	2	0.00	2
129	0	2	0.00	2
130	0	1	0.00	1
131	0	1	0.00	1
132	0	0		0
133	0	1	0.00	1
134	0	2	0.00	2
135	0	2	0.00	2
136	0	1	0.00	1
137	0	0		0
138	0	1	0.00	1
139	0	0		0
140	0	1	0.00	1
141	0	1	0.00	1
142	0	0		0
143	0	1	0.00	1
144	0	0		0
145	0	1	0.00	1
146	0	3	0.00	3
147	0	1	0.00	1
148	0	0		0
149	0	1	0.00	1

CpG context (R2)
================
position	count methylated	count unmethylated	% methylation	coverage
1	0	24	0.00	24
2	0	9	0.00	9
3	3	75	3.85	78
4	5	70	6.67	75
5	7	108	6.09	115
6	7	81	7.95	88
7	6	139	4.14	145
8	1	73	1.35	74
9	4	69	5.48	73
10	4	103	3.74	107
11	2	66	2.94	68
12	3	60	4.76	63
13	6	79	7.06	85
14	4	38	9.52	42
15	6	70	7.89	76
16	0	59	0.00	59
17	2	36	5.26	38
18	5	41	10.87	46
19	1	39	2.50	40
20	3	40	6.98	43
21	1	39	2.50	40
22	0	37	0.00	37
23	1	46	2.13	47
24	4	42	8.70	46
25	2	31	6.06	33
26	2	38	5.00	40
27	3	35	7.89	38
28	3	39	7.14	42
29	1	40	2.44	41
30	1	16	5.88	17
31	3	24	11.11	27
32	2	25	7.41	27
33	2	15	11.76	17
34	3	15	16.67	18
35	0	9	0.00	9
36	0	14	0.00	14
37	1	15	6.25	16
38	0	21	0.00	21
39	0	9	0.00	9
40	0	3	0.00	3
41	1	8	11.11	9
42	0	14	0.00	14
43	2	12	14.29	14
44	0	9	0.00	9
45	0	1	0.00	1
46	4	14	22.22	18
47	0	6	0.00	6
48	1	5	16.67	6
49	0	2	0.00	2
50	2	7	22.22	9
51	0	6	0.00	6
52	0	4	0.00	4
53	0	2	0.00	2
54	0	8	0.00	8
55	1	1	50.00	2
56	0	2	0.00	2
57	0	2	0.00	2
58	0	6	0.00	6
59	0	3	0.00	3
60	0	2	0.00	2
61	0	7	0.00	7
62	0	1	0.00	1
63	1	2	33.33	3
64	0	1	0.00	1
65	0	1	0.00	1
66	0	2	0.00	2
67	0	1	0.00	1
68	0	0		0
69	0	0		0
70	0	0		0
71	0	1	0.00	1
72	0	1	0.00	1
73	0	0		0
74	0	1	0.00	1
75	0	0		0
76	0	0		0
77	0	1	0.00	1
78	0	0		0
79	0	0		0
80	0	1	0.00	1
81	0	0		0
82	0	0		0
83	0	1	0.00	1
84	0	0		0
85	0	0		0
86	0	0		0
87	0	0		0
88	0	0		0
89	0	0		0
90	0	1	0.00	1
91	0	0		0
92	0	0		0
93	0	0		0
94	0	0		0
95	0	0		0
96	0	0		0
97	0	0		0
98	0	1	0.00	1

CHG context (R2)
================
position	count methylated	count unmethylated	% methylation	coverage
1	17	2118	0.80	2135
2	0	28	0.00	28
3	0	7	0.00	7
4	0	46	0.00	46
5	0	53	0.00	53
6	1	77	1.28	78
7	0	76	0.00	76
8	0	85	0.00	85
9	0	64	0.00	64
10	0	56	0.00	56
11	1	78	1.27	79
12	0	40	0.00	40
13	0	48	0.00	48
14	0	56	0.00	56
15	0	49	0.00	49
16	0	43	0.00	43
17	0	61	0.00	61
18	1	52	1.89	53
19	0	58	0.00	58
20	0	55	0.00	55
21	0	40	0.00	40
22	0	65	0.00	65
23	0	32	0.00	32
24	0	19	0.00	19
25	0	40	0.00	40
26	0	23	0.00	23
27	0	9	0.00	9
28	0	20	0.00	20
29	0	29	0.00	29
30	0	31	0.00	31
31	1	22	4.35	23
32	1	14	6.67	15
33	0	15	0.00	15
34	0	24	0.00	24
35	0	22	0.00	22
36	0	15	0.00	15
37	0	9	0.00	9
38	0	16	0.00	16
39	0	13	0.00	13
40	0	17	0.00	17
41	0	14	0.00	14
42	0	6	0.00	6
43	0	7	0.00	7
44	0	8	0.00	8
45	0	7	0.00	7
46	0	1	0.00	1
47	0	11	0.00	11
48	0	6	0.00	6
49	0	10	0.00	10
50	0	6	0.00	6
51	0	3	0.00	3
52	0	9	0.00	9
53	0	11	0.00	11
54	0	1	0.00	1
55	0	5	0.00	5
56	0	4	0.00	4
57	0	0		0
58	0	2	0.00	2
59	0	1	0.00	1
60	0	4	0.00	4
61	0	1	0.00	1
62	0	1	0.00	1
63	0	2	0.00	2
64	0	2	0.00	2
65	0	2	0.00	2
66	0	0		0
67	0	1	0.00	1
68	0	1	0.00	1
69	0	1	0.00	1
70	0	0		0
71	0	1	0.00	1
72	0	0		0
73	0	0		0
74	0	0		0
75	0	0		0
76	0	0		0
77	0	0		0
78	0	0		0
79	0	0		0
80	0	0		0
81	0	0		0
82	0	0		0
83	0	1	0.00	1
84	0	0		0
85	0	0		0
86	0	1	0.00	1
87	0	0		0
88	0	0		0
89	0	0		0
90	0	0		0
91	0	0		0
92	0	0		0
93	0	1	0.00	1
94	0	0		0
95	0	0		0
96	0	0		0
97	0	0		0
98	0	0		0

CHH context (R2)
================
position	count methylated	count unmethylated	% methylation	coverage
1	0	12	0.00	12
2	2	1001	0.20	1003
3	3	266	1.12	269
4	0	179	0.00	179
5	0	141	0.00	141
6	0	82	0.00	82
7	1	106	0.93	107
8	1	135	0.74	136
9	1	115	0.86	116
10	0	115	0.00	115
11	0	79	0.00	79
12	0	80	0.00	80
13	0	69	0.00	69
14	0	80	0.00	80
15	0	71	0.00	71
16	0	66	0.00	66
17	1	61	1.61	62
18	0	68	0.00	68
19	0	80	0.00	80
20	0	57	0.00	57
21	0	55	0.00	55
22	0	37	0.00	37
23	0	49	0.00	49
24	0	50	0.00	50
25	0	44	0.00	44
26	0	36	0.00	36
27	0	25	0.00	25
28	0	23	0.00	23
29	0	29	0.00	29
30	0	34	0.00	34
31	0	25	0.00	25
32	0	36	0.00	36
33	2	22	8.33	24
34	0	29	0.00	29
35	1	38	2.56	39
36	0	25	0.00	25
37	0	14	0.00	14
38	1	25	3.85	26
39	0	8	0.00	8
40	0	22	0.00	22
41	0	14	0.00	14
42	0	17	0.00	17
43	0	17	0.00	17
44	0	25	0.00	25
45	0	14	0.00	14
46	0	18	0.00	18
47	0	9	0.00	9
48	0	11	0.00	11
49	0	11	0.00	11
50	0	7	0.00	7
51	0	13	0.00	13
52	0	7	0.00	7
53	0	9	0.00	9
54	0	9	0.00	9
55	0	7	0.00	7
56	0	6	0.00	6
57	0	3	0.00	3
58	0	2	0.00	2
59	0	0		0
60	0	1	0.00	1
61	0	2	0.00	2
62	0	3	0.00	3
63	0	0		0
64	0	0		0
65	0	0		0
66	0	0		0
67	0	0		0
68	0	1	0.00	1
69	0	0		0
70	0	0		0
71	0	0		0
72	0	0		0
73	0	0		0
74	0	1	0.00	1
75	0	0		0
76	0	0		0
77	0	0		0
78	0	0		0
79	0	0		0
80	0	0		0
81	0	0		0
82	0	0		0
83	0	0		0
84	0	1	0.00	1
85	0	1	0.00	1
86	0	0		0
87	0	0		0
88	0	0		0
89	0	0		0
90	0	0		0
91	0	0		0
92	0	0		0
93	0	0		0
94	0	0		0
95	0	0		0
96	0	0		0
97	0	0		0
98	0	0		0

