CpG context (R1)
================
position	count methylated	count unmethylated	% methylation	coverage
1	219	2156	9.22	2375
2	0	19	0.00	19
3	0	23	0.00	23
4	11	169	6.11	180
5	8	211	3.65	219
6	11	236	4.45	247
7	7	219	3.10	226
8	20	275	6.78	295
9	16	254	5.93	270
10	16	260	5.80	276
11	10	249	3.86	259
12	15	286	4.98	301
13	16	267	5.65	283
14	14	258	5.15	272
15	12	226	5.04	238
16	15	291	4.90	306
17	6	224	2.61	230
18	8	241	3.21	249
19	12	318	3.64	330
20	13	235	5.24	248
21	18	217	7.66	235
22	16	275	5.50	291
23	8	247	3.14	255
24	17	227	6.97	244
25	13	316	3.95	329
26	15	273	5.21	288
27	14	264	5.04	278
28	13	267	4.64	280
29	16	253	5.95	269
30	17	263	6.07	280
31	8	273	2.85	281
32	18	287	5.90	305
33	15	256	5.54	271
34	13	250	4.94	263
35	19	300	5.96	319
36	15	207	6.76	222
37	16	266	5.67	282
38	18	240	6.98	258
39	13	248	4.98	261
40	8	268	2.90	276
41	13	240	5.14	253
42	11	262	4.03	273
43	9	250	3.47	259
44	14	252	5.26	266
45	11	272	3.89	283
46	13	255	4.85	268
47	22	301	6.81	323
48	13	257	4.81	270
49	20	246	7.52	266
50	15	221	6.36	236
51	10	236	4.07	246
52	7	260	2.62	267
53	10	230	4.17	240
54	11	246	4.28	257
55	27	288	8.57	315
56	11	211	4.95	222
57	5	241	2.03	246
58	12	252	4.55	264
59	12	262	4.38	274
60	12	239	4.78	251
61	12	257	4.46	269
62	17	237	6.69	254
63	13	190	6.40	203
64	14	264	5.04	278
65	15	237	5.95	252
66	14	245	5.41	259
67	14	217	6.06	231
68	12	211	5.38	223
69	10	190	5.00	200
70	6	214	2.73	220
71	17	240	6.61	257
72	7	216	3.14	223
73	12	240	4.76	252
74	7	188	3.59	195
75	13	168	7.18	181
76	10	205	4.65	215
77	10	211	4.52	221
78	19	182	9.45	201
79	11	204	5.12	215
80	5	157	3.09	162
81	8	159	4.79	167
82	10	192	4.95	202
83	8	144	5.26	152
84	10	171	5.52	181
85	7	187	3.61	194
86	13	158	7.60	171
87	8	157	4.85	165
88	7	109	6.03	116
89	8	148	5.13	156
90	6	116	4.92	122
91	6	156	3.70	162
92	7	149	4.49	156
93	10	129	7.19	139
94	5	117	4.10	122
95	11	108	9.24	119
96	14	102	12.07	116
97	4	129	3.01	133
98	5	117	4.10	122
99	5	44	10.20	49
100	1	12	7.69	13
101	0	4	0.00	4
102	2	2	50.00	4
103	1	9	10.00	10
104	1	7	12.50	8
105	0	8	0.00	8
106	0	0		0
107	0	5	0.00	5
108	0	5	0.00	5
109	1	7	12.50	8
110	0	4	0.00	4
111	0	1	0.00	1
112	1	4	20.00	5
113	2	1	66.67	3
114	1	0	100.00	1
115	0	2	0.00	2
116	1	1	50.00	2
117	0	1	0.00	1
118	0	3	0.00	3
119	0	5	0.00	5
120	0	0		0
121	1	3	25.00	4
122	0	1	0.00	1
123	1	1	50.00	2
124	0	1	0.00	1
125	0	1	0.00	1
126	0	3	0.00	3
127	0	2	0.00	2
128	1	0	100.00	1
129	0	0		0
130	1	0	100.00	1
131	0	0		0
132	0	0		0
133	1	0	100.00	1
134	0	0		0
135	0	0		0
136	0	1	0.00	1
137	1	0	100.00	1
138	1	1	50.00	2
139	0	1	0.00	1
140	0	1	0.00	1
141	0	0		0
142	0	0		0
143	0	0		0
144	0	0		0
145	0	0		0
146	0	1	0.00	1
147	1	0	100.00	1
148	0	0		0
149	0	1	0.00	1

CHG context (R1)
================
position	count methylated	count unmethylated	% methylation	coverage
1	0	16	0.00	16
2	0	30	0.00	30
3	0	11	0.00	11
4	1	121	0.82	122
5	2	196	1.01	198
6	1	237	0.42	238
7	0	245	0.00	245
8	1	240	0.41	241
9	0	211	0.00	211
10	0	175	0.00	175
11	0	272	0.00	272
12	2	223	0.89	225
13	0	193	0.00	193
14	0	212	0.00	212
15	2	245	0.81	247
16	3	193	1.53	196
17	0	224	0.00	224
18	1	254	0.39	255
19	1	206	0.48	207
20	1	167	0.60	168
21	1	206	0.48	207
22	0	263	0.00	263
23	0	210	0.00	210
24	3	197	1.50	200
25	3	227	1.30	230
26	0	196	0.00	196
27	1	226	0.44	227
28	0	251	0.00	251
29	2	194	1.02	196
30	1	205	0.49	206
31	0	265	0.00	265
32	5	215	2.27	220
33	1	212	0.47	213
34	2	207	0.96	209
35	2	231	0.86	233
36	1	201	0.50	202
37	1	202	0.49	203
38	0	190	0.00	190
39	0	209	0.00	209
40	0	232	0.00	232
41	3	261	1.14	264
42	1	210	0.47	211
43	1	183	0.54	184
44	0	248	0.00	248
45	0	186	0.00	186
46	2	228	0.87	230
47	0	187	0.00	187
48	0	221	0.00	221
49	0	210	0.00	210
50	1	206	0.48	207
51	0	253	0.00	253
52	1	211	0.47	212
53	0	203	0.00	203
54	0	190	0.00	190
55	0	170	0.00	170
56	0	214	0.00	214
57	2	193	1.03	195
58	0	205	0.00	205
59	3	186	1.59	189
60	0	160	0.00	160
61	0	181	0.00	181
62	0	171	0.00	171
63	0	205	0.00	205
64	2	191	1.04	193
65	0	217	0.00	217
66	0	190	0.00	190
67	1	195	0.51	196
68	2	188	1.05	190
69	1	191	0.52	192
70	0	199	0.00	199
71	0	182	0.00	182
72	0	166	0.00	166
73	1	174	0.57	175
74	1	125	0.79	126
75	2	152	1.30	154
76	0	177	0.00	177
77	4	167	2.34	171
78	0	164	0.00	164
79	0	146	0.00	146
80	0	134	0.00	134
81	0	202	0.00	202
82	0	137	0.00	137
83	0	147	0.00	147
84	0	125	0.00	125
85	1	118	0.84	119
86	2	164	1.20	166
87	0	111	0.00	111
88	0	121	0.00	121
89	1	125	0.79	126
90	0	99	0.00	99
91	0	151	0.00	151
92	0	103	0.00	103
93	0	97	0.00	97
94	0	104	0.00	104
95	1	96	1.03	97
96	0	117	0.00	117
97	1	113	0.88	114
98	0	89	0.00	89
99	0	50	0.00	50
100	0	4	0.00	4
101	0	7	0.00	7
102	0	5	0.00	5
103	0	5	0.00	5
104	0	2	0.00	2
105	0	3	0.00	3
106	0	8	0.00	8
107	0	3	0.00	3
108	0	4	0.00	4
109	0	2	0.00	2
110	0	4	0.00	4
111	0	3	0.00	3
112	0	6	0.00	6
113	0	0		0
114	0	0		0
115	0	1	0.00	1
116	0	2	0.00	2
117	0	1	0.00	1
118	0	5	0.00	5
119	0	0		0
120	0	1	0.00	1
121	0	2	0.00	2
122	0	0		0
123	0	1	0.00	1
124	0	0		0
125	0	0		0
126	0	2	0.00	2
127	0	0		0
128	0	2	0.00	2
129	0	1	0.00	1
130	0	0		0
131	0	0		0
132	0	0		0
133	0	0		0
134	0	0		0
135	0	1	0.00	1
136	0	1	0.00	1
137	0	1	0.00	1
138	0	0		0
139	0	1	0.00	1
140	0	0		0
141	0	1	0.00	1
142	0	0		0
143	0	0		0
144	0	0		0
145	0	0		0
146	0	2	0.00	2
147	0	0		0
148	0	1	0.00	1
149	0	1	0.00	1

CHH context (R1)
================
position	count methylated	count unmethylated	% methylation	coverage
1	0	31	0.00	31
2	0	24	0.00	24
3	0	22	0.00	22
4	1	352	0.28	353
5	1	386	0.26	387
6	1	420	0.24	421
7	0	356	0.00	356
8	2	365	0.54	367
9	2	305	0.65	307
10	2	331	0.60	333
11	1	322	0.31	323
12	3	336	0.88	339
13	0	364	0.00	364
14	0	373	0.00	373
15	0	352	0.00	352
16	1	353	0.28	354
17	2	322	0.62	324
18	1	301	0.33	302
19	1	299	0.33	300
20	2	347	0.57	349
21	0	326	0.00	326
22	3	307	0.97	310
23	0	340	0.00	340
24	1	374	0.27	375
25	1	421	0.24	422
26	6	378	1.56	384
27	1	411	0.24	412
28	4	394	1.01	398
29	2	340	0.58	342
30	2	369	0.54	371
31	2	338	0.59	340
32	2	359	0.55	361
33	3	305	0.97	308
34	0	338	0.00	338
35	1	318	0.31	319
36	1	364	0.27	365
37	3	369	0.81	372
38	0	336	0.00	336
39	0	345	0.00	345
40	1	332	0.30	333
41	1	340	0.29	341
42	1	347	0.29	348
43	0	362	0.00	362
44	1	361	0.28	362
45	2	334	0.60	336
46	2	351	0.57	353
47	3	336	0.88	339
48	1	332	0.30	333
49	1	422	0.24	423
50	1	409	0.24	410
51	0	421	0.00	421
52	1	352	0.28	353
53	3	348	0.85	351
54	1	329	0.30	330
55	0	318	0.00	318
56	1	284	0.35	285
57	1	297	0.34	298
58	0	294	0.00	294
59	1	315	0.32	316
60	2	328	0.61	330
61	1	348	0.29	349
62	1	380	0.26	381
63	0	325	0.00	325
64	0	353	0.00	353
65	2	335	0.59	337
66	2	303	0.66	305
67	0	312	0.00	312
68	1	343	0.29	344
69	0	308	0.00	308
70	3	303	0.98	306
71	0	286	0.00	286
72	2	258	0.77	260
73	1	311	0.32	312
74	0	310	0.00	310
75	0	323	0.00	323
76	1	317	0.31	318
77	0	295	0.00	295
78	0	266	0.00	266
79	0	283	0.00	283
80	0	334	0.00	334
81	1	296	0.34	297
82	0	288	0.00	288
83	0	232	0.00	232
84	1	267	0.37	268
85	1	258	0.39	259
86	3	257	1.15	260
87	1	229	0.43	230
88	1	266	0.37	267
89	0	225	0.00	225
90	1	182	0.55	183
91	0	186	0.00	186
92	1	202	0.49	203
93	1	187	0.53	188
94	0	163	0.00	163
95	1	199	0.50	200
96	0	148	0.00	148
97	1	151	0.66	152
98	2	163	1.21	165
99	0	71	0.00	71
100	0	7	0.00	7
101	0	6	0.00	6
102	0	13	0.00	13
103	0	7	0.00	7
104	0	9	0.00	9
105	0	7	0.00	7
106	0	3	0.00	3
107	0	5	0.00	5
108	0	4	0.00	4
109	0	3	0.00	3
110	0	5	0.00	5
111	0	7	0.00	7
112	0	3	0.00	3
113	0	3	0.00	3
114	0	5	0.00	5
115	0	3	0.00	3
116	0	5	0.00	5
117	0	3	0.00	3
118	0	0		0
119	0	0		0
120	0	0		0
121	0	1	0.00	1
122	0	1	0.00	1
123	0	2	0.00	2
124	0	1	0.00	1
125	0	3	0.00	3
126	0	1	0.00	1
127	0	0		0
128	0	0		0
129	0	1	0.00	1
130	0	0		0
131	0	1	0.00	1
132	0	2	0.00	2
133	0	2	0.00	2
134	0	3	0.00	3
135	0	3	0.00	3
136	0	1	0.00	1
137	0	1	0.00	1
138	0	1	0.00	1
139	0	0		0
140	0	0		0
141	0	0		0
142	0	0		0
143	0	0		0
144	0	1	0.00	1
145	0	3	0.00	3
146	0	0		0
147	0	0		0
148	0	0		0
149	0	0		0

CpG context (R2)
================
position	count methylated	count unmethylated	% methylation	coverage
1	0	20	0.00	20
2	0	10	0.00	10
3	3	75	3.85	78
4	3	75	3.85	78
5	6	114	5.00	120
6	4	84	4.55	88
7	2	124	1.59	126
8	4	83	4.60	87
9	2	79	2.47	81
10	4	87	4.40	91
11	7	75	8.54	82
12	2	69	2.82	71
13	6	67	8.22	73
14	2	43	4.44	45
15	1	76	1.30	77
16	0	66	0.00	66
17	1	50	1.96	51
18	6	48	11.11	54
19	2	40	4.76	42
20	0	55	0.00	55
21	0	53	0.00	53
22	2	32	5.88	34
23	2	40	4.76	42
24	1	65	1.52	66
25	0	39	0.00	39
26	0	34	0.00	34
27	1	32	3.03	33
28	1	31	3.12	32
29	1	29	3.33	30
30	0	23	0.00	23
31	4	30	11.76	34
32	0	36	0.00	36
33	1	15	6.25	16
34	0	18	0.00	18
35	0	16	0.00	16
36	0	10	0.00	10
37	1	19	5.00	20
38	0	22	0.00	22
39	1	6	14.29	7
40	0	6	0.00	6
41	0	7	0.00	7
42	0	9	0.00	9
43	0	11	0.00	11
44	1	15	6.25	16
45	2	3	40.00	5
46	1	7	12.50	8
47	0	10	0.00	10
48	0	6	0.00	6
49	0	3	0.00	3
50	0	5	0.00	5
51	0	10	0.00	10
52	1	4	20.00	5
53	1	5	16.67	6
54	0	4	0.00	4
55	1	1	50.00	2
56	0	3	0.00	3
57	0	4	0.00	4
58	0	4	0.00	4
59	0	1	0.00	1
60	0	3	0.00	3
61	0	3	0.00	3
62	0	0		0
63	0	0		0
64	0	1	0.00	1
65	0	0		0
66	0	0		0
67	0	1	0.00	1
68	0	1	0.00	1
69	0	0		0
70	0	0		0
71	0	0		0
72	0	0		0
73	0	0		0
74	0	0		0
75	0	0		0
76	0	0		0
77	0	1	0.00	1
78	0	0		0
79	0	1	0.00	1
80	0	0		0
81	0	2	0.00	2
82	0	0		0
83	0	0		0
84	0	0		0
85	0	0		0
86	0	0		0
87	0	0		0
88	0	0		0
89	0	0		0
90	0	0		0
91	0	0		0
92	0	0		0
93	0	0		0
94	0	0		0
95	0	1	0.00	1

CHG context (R2)
================
position	count methylated	count unmethylated	% methylation	coverage
1	10	2145	0.46	2155
2	0	26	0.00	26
3	0	5	0.00	5
4	1	45	2.17	46
5	0	65	0.00	65
6	1	73	1.35	74
7	0	76	0.00	76
8	1	92	1.08	93
9	0	62	0.00	62
10	1	46	2.13	47
11	2	70	2.78	72
12	0	41	0.00	41
13	0	48	0.00	48
14	1	54	1.82	55
15	0	41	0.00	41
16	0	46	0.00	46
17	2	57	3.39	59
18	0	58	0.00	58
19	0	49	0.00	49
20	0	48	0.00	48
21	0	44	0.00	44
22	0	48	0.00	48
23	0	29	0.00	29
24	0	24	0.00	24
25	1	30	3.23	31
26	0	24	0.00	24
27	0	10	0.00	10
28	0	23	0.00	23
29	0	32	0.00	32
30	0	16	0.00	16
31	0	19	0.00	19
32	0	23	0.00	23
33	0	27	0.00	27
34	0	18	0.00	18
35	0	21	0.00	21
36	0	14	0.00	14
37	0	11	0.00	11
38	0	14	0.00	14
39	1	12	7.69	13
40	1	13	7.14	14
41	0	21	0.00	21
42	0	3	0.00	3
43	0	7	0.00	7
44	0	3	0.00	3
45	0	13	0.00	13
46	0	2	0.00	2
47	1	4	20.00	5
48	0	6	0.00	6
49	0	8	0.00	8
50	0	9	0.00	9
51	0	4	0.00	4
52	0	6	0.00	6
53	0	3	0.00	3
54	0	1	0.00	1
55	0	3	0.00	3
56	0	4	0.00	4
57	0	0		0
58	0	2	0.00	2
59	0	1	0.00	1
60	0	4	0.00	4
61	0	2	0.00	2
62	0	0		0
63	0	1	0.00	1
64	0	2	0.00	2
65	0	0		0
66	0	0		0
67	0	0		0
68	0	1	0.00	1
69	0	1	0.00	1
70	0	1	0.00	1
71	0	0		0
72	0	0		0
73	0	1	0.00	1
74	0	1	0.00	1
75	0	0		0
76	0	0		0
77	0	1	0.00	1
78	0	0		0
79	0	0		0
80	0	0		0
81	0	0		0
82	0	1	0.00	1
83	0	0		0
84	0	0		0
85	0	1	0.00	1
86	0	0		0
87	0	0		0
88	0	0		0
89	0	0		0
90	0	0		0
91	0	0		0
92	0	0		0
93	0	0		0
94	0	0		0
95	0	0		0

CHH context (R2)
================
position	count methylated	count unmethylated	% methylation	coverage
1	0	12	0.00	12
2	7	969	0.72	976
3	1	259	0.38	260
4	0	176	0.00	176
5	0	143	0.00	143
6	0	99	0.00	99
7	0	97	0.00	97
8	1	129	0.77	130
9	1	120	0.83	121
10	1	131	0.76	132
11	0	84	0.00	84
12	0	86	0.00	86
13	1	59	1.67	60
14	1	84	1.18	85
15	0	69	0.00	69
16	0	69	0.00	69
17	0	67	0.00	67
18	1	81	1.22	82
19	1	87	1.14	88
20	0	67	0.00	67
21	0	49	0.00	49
22	0	47	0.00	47
23	1	54	1.82	55
24	0	35	0.00	35
25	0	58	0.00	58
26	1	30	3.23	31
27	0	33	0.00	33
28	0	37	0.00	37
29	0	27	0.00	27
30	0	26	0.00	26
31	0	25	0.00	25
32	0	23	0.00	23
33	0	19	0.00	19
34	0	25	0.00	25
35	0	34	0.00	34
36	0	23	0.00	23
37	0	13	0.00	13
38	0	20	0.00	20
39	0	13	0.00	13
40	0	21	0.00	21
41	0	13	0.00	13
42	0	25	0.00	25
43	0	17	0.00	17
44	0	19	0.00	19
45	0	12	0.00	12
46	0	23	0.00	23
47	0	10	0.00	10
48	0	7	0.00	7
49	0	10	0.00	10
50	0	4	0.00	4
51	0	12	0.00	12
52	0	8	0.00	8
53	0	10	0.00	10
54	0	7	0.00	7
55	0	12	0.00	12
56	0	6	0.00	6
57	0	5	0.00	5
58	0	2	0.00	2
59	0	1	0.00	1
60	0	0		0
61	0	0		0
62	0	2	0.00	2
63	0	1	0.00	1
64	0	1	0.00	1
65	0	1	0.00	1
66	0	0		0
67	0	0		0
68	0	1	0.00	1
69	0	2	0.00	2
70	0	2	0.00	2
71	0	0		0
72	0	1	0.00	1
73	0	0		0
74	0	1	0.00	1
75	0	0		0
76	0	0		0
77	0	0		0
78	0	1	0.00	1
79	0	0		0
80	0	0		0
81	0	0		0
82	0	0		0
83	0	0		0
84	0	1	0.00	1
85	0	0		0
86	0	0		0
87	0	0		0
88	0	0		0
89	0	0		0
90	0	0		0
91	0	0		0
92	0	0		0
93	0	0		0
94	0	0		0
95	0	0		0

