CpG context (R1)
================
position	count methylated	count unmethylated	% methylation	coverage
1	206	2170	8.67	2376
2	0	20	0.00	20
3	1	15	6.25	16
4	10	184	5.15	194
5	16	203	7.31	219
6	5	302	1.63	307
7	13	259	4.78	272
8	19	310	5.78	329
9	12	243	4.71	255
10	14	245	5.41	259
11	13	226	5.44	239
12	12	251	4.56	263
13	14	257	5.17	271
14	18	234	7.14	252
15	8	223	3.46	231
16	18	296	5.73	314
17	13	223	5.51	236
18	12	258	4.44	270
19	21	283	6.91	304
20	7	225	3.02	232
21	14	193	6.76	207
22	16	262	5.76	278
23	15	250	5.66	265
24	9	234	3.70	243
25	14	300	4.46	314
26	15	276	5.15	291
27	8	260	2.99	268
28	13	258	4.80	271
29	9	267	3.26	276
30	11	255	4.14	266
31	18	292	5.81	310
32	10	273	3.53	283
33	15	202	6.91	217
34	8	260	2.99	268
35	18	259	6.50	277
36	8	233	3.32	241
37	21	255	7.61	276
38	16	252	5.97	268
39	8	246	3.15	254
40	20	238	7.75	258
41	8	216	3.57	224
42	16	263	5.73	279
43	14	231	5.71	245
44	13	247	5.00	260
45	16	272	5.56	288
46	17	227	6.97	244
47	20	255	7.27	275
48	11	251	4.20	262
49	17	234	6.77	251
50	12	248	4.62	260
51	13	227	5.42	240
52	9	246	3.53	255
53	13	234	5.26	247
54	13	253	4.89	266
55	9	307	2.85	316
56	12	241	4.74	253
57	16	248	6.06	264
58	20	238	7.75	258
59	14	272	4.90	286
60	9	224	3.86	233
61	7	271	2.52	278
62	13	215	5.70	228
63	11	195	5.34	206
64	11	237	4.44	248
65	11	216	4.85	227
66	11	266	3.97	277
67	14	226	5.83	240
68	5	195	2.50	200
69	9	196	4.39	205
70	9	231	3.75	240
71	13	243	5.08	256
72	7	218	3.11	225
73	12	232	4.92	244
74	5	187	2.60	192
75	12	148	7.50	160
76	13	215	5.70	228
77	10	216	4.42	226
78	11	172	6.01	183
79	5	212	2.30	217
80	11	175	5.91	186
81	10	175	5.41	185
82	8	221	3.49	229
83	6	123	4.65	129
84	6	177	3.28	183
85	5	188	2.59	193
86	7	182	3.70	189
87	7	174	3.87	181
88	4	157	2.48	161
89	5	145	3.33	150
90	7	110	5.98	117
91	5	149	3.25	154
92	4	154	2.53	158
93	5	126	3.82	131
94	7	114	5.79	121
95	5	111	4.31	116
96	2	112	1.75	114
97	4	128	3.03	132
98	6	86	6.52	92
99	1	59	1.67	60
100	0	12	0.00	12
101	0	8	0.00	8
102	1	9	10.00	10
103	0	10	0.00	10
104	1	6	14.29	7
105	0	7	0.00	7
106	0	7	0.00	7
107	1	3	25.00	4
108	1	5	16.67	6
109	0	6	0.00	6
110	0	5	0.00	5
111	0	7	0.00	7
112	0	4	0.00	4
113	0	2	0.00	2
114	0	4	0.00	4
115	0	5	0.00	5
116	0	1	0.00	1
117	0	6	0.00	6
118	0	3	0.00	3
119	0	2	0.00	2
120	1	1	50.00	2
121	0	3	0.00	3
122	0	3	0.00	3
123	0	3	0.00	3
124	1	3	25.00	4
125	0	3	0.00	3
126	1	3	25.00	4
127	0	3	0.00	3
128	1	2	33.33	3
129	0	2	0.00	2
130	0	2	0.00	2
131	0	0		0
132	1	2	33.33	3
133	0	1	0.00	1
134	1	2	33.33	3
135	0	1	0.00	1
136	0	2	0.00	2
137	0	0		0
138	0	2	0.00	2
139	0	2	0.00	2
140	0	0		0
141	0	3	0.00	3
142	0	1	0.00	1
143	0	0		0
144	0	2	0.00	2
145	0	0		0
146	0	0		0
147	0	0		0
148	0	0		0
149	0	1	0.00	1

CHG context (R1)
================
position	count methylated	count unmethylated	% methylation	coverage
1	0	17	0.00	17
2	1	23	4.17	24
3	0	13	0.00	13
4	0	133	0.00	133
5	1	202	0.49	203
6	2	233	0.85	235
7	3	237	1.25	240
8	0	244	0.00	244
9	0	231	0.00	231
10	1	221	0.45	222
11	0	229	0.00	229
12	2	205	0.97	207
13	0	229	0.00	229
14	1	203	0.49	204
15	1	234	0.43	235
16	1	221	0.45	222
17	0	210	0.00	210
18	2	268	0.74	270
19	3	235	1.26	238
20	1	178	0.56	179
21	1	237	0.42	238
22	1	226	0.44	227
23	0	222	0.00	222
24	0	177	0.00	177
25	1	262	0.38	263
26	0	209	0.00	209
27	0	221	0.00	221
28	1	245	0.41	246
29	0	183	0.00	183
30	0	198	0.00	198
31	0	231	0.00	231
32	0	198	0.00	198
33	0	249	0.00	249
34	3	233	1.27	236
35	3	211	1.40	214
36	0	227	0.00	227
37	0	190	0.00	190
38	2	200	0.99	202
39	1	236	0.42	237
40	1	211	0.47	212
41	1	280	0.36	281
42	0	204	0.00	204
43	1	212	0.47	213
44	2	272	0.73	274
45	0	202	0.00	202
46	1	247	0.40	248
47	0	177	0.00	177
48	0	229	0.00	229
49	0	211	0.00	211
50	0	211	0.00	211
51	0	224	0.00	224
52	1	222	0.45	223
53	0	205	0.00	205
54	1	190	0.52	191
55	1	172	0.58	173
56	1	217	0.46	218
57	1	210	0.47	211
58	2	213	0.93	215
59	0	155	0.00	155
60	1	156	0.64	157
61	0	206	0.00	206
62	0	160	0.00	160
63	0	188	0.00	188
64	0	188	0.00	188
65	0	208	0.00	208
66	0	181	0.00	181
67	1	166	0.60	167
68	1	197	0.51	198
69	1	191	0.52	192
70	0	192	0.00	192
71	1	168	0.59	169
72	1	154	0.65	155
73	0	157	0.00	157
74	0	143	0.00	143
75	2	156	1.27	158
76	0	170	0.00	170
77	1	162	0.61	163
78	0	153	0.00	153
79	0	162	0.00	162
80	0	144	0.00	144
81	0	172	0.00	172
82	1	121	0.82	122
83	1	155	0.64	156
84	1	121	0.82	122
85	0	115	0.00	115
86	0	150	0.00	150
87	0	114	0.00	114
88	0	128	0.00	128
89	0	105	0.00	105
90	0	114	0.00	114
91	0	136	0.00	136
92	0	98	0.00	98
93	0	91	0.00	91
94	0	105	0.00	105
95	1	102	0.97	103
96	0	125	0.00	125
97	0	107	0.00	107
98	0	122	0.00	122
99	1	36	2.70	37
100	0	5	0.00	5
101	0	8	0.00	8
102	0	6	0.00	6
103	0	4	0.00	4
104	0	8	0.00	8
105	0	4	0.00	4
106	0	6	0.00	6
107	0	2	0.00	2
108	0	5	0.00	5
109	0	3	0.00	3
110	0	2	0.00	2
111	0	3	0.00	3
112	0	6	0.00	6
113	0	2	0.00	2
114	0	4	0.00	4
115	0	1	0.00	1
116	0	3	0.00	3
117	0	2	0.00	2
118	0	1	0.00	1
119	0	4	0.00	4
120	0	4	0.00	4
121	0	0		0
122	0	2	0.00	2
123	0	2	0.00	2
124	0	2	0.00	2
125	0	3	0.00	3
126	0	1	0.00	1
127	0	0		0
128	0	2	0.00	2
129	0	2	0.00	2
130	0	0		0
131	0	0		0
132	0	1	0.00	1
133	0	1	0.00	1
134	0	0		0
135	0	1	0.00	1
136	0	1	0.00	1
137	0	1	0.00	1
138	0	0		0
139	1	0	100.00	1
140	0	2	0.00	2
141	0	0		0
142	0	0		0
143	0	2	0.00	2
144	0	0		0
145	0	1	0.00	1
146	0	1	0.00	1
147	0	0		0
148	0	1	0.00	1
149	0	2	0.00	2

CHH context (R1)
================
position	count methylated	count unmethylated	% methylation	coverage
1	0	42	0.00	42
2	0	35	0.00	35
3	0	14	0.00	14
4	5	324	1.52	329
5	0	404	0.00	404
6	2	425	0.47	427
7	0	388	0.00	388
8	1	351	0.28	352
9	0	347	0.00	347
10	0	340	0.00	340
11	0	305	0.00	305
12	0	333	0.00	333
13	1	366	0.27	367
14	1	372	0.27	373
15	0	374	0.00	374
16	0	352	0.00	352
17	1	321	0.31	322
18	1	313	0.32	314
19	1	331	0.30	332
20	3	336	0.88	339
21	2	346	0.57	348
22	1	362	0.28	363
23	2	318	0.62	320
24	3	374	0.80	377
25	1	370	0.27	371
26	3	370	0.80	373
27	0	421	0.00	421
28	0	390	0.00	390
29	0	345	0.00	345
30	0	367	0.00	367
31	3	352	0.85	355
32	0	355	0.00	355
33	3	327	0.91	330
34	0	299	0.00	299
35	0	339	0.00	339
36	0	367	0.00	367
37	1	370	0.27	371
38	0	351	0.00	351
39	0	347	0.00	347
40	0	324	0.00	324
41	2	351	0.57	353
42	1	335	0.30	336
43	1	331	0.30	332
44	3	342	0.87	345
45	1	280	0.36	281
46	3	328	0.91	331
47	1	318	0.31	319
48	2	291	0.68	293
49	2	346	0.57	348
50	1	379	0.26	380
51	0	413	0.00	413
52	0	350	0.00	350
53	0	333	0.00	333
54	2	299	0.66	301
55	0	320	0.00	320
56	0	294	0.00	294
57	2	269	0.74	271
58	1	266	0.37	267
59	1	323	0.31	324
60	2	313	0.63	315
61	1	350	0.28	351
62	2	341	0.58	343
63	3	341	0.87	344
64	1	391	0.26	392
65	2	317	0.63	319
66	0	273	0.00	273
67	2	316	0.63	318
68	1	311	0.32	312
69	1	277	0.36	278
70	3	270	1.10	273
71	0	277	0.00	277
72	0	266	0.00	266
73	2	295	0.67	297
74	1	255	0.39	256
75	0	321	0.00	321
76	1	301	0.33	302
77	0	279	0.00	279
78	1	265	0.38	266
79	1	290	0.34	291
80	0	278	0.00	278
81	2	242	0.82	244
82	2	271	0.73	273
83	1	236	0.42	237
84	2	212	0.93	214
85	1	227	0.44	228
86	0	271	0.00	271
87	0	217	0.00	217
88	0	247	0.00	247
89	0	198	0.00	198
90	2	182	1.09	184
91	1	187	0.53	188
92	1	203	0.49	204
93	0	174	0.00	174
94	1	199	0.50	200
95	1	224	0.44	225
96	1	169	0.59	170
97	0	181	0.00	181
98	1	159	0.62	160
99	0	70	0.00	70
100	0	12	0.00	12
101	0	9	0.00	9
102	0	5	0.00	5
103	0	7	0.00	7
104	0	4	0.00	4
105	0	1	0.00	1
106	0	7	0.00	7
107	0	5	0.00	5
108	0	4	0.00	4
109	0	2	0.00	2
110	0	5	0.00	5
111	0	3	0.00	3
112	0	3	0.00	3
113	0	4	0.00	4
114	0	3	0.00	3
115	0	4	0.00	4
116	0	4	0.00	4
117	0	5	0.00	5
118	0	3	0.00	3
119	0	4	0.00	4
120	0	2	0.00	2
121	0	3	0.00	3
122	0	2	0.00	2
123	0	2	0.00	2
124	0	1	0.00	1
125	0	3	0.00	3
126	0	3	0.00	3
127	0	2	0.00	2
128	0	2	0.00	2
129	0	2	0.00	2
130	0	0		0
131	0	1	0.00	1
132	0	4	0.00	4
133	0	3	0.00	3
134	0	3	0.00	3
135	0	2	0.00	2
136	0	2	0.00	2
137	0	2	0.00	2
138	0	1	0.00	1
139	0	0		0
140	0	0		0
141	0	0		0
142	0	0		0
143	0	0		0
144	0	1	0.00	1
145	0	2	0.00	2
146	0	1	0.00	1
147	0	1	0.00	1
148	0	2	0.00	2
149	0	1	0.00	1

CpG context (R2)
================
position	count methylated	count unmethylated	% methylation	coverage
1	0	22	0.00	22
2	1	18	5.26	19
3	2	81	2.41	83
4	2	85	2.30	87
5	3	101	2.88	104
6	8	93	7.92	101
7	5	130	3.70	135
8	5	71	6.58	76
9	7	83	7.78	90
10	4	98	3.92	102
11	4	74	5.13	78
12	1	60	1.64	61
13	4	74	5.13	78
14	1	43	2.27	44
15	1	67	1.47	68
16	1	53	1.85	54
17	0	40	0.00	40
18	1	52	1.89	53
19	1	50	1.96	51
20	0	42	0.00	42
21	2	44	4.35	46
22	3	43	6.52	46
23	3	45	6.25	48
24	5	57	8.06	62
25	0	36	0.00	36
26	0	33	0.00	33
27	3	33	8.33	36
28	1	24	4.00	25
29	0	44	0.00	44
30	0	21	0.00	21
31	6	32	15.79	38
32	0	28	0.00	28
33	1	14	6.67	15
34	0	30	0.00	30
35	0	9	0.00	9
36	1	17	5.56	18
37	1	21	4.55	22
38	2	19	9.52	21
39	0	9	0.00	9
40	0	7	0.00	7
41	0	11	0.00	11
42	1	11	8.33	12
43	1	16	5.88	17
44	0	20	0.00	20
45	0	2	0.00	2
46	5	10	33.33	15
47	0	11	0.00	11
48	0	10	0.00	10
49	0	3	0.00	3
50	0	4	0.00	4
51	0	9	0.00	9
52	2	7	22.22	9
53	0	4	0.00	4
54	1	4	20.00	5
55	1	4	20.00	5
56	0	3	0.00	3
57	0	1	0.00	1
58	0	3	0.00	3
59	0	2	0.00	2
60	0	1	0.00	1
61	0	2	0.00	2
62	0	0		0
63	0	0		0
64	0	2	0.00	2
65	0	1	0.00	1
66	0	2	0.00	2
67	0	0		0
68	0	1	0.00	1
69	0	1	0.00	1
70	0	1	0.00	1
71	0	2	0.00	2
72	0	0		0
73	0	0		0
74	0	0		0
75	0	2	0.00	2
76	0	0		0
77	0	2	0.00	2
78	0	0		0
79	0	1	0.00	1
80	0	0		0
81	0	0		0
82	0	1	0.00	1
83	0	1	0.00	1
84	0	0		0
85	0	0		0
86	0	0		0
87	0	1	0.00	1
88	0	1	0.00	1
89	0	0		0
90	0	0		0
91	0	0		0
92	0	1	0.00	1
93	0	0		0
94	0	1	0.00	1
95	0	1	0.00	1
96	0	1	0.00	1

CHG context (R2)
================
position	count methylated	count unmethylated	% methylation	coverage
1	17	2137	0.79	2154
2	0	18	0.00	18
3	0	10	0.00	10
4	1	45	2.17	46
5	0	66	0.00	66
6	2	63	3.08	65
7	0	77	0.00	77
8	1	112	0.88	113
9	0	89	0.00	89
10	0	53	0.00	53
11	0	77	0.00	77
12	0	49	0.00	49
13	0	52	0.00	52
14	0	43	0.00	43
15	0	46	0.00	46
16	0	47	0.00	47
17	0	53	0.00	53
18	0	41	0.00	41
19	0	59	0.00	59
20	0	69	0.00	69
21	0	36	0.00	36
22	0	61	0.00	61
23	0	24	0.00	24
24	0	19	0.00	19
25	0	42	0.00	42
26	0	19	0.00	19
27	0	12	0.00	12
28	0	22	0.00	22
29	0	21	0.00	21
30	0	24	0.00	24
31	0	30	0.00	30
32	0	21	0.00	21
33	0	17	0.00	17
34	0	24	0.00	24
35	0	26	0.00	26
36	0	22	0.00	22
37	0	11	0.00	11
38	0	17	0.00	17
39	0	21	0.00	21
40	0	14	0.00	14
41	1	20	4.76	21
42	0	6	0.00	6
43	0	5	0.00	5
44	0	2	0.00	2
45	0	10	0.00	10
46	0	3	0.00	3
47	0	8	0.00	8
48	0	6	0.00	6
49	0	13	0.00	13
50	0	8	0.00	8
51	0	3	0.00	3
52	0	11	0.00	11
53	0	6	0.00	6
54	0	1	0.00	1
55	0	4	0.00	4
56	0	3	0.00	3
57	0	1	0.00	1
58	0	6	0.00	6
59	0	1	0.00	1
60	0	5	0.00	5
61	0	1	0.00	1
62	0	1	0.00	1
63	0	2	0.00	2
64	0	1	0.00	1
65	0	0		0
66	0	0		0
67	0	2	0.00	2
68	0	2	0.00	2
69	0	1	0.00	1
70	0	1	0.00	1
71	0	0		0
72	0	0		0
73	0	0		0
74	0	0		0
75	0	0		0
76	0	1	0.00	1
77	0	1	0.00	1
78	0	1	0.00	1
79	0	0		0
80	0	0		0
81	0	0		0
82	0	0		0
83	0	1	0.00	1
84	0	1	0.00	1
85	0	0		0
86	0	1	0.00	1
87	0	0		0
88	0	0		0
89	0	1	0.00	1
90	0	0		0
91	0	0		0
92	0	0		0
93	0	0		0
94	0	0		0
95	0	0		0
96	0	0		0

CHH context (R2)
================
position	count methylated	count unmethylated	% methylation	coverage
1	0	8	0.00	8
2	0	987	0.00	987
3	0	267	0.00	267
4	0	184	0.00	184
5	3	137	2.14	140
6	1	105	0.94	106
7	0	108	0.00	108
8	0	128	0.00	128
9	0	133	0.00	133
10	0	127	0.00	127
11	0	92	0.00	92
12	0	86	0.00	86
13	0	80	0.00	80
14	0	101	0.00	101
15	0	98	0.00	98
16	0	75	0.00	75
17	0	81	0.00	81
18	0	87	0.00	87
19	0	85	0.00	85
20	0	51	0.00	51
21	0	39	0.00	39
22	1	45	2.17	46
23	0	50	0.00	50
24	0	40	0.00	40
25	1	37	2.63	38
26	0	45	0.00	45
27	0	38	0.00	38
28	0	29	0.00	29
29	0	32	0.00	32
30	0	22	0.00	22
31	0	26	0.00	26
32	0	38	0.00	38
33	0	20	0.00	20
34	1	26	3.70	27
35	0	32	0.00	32
36	0	16	0.00	16
37	0	14	0.00	14
38	0	21	0.00	21
39	0	12	0.00	12
40	0	25	0.00	25
41	0	20	0.00	20
42	0	24	0.00	24
43	0	16	0.00	16
44	0	25	0.00	25
45	0	14	0.00	14
46	0	18	0.00	18
47	0	9	0.00	9
48	0	3	0.00	3
49	0	14	0.00	14
50	0	8	0.00	8
51	0	17	0.00	17
52	0	9	0.00	9
53	0	8	0.00	8
54	0	6	0.00	6
55	1	7	12.50	8
56	0	8	0.00	8
57	0	3	0.00	3
58	0	2	0.00	2
59	0	1	0.00	1
60	0	2	0.00	2
61	0	3	0.00	3
62	0	3	0.00	3
63	0	0		0
64	0	0		0
65	0	0		0
66	0	0		0
67	0	0		0
68	0	1	0.00	1
69	0	3	0.00	3
70	0	1	0.00	1
71	0	2	0.00	2
72	0	2	0.00	2
73	0	2	0.00	2
74	0	0		0
75	0	0		0
76	0	0		0
77	0	0		0
78	0	1	0.00	1
79	0	1	0.00	1
80	0	0		0
81	0	0		0
82	0	0		0
83	0	0		0
84	0	1	0.00	1
85	0	1	0.00	1
86	0	0		0
87	0	0		0
88	0	0		0
89	0	0		0
90	0	0		0
91	0	0		0
92	0	0		0
93	0	0		0
94	0	0		0
95	0	0		0
96	0	0		0

