CpG context (R1)
================
position	count methylated	count unmethylated	% methylation	coverage
1	205	2155	8.69	2360
2	1	16	5.88	17
3	3	21	12.50	24
4	4	176	2.22	180
5	8	200	3.85	208
6	10	233	4.12	243
7	8	222	3.48	230
8	9	279	3.12	288
9	9	238	3.64	247
10	11	264	4.00	275
11	6	257	2.28	263
12	12	279	4.12	291
13	16	269	5.61	285
14	15	253	5.60	268
15	11	250	4.21	261
16	15	271	5.24	286
17	12	240	4.76	252
18	9	245	3.54	254
19	11	297	3.57	308
20	6	195	2.99	201
21	15	227	6.20	242
22	15	267	5.32	282
23	20	258	7.19	278
24	13	240	5.14	253
25	15	346	4.16	361
26	9	247	3.52	256
27	14	263	5.05	277
28	16	269	5.61	285
29	5	250	1.96	255
30	15	255	5.56	270
31	12	294	3.92	306
32	10	308	3.14	318
33	12	214	5.31	226
34	16	272	5.56	288
35	15	269	5.28	284
36	6	219	2.67	225
37	7	262	2.60	269
38	15	218	6.44	233
39	5	242	2.02	247
40	15	252	5.62	267
41	16	236	6.35	252
42	11	273	3.87	284
43	10	231	4.15	241
44	15	248	5.70	263
45	18	294	5.77	312
46	26	248	9.49	274
47	13	278	4.47	291
48	15	270	5.26	285
49	17	222	7.11	239
50	12	232	4.92	244
51	14	229	5.76	243
52	19	213	8.19	232
53	10	244	3.94	254
54	16	227	6.58	243
55	10	269	3.58	279
56	8	222	3.48	230
57	14	248	5.34	262
58	8	220	3.51	228
59	12	270	4.26	282
60	7	217	3.12	224
61	10	240	4.00	250
62	4	214	1.83	218
63	13	197	6.19	210
64	5	245	2.00	250
65	19	253	6.99	272
66	12	241	4.74	253
67	17	204	7.69	221
68	10	199	4.78	209
69	10	211	4.52	221
70	11	219	4.78	230
71	10	215	4.44	225
72	9	245	3.54	254
73	12	203	5.58	215
74	6	197	2.96	203
75	7	193	3.50	200
76	7	213	3.18	220
77	8	214	3.60	222
78	5	200	2.44	205
79	8	207	3.72	215
80	7	186	3.63	193
81	8	153	4.97	161
82	4	199	1.97	203
83	8	137	5.52	145
84	4	165	2.37	169
85	9	192	4.48	201
86	14	150	8.54	164
87	7	190	3.55	197
88	3	116	2.52	119
89	9	147	5.77	156
90	7	135	4.93	142
91	5	150	3.23	155
92	3	138	2.13	141
93	9	131	6.43	140
94	3	124	2.36	127
95	5	113	4.24	118
96	5	99	4.81	104
97	6	145	3.97	151
98	9	87	9.38	96
99	3	49	5.77	52
100	0	14	0.00	14
101	0	3	0.00	3
102	0	8	0.00	8
103	0	11	0.00	11
104	0	2	0.00	2
105	0	4	0.00	4
106	0	9	0.00	9
107	1	6	14.29	7
108	0	4	0.00	4
109	0	5	0.00	5
110	0	3	0.00	3
111	0	2	0.00	2
112	1	5	16.67	6
113	0	0		0
114	0	2	0.00	2
115	0	3	0.00	3
116	1	1	50.00	2
117	1	6	14.29	7
118	0	3	0.00	3
119	1	6	14.29	7
120	0	2	0.00	2
121	0	3	0.00	3
122	0	3	0.00	3
123	0	2	0.00	2
124	0	1	0.00	1
125	0	2	0.00	2
126	0	2	0.00	2
127	0	2	0.00	2
128	0	4	0.00	4
129	0	5	0.00	5
130	0	1	0.00	1
131	0	4	0.00	4
132	1	1	50.00	2
133	0	4	0.00	4
134	0	1	0.00	1
135	0	0		0
136	0	2	0.00	2
137	0	2	0.00	2
138	0	4	0.00	4
139	0	1	0.00	1
140	0	0		0
141	0	1	0.00	1
142	0	0		0
143	0	2	0.00	2
144	0	0		0
145	0	0		0
146	0	0		0
147	0	1	0.00	1
148	0	0		0
149	0	1	0.00	1

CHG context (R1)
================
position	count methylated	count unmethylated	% methylation	coverage
1	1	19	5.00	20
2	0	22	0.00	22
3	0	13	0.00	13
4	0	130	0.00	130
5	0	200	0.00	200
6	0	249	0.00	249
7	4	240	1.64	244
8	1	216	0.46	217
9	1	230	0.43	231
10	1	223	0.45	224
11	0	255	0.00	255
12	0	191	0.00	191
13	2	201	0.99	203
14	0	217	0.00	217
15	0	250	0.00	250
16	3	214	1.38	217
17	0	233	0.00	233
18	1	304	0.33	305
19	2	193	1.03	195
20	0	164	0.00	164
21	0	238	0.00	238
22	1	239	0.42	240
23	1	211	0.47	212
24	0	204	0.00	204
25	0	228	0.00	228
26	1	208	0.48	209
27	0	236	0.00	236
28	2	238	0.83	240
29	0	173	0.00	173
30	1	201	0.50	202
31	2	249	0.80	251
32	0	177	0.00	177
33	1	241	0.41	242
34	0	222	0.00	222
35	4	220	1.79	224
36	1	208	0.48	209
37	0	210	0.00	210
38	0	213	0.00	213
39	2	235	0.84	237
40	1	196	0.51	197
41	1	264	0.38	265
42	0	207	0.00	207
43	2	204	0.97	206
44	0	279	0.00	279
45	1	213	0.47	214
46	1	215	0.46	216
47	2	164	1.20	166
48	0	207	0.00	207
49	0	202	0.00	202
50	0	185	0.00	185
51	0	224	0.00	224
52	1	223	0.45	224
53	2	180	1.10	182
54	2	191	1.04	193
55	0	167	0.00	167
56	1	249	0.40	250
57	2	202	0.98	204
58	1	182	0.55	183
59	1	173	0.57	174
60	0	164	0.00	164
61	0	169	0.00	169
62	0	178	0.00	178
63	1	197	0.51	198
64	0	230	0.00	230
65	0	211	0.00	211
66	0	172	0.00	172
67	1	182	0.55	183
68	0	194	0.00	194
69	1	173	0.57	174
70	0	183	0.00	183
71	1	180	0.55	181
72	0	181	0.00	181
73	0	147	0.00	147
74	0	162	0.00	162
75	0	188	0.00	188
76	1	168	0.59	169
77	0	179	0.00	179
78	1	168	0.59	169
79	2	164	1.20	166
80	1	137	0.72	138
81	0	180	0.00	180
82	0	116	0.00	116
83	1	117	0.85	118
84	1	139	0.71	140
85	0	124	0.00	124
86	0	159	0.00	159
87	0	138	0.00	138
88	0	110	0.00	110
89	0	121	0.00	121
90	1	135	0.74	136
91	0	133	0.00	133
92	0	84	0.00	84
93	0	94	0.00	94
94	1	102	0.97	103
95	0	89	0.00	89
96	0	127	0.00	127
97	0	123	0.00	123
98	0	92	0.00	92
99	0	46	0.00	46
100	0	7	0.00	7
101	0	5	0.00	5
102	0	5	0.00	5
103	0	5	0.00	5
104	0	4	0.00	4
105	0	7	0.00	7
106	0	8	0.00	8
107	0	3	0.00	3
108	0	7	0.00	7
109	0	8	0.00	8
110	0	5	0.00	5
111	0	4	0.00	4
112	0	3	0.00	3
113	0	2	0.00	2
114	0	2	0.00	2
115	0	0		0
116	0	4	0.00	4
117	0	2	0.00	2
118	0	5	0.00	5
119	0	1	0.00	1
120	0	5	0.00	5
121	0	4	0.00	4
122	0	0		0
123	0	0		0
124	0	1	0.00	1
125	0	4	0.00	4
126	0	3	0.00	3
127	0	0		0
128	0	3	0.00	3
129	0	0		0
130	0	1	0.00	1
131	0	1	0.00	1
132	0	1	0.00	1
133	0	2	0.00	2
134	0	0		0
135	0	1	0.00	1
136	0	1	0.00	1
137	0	0		0
138	0	0		0
139	0	1	0.00	1
140	0	1	0.00	1
141	0	1	0.00	1
142	0	1	0.00	1
143	0	0		0
144	0	0		0
145	0	0		0
146	0	0		0
147	0	0		0
148	0	1	0.00	1
149	0	0		0

CHH context (R1)
================
position	count methylated	count unmethylated	% methylation	coverage
1	0	32	0.00	32
2	0	40	0.00	40
3	0	21	0.00	21
4	1	340	0.29	341
5	1	396	0.25	397
6	4	446	0.89	450
7	3	415	0.72	418
8	1	346	0.29	347
9	2	312	0.64	314
10	2	319	0.62	321
11	2	335	0.59	337
12	1	365	0.27	366
13	2	395	0.50	397
14	1	386	0.26	387
15	0	364	0.00	364
16	0	337	0.00	337
17	1	330	0.30	331
18	2	291	0.68	293
19	2	316	0.63	318
20	1	362	0.28	363
21	1	368	0.27	369
22	1	334	0.30	335
23	0	337	0.00	337
24	2	331	0.60	333
25	0	400	0.00	400
26	2	383	0.52	385
27	1	434	0.23	435
28	3	370	0.80	373
29	0	359	0.00	359
30	0	379	0.00	379
31	0	351	0.00	351
32	0	366	0.00	366
33	2	320	0.62	322
34	1	320	0.31	321
35	1	308	0.32	309
36	1	375	0.27	376
37	4	360	1.10	364
38	1	368	0.27	369
39	2	318	0.62	320
40	1	323	0.31	324
41	1	330	0.30	331
42	1	347	0.29	348
43	3	324	0.92	327
44	1	338	0.29	339
45	4	314	1.26	318
46	0	294	0.00	294
47	2	317	0.63	319
48	1	341	0.29	342
49	1	376	0.27	377
50	0	406	0.00	406
51	2	408	0.49	410
52	2	353	0.56	355
53	1	333	0.30	334
54	0	327	0.00	327
55	1	345	0.29	346
56	0	275	0.00	275
57	2	299	0.66	301
58	0	299	0.00	299
59	0	318	0.00	318
60	0	300	0.00	300
61	1	314	0.32	315
62	2	333	0.60	335
63	0	309	0.00	309
64	0	347	0.00	347
65	1	307	0.32	308
66	1	284	0.35	285
67	0	342	0.00	342
68	2	346	0.57	348
69	0	308	0.00	308
70	2	300	0.66	302
71	0	297	0.00	297
72	0	295	0.00	295
73	0	311	0.00	311
74	0	256	0.00	256
75	1	324	0.31	325
76	0	271	0.00	271
77	1	260	0.38	261
78	0	250	0.00	250
79	0	275	0.00	275
80	0	298	0.00	298
81	0	274	0.00	274
82	3	260	1.14	263
83	2	236	0.84	238
84	1	250	0.40	251
85	0	270	0.00	270
86	0	249	0.00	249
87	0	178	0.00	178
88	1	258	0.39	259
89	0	203	0.00	203
90	1	195	0.51	196
91	0	167	0.00	167
92	0	192	0.00	192
93	2	150	1.32	152
94	0	158	0.00	158
95	0	213	0.00	213
96	0	156	0.00	156
97	0	146	0.00	146
98	1	168	0.59	169
99	1	62	1.59	63
100	0	7	0.00	7
101	0	9	0.00	9
102	0	6	0.00	6
103	0	5	0.00	5
104	0	11	0.00	11
105	0	8	0.00	8
106	0	8	0.00	8
107	0	11	0.00	11
108	0	8	0.00	8
109	0	2	0.00	2
110	0	6	0.00	6
111	0	3	0.00	3
112	0	3	0.00	3
113	0	4	0.00	4
114	0	5	0.00	5
115	0	7	0.00	7
116	0	3	0.00	3
117	0	4	0.00	4
118	0	6	0.00	6
119	0	2	0.00	2
120	0	4	0.00	4
121	0	5	0.00	5
122	0	4	0.00	4
123	0	4	0.00	4
124	0	3	0.00	3
125	0	1	0.00	1
126	0	3	0.00	3
127	0	2	0.00	2
128	0	0		0
129	0	0		0
130	0	4	0.00	4
131	0	3	0.00	3
132	0	2	0.00	2
133	0	1	0.00	1
134	0	2	0.00	2
135	0	2	0.00	2
136	0	0		0
137	0	0		0
138	0	1	0.00	1
139	0	0		0
140	0	2	0.00	2
141	0	0		0
142	0	0		0
143	0	1	0.00	1
144	0	1	0.00	1
145	0	1	0.00	1
146	0	0		0
147	0	1	0.00	1
148	0	1	0.00	1
149	0	1	0.00	1

CpG context (R2)
================
position	count methylated	count unmethylated	% methylation	coverage
1	2	18	10.00	20
2	0	14	0.00	14
3	2	84	2.33	86
4	2	85	2.30	87
5	4	95	4.04	99
6	2	86	2.27	88
7	8	122	6.15	130
8	2	63	3.08	65
9	2	71	2.74	73
10	3	77	3.75	80
11	5	58	7.94	63
12	4	71	5.33	75
13	3	75	3.85	78
14	1	57	1.72	58
15	2	45	4.26	47
16	1	61	1.61	62
17	0	34	0.00	34
18	0	38	0.00	38
19	0	30	0.00	30
20	2	50	3.85	52
21	1	27	3.57	28
22	2	43	4.44	45
23	4	34	10.53	38
24	1	65	1.52	66
25	0	31	0.00	31
26	2	25	7.41	27
27	2	33	5.71	35
28	1	26	3.70	27
29	4	25	13.79	29
30	0	22	0.00	22
31	2	32	5.88	34
32	0	24	0.00	24
33	2	12	14.29	14
34	0	20	0.00	20
35	1	12	7.69	13
36	1	13	7.14	14
37	2	20	9.09	22
38	1	14	6.67	15
39	0	9	0.00	9
40	0	2	0.00	2
41	0	15	0.00	15
42	2	9	18.18	11
43	0	11	0.00	11
44	2	12	14.29	14
45	1	2	33.33	3
46	2	16	11.11	18
47	0	4	0.00	4
48	1	0	100.00	1
49	1	7	12.50	8
50	1	5	16.67	6
51	0	6	0.00	6
52	1	5	16.67	6
53	1	2	33.33	3
54	0	5	0.00	5
55	1	1	50.00	2
56	0	2	0.00	2
57	1	0	100.00	1
58	0	5	0.00	5
59	0	1	0.00	1
60	0	0		0
61	0	3	0.00	3
62	1	0	100.00	1
63	0	0		0
64	0	0		0
65	1	1	50.00	2
66	0	2	0.00	2
67	0	0		0
68	0	1	0.00	1
69	0	0		0
70	0	1	0.00	1
71	0	1	0.00	1
72	0	0		0
73	0	0		0
74	0	0		0
75	0	1	0.00	1
76	0	0		0
77	0	1	0.00	1
78	0	0		0
79	0	0		0
80	0	0		0
81	0	0		0
82	0	0		0
83	0	0		0
84	0	0		0
85	0	0		0
86	0	0		0
87	0	0		0
88	0	1	0.00	1
89	0	0		0
90	0	0		0
91	0	0		0
92	0	1	0.00	1
93	0	0		0
94	0	1	0.00	1
95	0	0		0
96	0	1	0.00	1

CHG context (R2)
================
position	count methylated	count unmethylated	% methylation	coverage
1	9	2124	0.42	2133
2	0	26	0.00	26
3	0	4	0.00	4
4	1	39	2.50	40
5	0	67	0.00	67
6	0	64	0.00	64
7	0	71	0.00	71
8	2	100	1.96	102
9	0	67	0.00	67
10	1	64	1.54	65
11	0	66	0.00	66
12	0	43	0.00	43
13	1	56	1.75	57
14	0	59	0.00	59
15	0	43	0.00	43
16	1	34	2.86	35
17	1	58	1.69	59
18	0	42	0.00	42
19	0	44	0.00	44
20	0	53	0.00	53
21	0	23	0.00	23
22	0	43	0.00	43
23	0	25	0.00	25
24	0	17	0.00	17
25	1	43	2.27	44
26	0	22	0.00	22
27	0	8	0.00	8
28	2	26	7.14	28
29	0	21	0.00	21
30	0	28	0.00	28
31	0	27	0.00	27
32	0	18	0.00	18
33	0	24	0.00	24
34	0	12	0.00	12
35	0	21	0.00	21
36	0	16	0.00	16
37	0	8	0.00	8
38	0	10	0.00	10
39	0	19	0.00	19
40	0	11	0.00	11
41	0	11	0.00	11
42	0	7	0.00	7
43	0	8	0.00	8
44	0	4	0.00	4
45	0	14	0.00	14
46	0	1	0.00	1
47	0	8	0.00	8
48	0	2	0.00	2
49	0	7	0.00	7
50	0	6	0.00	6
51	0	3	0.00	3
52	0	8	0.00	8
53	0	5	0.00	5
54	0	3	0.00	3
55	0	5	0.00	5
56	0	0		0
57	0	1	0.00	1
58	0	3	0.00	3
59	0	1	0.00	1
60	0	2	0.00	2
61	0	0		0
62	0	1	0.00	1
63	0	1	0.00	1
64	0	0		0
65	0	0		0
66	0	0		0
67	0	2	0.00	2
68	0	1	0.00	1
69	0	0		0
70	0	0		0
71	0	0		0
72	0	0		0
73	0	0		0
74	0	0		0
75	0	0		0
76	0	0		0
77	0	0		0
78	0	1	0.00	1
79	0	0		0
80	0	0		0
81	0	0		0
82	0	0		0
83	0	0		0
84	0	0		0
85	0	0		0
86	0	0		0
87	0	0		0
88	0	0		0
89	0	1	0.00	1
90	0	0		0
91	0	0		0
92	0	0		0
93	0	0		0
94	0	0		0
95	0	0		0
96	0	0		0

CHH context (R2)
================
position	count methylated	count unmethylated	% methylation	coverage
1	0	8	0.00	8
2	3	969	0.31	972
3	1	239	0.42	240
4	0	181	0.00	181
5	1	136	0.73	137
6	0	88	0.00	88
7	0	102	0.00	102
8	1	130	0.76	131
9	0	142	0.00	142
10	0	140	0.00	140
11	0	87	0.00	87
12	0	83	0.00	83
13	0	52	0.00	52
14	0	88	0.00	88
15	0	85	0.00	85
16	0	74	0.00	74
17	0	64	0.00	64
18	1	74	1.33	75
19	0	74	0.00	74
20	0	51	0.00	51
21	0	39	0.00	39
22	0	34	0.00	34
23	0	46	0.00	46
24	0	34	0.00	34
25	0	47	0.00	47
26	0	37	0.00	37
27	0	32	0.00	32
28	0	29	0.00	29
29	0	34	0.00	34
30	0	22	0.00	22
31	1	24	4.00	25
32	0	26	0.00	26
33	0	23	0.00	23
34	1	26	3.70	27
35	0	22	0.00	22
36	0	15	0.00	15
37	0	11	0.00	11
38	0	16	0.00	16
39	0	7	0.00	7
40	0	15	0.00	15
41	0	7	0.00	7
42	0	13	0.00	13
43	0	16	0.00	16
44	0	18	0.00	18
45	0	15	0.00	15
46	1	15	6.25	16
47	0	7	0.00	7
48	0	4	0.00	4
49	0	5	0.00	5
50	0	3	0.00	3
51	0	15	0.00	15
52	0	14	0.00	14
53	0	15	0.00	15
54	0	9	0.00	9
55	0	10	0.00	10
56	0	3	0.00	3
57	0	0		0
58	0	0		0
59	0	0		0
60	0	1	0.00	1
61	0	0		0
62	0	2	0.00	2
63	0	0		0
64	0	0		0
65	0	0		0
66	0	0		0
67	0	0		0
68	0	0		0
69	0	2	0.00	2
70	0	0		0
71	0	0		0
72	0	1	0.00	1
73	0	0		0
74	0	0		0
75	0	0		0
76	0	0		0
77	0	0		0
78	0	0		0
79	0	0		0
80	0	0		0
81	0	0		0
82	0	0		0
83	0	0		0
84	0	0		0
85	0	0		0
86	0	0		0
87	0	0		0
88	0	0		0
89	0	0		0
90	0	0		0
91	0	0		0
92	0	0		0
93	0	0		0
94	0	0		0
95	0	0		0
96	0	0		0

