CpG context (R1)
================
position	count methylated	count unmethylated	% methylation	coverage
1	209	2182	8.74	2391
2	0	17	0.00	17
3	0	11	0.00	11
4	13	156	7.69	169
5	9	219	3.95	228
6	10	231	4.15	241
7	9	228	3.80	237
8	16	267	5.65	283
9	7	248	2.75	255
10	11	258	4.09	269
11	18	251	6.69	269
12	15	256	5.54	271
13	15	295	4.84	310
14	11	219	4.78	230
15	6	230	2.54	236
16	11	270	3.91	281
17	14	226	5.83	240
18	8	259	3.00	267
19	9	305	2.87	314
20	15	232	6.07	247
21	17	205	7.66	222
22	14	278	4.79	292
23	11	286	3.70	297
24	15	231	6.10	246
25	12	299	3.86	311
26	15	302	4.73	317
27	9	267	3.26	276
28	20	276	6.76	296
29	5	279	1.76	284
30	14	266	5.00	280
31	12	273	4.21	285
32	15	273	5.21	288
33	7	206	3.29	213
34	14	284	4.70	298
35	15	280	5.08	295
36	12	238	4.80	250
37	13	259	4.78	272
38	10	259	3.72	269
39	11	243	4.33	254
40	14	255	5.20	269
41	17	240	6.61	257
42	13	256	4.83	269
43	8	256	3.03	264
44	13	262	4.73	275
45	16	274	5.52	290
46	16	243	6.18	259
47	14	269	4.95	283
48	18	267	6.32	285
49	16	232	6.45	248
50	14	244	5.43	258
51	10	228	4.20	238
52	16	212	7.02	228
53	11	251	4.20	262
54	10	231	4.15	241
55	7	288	2.37	295
56	15	224	6.28	239
57	9	229	3.78	238
58	15	228	6.17	243
59	11	244	4.31	255
60	10	248	3.88	258
61	13	218	5.63	231
62	7	239	2.85	246
63	15	205	6.82	220
64	10	211	4.52	221
65	19	271	6.55	290
66	16	211	7.05	227
67	20	214	8.55	234
68	11	205	5.09	216
69	7	187	3.61	194
70	7	231	2.94	238
71	17	240	6.61	257
72	11	250	4.21	261
73	11	230	4.56	241
74	11	173	5.98	184
75	9	163	5.23	172
76	20	201	9.05	221
77	10	206	4.63	216
78	6	169	3.43	175
79	11	225	4.66	236
80	10	168	5.62	178
81	3	177	1.67	180
82	7	195	3.47	202
83	5	145	3.33	150
84	10	167	5.65	177
85	3	187	1.58	190
86	8	175	4.37	183
87	5	178	2.73	183
88	7	127	5.22	134
89	4	152	2.56	156
90	6	118	4.84	124
91	6	147	3.92	153
92	9	139	6.08	148
93	4	133	2.92	137
94	6	129	4.44	135
95	7	128	5.19	135
96	5	85	5.56	90
97	6	155	3.73	161
98	9	91	9.00	100
99	1	46	2.13	47
100	0	8	0.00	8
101	0	7	0.00	7
102	2	5	28.57	7
103	0	2	0.00	2
104	0	5	0.00	5
105	1	1	50.00	2
106	0	3	0.00	3
107	0	6	0.00	6
108	0	5	0.00	5
109	0	6	0.00	6
110	1	3	25.00	4
111	0	4	0.00	4
112	0	1	0.00	1
113	0	4	0.00	4
114	0	1	0.00	1
115	0	2	0.00	2
116	0	3	0.00	3
117	0	4	0.00	4
118	0	2	0.00	2
119	0	4	0.00	4
120	1	2	33.33	3
121	0	2	0.00	2
122	0	1	0.00	1
123	0	4	0.00	4
124	0	4	0.00	4
125	0	3	0.00	3
126	0	2	0.00	2
127	0	2	0.00	2
128	0	1	0.00	1
129	0	2	0.00	2
130	0	2	0.00	2
131	0	2	0.00	2
132	1	0	100.00	1
133	0	3	0.00	3
134	0	1	0.00	1
135	0	2	0.00	2
136	1	1	50.00	2
137	0	2	0.00	2
138	0	2	0.00	2
139	0	2	0.00	2
140	0	1	0.00	1
141	0	1	0.00	1
142	0	1	0.00	1
143	0	0		0
144	0	2	0.00	2
145	1	0	100.00	1
146	0	0		0
147	0	0		0
148	0	1	0.00	1
149	0	1	0.00	1

CHG context (R1)
================
position	count methylated	count unmethylated	% methylation	coverage
1	0	18	0.00	18
2	0	14	0.00	14
3	0	9	0.00	9
4	0	144	0.00	144
5	1	209	0.48	210
6	2	231	0.86	233
7	2	257	0.77	259
8	1	230	0.43	231
9	1	221	0.45	222
10	0	195	0.00	195
11	4	235	1.67	239
12	0	190	0.00	190
13	0	178	0.00	178
14	0	199	0.00	199
15	2	236	0.84	238
16	0	213	0.00	213
17	1	260	0.38	261
18	0	245	0.00	245
19	0	205	0.00	205
20	0	162	0.00	162
21	1	214	0.47	215
22	0	218	0.00	218
23	0	196	0.00	196
24	2	197	1.01	199
25	0	249	0.00	249
26	2	209	0.95	211
27	1	241	0.41	242
28	1	238	0.42	239
29	0	182	0.00	182
30	0	186	0.00	186
31	1	222	0.45	223
32	1	170	0.58	171
33	0	270	0.00	270
34	0	229	0.00	229
35	1	241	0.41	242
36	2	239	0.83	241
37	0	201	0.00	201
38	0	180	0.00	180
39	1	206	0.48	207
40	1	212	0.47	213
41	0	272	0.00	272
42	1	222	0.45	223
43	1	225	0.44	226
44	1	257	0.39	258
45	0	221	0.00	221
46	2	232	0.85	234
47	1	176	0.56	177
48	0	215	0.00	215
49	0	201	0.00	201
50	0	214	0.00	214
51	2	216	0.92	218
52	0	221	0.00	221
53	1	181	0.55	182
54	2	217	0.91	219
55	0	161	0.00	161
56	0	232	0.00	232
57	1	189	0.53	190
58	0	205	0.00	205
59	0	200	0.00	200
60	0	156	0.00	156
61	1	176	0.56	177
62	0	178	0.00	178
63	0	198	0.00	198
64	1	194	0.51	195
65	0	192	0.00	192
66	0	167	0.00	167
67	0	209	0.00	209
68	0	183	0.00	183
69	0	181	0.00	181
70	1	192	0.52	193
71	0	160	0.00	160
72	0	140	0.00	140
73	0	167	0.00	167
74	0	150	0.00	150
75	1	167	0.60	168
76	0	167	0.00	167
77	0	158	0.00	158
78	0	146	0.00	146
79	0	145	0.00	145
80	0	134	0.00	134
81	0	167	0.00	167
82	0	122	0.00	122
83	3	135	2.17	138
84	0	111	0.00	111
85	0	110	0.00	110
86	1	148	0.67	149
87	1	122	0.81	123
88	2	115	1.71	117
89	0	139	0.00	139
90	0	116	0.00	116
91	1	129	0.77	130
92	0	121	0.00	121
93	0	78	0.00	78
94	0	106	0.00	106
95	0	81	0.00	81
96	2	130	1.52	132
97	0	113	0.00	113
98	0	79	0.00	79
99	0	49	0.00	49
100	0	8	0.00	8
101	0	3	0.00	3
102	0	6	0.00	6
103	0	6	0.00	6
104	0	2	0.00	2
105	0	4	0.00	4
106	0	5	0.00	5
107	0	0		0
108	0	8	0.00	8
109	0	2	0.00	2
110	0	4	0.00	4
111	0	2	0.00	2
112	0	7	0.00	7
113	0	1	0.00	1
114	0	2	0.00	2
115	0	1	0.00	1
116	0	2	0.00	2
117	0	5	0.00	5
118	0	4	0.00	4
119	0	1	0.00	1
120	0	2	0.00	2
121	0	2	0.00	2
122	0	2	0.00	2
123	0	2	0.00	2
124	0	2	0.00	2
125	0	2	0.00	2
126	0	2	0.00	2
127	0	0		0
128	0	4	0.00	4
129	0	3	0.00	3
130	0	1	0.00	1
131	0	2	0.00	2
132	0	1	0.00	1
133	0	2	0.00	2
134	0	2	0.00	2
135	0	0		0
136	0	2	0.00	2
137	0	0		0
138	0	0		0
139	0	1	0.00	1
140	0	0		0
141	0	1	0.00	1
142	0	2	0.00	2
143	0	2	0.00	2
144	0	0		0
145	0	0		0
146	0	1	0.00	1
147	0	1	0.00	1
148	0	1	0.00	1
149	0	1	0.00	1

CHH context (R1)
================
position	count methylated	count unmethylated	% methylation	coverage
1	2	28	6.67	30
2	0	34	0.00	34
3	0	19	0.00	19
4	2	330	0.60	332
5	1	433	0.23	434
6	3	431	0.69	434
7	4	422	0.94	426
8	0	373	0.00	373
9	0	336	0.00	336
10	1	350	0.28	351
11	1	330	0.30	331
12	1	352	0.28	353
13	1	392	0.25	393
14	1	385	0.26	386
15	0	375	0.00	375
16	3	375	0.79	378
17	3	333	0.89	336
18	1	311	0.32	312
19	0	325	0.00	325
20	1	357	0.28	358
21	2	337	0.59	339
22	1	318	0.31	319
23	0	374	0.00	374
24	2	351	0.57	353
25	2	354	0.56	356
26	4	357	1.11	361
27	1	389	0.26	390
28	0	344	0.00	344
29	0	343	0.00	343
30	2	377	0.53	379
31	3	363	0.82	366
32	1	399	0.25	400
33	0	368	0.00	368
34	0	350	0.00	350
35	1	307	0.32	308
36	1	342	0.29	343
37	1	336	0.30	337
38	0	350	0.00	350
39	0	353	0.00	353
40	1	347	0.29	348
41	0	346	0.00	346
42	1	371	0.27	372
43	1	333	0.30	334
44	1	327	0.30	328
45	0	292	0.00	292
46	2	332	0.60	334
47	1	310	0.32	311
48	0	298	0.00	298
49	0	360	0.00	360
50	1	390	0.26	391
51	0	403	0.00	403
52	0	346	0.00	346
53	2	335	0.59	337
54	1	303	0.33	304
55	1	317	0.31	318
56	2	272	0.73	274
57	1	290	0.34	291
58	0	314	0.00	314
59	0	337	0.00	337
60	2	310	0.64	312
61	3	319	0.93	322
62	0	352	0.00	352
63	0	321	0.00	321
64	1	322	0.31	323
65	1	334	0.30	335
66	1	284	0.35	285
67	1	340	0.29	341
68	0	323	0.00	323
69	0	296	0.00	296
70	1	268	0.37	269
71	0	299	0.00	299
72	1	272	0.37	273
73	0	289	0.00	289
74	1	236	0.42	237
75	3	287	1.03	290
76	0	283	0.00	283
77	1	272	0.37	273
78	1	259	0.38	260
79	0	268	0.00	268
80	1	297	0.34	298
81	0	236	0.00	236
82	1	271	0.37	272
83	0	231	0.00	231
84	1	245	0.41	246
85	0	265	0.00	265
86	0	257	0.00	257
87	2	216	0.92	218
88	1	262	0.38	263
89	0	244	0.00	244
90	1	190	0.52	191
91	0	180	0.00	180
92	2	193	1.03	195
93	2	179	1.10	181
94	0	163	0.00	163
95	1	209	0.48	210
96	1	148	0.67	149
97	0	147	0.00	147
98	0	177	0.00	177
99	0	61	0.00	61
100	0	7	0.00	7
101	0	6	0.00	6
102	0	6	0.00	6
103	0	7	0.00	7
104	0	12	0.00	12
105	0	7	0.00	7
106	0	10	0.00	10
107	0	6	0.00	6
108	0	2	0.00	2
109	0	3	0.00	3
110	0	5	0.00	5
111	1	2	33.33	3
112	0	1	0.00	1
113	0	4	0.00	4
114	0	5	0.00	5
115	0	2	0.00	2
116	0	1	0.00	1
117	0	4	0.00	4
118	0	2	0.00	2
119	0	1	0.00	1
120	0	2	0.00	2
121	0	4	0.00	4
122	0	2	0.00	2
123	0	1	0.00	1
124	0	3	0.00	3
125	0	0		0
126	0	0		0
127	0	1	0.00	1
128	0	0		0
129	0	1	0.00	1
130	0	2	0.00	2
131	0	2	0.00	2
132	0	3	0.00	3
133	0	2	0.00	2
134	0	1	0.00	1
135	0	2	0.00	2
136	0	0		0
137	0	1	0.00	1
138	0	2	0.00	2
139	0	0		0
140	0	1	0.00	1
141	0	1	0.00	1
142	0	0		0
143	0	0		0
144	0	0		0
145	0	0		0
146	0	2	0.00	2
147	0	2	0.00	2
148	0	1	0.00	1
149	0	2	0.00	2

CpG context (R2)
================
position	count methylated	count unmethylated	% methylation	coverage
1	0	25	0.00	25
2	0	15	0.00	15
3	0	77	0.00	77
4	4	64	5.88	68
5	4	115	3.36	119
6	12	91	11.65	103
7	6	128	4.48	134
8	2	95	2.06	97
9	5	80	5.88	85
10	4	99	3.88	103
11	5	68	6.85	73
12	0	73	0.00	73
13	5	68	6.85	73
14	0	49	0.00	49
15	1	63	1.56	64
16	3	52	5.45	55
17	3	34	8.11	37
18	3	51	5.56	54
19	1	31	3.12	32
20	2	48	4.00	50
21	1	34	2.86	35
22	3	47	6.00	50
23	3	42	6.67	45
24	1	63	1.56	64
25	0	31	0.00	31
26	2	29	6.45	31
27	5	29	14.71	34
28	0	30	0.00	30
29	4	31	11.43	35
30	1	27	3.57	28
31	2	24	7.69	26
32	1	33	2.94	34
33	3	9	25.00	12
34	2	25	7.41	27
35	0	7	0.00	7
36	2	18	10.00	20
37	1	20	4.76	21
38	1	15	6.25	16
39	0	13	0.00	13
40	0	3	0.00	3
41	0	11	0.00	11
42	0	7	0.00	7
43	3	19	13.64	22
44	1	13	7.14	14
45	0	7	0.00	7
46	4	12	25.00	16
47	0	11	0.00	11
48	3	10	23.08	13
49	0	3	0.00	3
50	1	3	25.00	4
51	0	8	0.00	8
52	1	9	10.00	10
53	0	3	0.00	3
54	1	6	14.29	7
55	0	8	0.00	8
56	0	0		0
57	1	3	25.00	4
58	0	5	0.00	5
59	0	1	0.00	1
60	0	1	0.00	1
61	0	9	0.00	9
62	0	1	0.00	1
63	0	3	0.00	3
64	0	0		0
65	0	1	0.00	1
66	0	2	0.00	2
67	0	2	0.00	2
68	0	0		0
69	0	1	0.00	1
70	0	0		0
71	0	0		0
72	0	1	0.00	1
73	0	1	0.00	1
74	0	1	0.00	1
75	0	0		0
76	0	0		0
77	0	1	0.00	1
78	0	0		0
79	0	3	0.00	3
80	0	0		0
81	0	1	0.00	1
82	0	1	0.00	1
83	0	1	0.00	1
84	0	0		0
85	0	1	0.00	1
86	0	2	0.00	2
87	0	0		0
88	0	0		0
89	0	0		0
90	0	0		0
91	0	1	0.00	1
92	0	0		0
93	0	0		0
94	0	0		0
95	0	0		0
96	0	0		0
97	0	0		0

CHG context (R2)
================
position	count methylated	count unmethylated	% methylation	coverage
1	11	2148	0.51	2159
2	0	25	0.00	25
3	0	2	0.00	2
4	1	45	2.17	46
5	0	60	0.00	60
6	3	65	4.41	68
7	0	75	0.00	75
8	0	88	0.00	88
9	1	76	1.30	77
10	0	68	0.00	68
11	0	70	0.00	70
12	0	50	0.00	50
13	0	67	0.00	67
14	0	58	0.00	58
15	0	48	0.00	48
16	0	56	0.00	56
17	0	57	0.00	57
18	1	51	1.92	52
19	1	54	1.82	55
20	0	45	0.00	45
21	0	37	0.00	37
22	0	51	0.00	51
23	0	28	0.00	28
24	0	23	0.00	23
25	0	52	0.00	52
26	0	15	0.00	15
27	0	12	0.00	12
28	0	24	0.00	24
29	0	23	0.00	23
30	0	19	0.00	19
31	0	31	0.00	31
32	0	20	0.00	20
33	0	24	0.00	24
34	0	20	0.00	20
35	0	28	0.00	28
36	0	15	0.00	15
37	0	24	0.00	24
38	0	9	0.00	9
39	0	14	0.00	14
40	0	16	0.00	16
41	0	16	0.00	16
42	0	7	0.00	7
43	0	13	0.00	13
44	0	9	0.00	9
45	0	12	0.00	12
46	0	5	0.00	5
47	0	10	0.00	10
48	0	7	0.00	7
49	0	11	0.00	11
50	0	6	0.00	6
51	0	6	0.00	6
52	0	8	0.00	8
53	0	3	0.00	3
54	0	1	0.00	1
55	0	6	0.00	6
56	0	6	0.00	6
57	0	0		0
58	0	0		0
59	0	2	0.00	2
60	0	4	0.00	4
61	0	0		0
62	0	2	0.00	2
63	0	4	0.00	4
64	0	3	0.00	3
65	0	0		0
66	0	1	0.00	1
67	0	0		0
68	0	2	0.00	2
69	0	1	0.00	1
70	0	2	0.00	2
71	0	2	0.00	2
72	0	0		0
73	0	2	0.00	2
74	0	1	0.00	1
75	0	1	0.00	1
76	0	2	0.00	2
77	0	0		0
78	0	0		0
79	0	0		0
80	0	0		0
81	0	0		0
82	0	0		0
83	0	1	0.00	1
84	0	0		0
85	0	0		0
86	0	1	0.00	1
87	0	0		0
88	0	0		0
89	0	0		0
90	0	0		0
91	0	0		0
92	0	0		0
93	0	0		0
94	0	0		0
95	0	0		0
96	0	0		0
97	0	1	0.00	1

CHH context (R2)
================
position	count methylated	count unmethylated	% methylation	coverage
1	0	19	0.00	19
2	3	1000	0.30	1003
3	0	254	0.00	254
4	1	214	0.47	215
5	0	146	0.00	146
6	0	100	0.00	100
7	1	107	0.93	108
8	1	135	0.74	136
9	0	104	0.00	104
10	0	111	0.00	111
11	0	86	0.00	86
12	0	76	0.00	76
13	0	68	0.00	68
14	0	107	0.00	107
15	0	76	0.00	76
16	0	76	0.00	76
17	0	78	0.00	78
18	2	92	2.13	94
19	1	80	1.23	81
20	0	67	0.00	67
21	1	51	1.92	52
22	0	51	0.00	51
23	0	41	0.00	41
24	0	32	0.00	32
25	0	48	0.00	48
26	0	42	0.00	42
27	0	38	0.00	38
28	0	33	0.00	33
29	0	36	0.00	36
30	0	29	0.00	29
31	0	29	0.00	29
32	0	34	0.00	34
33	0	21	0.00	21
34	0	19	0.00	19
35	0	36	0.00	36
36	0	17	0.00	17
37	0	14	0.00	14
38	0	29	0.00	29
39	0	16	0.00	16
40	0	19	0.00	19
41	0	18	0.00	18
42	0	21	0.00	21
43	0	16	0.00	16
44	0	14	0.00	14
45	0	16	0.00	16
46	1	13	7.14	14
47	1	8	11.11	9
48	0	7	0.00	7
49	0	12	0.00	12
50	0	11	0.00	11
51	0	8	0.00	8
52	0	14	0.00	14
53	0	14	0.00	14
54	0	10	0.00	10
55	0	9	0.00	9
56	0	6	0.00	6
57	0	7	0.00	7
58	0	6	0.00	6
59	0	3	0.00	3
60	0	0		0
61	0	2	0.00	2
62	0	2	0.00	2
63	0	1	0.00	1
64	0	1	0.00	1
65	0	2	0.00	2
66	0	0		0
67	0	0		0
68	0	5	0.00	5
69	0	2	0.00	2
70	0	3	0.00	3
71	0	2	0.00	2
72	0	0		0
73	0	1	0.00	1
74	0	1	0.00	1
75	0	0		0
76	0	0		0
77	0	0		0
78	0	0		0
79	0	0		0
80	0	0		0
81	0	1	0.00	1
82	0	1	0.00	1
83	0	1	0.00	1
84	0	0		0
85	0	0		0
86	0	0		0
87	0	0		0
88	0	0		0
89	0	1	0.00	1
90	0	0		0
91	0	0		0
92	0	0		0
93	0	0		0
94	0	1	0.00	1
95	0	0		0
96	0	0		0
97	0	0		0

