CpG context (R1)
================
position	count methylated	count unmethylated	% methylation	coverage
1	192	2173	8.12	2365
2	1	18	5.26	19
3	1	14	6.67	15
4	6	204	2.86	210
5	14	202	6.48	216
6	14	248	5.34	262
7	16	231	6.48	247
8	13	248	4.98	261
9	9	227	3.81	236
10	19	270	6.57	289
11	18	235	7.11	253
12	16	297	5.11	313
13	19	314	5.71	333
14	13	258	4.80	271
15	11	231	4.55	242
16	11	275	3.85	286
17	6	241	2.43	247
18	11	245	4.30	256
19	17	311	5.18	328
20	11	248	4.25	259
21	13	222	5.53	235
22	14	276	4.83	290
23	14	288	4.64	302
24	16	228	6.56	244
25	14	299	4.47	313
26	13	301	4.14	314
27	13	267	4.64	280
28	22	249	8.12	271
29	6	257	2.28	263
30	11	265	3.99	276
31	15	312	4.59	327
32	13	305	4.09	318
33	10	223	4.29	233
34	11	254	4.15	265
35	14	233	5.67	247
36	12	208	5.45	220
37	13	262	4.73	275
38	19	258	6.86	277
39	18	227	7.35	245
40	12	281	4.10	293
41	13	274	4.53	287
42	15	298	4.79	313
43	12	278	4.14	290
44	8	239	3.24	247
45	21	284	6.89	305
46	13	248	4.98	261
47	13	287	4.33	300
48	17	247	6.44	264
49	19	233	7.54	252
50	10	234	4.10	244
51	11	209	5.00	220
52	15	229	6.15	244
53	13	221	5.56	234
54	17	260	6.14	277
55	21	246	7.87	267
56	15	213	6.58	228
57	8	267	2.91	275
58	8	237	3.27	245
59	13	270	4.59	283
60	14	253	5.24	267
61	11	243	4.33	254
62	22	240	8.40	262
63	17	224	7.05	241
64	11	251	4.20	262
65	15	278	5.12	293
66	26	250	9.42	276
67	12	224	5.08	236
68	10	213	4.48	223
69	13	182	6.67	195
70	22	226	8.87	248
71	13	247	5.00	260
72	13	244	5.06	257
73	14	220	5.98	234
74	11	199	5.24	210
75	6	183	3.17	189
76	20	233	7.91	253
77	9	218	3.96	227
78	5	204	2.39	209
79	18	227	7.35	245
80	10	200	4.76	210
81	10	173	5.46	183
82	10	182	5.21	192
83	6	145	3.97	151
84	5	170	2.86	175
85	9	195	4.41	204
86	8	176	4.35	184
87	7	164	4.09	171
88	3	130	2.26	133
89	11	136	7.48	147
90	3	112	2.61	115
91	10	140	6.67	150
92	8	139	5.44	147
93	13	131	9.03	144
94	10	154	6.10	164
95	2	98	2.00	100
96	6	115	4.96	121
97	10	135	6.90	145
98	12	94	11.32	106
99	3	64	4.48	67
100	0	6	0.00	6
101	0	9	0.00	9
102	0	2	0.00	2
103	0	2	0.00	2
104	0	5	0.00	5
105	0	4	0.00	4
106	0	4	0.00	4
107	0	3	0.00	3
108	0	6	0.00	6
109	0	3	0.00	3
110	1	2	33.33	3
111	0	3	0.00	3
112	1	1	50.00	2
113	0	2	0.00	2
114	0	2	0.00	2
115	1	3	25.00	4
116	0	3	0.00	3
117	0	6	0.00	6
118	0	3	0.00	3
119	0	4	0.00	4
120	0	1	0.00	1
121	0	1	0.00	1
122	0	1	0.00	1
123	0	1	0.00	1
124	1	2	33.33	3
125	0	1	0.00	1
126	0	3	0.00	3
127	0	0		0
128	0	2	0.00	2
129	1	3	25.00	4
130	0	0		0
131	0	1	0.00	1
132	1	2	33.33	3
133	0	0		0
134	0	0		0
135	1	1	50.00	2
136	0	0		0
137	0	0		0
138	0	2	0.00	2
139	0	2	0.00	2
140	0	0		0
141	0	0		0
142	1	1	50.00	2
143	0	0		0
144	0	0		0
145	1	0	100.00	1
146	1	0	100.00	1
147	0	1	0.00	1
148	1	1	50.00	2
149	0	1	0.00	1
150	0	0		0
151	0	0		0
152	0	0		0
153	0	0		0
154	0	0		0
155	0	0		0
156	0	0		0
157	0	0		0
158	0	0		0
159	0	0		0
160	1	0	100.00	1
161	0	0		0
162	0	0		0
163	0	0		0
164	0	0		0
165	0	0		0
166	0	0		0
167	0	0		0
168	0	0		0
169	0	0		0
170	0	0		0
171	0	0		0
172	0	0		0
173	0	0		0
174	0	0		0
175	0	0		0
176	0	0		0
177	0	0		0
178	0	0		0
179	0	0		0
180	0	0		0
181	0	1	0.00	1
182	0	0		0
183	0	0		0
184	0	0		0
185	0	0		0
186	0	0		0

CHG context (R1)
================
position	count methylated	count unmethylated	% methylation	coverage
1	0	18	0.00	18
2	0	17	0.00	17
3	0	20	0.00	20
4	0	126	0.00	126
5	0	203	0.00	203
6	1	240	0.41	241
7	2	232	0.85	234
8	1	224	0.44	225
9	2	251	0.79	253
10	0	197	0.00	197
11	1	234	0.43	235
12	1	216	0.46	217
13	1	217	0.46	218
14	1	198	0.50	199
15	0	237	0.00	237
16	0	213	0.00	213
17	1	243	0.41	244
18	0	250	0.00	250
19	0	227	0.00	227
20	0	191	0.00	191
21	2	231	0.86	233
22	0	249	0.00	249
23	0	205	0.00	205
24	0	199	0.00	199
25	1	231	0.43	232
26	1	203	0.49	204
27	0	218	0.00	218
28	1	216	0.46	217
29	0	190	0.00	190
30	1	169	0.59	170
31	0	230	0.00	230
32	0	187	0.00	187
33	0	213	0.00	213
34	2	209	0.95	211
35	0	261	0.00	261
36	0	234	0.00	234
37	1	184	0.54	185
38	0	193	0.00	193
39	0	220	0.00	220
40	1	209	0.48	210
41	2	250	0.79	252
42	0	208	0.00	208
43	3	199	1.49	202
44	2	257	0.77	259
45	0	179	0.00	179
46	0	230	0.00	230
47	0	176	0.00	176
48	0	228	0.00	228
49	1	206	0.48	207
50	0	205	0.00	205
51	0	206	0.00	206
52	1	235	0.42	236
53	0	206	0.00	206
54	3	192	1.54	195
55	0	183	0.00	183
56	2	238	0.83	240
57	0	206	0.00	206
58	0	185	0.00	185
59	0	192	0.00	192
60	0	154	0.00	154
61	0	183	0.00	183
62	1	176	0.56	177
63	1	188	0.53	189
64	2	197	1.01	199
65	0	214	0.00	214
66	0	196	0.00	196
67	0	189	0.00	189
68	1	188	0.53	189
69	0	204	0.00	204
70	0	181	0.00	181
71	0	186	0.00	186
72	0	166	0.00	166
73	0	158	0.00	158
74	0	152	0.00	152
75	2	155	1.27	157
76	0	190	0.00	190
77	2	171	1.16	173
78	0	169	0.00	169
79	0	154	0.00	154
80	2	141	1.40	143
81	1	185	0.54	186
82	1	116	0.85	117
83	0	147	0.00	147
84	0	133	0.00	133
85	2	122	1.61	124
86	0	150	0.00	150
87	0	123	0.00	123
88	0	121	0.00	121
89	0	111	0.00	111
90	0	100	0.00	100
91	0	149	0.00	149
92	0	93	0.00	93
93	0	97	0.00	97
94	0	96	0.00	96
95	0	98	0.00	98
96	0	139	0.00	139
97	0	98	0.00	98
98	0	102	0.00	102
99	0	50	0.00	50
100	0	7	0.00	7
101	0	8	0.00	8
102	0	1	0.00	1
103	0	9	0.00	9
104	0	6	0.00	6
105	0	1	0.00	1
106	0	4	0.00	4
107	0	3	0.00	3
108	0	0		0
109	0	3	0.00	3
110	0	4	0.00	4
111	0	2	0.00	2
112	0	3	0.00	3
113	0	1	0.00	1
114	0	2	0.00	2
115	0	3	0.00	3
116	0	3	0.00	3
117	0	0		0
118	0	2	0.00	2
119	0	1	0.00	1
120	0	3	0.00	3
121	0	1	0.00	1
122	0	1	0.00	1
123	0	1	0.00	1
124	0	2	0.00	2
125	0	1	0.00	1
126	0	2	0.00	2
127	0	2	0.00	2
128	0	3	0.00	3
129	0	0		0
130	0	0		0
131	0	2	0.00	2
132	0	0		0
133	0	0		0
134	0	1	0.00	1
135	0	1	0.00	1
136	0	0		0
137	0	0		0
138	0	0		0
139	0	0		0
140	0	0		0
141	0	1	0.00	1
142	0	0		0
143	0	0		0
144	0	0		0
145	0	0		0
146	0	0		0
147	0	1	0.00	1
148	0	1	0.00	1
149	0	1	0.00	1
150	0	0		0
151	0	0		0
152	0	0		0
153	0	0		0
154	0	0		0
155	0	1	0.00	1
156	0	0		0
157	0	0		0
158	0	0		0
159	0	0		0
160	0	0		0
161	0	0		0
162	0	0		0
163	0	0		0
164	0	0		0
165	0	0		0
166	0	1	0.00	1
167	0	0		0
168	0	0		0
169	0	0		0
170	0	0		0
171	0	0		0
172	0	0		0
173	0	0		0
174	0	0		0
175	0	0		0
176	0	0		0
177	0	0		0
178	0	0		0
179	0	0		0
180	0	0		0
181	0	0		0
182	0	0		0
183	0	0		0
184	0	0		0
185	0	0		0
186	0	1	0.00	1

CHH context (R1)
================
position	count methylated	count unmethylated	% methylation	coverage
1	2	31	6.06	33
2	0	31	0.00	31
3	0	16	0.00	16
4	0	317	0.00	317
5	3	383	0.78	386
6	2	414	0.48	416
7	0	399	0.00	399
8	0	346	0.00	346
9	2	302	0.66	304
10	1	319	0.31	320
11	1	312	0.32	313
12	2	304	0.65	306
13	0	331	0.00	331
14	2	385	0.52	387
15	1	382	0.26	383
16	1	361	0.28	362
17	2	304	0.65	306
18	1	295	0.34	296
19	0	316	0.00	316
20	1	319	0.31	320
21	1	308	0.32	309
22	2	313	0.63	315
23	1	321	0.31	322
24	1	333	0.30	334
25	2	361	0.55	363
26	2	364	0.55	366
27	1	368	0.27	369
28	0	387	0.00	387
29	2	316	0.63	318
30	3	346	0.86	349
31	1	317	0.31	318
32	1	353	0.28	354
33	2	340	0.58	342
34	0	347	0.00	347
35	1	305	0.33	306
36	0	343	0.00	343
37	1	321	0.31	322
38	3	345	0.86	348
39	0	313	0.00	313
40	2	341	0.58	343
41	2	329	0.60	331
42	1	354	0.28	355
43	1	340	0.29	341
44	2	346	0.57	348
45	0	314	0.00	314
46	1	343	0.29	344
47	1	293	0.34	294
48	2	313	0.63	315
49	1	410	0.24	411
50	1	394	0.25	395
51	2	427	0.47	429
52	2	335	0.59	337
53	1	335	0.30	336
54	0	307	0.00	307
55	0	331	0.00	331
56	1	295	0.34	296
57	1	273	0.36	274
58	2	287	0.69	289
59	3	313	0.95	316
60	1	287	0.35	288
61	1	322	0.31	323
62	2	354	0.56	356
63	0	319	0.00	319
64	1	344	0.29	345
65	1	293	0.34	294
66	0	266	0.00	266
67	0	305	0.00	305
68	2	347	0.57	349
69	1	284	0.35	285
70	0	265	0.00	265
71	0	285	0.00	285
72	0	283	0.00	283
73	0	321	0.00	321
74	1	264	0.38	265
75	0	314	0.00	314
76	0	304	0.00	304
77	1	250	0.40	251
78	3	265	1.12	268
79	0	282	0.00	282
80	1	267	0.37	268
81	3	244	1.21	247
82	0	292	0.00	292
83	0	240	0.00	240
84	1	248	0.40	249
85	1	256	0.39	257
86	0	261	0.00	261
87	1	212	0.47	213
88	3	247	1.20	250
89	0	220	0.00	220
90	0	221	0.00	221
91	0	199	0.00	199
92	1	191	0.52	192
93	0	148	0.00	148
94	1	158	0.63	159
95	0	178	0.00	178
96	0	161	0.00	161
97	0	159	0.00	159
98	0	158	0.00	158
99	0	73	0.00	73
100	0	11	0.00	11
101	0	8	0.00	8
102	0	10	0.00	10
103	0	8	0.00	8
104	0	7	0.00	7
105	0	7	0.00	7
106	0	7	0.00	7
107	0	6	0.00	6
108	0	5	0.00	5
109	0	7	0.00	7
110	0	5	0.00	5
111	0	3	0.00	3
112	0	4	0.00	4
113	0	4	0.00	4
114	0	4	0.00	4
115	0	1	0.00	1
116	0	2	0.00	2
117	0	1	0.00	1
118	0	4	0.00	4
119	0	0		0
120	0	1	0.00	1
121	0	1	0.00	1
122	0	2	0.00	2
123	0	4	0.00	4
124	0	2	0.00	2
125	0	2	0.00	2
126	0	1	0.00	1
127	0	0		0
128	0	0		0
129	0	0		0
130	0	0		0
131	0	2	0.00	2
132	0	0		0
133	0	1	0.00	1
134	0	2	0.00	2
135	0	1	0.00	1
136	0	1	0.00	1
137	0	0		0
138	0	0		0
139	0	0		0
140	0	2	0.00	2
141	0	1	0.00	1
142	0	0		0
143	0	1	0.00	1
144	0	2	0.00	2
145	0	1	0.00	1
146	0	0		0
147	0	0		0
148	0	0		0
149	0	0		0
150	0	0		0
151	0	0		0
152	0	0		0
153	0	0		0
154	0	0		0
155	0	0		0
156	0	0		0
157	0	0		0
158	0	0		0
159	0	0		0
160	0	0		0
161	0	0		0
162	0	0		0
163	0	0		0
164	0	0		0
165	0	0		0
166	0	0		0
167	0	0		0
168	0	0		0
169	0	0		0
170	0	0		0
171	0	0		0
172	0	0		0
173	0	0		0
174	0	1	0.00	1
175	0	1	0.00	1
176	0	0		0
177	0	0		0
178	0	0		0
179	0	0		0
180	0	0		0
181	0	0		0
182	0	0		0
183	0	1	0.00	1
184	0	1	0.00	1
185	0	0		0
186	0	0		0

CpG context (R2)
================
position	count methylated	count unmethylated	% methylation	coverage
1	0	20	0.00	20
2	0	14	0.00	14
3	5	84	5.62	89
4	5	79	5.95	84
5	8	97	7.62	105
6	8	81	8.99	89
7	13	135	8.78	148
8	0	77	0.00	77
9	6	77	7.23	83
10	10	90	10.00	100
11	1	65	1.52	66
12	3	72	4.00	75
13	6	89	6.32	95
14	1	43	2.27	44
15	2	57	3.39	59
16	1	55	1.79	56
17	3	33	8.33	36
18	2	49	3.92	51
19	1	39	2.50	40
20	1	47	2.08	48
21	0	32	0.00	32
22	4	38	9.52	42
23	3	38	7.32	41
24	3	66	4.35	69
25	0	32	0.00	32
26	0	37	0.00	37
27	3	36	7.69	39
28	2	22	8.33	24
29	1	48	2.04	49
30	1	20	4.76	21
31	3	28	9.68	31
32	0	27	0.00	27
33	1	15	6.25	16
34	5	21	19.23	26
35	0	9	0.00	9
36	0	16	0.00	16
37	1	26	3.70	27
38	2	14	12.50	16
39	0	10	0.00	10
40	0	8	0.00	8
41	0	13	0.00	13
42	0	16	0.00	16
43	0	12	0.00	12
44	0	17	0.00	17
45	0	4	0.00	4
46	2	12	14.29	14
47	0	9	0.00	9
48	0	9	0.00	9
49	2	6	25.00	8
50	0	6	0.00	6
51	0	5	0.00	5
52	1	6	14.29	7
53	0	4	0.00	4
54	0	6	0.00	6
55	0	3	0.00	3
56	0	1	0.00	1
57	0	4	0.00	4
58	0	8	0.00	8
59	0	1	0.00	1
60	0	1	0.00	1
61	0	1	0.00	1
62	0	1	0.00	1
63	0	2	0.00	2
64	0	2	0.00	2
65	0	0		0
66	0	3	0.00	3
67	0	1	0.00	1
68	0	1	0.00	1
69	0	1	0.00	1
70	0	0		0
71	0	1	0.00	1
72	0	1	0.00	1
73	0	0		0
74	0	0		0
75	1	0	100.00	1
76	0	1	0.00	1
77	0	2	0.00	2
78	0	0		0
79	0	3	0.00	3
80	0	0		0
81	0	2	0.00	2
82	0	1	0.00	1
83	0	0		0
84	0	1	0.00	1
85	0	0		0
86	0	1	0.00	1
87	0	0		0
88	0	0		0
89	0	0		0
90	0	0		0
91	0	0		0
92	0	0		0
93	0	0		0
94	0	1	0.00	1
95	0	0		0
96	0	0		0
97	0	1	0.00	1

CHG context (R2)
================
position	count methylated	count unmethylated	% methylation	coverage
1	12	2107	0.57	2119
2	1	21	4.55	22
3	0	7	0.00	7
4	0	44	0.00	44
5	0	62	0.00	62
6	0	75	0.00	75
7	0	70	0.00	70
8	0	89	0.00	89
9	0	63	0.00	63
10	0	55	0.00	55
11	0	75	0.00	75
12	0	36	0.00	36
13	0	54	0.00	54
14	1	60	1.64	61
15	0	41	0.00	41
16	0	52	0.00	52
17	0	55	0.00	55
18	0	55	0.00	55
19	0	45	0.00	45
20	0	51	0.00	51
21	0	43	0.00	43
22	0	44	0.00	44
23	0	26	0.00	26
24	0	16	0.00	16
25	0	44	0.00	44
26	0	9	0.00	9
27	0	10	0.00	10
28	0	30	0.00	30
29	0	26	0.00	26
30	0	22	0.00	22
31	0	28	0.00	28
32	0	13	0.00	13
33	1	26	3.70	27
34	0	28	0.00	28
35	0	25	0.00	25
36	0	19	0.00	19
37	0	8	0.00	8
38	0	9	0.00	9
39	0	10	0.00	10
40	1	20	4.76	21
41	0	16	0.00	16
42	0	6	0.00	6
43	0	4	0.00	4
44	0	3	0.00	3
45	0	7	0.00	7
46	0	3	0.00	3
47	0	4	0.00	4
48	0	4	0.00	4
49	0	11	0.00	11
50	0	3	0.00	3
51	0	5	0.00	5
52	0	11	0.00	11
53	0	3	0.00	3
54	0	2	0.00	2
55	0	5	0.00	5
56	0	4	0.00	4
57	0	0		0
58	0	3	0.00	3
59	0	1	0.00	1
60	0	5	0.00	5
61	0	2	0.00	2
62	0	1	0.00	1
63	0	3	0.00	3
64	0	3	0.00	3
65	0	1	0.00	1
66	0	0		0
67	0	2	0.00	2
68	0	0		0
69	0	1	0.00	1
70	0	1	0.00	1
71	0	0		0
72	0	1	0.00	1
73	0	3	0.00	3
74	0	1	0.00	1
75	0	1	0.00	1
76	0	0		0
77	0	0		0
78	0	1	0.00	1
79	0	0		0
80	0	1	0.00	1
81	0	0		0
82	0	0		0
83	0	0		0
84	0	0		0
85	0	0		0
86	0	0		0
87	0	1	0.00	1
88	0	0		0
89	0	0		0
90	0	0		0
91	0	0		0
92	0	1	0.00	1
93	0	0		0
94	0	0		0
95	0	0		0
96	0	0		0
97	0	1	0.00	1

CHH context (R2)
================
position	count methylated	count unmethylated	% methylation	coverage
1	1	7	12.50	8
2	3	959	0.31	962
3	0	241	0.00	241
4	0	174	0.00	174
5	0	149	0.00	149
6	0	103	0.00	103
7	0	113	0.00	113
8	0	129	0.00	129
9	1	103	0.96	104
10	0	112	0.00	112
11	1	84	1.18	85
12	0	77	0.00	77
13	1	55	1.79	56
14	0	91	0.00	91
15	0	90	0.00	90
16	0	76	0.00	76
17	0	77	0.00	77
18	0	79	0.00	79
19	0	75	0.00	75
20	0	57	0.00	57
21	0	48	0.00	48
22	0	39	0.00	39
23	0	41	0.00	41
24	0	45	0.00	45
25	0	52	0.00	52
26	0	34	0.00	34
27	0	21	0.00	21
28	0	23	0.00	23
29	0	31	0.00	31
30	0	27	0.00	27
31	0	24	0.00	24
32	1	35	2.78	36
33	0	21	0.00	21
34	0	23	0.00	23
35	0	30	0.00	30
36	0	21	0.00	21
37	0	15	0.00	15
38	0	19	0.00	19
39	0	1	0.00	1
40	0	17	0.00	17
41	0	14	0.00	14
42	0	19	0.00	19
43	0	14	0.00	14
44	0	21	0.00	21
45	0	6	0.00	6
46	0	16	0.00	16
47	0	9	0.00	9
48	0	10	0.00	10
49	0	11	0.00	11
50	0	7	0.00	7
51	0	10	0.00	10
52	0	5	0.00	5
53	0	5	0.00	5
54	0	8	0.00	8
55	0	9	0.00	9
56	0	11	0.00	11
57	0	6	0.00	6
58	0	5	0.00	5
59	0	1	0.00	1
60	0	2	0.00	2
61	0	2	0.00	2
62	0	3	0.00	3
63	0	2	0.00	2
64	0	0		0
65	0	1	0.00	1
66	0	0		0
67	0	0		0
68	0	3	0.00	3
69	0	2	0.00	2
70	0	1	0.00	1
71	0	0		0
72	0	0		0
73	0	0		0
74	0	1	0.00	1
75	0	1	0.00	1
76	0	0		0
77	0	1	0.00	1
78	0	0		0
79	0	1	0.00	1
80	0	0		0
81	0	1	0.00	1
82	0	1	0.00	1
83	0	2	0.00	2
84	0	0		0
85	0	0		0
86	0	0		0
87	0	0		0
88	0	0		0
89	0	0		0
90	0	0		0
91	0	0		0
92	0	0		0
93	0	1	0.00	1
94	0	1	0.00	1
95	0	0		0
96	0	0		0
97	0	0		0

