CpG context (R1)
================
position	count methylated	count unmethylated	% methylation	coverage
1	222	2147	9.37	2369
2	1	17	5.56	18
3	1	20	4.76	21
4	9	171	5.00	180
5	15	185	7.50	200
6	10	281	3.44	291
7	13	192	6.34	205
8	17	275	5.82	292
9	5	264	1.86	269
10	14	240	5.51	254
11	10	249	3.86	259
12	10	275	3.51	285
13	15	275	5.17	290
14	13	246	5.02	259
15	9	251	3.46	260
16	10	272	3.55	282
17	5	237	2.07	242
18	9	252	3.45	261
19	16	332	4.60	348
20	11	219	4.78	230
21	7	224	3.03	231
22	16	283	5.35	299
23	17	262	6.09	279
24	14	248	5.34	262
25	15	289	4.93	304
26	6	277	2.12	283
27	17	296	5.43	313
28	20	240	7.69	260
29	9	270	3.23	279
30	15	261	5.43	276
31	16	248	6.06	264
32	16	269	5.61	285
33	7	242	2.81	249
34	16	256	5.88	272
35	14	251	5.28	265
36	11	191	5.45	202
37	20	272	6.85	292
38	14	228	5.79	242
39	13	250	4.94	263
40	7	285	2.40	292
41	16	211	7.05	227
42	13	303	4.11	316
43	9	231	3.75	240
44	9	262	3.32	271
45	19	280	6.35	299
46	15	248	5.70	263
47	12	266	4.32	278
48	12	255	4.49	267
49	8	238	3.25	246
50	10	262	3.68	272
51	15	247	5.73	262
52	13	239	5.16	252
53	6	252	2.33	258
54	8	260	2.99	268
55	18	288	5.88	306
56	7	239	2.85	246
57	19	219	7.98	238
58	9	232	3.73	241
59	16	234	6.40	250
60	11	226	4.64	237
61	15	229	6.15	244
62	18	217	7.66	235
63	14	208	6.31	222
64	7	249	2.73	256
65	13	263	4.71	276
66	11	242	4.35	253
67	16	215	6.93	231
68	15	195	7.14	210
69	11	188	5.53	199
70	10	208	4.59	218
71	12	248	4.62	260
72	8	238	3.25	246
73	8	231	3.35	239
74	15	200	6.98	215
75	7	181	3.72	188
76	14	196	6.67	210
77	7	196	3.45	203
78	10	214	4.46	224
79	10	221	4.33	231
80	6	184	3.16	190
81	6	146	3.95	152
82	4	206	1.90	210
83	8	146	5.19	154
84	5	158	3.07	163
85	7	165	4.07	172
86	15	177	7.81	192
87	10	157	5.99	167
88	4	134	2.90	138
89	9	162	5.26	171
90	4	127	3.05	131
91	10	141	6.62	151
92	4	147	2.65	151
93	7	143	4.67	150
94	8	119	6.30	127
95	1	112	0.88	113
96	6	122	4.69	128
97	8	129	5.84	137
98	5	104	4.59	109
99	3	47	6.00	50
100	0	4	0.00	4
101	0	9	0.00	9
102	1	3	25.00	4
103	0	6	0.00	6
104	2	6	25.00	8
105	0	4	0.00	4
106	0	4	0.00	4
107	0	4	0.00	4
108	0	4	0.00	4
109	0	7	0.00	7
110	0	5	0.00	5
111	1	7	12.50	8
112	0	3	0.00	3
113	0	6	0.00	6
114	0	5	0.00	5
115	0	4	0.00	4
116	0	2	0.00	2
117	1	7	12.50	8
118	0	3	0.00	3
119	0	2	0.00	2
120	2	4	33.33	6
121	0	2	0.00	2
122	0	5	0.00	5
123	0	1	0.00	1
124	0	2	0.00	2
125	1	2	33.33	3
126	0	5	0.00	5
127	1	3	25.00	4
128	0	4	0.00	4
129	0	7	0.00	7
130	0	2	0.00	2
131	1	3	25.00	4
132	0	2	0.00	2
133	0	3	0.00	3
134	0	2	0.00	2
135	0	1	0.00	1
136	0	3	0.00	3
137	0	4	0.00	4
138	1	2	33.33	3
139	0	1	0.00	1
140	0	1	0.00	1
141	0	2	0.00	2
142	0	0		0
143	0	4	0.00	4
144	0	0		0
145	1	1	50.00	2
146	1	0	100.00	1
147	0	1	0.00	1
148	0	1	0.00	1
149	0	2	0.00	2

CHG context (R1)
================
position	count methylated	count unmethylated	% methylation	coverage
1	2	16	11.11	18
2	0	21	0.00	21
3	0	9	0.00	9
4	0	129	0.00	129
5	0	181	0.00	181
6	3	227	1.30	230
7	1	240	0.41	241
8	1	237	0.42	238
9	1	257	0.39	258
10	0	206	0.00	206
11	2	227	0.87	229
12	1	200	0.50	201
13	0	192	0.00	192
14	1	205	0.49	206
15	0	242	0.00	242
16	1	208	0.48	209
17	1	232	0.43	233
18	1	282	0.35	283
19	1	188	0.53	189
20	1	178	0.56	179
21	2	228	0.87	230
22	0	249	0.00	249
23	0	200	0.00	200
24	0	205	0.00	205
25	0	218	0.00	218
26	1	192	0.52	193
27	1	208	0.48	209
28	3	202	1.46	205
29	0	189	0.00	189
30	0	218	0.00	218
31	1	226	0.44	227
32	0	183	0.00	183
33	0	259	0.00	259
34	1	206	0.48	207
35	3	215	1.38	218
36	0	228	0.00	228
37	1	189	0.53	190
38	2	175	1.13	177
39	0	238	0.00	238
40	1	207	0.48	208
41	2	260	0.76	262
42	1	220	0.45	221
43	1	211	0.47	212
44	1	239	0.42	240
45	1	210	0.47	211
46	1	217	0.46	218
47	0	186	0.00	186
48	1	195	0.51	196
49	1	224	0.44	225
50	1	225	0.44	226
51	0	223	0.00	223
52	1	228	0.44	229
53	0	207	0.00	207
54	2	181	1.09	183
55	0	177	0.00	177
56	0	204	0.00	204
57	0	200	0.00	200
58	0	217	0.00	217
59	0	179	0.00	179
60	1	157	0.63	158
61	0	205	0.00	205
62	0	180	0.00	180
63	1	190	0.52	191
64	0	199	0.00	199
65	2	178	1.11	180
66	1	193	0.52	194
67	0	186	0.00	186
68	0	174	0.00	174
69	0	202	0.00	202
70	0	196	0.00	196
71	0	169	0.00	169
72	1	174	0.57	175
73	1	163	0.61	164
74	2	147	1.34	149
75	1	158	0.63	159
76	1	165	0.60	166
77	0	182	0.00	182
78	1	158	0.63	159
79	0	159	0.00	159
80	0	132	0.00	132
81	1	188	0.53	189
82	1	156	0.64	157
83	0	142	0.00	142
84	0	121	0.00	121
85	0	132	0.00	132
86	0	151	0.00	151
87	0	118	0.00	118
88	0	132	0.00	132
89	0	119	0.00	119
90	0	98	0.00	98
91	0	120	0.00	120
92	0	98	0.00	98
93	1	86	1.15	87
94	2	97	2.02	99
95	0	97	0.00	97
96	0	109	0.00	109
97	1	103	0.96	104
98	0	105	0.00	105
99	1	48	2.04	49
100	0	9	0.00	9
101	0	7	0.00	7
102	0	6	0.00	6
103	1	5	16.67	6
104	0	2	0.00	2
105	0	7	0.00	7
106	0	5	0.00	5
107	0	1	0.00	1
108	0	6	0.00	6
109	0	5	0.00	5
110	0	4	0.00	4
111	0	4	0.00	4
112	0	4	0.00	4
113	0	3	0.00	3
114	0	4	0.00	4
115	0	1	0.00	1
116	0	5	0.00	5
117	0	5	0.00	5
118	0	2	0.00	2
119	0	2	0.00	2
120	0	4	0.00	4
121	0	4	0.00	4
122	0	2	0.00	2
123	0	2	0.00	2
124	0	4	0.00	4
125	0	1	0.00	1
126	0	1	0.00	1
127	0	2	0.00	2
128	0	3	0.00	3
129	0	0		0
130	0	1	0.00	1
131	0	0		0
132	0	2	0.00	2
133	0	2	0.00	2
134	0	1	0.00	1
135	0	2	0.00	2
136	0	2	0.00	2
137	0	1	0.00	1
138	0	0		0
139	0	5	0.00	5
140	0	2	0.00	2
141	0	0		0
142	0	2	0.00	2
143	0	1	0.00	1
144	0	0		0
145	0	3	0.00	3
146	0	0		0
147	0	0		0
148	0	2	0.00	2
149	0	0		0

CHH context (R1)
================
position	count methylated	count unmethylated	% methylation	coverage
1	1	28	3.45	29
2	0	22	0.00	22
3	0	19	0.00	19
4	3	321	0.93	324
5	1	392	0.25	393
6	2	393	0.51	395
7	0	398	0.00	398
8	0	361	0.00	361
9	2	304	0.65	306
10	1	293	0.34	294
11	2	316	0.63	318
12	0	340	0.00	340
13	1	401	0.25	402
14	0	393	0.00	393
15	2	363	0.55	365
16	0	361	0.00	361
17	1	337	0.30	338
18	0	283	0.00	283
19	0	276	0.00	276
20	3	346	0.86	349
21	0	327	0.00	327
22	0	337	0.00	337
23	1	337	0.30	338
24	3	346	0.86	349
25	5	394	1.25	399
26	0	350	0.00	350
27	0	376	0.00	376
28	0	370	0.00	370
29	1	356	0.28	357
30	0	369	0.00	369
31	1	335	0.30	336
32	1	356	0.28	357
33	0	292	0.00	292
34	0	313	0.00	313
35	0	303	0.00	303
36	1	372	0.27	373
37	1	343	0.29	344
38	1	372	0.27	373
39	0	317	0.00	317
40	2	287	0.69	289
41	1	306	0.33	307
42	2	324	0.61	326
43	1	337	0.30	338
44	2	338	0.59	340
45	0	284	0.00	284
46	1	307	0.32	308
47	0	334	0.00	334
48	2	353	0.56	355
49	1	392	0.25	393
50	2	390	0.51	392
51	1	399	0.25	400
52	1	349	0.29	350
53	0	317	0.00	317
54	0	308	0.00	308
55	1	307	0.32	308
56	2	288	0.69	290
57	0	288	0.00	288
58	1	286	0.35	287
59	1	328	0.30	329
60	2	324	0.61	326
61	2	339	0.59	341
62	3	315	0.94	318
63	1	329	0.30	330
64	0	332	0.00	332
65	1	298	0.33	299
66	0	274	0.00	274
67	0	335	0.00	335
68	3	322	0.92	325
69	1	319	0.31	320
70	1	280	0.36	281
71	2	278	0.71	280
72	0	264	0.00	264
73	0	272	0.00	272
74	0	251	0.00	251
75	0	278	0.00	278
76	0	307	0.00	307
77	1	275	0.36	276
78	0	280	0.00	280
79	1	249	0.40	250
80	2	282	0.70	284
81	1	253	0.39	254
82	2	244	0.81	246
83	0	224	0.00	224
84	0	237	0.00	237
85	1	266	0.37	267
86	2	275	0.72	277
87	0	207	0.00	207
88	0	250	0.00	250
89	0	195	0.00	195
90	1	210	0.47	211
91	0	208	0.00	208
92	0	196	0.00	196
93	0	161	0.00	161
94	0	171	0.00	171
95	1	187	0.53	188
96	0	143	0.00	143
97	0	167	0.00	167
98	0	181	0.00	181
99	0	61	0.00	61
100	0	8	0.00	8
101	0	6	0.00	6
102	0	7	0.00	7
103	0	4	0.00	4
104	0	4	0.00	4
105	0	5	0.00	5
106	0	7	0.00	7
107	0	10	0.00	10
108	0	7	0.00	7
109	0	1	0.00	1
110	0	4	0.00	4
111	0	2	0.00	2
112	0	2	0.00	2
113	0	4	0.00	4
114	0	2	0.00	2
115	0	5	0.00	5
116	0	3	0.00	3
117	0	5	0.00	5
118	0	4	0.00	4
119	0	4	0.00	4
120	0	3	0.00	3
121	0	6	0.00	6
122	0	5	0.00	5
123	0	7	0.00	7
124	0	4	0.00	4
125	0	5	0.00	5
126	0	4	0.00	4
127	0	4	0.00	4
128	0	2	0.00	2
129	0	2	0.00	2
130	0	4	0.00	4
131	0	7	0.00	7
132	0	6	0.00	6
133	0	3	0.00	3
134	0	6	0.00	6
135	0	3	0.00	3
136	0	2	0.00	2
137	0	0		0
138	0	0		0
139	0	0		0
140	0	1	0.00	1
141	0	0		0
142	0	1	0.00	1
143	0	0		0
144	0	1	0.00	1
145	0	0		0
146	0	1	0.00	1
147	0	1	0.00	1
148	0	4	0.00	4
149	0	2	0.00	2

CpG context (R2)
================
position	count methylated	count unmethylated	% methylation	coverage
1	0	29	0.00	29
2	0	20	0.00	20
3	2	68	2.86	70
4	6	64	8.57	70
5	1	111	0.89	112
6	9	92	8.91	101
7	8	120	6.25	128
8	4	94	4.08	98
9	7	82	7.87	89
10	2	97	2.02	99
11	4	71	5.33	75
12	4	62	6.06	66
13	3	73	3.95	76
14	2	42	4.55	44
15	3	65	4.41	68
16	1	50	1.96	51
17	2	42	4.55	44
18	2	56	3.45	58
19	1	35	2.78	36
20	6	46	11.54	52
21	3	34	8.11	37
22	1	51	1.92	52
23	3	35	7.89	38
24	2	59	3.28	61
25	1	44	2.22	45
26	3	25	10.71	28
27	3	34	8.11	37
28	2	28	6.67	30
29	2	42	4.55	44
30	2	30	6.25	32
31	2	28	6.67	30
32	1	17	5.56	18
33	1	22	4.35	23
34	3	20	13.04	23
35	0	15	0.00	15
36	1	19	5.00	20
37	0	30	0.00	30
38	1	21	4.55	22
39	0	16	0.00	16
40	0	6	0.00	6
41	0	11	0.00	11
42	0	7	0.00	7
43	1	13	7.14	14
44	0	15	0.00	15
45	0	3	0.00	3
46	3	12	20.00	15
47	0	9	0.00	9
48	1	12	7.69	13
49	1	6	14.29	7
50	1	9	10.00	10
51	0	9	0.00	9
52	0	12	0.00	12
53	0	5	0.00	5
54	0	7	0.00	7
55	1	1	50.00	2
56	0	2	0.00	2
57	0	4	0.00	4
58	0	6	0.00	6
59	0	1	0.00	1
60	0	2	0.00	2
61	0	2	0.00	2
62	0	2	0.00	2
63	1	2	33.33	3
64	0	1	0.00	1
65	0	2	0.00	2
66	0	3	0.00	3
67	0	1	0.00	1
68	0	0		0
69	0	2	0.00	2
70	0	0		0
71	0	2	0.00	2
72	0	1	0.00	1
73	0	0		0
74	0	0		0
75	0	1	0.00	1
76	0	2	0.00	2
77	0	2	0.00	2
78	0	0		0
79	0	1	0.00	1
80	0	0		0
81	0	1	0.00	1
82	0	0		0
83	0	0		0
84	0	0		0
85	0	1	0.00	1
86	1	0	100.00	1
87	0	0		0
88	0	0		0
89	0	1	0.00	1
90	0	0		0
91	0	1	0.00	1
92	0	0		0
93	0	1	0.00	1
94	0	1	0.00	1
95	0	1	0.00	1
96	0	0		0
97	0	1	0.00	1

CHG context (R2)
================
position	count methylated	count unmethylated	% methylation	coverage
1	11	2119	0.52	2130
2	0	26	0.00	26
3	0	9	0.00	9
4	0	46	0.00	46
5	0	72	0.00	72
6	0	80	0.00	80
7	0	72	0.00	72
8	0	75	0.00	75
9	0	76	0.00	76
10	1	61	1.61	62
11	1	76	1.30	77
12	0	49	0.00	49
13	0	47	0.00	47
14	0	48	0.00	48
15	0	48	0.00	48
16	0	38	0.00	38
17	0	64	0.00	64
18	0	52	0.00	52
19	0	46	0.00	46
20	0	58	0.00	58
21	0	36	0.00	36
22	0	47	0.00	47
23	0	24	0.00	24
24	0	23	0.00	23
25	0	41	0.00	41
26	0	24	0.00	24
27	1	13	7.14	14
28	0	22	0.00	22
29	1	28	3.45	29
30	0	33	0.00	33
31	0	28	0.00	28
32	0	16	0.00	16
33	0	25	0.00	25
34	0	25	0.00	25
35	0	17	0.00	17
36	0	26	0.00	26
37	0	12	0.00	12
38	1	13	7.14	14
39	1	18	5.26	19
40	0	24	0.00	24
41	0	13	0.00	13
42	0	5	0.00	5
43	0	9	0.00	9
44	0	5	0.00	5
45	0	7	0.00	7
46	0	4	0.00	4
47	0	4	0.00	4
48	0	11	0.00	11
49	0	13	0.00	13
50	0	11	0.00	11
51	0	9	0.00	9
52	0	10	0.00	10
53	0	1	0.00	1
54	0	1	0.00	1
55	0	7	0.00	7
56	0	5	0.00	5
57	0	0		0
58	0	3	0.00	3
59	0	1	0.00	1
60	0	3	0.00	3
61	0	0		0
62	0	1	0.00	1
63	0	7	0.00	7
64	0	2	0.00	2
65	0	0		0
66	0	0		0
67	0	2	0.00	2
68	0	1	0.00	1
69	0	0		0
70	1	0	100.00	1
71	0	0		0
72	0	1	0.00	1
73	0	2	0.00	2
74	0	1	0.00	1
75	0	1	0.00	1
76	0	0		0
77	0	0		0
78	0	1	0.00	1
79	0	1	0.00	1
80	0	0		0
81	0	0		0
82	0	0		0
83	0	0		0
84	0	0		0
85	0	0		0
86	0	1	0.00	1
87	0	1	0.00	1
88	0	0		0
89	0	0		0
90	0	0		0
91	0	0		0
92	0	1	0.00	1
93	0	0		0
94	0	1	0.00	1
95	0	0		0
96	0	0		0
97	0	0		0

CHH context (R2)
================
position	count methylated	count unmethylated	% methylation	coverage
1	0	14	0.00	14
2	2	973	0.21	975
3	2	257	0.77	259
4	0	198	0.00	198
5	0	135	0.00	135
6	1	101	0.98	102
7	1	102	0.97	103
8	1	133	0.75	134
9	1	90	1.10	91
10	0	109	0.00	109
11	1	85	1.16	86
12	0	87	0.00	87
13	1	71	1.39	72
14	0	89	0.00	89
15	0	81	0.00	81
16	0	71	0.00	71
17	0	60	0.00	60
18	2	83	2.35	85
19	0	82	0.00	82
20	1	63	1.56	64
21	0	46	0.00	46
22	0	40	0.00	40
23	0	46	0.00	46
24	0	32	0.00	32
25	0	49	0.00	49
26	0	31	0.00	31
27	0	35	0.00	35
28	0	34	0.00	34
29	0	28	0.00	28
30	0	28	0.00	28
31	0	37	0.00	37
32	0	36	0.00	36
33	0	23	0.00	23
34	0	30	0.00	30
35	0	27	0.00	27
36	0	20	0.00	20
37	2	17	10.53	19
38	0	20	0.00	20
39	0	11	0.00	11
40	0	26	0.00	26
41	0	18	0.00	18
42	1	14	6.67	15
43	0	17	0.00	17
44	0	18	0.00	18
45	0	16	0.00	16
46	0	19	0.00	19
47	0	8	0.00	8
48	0	4	0.00	4
49	0	4	0.00	4
50	0	7	0.00	7
51	0	12	0.00	12
52	0	14	0.00	14
53	1	11	8.33	12
54	0	10	0.00	10
55	0	9	0.00	9
56	0	17	0.00	17
57	0	5	0.00	5
58	0	6	0.00	6
59	0	1	0.00	1
60	0	2	0.00	2
61	0	2	0.00	2
62	0	2	0.00	2
63	0	0		0
64	0	1	0.00	1
65	0	1	0.00	1
66	0	0		0
67	0	0		0
68	0	5	0.00	5
69	0	4	0.00	4
70	0	0		0
71	0	0		0
72	0	1	0.00	1
73	0	0		0
74	0	1	0.00	1
75	0	0		0
76	0	0		0
77	0	0		0
78	0	0		0
79	0	1	0.00	1
80	0	1	0.00	1
81	0	0		0
82	0	0		0
83	0	1	0.00	1
84	0	1	0.00	1
85	0	0		0
86	0	0		0
87	0	0		0
88	0	0		0
89	0	1	0.00	1
90	0	0		0
91	0	0		0
92	0	0		0
93	0	1	0.00	1
94	0	1	0.00	1
95	0	0		0
96	0	0		0
97	0	0		0

