CpG context (R1)
================
position	count methylated	count unmethylated	% methylation	coverage
1	213	2174	8.92	2387
2	1	14	6.67	15
3	1	16	5.88	17
4	7	166	4.05	173
5	14	194	6.73	208
6	12	268	4.29	280
7	9	237	3.66	246
8	16	285	5.32	301
9	13	241	5.12	254
10	6	233	2.51	239
11	7	271	2.52	278
12	15	261	5.43	276
13	16	294	5.16	310
14	13	243	5.08	256
15	7	267	2.55	274
16	14	310	4.32	324
17	9	238	3.64	247
18	15	237	5.95	252
19	19	304	5.88	323
20	12	215	5.29	227
21	12	219	5.19	231
22	16	289	5.25	305
23	16	253	5.95	269
24	7	226	3.00	233
25	12	305	3.79	317
26	13	295	4.22	308
27	9	289	3.02	298
28	13	249	4.96	262
29	8	243	3.19	251
30	11	285	3.72	296
31	14	286	4.67	300
32	12	279	4.12	291
33	13	209	5.86	222
34	14	309	4.33	323
35	17	249	6.39	266
36	9	218	3.96	227
37	21	266	7.32	287
38	13	256	4.83	269
39	24	243	8.99	267
40	3	276	1.08	279
41	17	246	6.46	263
42	19	299	5.97	318
43	10	272	3.55	282
44	13	253	4.89	266
45	14	273	4.88	287
46	18	209	7.93	227
47	17	273	5.86	290
48	9	274	3.18	283
49	15	236	5.98	251
50	8	244	3.17	252
51	16	268	5.63	284
52	7	238	2.86	245
53	13	240	5.14	253
54	9	237	3.66	246
55	14	298	4.49	312
56	16	220	6.78	236
57	16	240	6.25	256
58	20	225	8.16	245
59	4	275	1.43	279
60	17	241	6.59	258
61	12	228	5.00	240
62	11	242	4.35	253
63	16	210	7.08	226
64	26	223	10.44	249
65	11	233	4.51	244
66	13	248	4.98	261
67	15	202	6.91	217
68	15	196	7.11	211
69	6	193	3.02	199
70	12	231	4.94	243
71	9	226	3.83	235
72	13	238	5.18	251
73	11	228	4.60	239
74	14	219	6.01	233
75	7	191	3.54	198
76	12	202	5.61	214
77	9	250	3.47	259
78	7	185	3.65	192
79	9	208	4.15	217
80	7	177	3.80	184
81	9	152	5.59	161
82	8	202	3.81	210
83	10	138	6.76	148
84	6	155	3.73	161
85	3	202	1.46	205
86	7	155	4.32	162
87	9	183	4.69	192
88	5	118	4.07	123
89	7	125	5.30	132
90	8	129	5.84	137
91	9	131	6.43	140
92	4	141	2.76	145
93	7	151	4.43	158
94	6	118	4.84	124
95	11	112	8.94	123
96	6	121	4.72	127
97	7	108	6.09	115
98	7	111	5.93	118
99	1	61	1.61	62
100	1	5	16.67	6
101	0	2	0.00	2
102	1	2	33.33	3
103	0	8	0.00	8
104	0	1	0.00	1
105	2	9	18.18	11
106	0	7	0.00	7
107	0	4	0.00	4
108	2	6	25.00	8
109	1	9	10.00	10
110	0	2	0.00	2
111	1	3	25.00	4
112	0	8	0.00	8
113	0	3	0.00	3
114	1	3	25.00	4
115	1	4	20.00	5
116	0	3	0.00	3
117	1	8	11.11	9
118	0	0		0
119	0	1	0.00	1
120	0	3	0.00	3
121	0	2	0.00	2
122	0	2	0.00	2
123	0	1	0.00	1
124	0	2	0.00	2
125	1	3	25.00	4
126	0	1	0.00	1
127	0	0		0
128	0	1	0.00	1
129	1	4	20.00	5
130	0	0		0
131	0	1	0.00	1
132	0	1	0.00	1
133	0	2	0.00	2
134	0	1	0.00	1
135	0	2	0.00	2
136	0	2	0.00	2
137	0	0		0
138	1	5	16.67	6
139	0	2	0.00	2
140	0	0		0
141	0	3	0.00	3
142	1	3	25.00	4
143	0	0		0
144	0	2	0.00	2
145	0	1	0.00	1
146	0	1	0.00	1
147	0	0		0
148	0	0		0
149	0	1	0.00	1

CHG context (R1)
================
position	count methylated	count unmethylated	% methylation	coverage
1	0	14	0.00	14
2	0	20	0.00	20
3	0	11	0.00	11
4	2	146	1.35	148
5	0	190	0.00	190
6	0	253	0.00	253
7	3	253	1.17	256
8	0	193	0.00	193
9	3	252	1.18	255
10	1	227	0.44	228
11	1	232	0.43	233
12	1	200	0.50	201
13	0	205	0.00	205
14	1	206	0.48	207
15	1	251	0.40	252
16	0	209	0.00	209
17	1	230	0.43	231
18	1	237	0.42	238
19	0	213	0.00	213
20	0	187	0.00	187
21	1	196	0.51	197
22	1	241	0.41	242
23	1	187	0.53	188
24	1	185	0.54	186
25	2	256	0.78	258
26	2	199	1.00	201
27	2	226	0.88	228
28	1	236	0.42	237
29	1	189	0.53	190
30	0	203	0.00	203
31	1	250	0.40	251
32	0	186	0.00	186
33	0	260	0.00	260
34	2	218	0.91	220
35	0	222	0.00	222
36	0	233	0.00	233
37	1	198	0.50	199
38	0	203	0.00	203
39	0	226	0.00	226
40	0	207	0.00	207
41	1	242	0.41	243
42	2	211	0.94	213
43	0	197	0.00	197
44	0	234	0.00	234
45	1	202	0.49	203
46	0	211	0.00	211
47	0	194	0.00	194
48	0	209	0.00	209
49	1	192	0.52	193
50	1	217	0.46	218
51	1	205	0.49	206
52	1	207	0.48	208
53	2	212	0.93	214
54	0	214	0.00	214
55	0	167	0.00	167
56	2	207	0.96	209
57	1	233	0.43	234
58	0	203	0.00	203
59	1	176	0.56	177
60	1	135	0.74	136
61	0	186	0.00	186
62	3	162	1.82	165
63	1	180	0.55	181
64	0	200	0.00	200
65	0	191	0.00	191
66	0	170	0.00	170
67	0	180	0.00	180
68	1	176	0.56	177
69	0	188	0.00	188
70	1	174	0.57	175
71	1	149	0.67	150
72	0	150	0.00	150
73	0	180	0.00	180
74	0	138	0.00	138
75	1	153	0.65	154
76	0	184	0.00	184
77	0	150	0.00	150
78	0	169	0.00	169
79	1	161	0.62	162
80	1	111	0.89	112
81	0	184	0.00	184
82	0	129	0.00	129
83	1	123	0.81	124
84	0	130	0.00	130
85	0	133	0.00	133
86	0	156	0.00	156
87	0	106	0.00	106
88	1	105	0.94	106
89	0	139	0.00	139
90	0	118	0.00	118
91	0	132	0.00	132
92	0	107	0.00	107
93	0	74	0.00	74
94	0	91	0.00	91
95	1	96	1.03	97
96	0	101	0.00	101
97	0	123	0.00	123
98	1	86	1.15	87
99	0	51	0.00	51
100	0	8	0.00	8
101	0	6	0.00	6
102	0	5	0.00	5
103	0	7	0.00	7
104	0	7	0.00	7
105	0	6	0.00	6
106	0	8	0.00	8
107	0	2	0.00	2
108	0	6	0.00	6
109	0	3	0.00	3
110	0	3	0.00	3
111	0	5	0.00	5
112	0	9	0.00	9
113	0	3	0.00	3
114	0	1	0.00	1
115	0	1	0.00	1
116	0	4	0.00	4
117	0	0		0
118	0	1	0.00	1
119	0	1	0.00	1
120	0	5	0.00	5
121	0	1	0.00	1
122	0	1	0.00	1
123	0	0		0
124	0	1	0.00	1
125	0	1	0.00	1
126	0	2	0.00	2
127	0	1	0.00	1
128	0	5	0.00	5
129	0	0		0
130	0	1	0.00	1
131	0	0		0
132	0	3	0.00	3
133	0	1	0.00	1
134	0	0		0
135	0	4	0.00	4
136	0	2	0.00	2
137	0	0		0
138	0	1	0.00	1
139	0	1	0.00	1
140	0	1	0.00	1
141	0	2	0.00	2
142	0	0		0
143	0	0		0
144	0	0		0
145	0	0		0
146	0	0		0
147	0	2	0.00	2
148	0	3	0.00	3
149	0	2	0.00	2

CHH context (R1)
================
position	count methylated	count unmethylated	% methylation	coverage
1	2	25	7.41	27
2	0	31	0.00	31
3	0	20	0.00	20
4	1	329	0.30	330
5	0	358	0.00	358
6	0	407	0.00	407
7	1	372	0.27	373
8	0	357	0.00	357
9	0	318	0.00	318
10	2	308	0.65	310
11	1	301	0.33	302
12	1	317	0.31	318
13	2	363	0.55	365
14	1	354	0.28	355
15	0	342	0.00	342
16	0	375	0.00	375
17	1	315	0.32	316
18	1	302	0.33	303
19	1	321	0.31	322
20	1	333	0.30	334
21	2	324	0.61	326
22	1	351	0.28	352
23	2	367	0.54	369
24	0	379	0.00	379
25	0	375	0.00	375
26	2	335	0.59	337
27	2	386	0.52	388
28	1	367	0.27	368
29	2	326	0.61	328
30	2	363	0.55	365
31	0	299	0.00	299
32	0	356	0.00	356
33	1	309	0.32	310
34	1	308	0.32	309
35	0	301	0.00	301
36	0	377	0.00	377
37	3	368	0.81	371
38	2	345	0.58	347
39	1	341	0.29	342
40	1	320	0.31	321
41	3	354	0.84	357
42	2	317	0.63	319
43	1	355	0.28	356
44	1	348	0.29	349
45	1	326	0.31	327
46	2	360	0.55	362
47	0	340	0.00	340
48	0	319	0.00	319
49	1	379	0.26	380
50	1	370	0.27	371
51	0	416	0.00	416
52	2	340	0.58	342
53	0	303	0.00	303
54	0	314	0.00	314
55	0	310	0.00	310
56	2	264	0.75	266
57	1	277	0.36	278
58	0	276	0.00	276
59	0	278	0.00	278
60	0	309	0.00	309
61	0	322	0.00	322
62	1	331	0.30	332
63	3	298	1.00	301
64	1	360	0.28	361
65	1	306	0.33	307
66	0	300	0.00	300
67	4	334	1.18	338
68	1	356	0.28	357
69	2	309	0.64	311
70	1	287	0.35	288
71	1	277	0.36	278
72	1	286	0.35	287
73	0	286	0.00	286
74	1	254	0.39	255
75	0	308	0.00	308
76	0	296	0.00	296
77	2	271	0.73	273
78	1	228	0.44	229
79	1	267	0.37	268
80	1	279	0.36	280
81	2	262	0.76	264
82	1	255	0.39	256
83	2	224	0.88	226
84	0	255	0.00	255
85	0	270	0.00	270
86	2	250	0.79	252
87	1	201	0.50	202
88	1	246	0.40	247
89	2	212	0.93	214
90	0	190	0.00	190
91	0	175	0.00	175
92	1	176	0.56	177
93	0	164	0.00	164
94	0	174	0.00	174
95	1	199	0.50	200
96	1	168	0.59	169
97	1	164	0.61	165
98	1	174	0.57	175
99	1	80	1.23	81
100	0	7	0.00	7
101	0	12	0.00	12
102	0	12	0.00	12
103	1	8	11.11	9
104	0	7	0.00	7
105	0	4	0.00	4
106	0	7	0.00	7
107	0	8	0.00	8
108	0	6	0.00	6
109	0	3	0.00	3
110	0	6	0.00	6
111	0	5	0.00	5
112	0	2	0.00	2
113	0	4	0.00	4
114	0	5	0.00	5
115	0	8	0.00	8
116	0	3	0.00	3
117	0	5	0.00	5
118	1	1	50.00	2
119	0	3	0.00	3
120	0	3	0.00	3
121	0	1	0.00	1
122	0	1	0.00	1
123	0	2	0.00	2
124	0	1	0.00	1
125	0	2	0.00	2
126	0	2	0.00	2
127	0	4	0.00	4
128	0	1	0.00	1
129	0	3	0.00	3
130	0	0		0
131	0	3	0.00	3
132	0	3	0.00	3
133	0	4	0.00	4
134	0	1	0.00	1
135	0	3	0.00	3
136	0	0		0
137	0	1	0.00	1
138	0	0		0
139	0	0		0
140	0	1	0.00	1
141	0	0		0
142	0	0		0
143	0	1	0.00	1
144	0	0		0
145	0	1	0.00	1
146	0	1	0.00	1
147	0	2	0.00	2
148	0	1	0.00	1
149	0	1	0.00	1

CpG context (R2)
================
position	count methylated	count unmethylated	% methylation	coverage
1	0	26	0.00	26
2	0	13	0.00	13
3	2	61	3.17	63
4	3	73	3.95	76
5	0	96	0.00	96
6	5	88	5.38	93
7	5	144	3.36	149
8	1	74	1.33	75
9	6	77	7.23	83
10	4	91	4.21	95
11	2	66	2.94	68
12	2	64	3.03	66
13	6	82	6.82	88
14	2	33	5.71	35
15	3	60	4.76	63
16	2	53	3.64	55
17	0	39	0.00	39
18	2	52	3.70	54
19	3	34	8.11	37
20	2	45	4.26	47
21	1	34	2.86	35
22	2	34	5.56	36
23	3	27	10.00	30
24	3	57	5.00	60
25	4	29	12.12	33
26	2	23	8.00	25
27	3	36	7.69	39
28	0	24	0.00	24
29	1	39	2.50	40
30	3	19	13.64	22
31	1	52	1.89	53
32	0	24	0.00	24
33	2	21	8.70	23
34	5	23	17.86	28
35	0	11	0.00	11
36	0	16	0.00	16
37	1	16	5.88	17
38	1	28	3.45	29
39	0	9	0.00	9
40	0	11	0.00	11
41	0	10	0.00	10
42	0	12	0.00	12
43	2	12	14.29	14
44	0	16	0.00	16
45	2	3	40.00	5
46	4	8	33.33	12
47	1	6	14.29	7
48	1	4	20.00	5
49	0	5	0.00	5
50	3	4	42.86	7
51	0	5	0.00	5
52	1	8	11.11	9
53	0	4	0.00	4
54	0	5	0.00	5
55	1	7	12.50	8
56	1	3	25.00	4
57	0	3	0.00	3
58	0	4	0.00	4
59	0	3	0.00	3
60	2	1	66.67	3
61	0	1	0.00	1
62	0	0		0
63	1	2	33.33	3
64	0	2	0.00	2
65	1	1	50.00	2
66	0	0		0
67	0	1	0.00	1
68	0	0		0
69	0	1	0.00	1
70	0	0		0
71	0	2	0.00	2
72	0	0		0
73	0	0		0
74	0	1	0.00	1
75	0	3	0.00	3
76	0	0		0
77	0	2	0.00	2
78	0	0		0
79	0	0		0
80	0	1	0.00	1
81	0	0		0
82	0	1	0.00	1
83	0	0		0
84	0	0		0
85	0	0		0
86	1	0	100.00	1
87	0	0		0
88	0	0		0
89	0	0		0
90	0	1	0.00	1
91	0	0		0
92	0	0		0
93	0	0		0
94	0	1	0.00	1
95	0	2	0.00	2
96	0	0		0
97	0	1	0.00	1

CHG context (R2)
================
position	count methylated	count unmethylated	% methylation	coverage
1	15	2161	0.69	2176
2	0	16	0.00	16
3	0	6	0.00	6
4	2	40	4.76	42
5	0	49	0.00	49
6	1	63	1.56	64
7	1	63	1.56	64
8	1	96	1.03	97
9	1	67	1.47	68
10	0	67	0.00	67
11	2	70	2.78	72
12	0	40	0.00	40
13	0	50	0.00	50
14	0	44	0.00	44
15	0	32	0.00	32
16	0	51	0.00	51
17	0	51	0.00	51
18	1	67	1.47	68
19	0	46	0.00	46
20	0	40	0.00	40
21	0	38	0.00	38
22	1	53	1.85	54
23	0	29	0.00	29
24	0	18	0.00	18
25	0	41	0.00	41
26	0	17	0.00	17
27	0	14	0.00	14
28	1	24	4.00	25
29	0	27	0.00	27
30	0	20	0.00	20
31	0	28	0.00	28
32	0	28	0.00	28
33	0	20	0.00	20
34	0	16	0.00	16
35	0	21	0.00	21
36	0	25	0.00	25
37	0	12	0.00	12
38	0	8	0.00	8
39	0	19	0.00	19
40	0	12	0.00	12
41	0	20	0.00	20
42	0	8	0.00	8
43	0	12	0.00	12
44	0	3	0.00	3
45	0	10	0.00	10
46	0	3	0.00	3
47	0	10	0.00	10
48	0	6	0.00	6
49	0	8	0.00	8
50	0	17	0.00	17
51	0	2	0.00	2
52	0	7	0.00	7
53	0	6	0.00	6
54	0	0		0
55	0	3	0.00	3
56	0	4	0.00	4
57	0	0		0
58	0	5	0.00	5
59	0	0		0
60	0	3	0.00	3
61	0	1	0.00	1
62	0	0		0
63	0	2	0.00	2
64	0	3	0.00	3
65	0	0		0
66	0	0		0
67	0	0		0
68	0	2	0.00	2
69	0	0		0
70	0	0		0
71	0	0		0
72	0	2	0.00	2
73	0	0		0
74	0	0		0
75	0	1	0.00	1
76	0	0		0
77	0	0		0
78	0	2	0.00	2
79	0	0		0
80	0	0		0
81	0	0		0
82	0	0		0
83	0	2	0.00	2
84	0	0		0
85	0	0		0
86	0	0		0
87	0	2	0.00	2
88	0	0		0
89	0	0		0
90	0	0		0
91	0	0		0
92	0	0		0
93	0	0		0
94	0	0		0
95	0	0		0
96	0	0		0
97	0	0		0

CHH context (R2)
================
position	count methylated	count unmethylated	% methylation	coverage
1	0	9	0.00	9
2	2	943	0.21	945
3	1	260	0.38	261
4	0	202	0.00	202
5	1	148	0.67	149
6	0	105	0.00	105
7	0	110	0.00	110
8	0	137	0.00	137
9	1	117	0.85	118
10	0	117	0.00	117
11	0	95	0.00	95
12	0	84	0.00	84
13	1	85	1.16	86
14	0	98	0.00	98
15	0	83	0.00	83
16	0	59	0.00	59
17	0	67	0.00	67
18	0	79	0.00	79
19	0	78	0.00	78
20	0	51	0.00	51
21	0	47	0.00	47
22	0	43	0.00	43
23	0	48	0.00	48
24	0	45	0.00	45
25	0	49	0.00	49
26	0	37	0.00	37
27	0	34	0.00	34
28	0	30	0.00	30
29	0	38	0.00	38
30	0	30	0.00	30
31	0	26	0.00	26
32	0	29	0.00	29
33	0	26	0.00	26
34	0	23	0.00	23
35	0	24	0.00	24
36	0	19	0.00	19
37	0	16	0.00	16
38	0	26	0.00	26
39	0	9	0.00	9
40	0	21	0.00	21
41	0	15	0.00	15
42	0	19	0.00	19
43	0	16	0.00	16
44	0	17	0.00	17
45	0	19	0.00	19
46	0	14	0.00	14
47	0	14	0.00	14
48	0	7	0.00	7
49	0	5	0.00	5
50	0	4	0.00	4
51	0	12	0.00	12
52	0	10	0.00	10
53	0	10	0.00	10
54	0	6	0.00	6
55	0	9	0.00	9
56	0	11	0.00	11
57	0	4	0.00	4
58	0	3	0.00	3
59	0	0		0
60	0	1	0.00	1
61	0	2	0.00	2
62	0	1	0.00	1
63	0	1	0.00	1
64	0	0		0
65	0	0		0
66	0	0		0
67	0	0		0
68	0	2	0.00	2
69	0	4	0.00	4
70	0	0		0
71	0	0		0
72	0	2	0.00	2
73	0	0		0
74	0	0		0
75	0	0		0
76	0	0		0
77	0	0		0
78	0	0		0
79	0	1	0.00	1
80	0	0		0
81	0	0		0
82	0	0		0
83	0	0		0
84	0	2	0.00	2
85	0	0		0
86	0	0		0
87	0	0		0
88	0	0		0
89	0	0		0
90	0	0		0
91	0	0		0
92	0	1	0.00	1
93	0	1	0.00	1
94	0	1	0.00	1
95	0	0		0
96	0	0		0
97	0	0		0

