CpG context (R1)
================
position	count methylated	count unmethylated	% methylation	coverage
1	209	2156	8.84	2365
2	0	16	0.00	16
3	0	15	0.00	15
4	10	201	4.74	211
5	5	223	2.19	228
6	11	280	3.78	291
7	9	227	3.81	236
8	19	295	6.05	314
9	12	216	5.26	228
10	18	247	6.79	265
11	8	258	3.01	266
12	12	266	4.32	278
13	24	282	7.84	306
14	18	249	6.74	267
15	10	237	4.05	247
16	20	269	6.92	289
17	6	216	2.70	222
18	8	232	3.33	240
19	14	280	4.76	294
20	7	211	3.21	218
21	14	225	5.86	239
22	7	280	2.44	287
23	10	286	3.38	296
24	15	246	5.75	261
25	18	316	5.39	334
26	7	261	2.61	268
27	11	268	3.94	279
28	19	277	6.42	296
29	11	253	4.17	264
30	19	305	5.86	324
31	19	275	6.46	294
32	16	263	5.73	279
33	9	252	3.45	261
34	18	297	5.71	315
35	21	266	7.32	287
36	17	228	6.94	245
37	16	243	6.18	259
38	21	259	7.50	280
39	11	224	4.68	235
40	12	240	4.76	252
41	16	236	6.35	252
42	13	274	4.53	287
43	8	253	3.07	261
44	15	225	6.25	240
45	16	269	5.61	285
46	28	224	11.11	252
47	16	253	5.95	269
48	16	274	5.52	290
49	16	223	6.69	239
50	9	249	3.49	258
51	11	237	4.44	248
52	16	239	6.27	255
53	12	255	4.49	267
54	8	263	2.95	271
55	17	298	5.40	315
56	12	235	4.86	247
57	13	242	5.10	255
58	16	239	6.27	255
59	12	292	3.95	304
60	17	225	7.02	242
61	13	237	5.20	250
62	8	246	3.15	254
63	15	204	6.85	219
64	13	268	4.63	281
65	15	237	5.95	252
66	17	248	6.42	265
67	11	230	4.56	241
68	11	201	5.19	212
69	13	208	5.88	221
70	17	226	7.00	243
71	12	254	4.51	266
72	10	220	4.35	230
73	12	217	5.24	229
74	14	226	5.83	240
75	5	200	2.44	205
76	14	190	6.86	204
77	9	226	3.83	235
78	16	180	8.16	196
79	13	199	6.13	212
80	8	185	4.15	193
81	9	166	5.14	175
82	9	188	4.57	197
83	8	143	5.30	151
84	12	172	6.52	184
85	5	181	2.69	186
86	13	170	7.10	183
87	7	179	3.76	186
88	8	117	6.40	125
89	8	162	4.71	170
90	8	117	6.40	125
91	7	142	4.70	149
92	10	137	6.80	147
93	7	114	5.79	121
94	6	133	4.32	139
95	8	124	6.06	132
96	4	118	3.28	122
97	4	140	2.78	144
98	4	97	3.96	101
99	1	51	1.92	52
100	0	11	0.00	11
101	0	5	0.00	5
102	1	6	14.29	7
103	0	8	0.00	8
104	1	6	14.29	7
105	1	5	16.67	6
106	0	7	0.00	7
107	0	5	0.00	5
108	1	7	12.50	8
109	0	4	0.00	4
110	0	2	0.00	2
111	1	7	12.50	8
112	0	2	0.00	2
113	1	2	33.33	3
114	0	4	0.00	4
115	1	7	12.50	8
116	1	4	20.00	5
117	0	5	0.00	5
118	0	2	0.00	2
119	0	0		0
120	0	4	0.00	4
121	0	1	0.00	1
122	1	4	20.00	5
123	0	4	0.00	4
124	0	1	0.00	1
125	0	3	0.00	3
126	0	1	0.00	1
127	0	1	0.00	1
128	0	1	0.00	1
129	0	3	0.00	3
130	0	2	0.00	2
131	0	4	0.00	4
132	0	4	0.00	4
133	0	3	0.00	3
134	0	1	0.00	1
135	0	0		0
136	0	1	0.00	1
137	0	5	0.00	5
138	0	2	0.00	2
139	0	0		0
140	0	1	0.00	1
141	0	3	0.00	3
142	0	2	0.00	2
143	0	3	0.00	3
144	0	3	0.00	3
145	0	0		0
146	1	1	50.00	2
147	0	0		0
148	0	0		0
149	0	4	0.00	4

CHG context (R1)
================
position	count methylated	count unmethylated	% methylation	coverage
1	1	16	5.88	17
2	0	23	0.00	23
3	0	11	0.00	11
4	0	134	0.00	134
5	0	191	0.00	191
6	0	238	0.00	238
7	2	251	0.79	253
8	1	207	0.48	208
9	0	242	0.00	242
10	1	183	0.54	184
11	1	220	0.45	221
12	1	190	0.52	191
13	0	200	0.00	200
14	0	185	0.00	185
15	1	234	0.43	235
16	1	223	0.45	224
17	0	213	0.00	213
18	1	287	0.35	288
19	1	204	0.49	205
20	1	179	0.56	180
21	2	200	0.99	202
22	2	256	0.78	258
23	0	215	0.00	215
24	0	195	0.00	195
25	1	253	0.39	254
26	1	208	0.48	209
27	0	225	0.00	225
28	0	239	0.00	239
29	1	177	0.56	178
30	0	193	0.00	193
31	1	243	0.41	244
32	2	188	1.05	190
33	0	254	0.00	254
34	2	218	0.91	220
35	1	215	0.46	216
36	2	221	0.90	223
37	0	224	0.00	224
38	2	201	0.99	203
39	0	221	0.00	221
40	0	206	0.00	206
41	0	277	0.00	277
42	1	220	0.45	221
43	2	205	0.97	207
44	2	254	0.78	256
45	1	209	0.48	210
46	2	215	0.92	217
47	0	209	0.00	209
48	0	236	0.00	236
49	0	200	0.00	200
50	0	182	0.00	182
51	0	227	0.00	227
52	1	203	0.49	204
53	3	203	1.46	206
54	2	216	0.92	218
55	0	170	0.00	170
56	0	222	0.00	222
57	2	213	0.93	215
58	0	224	0.00	224
59	0	183	0.00	183
60	0	154	0.00	154
61	2	207	0.96	209
62	1	162	0.61	163
63	0	189	0.00	189
64	0	192	0.00	192
65	0	194	0.00	194
66	1	147	0.68	148
67	1	186	0.53	187
68	2	207	0.96	209
69	0	194	0.00	194
70	0	196	0.00	196
71	0	152	0.00	152
72	0	157	0.00	157
73	0	158	0.00	158
74	1	164	0.61	165
75	0	139	0.00	139
76	0	174	0.00	174
77	0	202	0.00	202
78	1	150	0.66	151
79	0	153	0.00	153
80	2	133	1.48	135
81	0	186	0.00	186
82	0	122	0.00	122
83	1	132	0.75	133
84	1	128	0.78	129
85	0	122	0.00	122
86	1	147	0.68	148
87	0	134	0.00	134
88	1	140	0.71	141
89	1	92	1.08	93
90	1	112	0.88	113
91	1	125	0.79	126
92	0	84	0.00	84
93	0	86	0.00	86
94	1	109	0.91	110
95	2	95	2.06	97
96	0	115	0.00	115
97	1	120	0.83	121
98	0	84	0.00	84
99	0	43	0.00	43
100	0	6	0.00	6
101	1	5	16.67	6
102	0	4	0.00	4
103	0	4	0.00	4
104	0	1	0.00	1
105	0	7	0.00	7
106	0	11	0.00	11
107	0	2	0.00	2
108	0	7	0.00	7
109	0	7	0.00	7
110	0	4	0.00	4
111	0	3	0.00	3
112	0	6	0.00	6
113	0	3	0.00	3
114	0	1	0.00	1
115	0	3	0.00	3
116	0	1	0.00	1
117	0	2	0.00	2
118	0	2	0.00	2
119	0	2	0.00	2
120	0	3	0.00	3
121	0	4	0.00	4
122	0	0		0
123	0	0		0
124	0	5	0.00	5
125	0	1	0.00	1
126	0	0		0
127	0	1	0.00	1
128	0	1	0.00	1
129	0	0		0
130	0	2	0.00	2
131	0	0		0
132	0	3	0.00	3
133	0	0		0
134	0	2	0.00	2
135	0	0		0
136	0	1	0.00	1
137	0	0		0
138	0	0		0
139	0	3	0.00	3
140	0	4	0.00	4
141	0	1	0.00	1
142	0	0		0
143	0	0		0
144	0	0		0
145	0	3	0.00	3
146	0	0		0
147	0	0		0
148	0	4	0.00	4
149	0	0		0

CHH context (R1)
================
position	count methylated	count unmethylated	% methylation	coverage
1	0	39	0.00	39
2	0	39	0.00	39
3	0	24	0.00	24
4	1	320	0.31	321
5	1	419	0.24	420
6	1	415	0.24	416
7	0	392	0.00	392
8	2	352	0.56	354
9	3	318	0.93	321
10	1	311	0.32	312
11	1	316	0.32	317
12	1	328	0.30	329
13	3	355	0.84	358
14	1	356	0.28	357
15	2	352	0.56	354
16	4	360	1.10	364
17	0	319	0.00	319
18	2	303	0.66	305
19	0	298	0.00	298
20	2	331	0.60	333
21	1	351	0.28	352
22	0	316	0.00	316
23	1	328	0.30	329
24	1	356	0.28	357
25	2	359	0.55	361
26	2	377	0.53	379
27	1	409	0.24	410
28	0	391	0.00	391
29	2	370	0.54	372
30	0	405	0.00	405
31	1	356	0.28	357
32	2	383	0.52	385
33	0	326	0.00	326
34	1	317	0.31	318
35	0	340	0.00	340
36	1	374	0.27	375
37	1	342	0.29	343
38	0	369	0.00	369
39	1	355	0.28	356
40	3	363	0.82	366
41	1	305	0.33	306
42	0	327	0.00	327
43	2	325	0.61	327
44	1	351	0.28	352
45	1	310	0.32	311
46	1	353	0.28	354
47	1	312	0.32	313
48	1	347	0.29	348
49	2	397	0.50	399
50	0	416	0.00	416
51	0	403	0.00	403
52	0	362	0.00	362
53	1	324	0.31	325
54	1	299	0.33	300
55	0	331	0.00	331
56	0	312	0.00	312
57	1	315	0.32	316
58	0	306	0.00	306
59	2	303	0.66	305
60	1	314	0.32	315
61	0	337	0.00	337
62	1	354	0.28	355
63	2	312	0.64	314
64	1	369	0.27	370
65	1	373	0.27	374
66	1	299	0.33	300
67	2	343	0.58	345
68	1	340	0.29	341
69	3	313	0.95	316
70	0	281	0.00	281
71	2	296	0.67	298
72	0	289	0.00	289
73	0	292	0.00	292
74	3	240	1.23	243
75	0	324	0.00	324
76	0	314	0.00	314
77	0	282	0.00	282
78	2	249	0.80	251
79	1	281	0.35	282
80	1	296	0.34	297
81	2	250	0.79	252
82	0	288	0.00	288
83	0	241	0.00	241
84	2	238	0.83	240
85	1	271	0.37	272
86	0	265	0.00	265
87	0	204	0.00	204
88	0	216	0.00	216
89	4	218	1.80	222
90	1	185	0.54	186
91	1	182	0.55	183
92	2	206	0.96	208
93	2	152	1.30	154
94	1	162	0.61	163
95	0	178	0.00	178
96	0	125	0.00	125
97	1	157	0.63	158
98	0	176	0.00	176
99	1	69	1.43	70
100	0	11	0.00	11
101	0	9	0.00	9
102	0	10	0.00	10
103	0	13	0.00	13
104	0	16	0.00	16
105	0	9	0.00	9
106	0	6	0.00	6
107	0	6	0.00	6
108	0	6	0.00	6
109	0	5	0.00	5
110	0	5	0.00	5
111	0	0		0
112	0	2	0.00	2
113	0	3	0.00	3
114	0	3	0.00	3
115	0	4	0.00	4
116	0	1	0.00	1
117	0	3	0.00	3
118	0	5	0.00	5
119	0	5	0.00	5
120	0	7	0.00	7
121	0	2	0.00	2
122	0	1	0.00	1
123	0	4	0.00	4
124	0	2	0.00	2
125	0	3	0.00	3
126	0	3	0.00	3
127	0	1	0.00	1
128	0	2	0.00	2
129	0	2	0.00	2
130	0	1	0.00	1
131	0	4	0.00	4
132	0	0		0
133	0	3	0.00	3
134	0	3	0.00	3
135	0	6	0.00	6
136	0	0		0
137	0	2	0.00	2
138	0	3	0.00	3
139	0	1	0.00	1
140	0	2	0.00	2
141	0	0		0
142	0	0		0
143	0	2	0.00	2
144	0	1	0.00	1
145	0	1	0.00	1
146	0	0		0
147	0	4	0.00	4
148	0	3	0.00	3
149	0	1	0.00	1

CpG context (R2)
================
position	count methylated	count unmethylated	% methylation	coverage
1	0	21	0.00	21
2	2	15	11.76	17
3	1	59	1.67	60
4	4	74	5.13	78
5	3	93	3.12	96
6	5	89	5.32	94
7	6	121	4.72	127
8	3	81	3.57	84
9	4	55	6.78	59
10	6	104	5.45	110
11	2	69	2.82	71
12	1	59	1.67	60
13	2	84	2.33	86
14	3	40	6.98	43
15	4	55	6.78	59
16	1	55	1.79	56
17	2	30	6.25	32
18	2	48	4.00	50
19	0	35	0.00	35
20	1	48	2.04	49
21	1	21	4.55	22
22	3	48	5.88	51
23	3	38	7.32	41
24	3	49	5.77	52
25	0	26	0.00	26
26	0	30	0.00	30
27	3	31	8.82	34
28	1	34	2.86	35
29	2	47	4.08	49
30	1	24	4.00	25
31	2	28	6.67	30
32	0	22	0.00	22
33	2	14	12.50	16
34	0	21	0.00	21
35	0	10	0.00	10
36	2	14	12.50	16
37	2	20	9.09	22
38	0	15	0.00	15
39	0	9	0.00	9
40	0	5	0.00	5
41	0	10	0.00	10
42	0	12	0.00	12
43	3	17	15.00	20
44	0	14	0.00	14
45	0	4	0.00	4
46	3	11	21.43	14
47	0	8	0.00	8
48	1	7	12.50	8
49	0	8	0.00	8
50	0	3	0.00	3
51	0	3	0.00	3
52	1	12	7.69	13
53	0	1	0.00	1
54	2	4	33.33	6
55	1	0	100.00	1
56	0	0		0
57	0	3	0.00	3
58	0	12	0.00	12
59	0	3	0.00	3
60	0	0		0
61	0	6	0.00	6
62	0	0		0
63	0	0		0
64	0	1	0.00	1
65	0	0		0
66	0	0		0
67	0	2	0.00	2
68	0	0		0
69	0	2	0.00	2
70	0	0		0
71	0	2	0.00	2
72	0	2	0.00	2
73	0	0		0
74	0	0		0
75	0	3	0.00	3
76	0	0		0
77	0	2	0.00	2
78	0	1	0.00	1
79	0	0		0
80	0	1	0.00	1
81	0	0		0
82	0	0		0
83	0	0		0
84	0	0		0
85	0	0		0
86	0	1	0.00	1
87	0	0		0
88	0	0		0
89	0	0		0
90	0	0		0
91	0	1	0.00	1
92	0	0		0
93	0	0		0
94	0	0		0

CHG context (R2)
================
position	count methylated	count unmethylated	% methylation	coverage
1	15	2129	0.70	2144
2	0	26	0.00	26
3	0	6	0.00	6
4	0	39	0.00	39
5	0	63	0.00	63
6	0	63	0.00	63
7	0	69	0.00	69
8	1	99	1.00	100
9	0	64	0.00	64
10	1	44	2.22	45
11	0	67	0.00	67
12	0	53	0.00	53
13	0	46	0.00	46
14	0	62	0.00	62
15	0	48	0.00	48
16	0	42	0.00	42
17	0	46	0.00	46
18	0	51	0.00	51
19	0	55	0.00	55
20	0	51	0.00	51
21	0	36	0.00	36
22	0	49	0.00	49
23	0	25	0.00	25
24	0	14	0.00	14
25	0	37	0.00	37
26	0	16	0.00	16
27	0	9	0.00	9
28	0	18	0.00	18
29	1	22	4.35	23
30	0	30	0.00	30
31	0	31	0.00	31
32	0	17	0.00	17
33	0	24	0.00	24
34	0	19	0.00	19
35	0	22	0.00	22
36	0	26	0.00	26
37	0	10	0.00	10
38	0	9	0.00	9
39	0	13	0.00	13
40	0	18	0.00	18
41	0	11	0.00	11
42	0	4	0.00	4
43	0	9	0.00	9
44	0	9	0.00	9
45	0	9	0.00	9
46	0	5	0.00	5
47	0	8	0.00	8
48	0	5	0.00	5
49	0	8	0.00	8
50	0	7	0.00	7
51	0	5	0.00	5
52	0	13	0.00	13
53	0	3	0.00	3
54	0	0		0
55	0	8	0.00	8
56	0	3	0.00	3
57	0	0		0
58	0	0		0
59	0	1	0.00	1
60	1	5	16.67	6
61	0	0		0
62	0	0		0
63	0	3	0.00	3
64	0	0		0
65	0	0		0
66	0	1	0.00	1
67	0	0		0
68	0	2	0.00	2
69	0	0		0
70	0	1	0.00	1
71	0	0		0
72	0	1	0.00	1
73	0	2	0.00	2
74	0	0		0
75	0	0		0
76	0	0		0
77	0	0		0
78	0	0		0
79	0	0		0
80	0	0		0
81	0	1	0.00	1
82	0	0		0
83	0	0		0
84	0	0		0
85	0	0		0
86	0	0		0
87	0	0		0
88	0	0		0
89	0	1	0.00	1
90	0	0		0
91	0	0		0
92	0	0		0
93	0	0		0
94	0	0		0

CHH context (R2)
================
position	count methylated	count unmethylated	% methylation	coverage
1	0	11	0.00	11
2	3	992	0.30	995
3	1	245	0.41	246
4	0	201	0.00	201
5	0	145	0.00	145
6	1	100	0.99	101
7	1	107	0.93	108
8	1	126	0.79	127
9	0	125	0.00	125
10	1	116	0.85	117
11	0	85	0.00	85
12	0	81	0.00	81
13	0	57	0.00	57
14	0	88	0.00	88
15	0	81	0.00	81
16	0	71	0.00	71
17	0	74	0.00	74
18	0	61	0.00	61
19	2	70	2.78	72
20	2	58	3.33	60
21	0	50	0.00	50
22	0	44	0.00	44
23	0	54	0.00	54
24	0	42	0.00	42
25	0	41	0.00	41
26	0	50	0.00	50
27	0	33	0.00	33
28	1	31	3.12	32
29	0	25	0.00	25
30	0	23	0.00	23
31	0	31	0.00	31
32	0	33	0.00	33
33	0	24	0.00	24
34	0	24	0.00	24
35	0	32	0.00	32
36	0	19	0.00	19
37	0	22	0.00	22
38	0	26	0.00	26
39	0	10	0.00	10
40	0	15	0.00	15
41	0	18	0.00	18
42	0	13	0.00	13
43	0	13	0.00	13
44	0	15	0.00	15
45	0	14	0.00	14
46	0	14	0.00	14
47	0	10	0.00	10
48	0	6	0.00	6
49	0	8	0.00	8
50	0	10	0.00	10
51	0	9	0.00	9
52	0	9	0.00	9
53	1	13	7.14	14
54	0	10	0.00	10
55	0	14	0.00	14
56	0	10	0.00	10
57	0	5	0.00	5
58	0	3	0.00	3
59	0	3	0.00	3
60	0	0		0
61	0	2	0.00	2
62	0	3	0.00	3
63	0	2	0.00	2
64	0	0		0
65	0	0		0
66	0	0		0
67	0	1	0.00	1
68	0	1	0.00	1
69	0	3	0.00	3
70	0	0		0
71	0	1	0.00	1
72	0	0		0
73	0	0		0
74	0	0		0
75	0	3	0.00	3
76	0	0		0
77	0	2	0.00	2
78	0	2	0.00	2
79	0	0		0
80	0	0		0
81	0	0		0
82	0	0		0
83	0	0		0
84	0	0		0
85	0	0		0
86	0	0		0
87	0	0		0
88	0	0		0
89	0	0		0
90	0	0		0
91	0	0		0
92	0	0		0
93	0	0		0
94	0	1	0.00	1

