CpG context (R1)
================
position	count methylated	count unmethylated	% methylation	coverage
1	213	2153	9.00	2366
2	0	18	0.00	18
3	0	15	0.00	15
4	10	191	4.98	201
5	12	199	5.69	211
6	7	275	2.48	282
7	8	235	3.29	243
8	17	296	5.43	313
9	17	268	5.96	285
10	15	255	5.56	270
11	8	247	3.14	255
12	12	282	4.08	294
13	14	279	4.78	293
14	13	249	4.96	262
15	16	287	5.28	303
16	15	335	4.29	350
17	5	233	2.10	238
18	11	257	4.10	268
19	14	287	4.65	301
20	6	186	3.12	192
21	17	209	7.52	226
22	25	268	8.53	293
23	9	258	3.37	267
24	13	231	5.33	244
25	10	272	3.55	282
26	12	289	3.99	301
27	15	281	5.07	296
28	16	243	6.18	259
29	15	285	5.00	300
30	12	264	4.35	276
31	13	298	4.18	311
32	9	291	3.00	300
33	16	241	6.23	257
34	15	243	5.81	258
35	15	267	5.32	282
36	12	227	5.02	239
37	14	267	4.98	281
38	12	248	4.62	260
39	11	261	4.04	272
40	12	248	4.62	260
41	9	249	3.49	258
42	21	251	7.72	272
43	7	254	2.68	261
44	16	246	6.11	262
45	15	256	5.54	271
46	15	236	5.98	251
47	15	278	5.12	293
48	11	259	4.07	270
49	15	272	5.23	287
50	9	223	3.88	232
51	22	247	8.18	269
52	11	241	4.37	252
53	12	231	4.94	243
54	13	261	4.74	274
55	7	308	2.22	315
56	14	217	6.06	231
57	10	230	4.17	240
58	13	225	5.46	238
59	13	272	4.56	285
60	13	251	4.92	264
61	15	208	6.73	223
62	13	266	4.66	279
63	11	213	4.91	224
64	17	230	6.88	247
65	9	223	3.88	232
66	16	256	5.88	272
67	13	203	6.02	216
68	9	214	4.04	223
69	11	184	5.64	195
70	18	195	8.45	213
71	17	268	5.96	285
72	8	234	3.31	242
73	14	221	5.96	235
74	10	192	4.95	202
75	4	192	2.04	196
76	16	177	8.29	193
77	10	209	4.57	219
78	12	194	5.83	206
79	6	200	2.91	206
80	7	198	3.41	205
81	8	183	4.19	191
82	8	198	3.88	206
83	11	149	6.88	160
84	6	161	3.59	167
85	12	193	5.85	205
86	7	151	4.43	158
87	7	182	3.70	189
88	8	120	6.25	128
89	10	149	6.29	159
90	9	115	7.26	124
91	5	134	3.60	139
92	6	144	4.00	150
93	6	130	4.41	136
94	6	131	4.38	137
95	9	96	8.57	105
96	5	110	4.35	115
97	6	116	4.92	122
98	2	94	2.08	96
99	1	49	2.00	50
100	3	9	25.00	12
101	0	5	0.00	5
102	0	0		0
103	1	4	20.00	5
104	0	4	0.00	4
105	0	5	0.00	5
106	2	6	25.00	8
107	2	5	28.57	7
108	2	5	28.57	7
109	2	8	20.00	10
110	0	4	0.00	4
111	1	5	16.67	6
112	0	4	0.00	4
113	0	2	0.00	2
114	0	5	0.00	5
115	0	4	0.00	4
116	1	3	25.00	4
117	1	6	14.29	7
118	0	2	0.00	2
119	0	0		0
120	1	3	25.00	4
121	0	1	0.00	1
122	0	4	0.00	4
123	0	3	0.00	3
124	0	1	0.00	1
125	0	2	0.00	2
126	1	4	20.00	5
127	0	1	0.00	1
128	2	5	28.57	7
129	1	5	16.67	6
130	0	1	0.00	1
131	0	2	0.00	2
132	0	1	0.00	1
133	0	1	0.00	1
134	1	4	20.00	5
135	0	1	0.00	1
136	0	1	0.00	1
137	0	6	0.00	6
138	0	3	0.00	3
139	1	4	20.00	5
140	0	0		0
141	1	3	25.00	4
142	0	1	0.00	1
143	0	4	0.00	4
144	0	1	0.00	1
145	0	1	0.00	1
146	0	0		0
147	0	0		0
148	0	0		0
149	1	1	50.00	2

CHG context (R1)
================
position	count methylated	count unmethylated	% methylation	coverage
1	0	18	0.00	18
2	0	20	0.00	20
3	0	11	0.00	11
4	0	146	0.00	146
5	0	204	0.00	204
6	0	265	0.00	265
7	0	249	0.00	249
8	0	231	0.00	231
9	0	239	0.00	239
10	1	206	0.48	207
11	1	239	0.42	240
12	0	193	0.00	193
13	2	197	1.01	199
14	0	210	0.00	210
15	1	232	0.43	233
16	1	203	0.49	204
17	2	252	0.79	254
18	1	254	0.39	255
19	0	204	0.00	204
20	1	200	0.50	201
21	2	226	0.88	228
22	1	224	0.44	225
23	0	183	0.00	183
24	0	189	0.00	189
25	1	218	0.46	219
26	0	210	0.00	210
27	2	211	0.94	213
28	0	245	0.00	245
29	1	183	0.54	184
30	1	202	0.49	203
31	2	241	0.82	243
32	1	214	0.47	215
33	0	237	0.00	237
34	0	236	0.00	236
35	0	232	0.00	232
36	0	219	0.00	219
37	0	215	0.00	215
38	0	197	0.00	197
39	2	216	0.92	218
40	1	223	0.45	224
41	3	254	1.17	257
42	0	214	0.00	214
43	0	216	0.00	216
44	1	252	0.40	253
45	1	185	0.54	186
46	0	232	0.00	232
47	1	171	0.58	172
48	1	228	0.44	229
49	0	191	0.00	191
50	0	233	0.00	233
51	0	208	0.00	208
52	0	231	0.00	231
53	4	206	1.90	210
54	0	216	0.00	216
55	0	174	0.00	174
56	0	195	0.00	195
57	0	218	0.00	218
58	1	219	0.45	220
59	0	184	0.00	184
60	0	148	0.00	148
61	1	190	0.52	191
62	1	184	0.54	185
63	0	181	0.00	181
64	4	188	2.08	192
65	1	209	0.48	210
66	2	200	0.99	202
67	0	186	0.00	186
68	1	205	0.49	206
69	0	184	0.00	184
70	0	207	0.00	207
71	0	167	0.00	167
72	0	158	0.00	158
73	1	170	0.58	171
74	0	154	0.00	154
75	0	142	0.00	142
76	0	166	0.00	166
77	0	185	0.00	185
78	0	153	0.00	153
79	1	166	0.60	167
80	1	147	0.68	148
81	0	181	0.00	181
82	1	127	0.78	128
83	1	128	0.78	129
84	0	120	0.00	120
85	1	126	0.79	127
86	1	153	0.65	154
87	0	124	0.00	124
88	0	128	0.00	128
89	0	115	0.00	115
90	0	114	0.00	114
91	0	148	0.00	148
92	2	108	1.82	110
93	0	78	0.00	78
94	1	111	0.89	112
95	1	89	1.11	90
96	0	97	0.00	97
97	0	106	0.00	106
98	0	102	0.00	102
99	0	45	0.00	45
100	0	3	0.00	3
101	0	8	0.00	8
102	0	6	0.00	6
103	0	8	0.00	8
104	0	4	0.00	4
105	0	5	0.00	5
106	0	9	0.00	9
107	0	0		0
108	0	8	0.00	8
109	0	5	0.00	5
110	0	2	0.00	2
111	0	5	0.00	5
112	0	4	0.00	4
113	0	1	0.00	1
114	0	3	0.00	3
115	0	0		0
116	0	3	0.00	3
117	0	1	0.00	1
118	0	5	0.00	5
119	0	1	0.00	1
120	0	4	0.00	4
121	0	0		0
122	0	3	0.00	3
123	0	4	0.00	4
124	0	1	0.00	1
125	0	4	0.00	4
126	0	1	0.00	1
127	0	3	0.00	3
128	0	3	0.00	3
129	0	0		0
130	0	2	0.00	2
131	0	0		0
132	0	1	0.00	1
133	0	4	0.00	4
134	0	2	0.00	2
135	0	3	0.00	3
136	0	3	0.00	3
137	0	0		0
138	0	0		0
139	0	3	0.00	3
140	0	0		0
141	0	2	0.00	2
142	0	4	0.00	4
143	0	1	0.00	1
144	0	0		0
145	0	1	0.00	1
146	0	0		0
147	0	3	0.00	3
148	0	2	0.00	2
149	0	0		0

CHH context (R1)
================
position	count methylated	count unmethylated	% methylation	coverage
1	0	33	0.00	33
2	0	37	0.00	37
3	1	25	3.85	26
4	0	341	0.00	341
5	0	418	0.00	418
6	0	411	0.00	411
7	0	394	0.00	394
8	0	345	0.00	345
9	0	316	0.00	316
10	3	343	0.87	346
11	1	328	0.30	329
12	1	352	0.28	353
13	0	396	0.00	396
14	1	332	0.30	333
15	1	356	0.28	357
16	3	342	0.87	345
17	0	300	0.00	300
18	2	270	0.74	272
19	0	312	0.00	312
20	3	328	0.91	331
21	0	335	0.00	335
22	1	351	0.28	352
23	0	365	0.00	365
24	1	357	0.28	358
25	4	394	1.01	398
26	0	354	0.00	354
27	1	369	0.27	370
28	3	344	0.86	347
29	3	347	0.86	350
30	0	345	0.00	345
31	0	344	0.00	344
32	0	341	0.00	341
33	2	292	0.68	294
34	1	316	0.32	317
35	0	306	0.00	306
36	2	365	0.54	367
37	2	365	0.54	367
38	1	354	0.28	355
39	2	317	0.63	319
40	1	326	0.31	327
41	2	324	0.61	326
42	3	370	0.80	373
43	1	366	0.27	367
44	0	332	0.00	332
45	1	352	0.28	353
46	2	350	0.57	352
47	2	319	0.62	321
48	1	311	0.32	312
49	2	359	0.55	361
50	1	361	0.28	362
51	1	420	0.24	421
52	0	372	0.00	372
53	1	339	0.29	340
54	0	277	0.00	277
55	0	312	0.00	312
56	1	304	0.33	305
57	0	304	0.00	304
58	0	298	0.00	298
59	1	317	0.31	318
60	1	308	0.32	309
61	2	359	0.55	361
62	1	356	0.28	357
63	1	302	0.33	303
64	0	371	0.00	371
65	0	314	0.00	314
66	0	283	0.00	283
67	1	331	0.30	332
68	1	334	0.30	335
69	1	326	0.31	327
70	0	265	0.00	265
71	0	285	0.00	285
72	0	254	0.00	254
73	0	282	0.00	282
74	2	270	0.74	272
75	1	333	0.30	334
76	1	314	0.32	315
77	0	290	0.00	290
78	0	272	0.00	272
79	0	299	0.00	299
80	1	261	0.38	262
81	1	246	0.40	247
82	2	280	0.71	282
83	1	229	0.43	230
84	1	251	0.40	252
85	1	272	0.37	273
86	1	273	0.36	274
87	0	221	0.00	221
88	1	253	0.39	254
89	0	220	0.00	220
90	1	203	0.49	204
91	0	190	0.00	190
92	0	179	0.00	179
93	1	151	0.66	152
94	1	176	0.56	177
95	0	189	0.00	189
96	0	161	0.00	161
97	1	166	0.60	167
98	0	162	0.00	162
99	0	83	0.00	83
100	0	11	0.00	11
101	0	11	0.00	11
102	0	14	0.00	14
103	0	3	0.00	3
104	0	4	0.00	4
105	0	7	0.00	7
106	0	4	0.00	4
107	0	9	0.00	9
108	0	6	0.00	6
109	0	4	0.00	4
110	0	3	0.00	3
111	0	7	0.00	7
112	0	6	0.00	6
113	0	7	0.00	7
114	0	7	0.00	7
115	0	4	0.00	4
116	0	0		0
117	0	2	0.00	2
118	0	1	0.00	1
119	1	7	12.50	8
120	0	5	0.00	5
121	0	5	0.00	5
122	0	3	0.00	3
123	0	4	0.00	4
124	0	0		0
125	0	4	0.00	4
126	0	5	0.00	5
127	0	2	0.00	2
128	0	2	0.00	2
129	0	2	0.00	2
130	0	4	0.00	4
131	0	7	0.00	7
132	0	7	0.00	7
133	0	5	0.00	5
134	0	0		0
135	0	2	0.00	2
136	0	0		0
137	0	3	0.00	3
138	0	0		0
139	0	1	0.00	1
140	0	0		0
141	0	0		0
142	0	0		0
143	0	1	0.00	1
144	0	0		0
145	0	2	0.00	2
146	0	3	0.00	3
147	0	2	0.00	2
148	0	1	0.00	1
149	0	1	0.00	1

CpG context (R2)
================
position	count methylated	count unmethylated	% methylation	coverage
1	0	22	0.00	22
2	0	22	0.00	22
3	3	74	3.90	77
4	3	79	3.66	82
5	4	116	3.33	120
6	7	69	9.21	76
7	6	129	4.44	135
8	2	90	2.17	92
9	2	74	2.63	76
10	3	103	2.83	106
11	7	68	9.33	75
12	6	64	8.57	70
13	6	84	6.67	90
14	1	43	2.27	44
15	3	56	5.08	59
16	0	52	0.00	52
17	0	31	0.00	31
18	3	41	6.82	44
19	0	36	0.00	36
20	5	51	8.93	56
21	3	43	6.52	46
22	3	41	6.82	44
23	2	31	6.06	33
24	2	56	3.45	58
25	2	32	5.88	34
26	1	37	2.63	38
27	3	22	12.00	25
28	2	22	8.33	24
29	2	46	4.17	48
30	0	28	0.00	28
31	2	27	6.90	29
32	1	32	3.03	33
33	1	16	5.88	17
34	2	25	7.41	27
35	1	8	11.11	9
36	2	22	8.33	24
37	0	25	0.00	25
38	0	35	0.00	35
39	0	12	0.00	12
40	0	12	0.00	12
41	0	14	0.00	14
42	1	13	7.14	14
43	2	19	9.52	21
44	0	20	0.00	20
45	1	4	20.00	5
46	5	14	26.32	19
47	0	9	0.00	9
48	0	17	0.00	17
49	0	6	0.00	6
50	1	5	16.67	6
51	0	8	0.00	8
52	1	5	16.67	6
53	0	3	0.00	3
54	0	4	0.00	4
55	1	2	33.33	3
56	0	3	0.00	3
57	0	1	0.00	1
58	1	5	16.67	6
59	0	5	0.00	5
60	0	2	0.00	2
61	0	6	0.00	6
62	0	0		0
63	0	1	0.00	1
64	0	0		0
65	0	0		0
66	0	3	0.00	3
67	0	2	0.00	2
68	0	1	0.00	1
69	0	1	0.00	1
70	0	0		0
71	0	1	0.00	1
72	0	1	0.00	1
73	0	0		0
74	0	0		0
75	0	0		0
76	0	1	0.00	1
77	0	0		0
78	0	0		0
79	0	0		0
80	0	0		0
81	0	2	0.00	2
82	0	1	0.00	1
83	0	0		0
84	0	0		0
85	0	0		0
86	0	0		0
87	0	0		0
88	0	0		0
89	0	0		0
90	0	0		0
91	0	1	0.00	1
92	0	0		0
93	0	0		0
94	0	0		0
95	0	1	0.00	1
96	0	0		0
97	0	1	0.00	1

CHG context (R2)
================
position	count methylated	count unmethylated	% methylation	coverage
1	11	2086	0.52	2097
2	0	22	0.00	22
3	0	8	0.00	8
4	1	48	2.04	49
5	0	52	0.00	52
6	1	70	1.41	71
7	0	70	0.00	70
8	0	93	0.00	93
9	0	72	0.00	72
10	0	59	0.00	59
11	1	51	1.92	52
12	0	43	0.00	43
13	0	46	0.00	46
14	1	62	1.59	63
15	0	45	0.00	45
16	0	45	0.00	45
17	0	56	0.00	56
18	0	52	0.00	52
19	1	39	2.50	40
20	0	49	0.00	49
21	0	44	0.00	44
22	0	60	0.00	60
23	0	22	0.00	22
24	0	22	0.00	22
25	0	29	0.00	29
26	0	15	0.00	15
27	0	19	0.00	19
28	0	14	0.00	14
29	0	27	0.00	27
30	0	43	0.00	43
31	0	20	0.00	20
32	0	20	0.00	20
33	0	24	0.00	24
34	0	28	0.00	28
35	0	32	0.00	32
36	0	17	0.00	17
37	0	13	0.00	13
38	0	14	0.00	14
39	0	17	0.00	17
40	0	29	0.00	29
41	0	21	0.00	21
42	0	4	0.00	4
43	0	9	0.00	9
44	0	8	0.00	8
45	0	8	0.00	8
46	0	4	0.00	4
47	0	9	0.00	9
48	0	8	0.00	8
49	0	11	0.00	11
50	0	8	0.00	8
51	0	5	0.00	5
52	0	17	0.00	17
53	0	4	0.00	4
54	0	1	0.00	1
55	0	3	0.00	3
56	0	5	0.00	5
57	0	0		0
58	0	2	0.00	2
59	0	0		0
60	0	4	0.00	4
61	0	2	0.00	2
62	0	1	0.00	1
63	0	2	0.00	2
64	0	1	0.00	1
65	0	0		0
66	0	0		0
67	0	1	0.00	1
68	0	1	0.00	1
69	0	0		0
70	0	1	0.00	1
71	0	1	0.00	1
72	0	0		0
73	0	1	0.00	1
74	0	1	0.00	1
75	0	0		0
76	0	0		0
77	0	0		0
78	0	0		0
79	0	0		0
80	0	1	0.00	1
81	0	0		0
82	0	0		0
83	0	0		0
84	0	0		0
85	0	0		0
86	0	1	0.00	1
87	0	0		0
88	0	0		0
89	0	0		0
90	0	0		0
91	0	1	0.00	1
92	0	1	0.00	1
93	0	0		0
94	0	0		0
95	0	1	0.00	1
96	0	1	0.00	1
97	0	0		0

CHH context (R2)
================
position	count methylated	count unmethylated	% methylation	coverage
1	0	23	0.00	23
2	3	981	0.30	984
3	2	234	0.85	236
4	0	172	0.00	172
5	0	141	0.00	141
6	0	98	0.00	98
7	0	110	0.00	110
8	0	130	0.00	130
9	0	112	0.00	112
10	0	122	0.00	122
11	0	84	0.00	84
12	0	76	0.00	76
13	0	64	0.00	64
14	0	77	0.00	77
15	0	68	0.00	68
16	0	74	0.00	74
17	0	74	0.00	74
18	2	85	2.30	87
19	1	81	1.22	82
20	0	43	0.00	43
21	0	45	0.00	45
22	0	44	0.00	44
23	0	49	0.00	49
24	0	45	0.00	45
25	0	42	0.00	42
26	0	50	0.00	50
27	0	29	0.00	29
28	0	31	0.00	31
29	0	28	0.00	28
30	0	31	0.00	31
31	0	29	0.00	29
32	1	41	2.38	42
33	0	20	0.00	20
34	0	23	0.00	23
35	0	28	0.00	28
36	0	31	0.00	31
37	0	15	0.00	15
38	0	16	0.00	16
39	0	9	0.00	9
40	0	24	0.00	24
41	0	28	0.00	28
42	0	26	0.00	26
43	0	17	0.00	17
44	0	18	0.00	18
45	0	19	0.00	19
46	0	19	0.00	19
47	0	13	0.00	13
48	0	6	0.00	6
49	0	11	0.00	11
50	0	9	0.00	9
51	0	14	0.00	14
52	0	10	0.00	10
53	0	14	0.00	14
54	0	11	0.00	11
55	0	9	0.00	9
56	0	13	0.00	13
57	0	5	0.00	5
58	0	3	0.00	3
59	0	1	0.00	1
60	0	0		0
61	0	2	0.00	2
62	0	4	0.00	4
63	0	1	0.00	1
64	0	2	0.00	2
65	0	2	0.00	2
66	0	1	0.00	1
67	0	0		0
68	0	2	0.00	2
69	0	1	0.00	1
70	0	0		0
71	0	1	0.00	1
72	0	0		0
73	0	1	0.00	1
74	0	1	0.00	1
75	0	1	0.00	1
76	0	0		0
77	0	1	0.00	1
78	0	1	0.00	1
79	0	0		0
80	0	0		0
81	0	0		0
82	0	0		0
83	0	1	0.00	1
84	0	0		0
85	0	0		0
86	0	0		0
87	0	1	0.00	1
88	0	0		0
89	0	0		0
90	0	0		0
91	0	0		0
92	0	0		0
93	0	2	0.00	2
94	0	1	0.00	1
95	0	0		0
96	0	0		0
97	0	0		0

