CpG context (R1)
================
position	count methylated	count unmethylated	% methylation	coverage
1	212	2158	8.95	2370
2	0	20	0.00	20
3	0	12	0.00	12
4	10	187	5.08	197
5	13	201	6.07	214
6	10	267	3.61	277
7	7	205	3.30	212
8	10	270	3.57	280
9	14	226	5.83	240
10	13	243	5.08	256
11	10	275	3.51	285
12	16	286	5.30	302
13	20	263	7.07	283
14	18	283	5.98	301
15	5	240	2.04	245
16	21	259	7.50	280
17	11	214	4.89	225
18	6	268	2.19	274
19	20	306	6.13	326
20	8	223	3.46	231
21	9	204	4.23	213
22	21	281	6.95	302
23	11	236	4.45	247
24	18	222	7.50	240
25	15	275	5.17	290
26	21	298	6.58	319
27	9	277	3.15	286
28	13	247	5.00	260
29	13	274	4.53	287
30	18	250	6.72	268
31	11	283	3.74	294
32	12	290	3.97	302
33	9	230	3.77	239
34	13	266	4.66	279
35	23	283	7.52	306
36	18	216	7.69	234
37	11	246	4.28	257
38	17	224	7.05	241
39	14	242	5.47	256
40	11	284	3.73	295
41	9	262	3.32	271
42	14	277	4.81	291
43	7	242	2.81	249
44	8	240	3.23	248
45	11	265	3.99	276
46	16	245	6.13	261
47	24	287	7.72	311
48	10	280	3.45	290
49	18	221	7.53	239
50	6	246	2.38	252
51	11	234	4.49	245
52	11	236	4.45	247
53	9	228	3.80	237
54	14	250	5.30	264
55	13	274	4.53	287
56	12	222	5.13	234
57	9	226	3.83	235
58	13	253	4.89	266
59	9	254	3.42	263
60	10	241	3.98	251
61	15	232	6.07	247
62	12	241	4.74	253
63	7	221	3.07	228
64	13	234	5.26	247
65	11	245	4.30	256
66	17	252	6.32	269
67	4	220	1.79	224
68	10	205	4.65	215
69	11	199	5.24	210
70	11	221	4.74	232
71	10	248	3.88	258
72	11	237	4.44	248
73	10	224	4.27	234
74	7	205	3.30	212
75	12	182	6.19	194
76	9	192	4.48	201
77	13	215	5.70	228
78	6	202	2.88	208
79	14	205	6.39	219
80	9	198	4.35	207
81	6	141	4.08	147
82	7	230	2.95	237
83	9	122	6.87	131
84	7	169	3.98	176
85	3	199	1.49	202
86	9	166	5.14	175
87	10	172	5.49	182
88	3	107	2.73	110
89	8	164	4.65	172
90	6	98	5.77	104
91	4	135	2.88	139
92	4	151	2.58	155
93	9	110	7.56	119
94	8	124	6.06	132
95	8	115	6.50	123
96	6	121	4.72	127
97	4	130	2.99	134
98	5	110	4.35	115
99	2	39	4.88	41
100	2	11	15.38	13
101	0	5	0.00	5
102	1	7	12.50	8
103	0	7	0.00	7
104	0	10	0.00	10
105	0	4	0.00	4
106	1	6	14.29	7
107	0	2	0.00	2
108	0	5	0.00	5
109	1	9	10.00	10
110	1	4	20.00	5
111	2	3	40.00	5
112	0	6	0.00	6
113	1	2	33.33	3
114	0	6	0.00	6
115	1	2	33.33	3
116	0	2	0.00	2
117	0	1	0.00	1
118	0	2	0.00	2
119	0	0		0
120	1	0	100.00	1
121	1	2	33.33	3
122	1	1	50.00	2
123	0	0		0
124	0	2	0.00	2
125	0	0		0
126	0	3	0.00	3
127	0	3	0.00	3
128	0	2	0.00	2
129	0	0		0
130	2	1	66.67	3
131	0	1	0.00	1
132	0	1	0.00	1
133	0	1	0.00	1
134	1	0	100.00	1
135	0	0		0
136	0	1	0.00	1
137	1	1	50.00	2
138	1	1	50.00	2
139	0	3	0.00	3
140	0	0		0
141	1	3	25.00	4
142	0	0		0
143	0	3	0.00	3
144	0	1	0.00	1
145	0	1	0.00	1
146	0	0		0
147	1	0	100.00	1
148	1	0	100.00	1
149	0	2	0.00	2

CHG context (R1)
================
position	count methylated	count unmethylated	% methylation	coverage
1	0	18	0.00	18
2	0	25	0.00	25
3	0	11	0.00	11
4	1	135	0.74	136
5	0	220	0.00	220
6	2	227	0.87	229
7	1	234	0.43	235
8	0	236	0.00	236
9	1	231	0.43	232
10	1	216	0.46	217
11	1	222	0.45	223
12	1	216	0.46	217
13	0	200	0.00	200
14	1	180	0.55	181
15	4	242	1.63	246
16	0	224	0.00	224
17	2	233	0.85	235
18	0	255	0.00	255
19	0	215	0.00	215
20	1	161	0.62	162
21	1	220	0.45	221
22	2	253	0.78	255
23	1	188	0.53	189
24	0	207	0.00	207
25	1	216	0.46	217
26	1	201	0.50	202
27	0	221	0.00	221
28	3	245	1.21	248
29	0	212	0.00	212
30	0	214	0.00	214
31	0	243	0.00	243
32	2	174	1.14	176
33	0	235	0.00	235
34	0	232	0.00	232
35	1	232	0.43	233
36	0	215	0.00	215
37	2	227	0.87	229
38	0	197	0.00	197
39	0	227	0.00	227
40	0	209	0.00	209
41	0	238	0.00	238
42	0	217	0.00	217
43	2	224	0.88	226
44	0	252	0.00	252
45	0	192	0.00	192
46	2	223	0.89	225
47	0	182	0.00	182
48	0	238	0.00	238
49	3	217	1.36	220
50	2	196	1.01	198
51	0	211	0.00	211
52	0	213	0.00	213
53	0	203	0.00	203
54	0	194	0.00	194
55	0	168	0.00	168
56	0	204	0.00	204
57	0	230	0.00	230
58	0	194	0.00	194
59	0	193	0.00	193
60	1	153	0.65	154
61	0	158	0.00	158
62	1	166	0.60	167
63	0	176	0.00	176
64	1	193	0.52	194
65	0	204	0.00	204
66	0	164	0.00	164
67	1	183	0.54	184
68	1	198	0.50	199
69	0	189	0.00	189
70	1	191	0.52	192
71	1	156	0.64	157
72	1	152	0.65	153
73	2	171	1.16	173
74	0	149	0.00	149
75	0	155	0.00	155
76	0	168	0.00	168
77	2	178	1.11	180
78	0	148	0.00	148
79	0	163	0.00	163
80	0	142	0.00	142
81	1	193	0.52	194
82	0	116	0.00	116
83	1	144	0.69	145
84	0	131	0.00	131
85	0	132	0.00	132
86	0	169	0.00	169
87	1	94	1.05	95
88	2	133	1.48	135
89	0	118	0.00	118
90	0	96	0.00	96
91	0	132	0.00	132
92	0	96	0.00	96
93	1	100	0.99	101
94	0	104	0.00	104
95	1	96	1.03	97
96	0	115	0.00	115
97	0	116	0.00	116
98	0	97	0.00	97
99	1	46	2.13	47
100	0	9	0.00	9
101	0	9	0.00	9
102	0	6	0.00	6
103	0	6	0.00	6
104	0	5	0.00	5
105	0	7	0.00	7
106	0	7	0.00	7
107	0	3	0.00	3
108	0	7	0.00	7
109	0	3	0.00	3
110	0	1	0.00	1
111	0	5	0.00	5
112	0	3	0.00	3
113	0	1	0.00	1
114	0	1	0.00	1
115	0	1	0.00	1
116	0	4	0.00	4
117	0	1	0.00	1
118	0	3	0.00	3
119	0	3	0.00	3
120	0	3	0.00	3
121	0	1	0.00	1
122	0	2	0.00	2
123	0	4	0.00	4
124	0	0		0
125	0	1	0.00	1
126	0	1	0.00	1
127	0	2	0.00	2
128	0	0		0
129	0	2	0.00	2
130	0	2	0.00	2
131	0	2	0.00	2
132	0	0		0
133	0	1	0.00	1
134	0	1	0.00	1
135	0	0		0
136	0	2	0.00	2
137	0	1	0.00	1
138	0	0		0
139	0	0		0
140	0	1	0.00	1
141	0	0		0
142	0	0		0
143	0	0		0
144	0	0		0
145	0	0		0
146	0	0		0
147	0	1	0.00	1
148	0	2	0.00	2
149	0	0		0

CHH context (R1)
================
position	count methylated	count unmethylated	% methylation	coverage
1	1	37	2.63	38
2	0	28	0.00	28
3	0	19	0.00	19
4	0	348	0.00	348
5	1	386	0.26	387
6	4	388	1.02	392
7	2	384	0.52	386
8	0	334	0.00	334
9	1	303	0.33	304
10	1	329	0.30	330
11	1	332	0.30	333
12	0	346	0.00	346
13	1	368	0.27	369
14	2	350	0.57	352
15	1	357	0.28	358
16	1	340	0.29	341
17	2	310	0.64	312
18	2	287	0.69	289
19	1	317	0.31	318
20	4	328	1.20	332
21	2	335	0.59	337
22	0	345	0.00	345
23	0	340	0.00	340
24	2	355	0.56	357
25	1	411	0.24	412
26	2	363	0.55	365
27	1	409	0.24	410
28	2	372	0.53	374
29	1	350	0.28	351
30	1	372	0.27	373
31	0	324	0.00	324
32	2	362	0.55	364
33	1	329	0.30	330
34	1	311	0.32	312
35	0	313	0.00	313
36	1	376	0.27	377
37	5	355	1.39	360
38	0	378	0.00	378
39	1	360	0.28	361
40	0	316	0.00	316
41	0	350	0.00	350
42	0	338	0.00	338
43	1	334	0.30	335
44	1	350	0.28	351
45	2	306	0.65	308
46	2	351	0.57	353
47	4	335	1.18	339
48	3	311	0.96	314
49	2	368	0.54	370
50	2	394	0.51	396
51	2	429	0.46	431
52	1	359	0.28	360
53	1	343	0.29	344
54	0	311	0.00	311
55	1	331	0.30	332
56	2	295	0.67	297
57	1	284	0.35	285
58	1	300	0.33	301
59	1	308	0.32	309
60	1	310	0.32	311
61	1	345	0.29	346
62	0	338	0.00	338
63	1	335	0.30	336
64	2	317	0.63	319
65	0	314	0.00	314
66	1	288	0.35	289
67	1	324	0.31	325
68	0	322	0.00	322
69	1	291	0.34	292
70	1	263	0.38	264
71	2	276	0.72	278
72	0	278	0.00	278
73	0	297	0.00	297
74	3	261	1.14	264
75	0	305	0.00	305
76	0	285	0.00	285
77	0	270	0.00	270
78	1	264	0.38	265
79	2	254	0.78	256
80	0	290	0.00	290
81	0	218	0.00	218
82	1	266	0.37	267
83	1	225	0.44	226
84	0	257	0.00	257
85	1	263	0.38	264
86	0	239	0.00	239
87	1	212	0.47	213
88	0	244	0.00	244
89	0	228	0.00	228
90	3	189	1.56	192
91	1	209	0.48	210
92	0	221	0.00	221
93	1	176	0.56	177
94	0	171	0.00	171
95	2	188	1.05	190
96	0	153	0.00	153
97	2	146	1.35	148
98	1	156	0.64	157
99	0	56	0.00	56
100	0	13	0.00	13
101	0	15	0.00	15
102	0	8	0.00	8
103	0	6	0.00	6
104	0	10	0.00	10
105	0	10	0.00	10
106	0	12	0.00	12
107	0	8	0.00	8
108	0	8	0.00	8
109	0	5	0.00	5
110	0	5	0.00	5
111	0	7	0.00	7
112	0	2	0.00	2
113	0	4	0.00	4
114	0	6	0.00	6
115	0	2	0.00	2
116	0	2	0.00	2
117	0	10	0.00	10
118	0	2	0.00	2
119	0	5	0.00	5
120	0	2	0.00	2
121	0	3	0.00	3
122	0	4	0.00	4
123	0	3	0.00	3
124	0	1	0.00	1
125	0	2	0.00	2
126	0	1	0.00	1
127	0	0		0
128	0	1	0.00	1
129	0	0		0
130	0	3	0.00	3
131	0	1	0.00	1
132	0	2	0.00	2
133	0	1	0.00	1
134	0	2	0.00	2
135	0	4	0.00	4
136	0	2	0.00	2
137	0	1	0.00	1
138	0	1	0.00	1
139	0	2	0.00	2
140	0	0		0
141	0	0		0
142	0	0		0
143	0	1	0.00	1
144	0	0		0
145	0	0		0
146	0	0		0
147	0	1	0.00	1
148	0	0		0
149	0	0		0

CpG context (R2)
================
position	count methylated	count unmethylated	% methylation	coverage
1	0	23	0.00	23
2	1	16	5.88	17
3	1	58	1.69	59
4	2	62	3.12	64
5	3	100	2.91	103
6	5	82	5.75	87
7	2	117	1.68	119
8	3	83	3.49	86
9	5	73	6.41	78
10	6	88	6.38	94
11	3	62	4.62	65
12	1	59	1.67	60
13	3	68	4.23	71
14	2	36	5.26	38
15	4	46	8.00	50
16	1	58	1.69	59
17	2	29	6.45	31
18	4	43	8.51	47
19	0	31	0.00	31
20	0	41	0.00	41
21	0	30	0.00	30
22	2	27	6.90	29
23	3	36	7.69	39
24	2	47	4.08	49
25	0	30	0.00	30
26	0	24	0.00	24
27	1	33	2.94	34
28	1	21	4.55	22
29	0	29	0.00	29
30	1	24	4.00	25
31	1	27	3.57	28
32	0	16	0.00	16
33	0	12	0.00	12
34	1	11	8.33	12
35	0	10	0.00	10
36	0	8	0.00	8
37	0	18	0.00	18
38	0	17	0.00	17
39	0	10	0.00	10
40	0	6	0.00	6
41	0	7	0.00	7
42	1	8	11.11	9
43	0	8	0.00	8
44	0	10	0.00	10
45	0	4	0.00	4
46	1	13	7.14	14
47	1	4	20.00	5
48	0	5	0.00	5
49	1	4	20.00	5
50	0	5	0.00	5
51	0	3	0.00	3
52	1	8	11.11	9
53	0	0		0
54	1	2	33.33	3
55	0	5	0.00	5
56	1	2	33.33	3
57	0	2	0.00	2
58	0	4	0.00	4
59	0	1	0.00	1
60	0	1	0.00	1
61	0	3	0.00	3
62	0	0		0
63	0	1	0.00	1
64	0	1	0.00	1
65	0	0		0
66	0	1	0.00	1
67	0	1	0.00	1
68	0	1	0.00	1
69	0	0		0
70	0	0		0
71	0	0		0
72	0	0		0
73	0	0		0
74	0	0		0
75	0	0		0
76	0	0		0
77	0	0		0
78	0	0		0
79	0	1	0.00	1
80	0	0		0
81	0	1	0.00	1
82	0	1	0.00	1
83	0	1	0.00	1
84	0	0		0
85	0	1	0.00	1
86	0	0		0
87	0	1	0.00	1
88	0	0		0
89	0	0		0
90	0	0		0
91	0	1	0.00	1
92	0	0		0
93	0	0		0
94	0	1	0.00	1
95	0	0		0
96	0	0		0
97	1	1	50.00	2

CHG context (R2)
================
position	count methylated	count unmethylated	% methylation	coverage
1	9	2110	0.42	2119
2	0	22	0.00	22
3	0	6	0.00	6
4	1	32	3.03	33
5	0	53	0.00	53
6	0	82	0.00	82
7	0	67	0.00	67
8	0	86	0.00	86
9	0	77	0.00	77
10	0	55	0.00	55
11	0	70	0.00	70
12	0	37	0.00	37
13	0	41	0.00	41
14	0	47	0.00	47
15	0	41	0.00	41
16	0	45	0.00	45
17	0	48	0.00	48
18	0	48	0.00	48
19	0	37	0.00	37
20	0	47	0.00	47
21	0	35	0.00	35
22	0	48	0.00	48
23	0	27	0.00	27
24	0	12	0.00	12
25	0	30	0.00	30
26	0	24	0.00	24
27	0	11	0.00	11
28	0	15	0.00	15
29	0	24	0.00	24
30	0	26	0.00	26
31	0	20	0.00	20
32	0	17	0.00	17
33	0	20	0.00	20
34	0	22	0.00	22
35	0	20	0.00	20
36	0	15	0.00	15
37	0	6	0.00	6
38	0	15	0.00	15
39	0	15	0.00	15
40	0	12	0.00	12
41	0	8	0.00	8
42	0	5	0.00	5
43	0	5	0.00	5
44	0	4	0.00	4
45	0	6	0.00	6
46	0	3	0.00	3
47	0	7	0.00	7
48	0	8	0.00	8
49	0	6	0.00	6
50	0	10	0.00	10
51	0	0		0
52	0	4	0.00	4
53	0	7	0.00	7
54	0	0		0
55	0	3	0.00	3
56	0	3	0.00	3
57	0	2	0.00	2
58	0	3	0.00	3
59	0	0		0
60	0	1	0.00	1
61	0	1	0.00	1
62	0	2	0.00	2
63	0	2	0.00	2
64	0	1	0.00	1
65	0	0		0
66	0	0		0
67	0	1	0.00	1
68	0	1	0.00	1
69	0	0		0
70	0	0		0
71	0	1	0.00	1
72	0	1	0.00	1
73	0	0		0
74	0	1	0.00	1
75	0	1	0.00	1
76	0	1	0.00	1
77	0	0		0
78	0	1	0.00	1
79	0	0		0
80	0	1	0.00	1
81	0	0		0
82	0	0		0
83	0	0		0
84	0	0		0
85	0	0		0
86	0	1	0.00	1
87	0	1	0.00	1
88	0	0		0
89	0	0		0
90	0	0		0
91	0	0		0
92	0	0		0
93	0	0		0
94	0	0		0
95	0	1	0.00	1
96	0	0		0
97	0	0		0

CHH context (R2)
================
position	count methylated	count unmethylated	% methylation	coverage
1	0	9	0.00	9
2	2	948	0.21	950
3	1	235	0.42	236
4	0	169	0.00	169
5	0	139	0.00	139
6	0	98	0.00	98
7	0	86	0.00	86
8	0	122	0.00	122
9	0	93	0.00	93
10	0	101	0.00	101
11	0	69	0.00	69
12	0	62	0.00	62
13	0	66	0.00	66
14	0	79	0.00	79
15	0	69	0.00	69
16	0	62	0.00	62
17	0	60	0.00	60
18	0	55	0.00	55
19	0	61	0.00	61
20	0	46	0.00	46
21	0	43	0.00	43
22	0	39	0.00	39
23	0	43	0.00	43
24	0	36	0.00	36
25	1	45	2.17	46
26	0	32	0.00	32
27	0	36	0.00	36
28	0	26	0.00	26
29	0	32	0.00	32
30	0	27	0.00	27
31	0	23	0.00	23
32	0	22	0.00	22
33	2	20	9.09	22
34	0	26	0.00	26
35	0	25	0.00	25
36	0	22	0.00	22
37	0	12	0.00	12
38	0	12	0.00	12
39	0	4	0.00	4
40	0	15	0.00	15
41	0	9	0.00	9
42	0	16	0.00	16
43	0	17	0.00	17
44	0	22	0.00	22
45	0	17	0.00	17
46	0	15	0.00	15
47	0	9	0.00	9
48	0	5	0.00	5
49	0	4	0.00	4
50	0	4	0.00	4
51	0	12	0.00	12
52	1	8	11.11	9
53	0	8	0.00	8
54	0	8	0.00	8
55	0	8	0.00	8
56	0	7	0.00	7
57	0	4	0.00	4
58	0	3	0.00	3
59	0	2	0.00	2
60	0	1	0.00	1
61	0	1	0.00	1
62	0	1	0.00	1
63	0	0		0
64	0	1	0.00	1
65	0	0		0
66	0	1	0.00	1
67	0	0		0
68	0	2	0.00	2
69	0	1	0.00	1
70	0	1	0.00	1
71	0	0		0
72	0	0		0
73	0	0		0
74	0	0		0
75	0	0		0
76	0	0		0
77	0	0		0
78	0	0		0
79	0	1	0.00	1
80	0	0		0
81	0	0		0
82	0	0		0
83	0	0		0
84	0	0		0
85	0	0		0
86	0	0		0
87	0	1	0.00	1
88	0	0		0
89	0	0		0
90	0	0		0
91	0	0		0
92	0	0		0
93	0	0		0
94	0	0		0
95	0	0		0
96	0	0		0
97	0	0		0

