CpG context (R1)
================
position	count methylated	count unmethylated	% methylation	coverage
1	188	2188	7.91	2376
2	0	13	0.00	13
3	1	17	5.56	18
4	6	198	2.94	204
5	8	209	3.69	217
6	13	266	4.66	279
7	15	191	7.28	206
8	12	257	4.46	269
9	7	218	3.11	225
10	15	271	5.24	286
11	9	240	3.61	249
12	5	286	1.72	291
13	8	302	2.58	310
14	13	256	4.83	269
15	15	249	5.68	264
16	11	285	3.72	296
17	3	243	1.22	246
18	14	228	5.79	242
19	14	306	4.38	320
20	8	225	3.43	233
21	13	213	5.75	226
22	8	309	2.52	317
23	13	240	5.14	253
24	10	252	3.82	262
25	13	270	4.59	283
26	15	294	4.85	309
27	6	248	2.36	254
28	21	271	7.19	292
29	11	306	3.47	317
30	14	240	5.51	254
31	15	261	5.43	276
32	14	317	4.23	331
33	10	204	4.67	214
34	9	271	3.21	280
35	10	281	3.44	291
36	9	219	3.95	228
37	23	261	8.10	284
38	15	229	6.15	244
39	15	218	6.44	233
40	11	239	4.40	250
41	10	270	3.57	280
42	11	256	4.12	267
43	10	262	3.68	272
44	19	240	7.34	259
45	15	259	5.47	274
46	15	238	5.93	253
47	20	270	6.90	290
48	13	250	4.94	263
49	19	286	6.23	305
50	11	235	4.47	246
51	9	238	3.64	247
52	10	240	4.00	250
53	11	235	4.47	246
54	16	277	5.46	293
55	11	263	4.01	274
56	16	244	6.15	260
57	5	239	2.05	244
58	15	246	5.75	261
59	14	252	5.26	266
60	9	235	3.69	244
61	11	245	4.30	256
62	15	245	5.77	260
63	13	220	5.58	233
64	10	252	3.82	262
65	14	259	5.13	273
66	11	238	4.42	249
67	13	208	5.88	221
68	10	199	4.78	209
69	6	183	3.17	189
70	12	245	4.67	257
71	8	221	3.49	229
72	10	244	3.94	254
73	11	199	5.24	210
74	15	205	6.82	220
75	7	154	4.35	161
76	15	190	7.32	205
77	13	230	5.35	243
78	10	224	4.27	234
79	12	199	5.69	211
80	11	209	5.00	220
81	6	144	4.00	150
82	6	179	3.24	185
83	7	147	4.55	154
84	9	141	6.00	150
85	7	200	3.38	207
86	7	160	4.19	167
87	12	177	6.35	189
88	6	129	4.44	135
89	13	139	8.55	152
90	13	124	9.49	137
91	11	130	7.80	141
92	10	136	6.85	146
93	8	123	6.11	131
94	9	115	7.26	124
95	8	87	8.42	95
96	8	115	6.50	123
97	2	119	1.65	121
98	6	98	5.77	104
99	4	44	8.33	48
100	0	10	0.00	10
101	0	2	0.00	2
102	0	3	0.00	3
103	1	6	14.29	7
104	0	5	0.00	5
105	0	1	0.00	1
106	1	4	20.00	5
107	2	7	22.22	9
108	1	5	16.67	6
109	2	7	22.22	9
110	0	3	0.00	3
111	1	4	20.00	5
112	0	4	0.00	4
113	1	3	25.00	4
114	0	0		0
115	1	4	20.00	5
116	0	3	0.00	3
117	1	6	14.29	7
118	0	1	0.00	1
119	0	2	0.00	2
120	0	4	0.00	4
121	1	1	50.00	2
122	0	2	0.00	2
123	1	2	33.33	3
124	0	2	0.00	2
125	0	4	0.00	4
126	0	2	0.00	2
127	0	2	0.00	2
128	2	3	40.00	5
129	0	3	0.00	3
130	1	1	50.00	2
131	0	2	0.00	2
132	0	0		0
133	1	3	25.00	4
134	3	0	100.00	3
135	0	3	0.00	3
136	0	2	0.00	2
137	0	0		0
138	0	7	0.00	7
139	1	0	100.00	1
140	0	1	0.00	1
141	2	1	66.67	3
142	0	2	0.00	2
143	0	0		0
144	0	1	0.00	1
145	0	2	0.00	2
146	0	0		0
147	0	1	0.00	1
148	0	0		0
149	0	3	0.00	3

CHG context (R1)
================
position	count methylated	count unmethylated	% methylation	coverage
1	0	16	0.00	16
2	0	19	0.00	19
3	0	7	0.00	7
4	0	117	0.00	117
5	0	185	0.00	185
6	0	215	0.00	215
7	3	267	1.11	270
8	1	213	0.47	214
9	0	251	0.00	251
10	1	205	0.49	206
11	1	223	0.45	224
12	2	208	0.95	210
13	1	185	0.54	186
14	0	199	0.00	199
15	0	240	0.00	240
16	1	221	0.45	222
17	0	219	0.00	219
18	0	248	0.00	248
19	3	191	1.55	194
20	1	166	0.60	167
21	1	248	0.40	249
22	0	237	0.00	237
23	0	210	0.00	210
24	2	180	1.10	182
25	1	236	0.42	237
26	1	209	0.48	210
27	1	227	0.44	228
28	0	249	0.00	249
29	1	172	0.58	173
30	1	169	0.59	170
31	2	267	0.74	269
32	0	180	0.00	180
33	0	219	0.00	219
34	0	256	0.00	256
35	0	196	0.00	196
36	0	215	0.00	215
37	0	200	0.00	200
38	3	219	1.35	222
39	1	223	0.45	224
40	0	212	0.00	212
41	0	266	0.00	266
42	0	171	0.00	171
43	0	232	0.00	232
44	0	250	0.00	250
45	2	197	1.01	199
46	0	226	0.00	226
47	0	192	0.00	192
48	1	212	0.47	213
49	0	222	0.00	222
50	0	200	0.00	200
51	1	211	0.47	212
52	0	230	0.00	230
53	0	240	0.00	240
54	1	175	0.57	176
55	1	183	0.54	184
56	1	225	0.44	226
57	3	209	1.42	212
58	0	208	0.00	208
59	1	192	0.52	193
60	1	153	0.65	154
61	2	182	1.09	184
62	1	185	0.54	186
63	0	185	0.00	185
64	2	208	0.95	210
65	0	207	0.00	207
66	0	160	0.00	160
67	0	180	0.00	180
68	0	172	0.00	172
69	1	210	0.47	211
70	0	185	0.00	185
71	0	169	0.00	169
72	2	167	1.18	169
73	1	179	0.56	180
74	0	143	0.00	143
75	1	138	0.72	139
76	1	182	0.55	183
77	1	171	0.58	172
78	2	163	1.21	165
79	0	171	0.00	171
80	2	148	1.33	150
81	0	156	0.00	156
82	1	126	0.79	127
83	0	150	0.00	150
84	0	138	0.00	138
85	1	117	0.85	118
86	0	142	0.00	142
87	0	109	0.00	109
88	1	127	0.78	128
89	0	149	0.00	149
90	0	100	0.00	100
91	1	132	0.75	133
92	0	104	0.00	104
93	0	87	0.00	87
94	0	109	0.00	109
95	0	121	0.00	121
96	0	113	0.00	113
97	0	123	0.00	123
98	0	91	0.00	91
99	1	45	2.17	46
100	0	2	0.00	2
101	0	6	0.00	6
102	0	4	0.00	4
103	0	6	0.00	6
104	0	4	0.00	4
105	0	7	0.00	7
106	0	12	0.00	12
107	0	1	0.00	1
108	0	7	0.00	7
109	0	5	0.00	5
110	0	1	0.00	1
111	0	1	0.00	1
112	0	6	0.00	6
113	0	2	0.00	2
114	0	0		0
115	0	3	0.00	3
116	0	5	0.00	5
117	0	1	0.00	1
118	0	6	0.00	6
119	0	1	0.00	1
120	0	2	0.00	2
121	0	4	0.00	4
122	0	1	0.00	1
123	0	1	0.00	1
124	0	1	0.00	1
125	0	3	0.00	3
126	0	1	0.00	1
127	0	2	0.00	2
128	0	2	0.00	2
129	0	0		0
130	0	2	0.00	2
131	0	1	0.00	1
132	0	3	0.00	3
133	0	1	0.00	1
134	0	2	0.00	2
135	0	1	0.00	1
136	0	0		0
137	0	0		0
138	0	0		0
139	0	2	0.00	2
140	0	2	0.00	2
141	0	0		0
142	0	0		0
143	0	0		0
144	0	1	0.00	1
145	0	0		0
146	0	0		0
147	0	1	0.00	1
148	0	6	0.00	6
149	0	1	0.00	1

CHH context (R1)
================
position	count methylated	count unmethylated	% methylation	coverage
1	0	32	0.00	32
2	0	24	0.00	24
3	0	21	0.00	21
4	3	341	0.87	344
5	1	357	0.28	358
6	1	415	0.24	416
7	1	407	0.25	408
8	0	379	0.00	379
9	0	315	0.00	315
10	0	308	0.00	308
11	1	315	0.32	316
12	1	315	0.32	316
13	3	376	0.79	379
14	1	354	0.28	355
15	0	338	0.00	338
16	1	335	0.30	336
17	1	329	0.30	330
18	1	316	0.32	317
19	2	356	0.56	358
20	2	364	0.55	366
21	3	347	0.86	350
22	0	322	0.00	322
23	0	330	0.00	330
24	0	380	0.00	380
25	2	384	0.52	386
26	1	393	0.25	394
27	2	378	0.53	380
28	2	331	0.60	333
29	2	325	0.61	327
30	2	369	0.54	371
31	0	350	0.00	350
32	1	328	0.30	329
33	2	334	0.60	336
34	1	318	0.31	319
35	0	331	0.00	331
36	0	371	0.00	371
37	0	372	0.00	372
38	2	375	0.53	377
39	3	325	0.91	328
40	0	351	0.00	351
41	2	339	0.59	341
42	1	350	0.28	351
43	2	353	0.56	355
44	1	324	0.31	325
45	0	314	0.00	314
46	0	365	0.00	365
47	0	324	0.00	324
48	1	322	0.31	323
49	0	332	0.00	332
50	3	338	0.88	341
51	1	411	0.24	412
52	3	346	0.86	349
53	0	327	0.00	327
54	0	312	0.00	312
55	0	347	0.00	347
56	1	302	0.33	303
57	0	281	0.00	281
58	1	278	0.36	279
59	0	324	0.00	324
60	2	313	0.63	315
61	0	329	0.00	329
62	0	326	0.00	326
63	2	288	0.69	290
64	4	342	1.16	346
65	0	304	0.00	304
66	1	295	0.34	296
67	1	331	0.30	332
68	2	358	0.56	360
69	2	309	0.64	311
70	3	279	1.06	282
71	0	291	0.00	291
72	1	272	0.37	273
73	2	279	0.71	281
74	1	259	0.38	260
75	1	299	0.33	300
76	1	278	0.36	279
77	0	257	0.00	257
78	0	258	0.00	258
79	0	246	0.00	246
80	0	298	0.00	298
81	4	255	1.54	259
82	2	289	0.69	291
83	1	246	0.40	247
84	1	233	0.43	234
85	2	248	0.80	250
86	0	245	0.00	245
87	0	193	0.00	193
88	1	224	0.44	225
89	0	190	0.00	190
90	2	195	1.02	197
91	0	169	0.00	169
92	1	192	0.52	193
93	2	172	1.15	174
94	0	181	0.00	181
95	2	176	1.12	178
96	0	150	0.00	150
97	0	133	0.00	133
98	2	148	1.33	150
99	0	52	0.00	52
100	0	11	0.00	11
101	0	8	0.00	8
102	0	8	0.00	8
103	0	4	0.00	4
104	0	5	0.00	5
105	0	8	0.00	8
106	0	5	0.00	5
107	0	6	0.00	6
108	0	3	0.00	3
109	0	2	0.00	2
110	0	2	0.00	2
111	0	4	0.00	4
112	0	2	0.00	2
113	0	3	0.00	3
114	0	4	0.00	4
115	0	5	0.00	5
116	0	2	0.00	2
117	0	5	0.00	5
118	0	1	0.00	1
119	0	5	0.00	5
120	0	4	0.00	4
121	0	4	0.00	4
122	0	1	0.00	1
123	0	1	0.00	1
124	0	1	0.00	1
125	0	4	0.00	4
126	0	4	0.00	4
127	0	3	0.00	3
128	0	2	0.00	2
129	0	4	0.00	4
130	0	2	0.00	2
131	0	2	0.00	2
132	0	2	0.00	2
133	0	1	0.00	1
134	0	0		0
135	0	1	0.00	1
136	0	1	0.00	1
137	0	2	0.00	2
138	0	3	0.00	3
139	0	3	0.00	3
140	0	2	0.00	2
141	0	0		0
142	0	0		0
143	0	4	0.00	4
144	0	0		0
145	0	0		0
146	0	1	0.00	1
147	0	1	0.00	1
148	0	1	0.00	1
149	0	0		0

CpG context (R2)
================
position	count methylated	count unmethylated	% methylation	coverage
1	1	23	4.17	24
2	0	20	0.00	20
3	4	73	5.19	77
4	0	57	0.00	57
5	2	110	1.79	112
6	4	69	5.48	73
7	7	132	5.04	139
8	3	82	3.53	85
9	4	69	5.48	73
10	4	100	3.85	104
11	5	60	7.69	65
12	4	61	6.15	65
13	3	75	3.85	78
14	2	37	5.13	39
15	6	73	7.59	79
16	0	58	0.00	58
17	2	35	5.41	37
18	7	48	12.73	55
19	1	32	3.03	33
20	1	44	2.22	45
21	2	34	5.56	36
22	1	39	2.50	40
23	2	28	6.67	30
24	5	51	8.93	56
25	1	26	3.70	27
26	0	27	0.00	27
27	2	26	7.14	28
28	3	25	10.71	28
29	1	38	2.56	39
30	0	21	0.00	21
31	5	31	13.89	36
32	0	25	0.00	25
33	1	15	6.25	16
34	1	24	4.00	25
35	0	13	0.00	13
36	1	13	7.14	14
37	0	26	0.00	26
38	1	17	5.56	18
39	0	11	0.00	11
40	0	13	0.00	13
41	0	11	0.00	11
42	3	9	25.00	12
43	1	12	7.69	13
44	0	10	0.00	10
45	0	5	0.00	5
46	1	13	7.14	14
47	0	5	0.00	5
48	0	7	0.00	7
49	0	4	0.00	4
50	1	5	16.67	6
51	0	4	0.00	4
52	1	5	16.67	6
53	0	3	0.00	3
54	0	4	0.00	4
55	1	2	33.33	3
56	0	3	0.00	3
57	0	2	0.00	2
58	1	5	16.67	6
59	0	1	0.00	1
60	0	2	0.00	2
61	0	0		0
62	0	0		0
63	0	0		0
64	0	2	0.00	2
65	0	0		0
66	0	0		0
67	0	1	0.00	1
68	0	0		0
69	0	0		0
70	0	2	0.00	2
71	0	1	0.00	1
72	0	1	0.00	1
73	0	1	0.00	1
74	0	0		0
75	0	2	0.00	2
76	0	0		0
77	0	1	0.00	1
78	0	1	0.00	1
79	0	1	0.00	1
80	0	1	0.00	1

CHG context (R2)
================
position	count methylated	count unmethylated	% methylation	coverage
1	13	2084	0.62	2097
2	0	27	0.00	27
3	0	7	0.00	7
4	1	50	1.96	51
5	0	39	0.00	39
6	1	69	1.43	70
7	1	73	1.35	74
8	1	111	0.89	112
9	0	73	0.00	73
10	0	57	0.00	57
11	0	81	0.00	81
12	0	29	0.00	29
13	0	44	0.00	44
14	1	48	2.04	49
15	0	34	0.00	34
16	0	51	0.00	51
17	0	53	0.00	53
18	1	48	2.04	49
19	0	55	0.00	55
20	0	54	0.00	54
21	0	31	0.00	31
22	0	39	0.00	39
23	0	26	0.00	26
24	0	14	0.00	14
25	0	40	0.00	40
26	0	21	0.00	21
27	0	15	0.00	15
28	0	20	0.00	20
29	0	20	0.00	20
30	0	17	0.00	17
31	0	24	0.00	24
32	0	22	0.00	22
33	0	18	0.00	18
34	0	12	0.00	12
35	1	28	3.45	29
36	0	16	0.00	16
37	0	8	0.00	8
38	0	8	0.00	8
39	1	11	8.33	12
40	0	18	0.00	18
41	0	19	0.00	19
42	0	2	0.00	2
43	0	7	0.00	7
44	0	5	0.00	5
45	0	6	0.00	6
46	0	3	0.00	3
47	0	7	0.00	7
48	0	4	0.00	4
49	0	8	0.00	8
50	0	14	0.00	14
51	0	4	0.00	4
52	0	2	0.00	2
53	0	3	0.00	3
54	0	1	0.00	1
55	0	3	0.00	3
56	0	3	0.00	3
57	0	2	0.00	2
58	0	2	0.00	2
59	0	2	0.00	2
60	0	2	0.00	2
61	0	2	0.00	2
62	0	2	0.00	2
63	0	0		0
64	0	0		0
65	0	1	0.00	1
66	0	0		0
67	0	1	0.00	1
68	0	1	0.00	1
69	0	0		0
70	0	1	0.00	1
71	0	0		0
72	0	0		0
73	0	1	0.00	1
74	0	1	0.00	1
75	0	0		0
76	0	0		0
77	0	1	0.00	1
78	0	0		0
79	0	0		0
80	0	0		0

CHH context (R2)
================
position	count methylated	count unmethylated	% methylation	coverage
1	0	8	0.00	8
2	3	950	0.31	953
3	2	268	0.74	270
4	0	186	0.00	186
5	0	134	0.00	134
6	1	93	1.06	94
7	0	79	0.00	79
8	0	116	0.00	116
9	1	112	0.88	113
10	0	130	0.00	130
11	0	78	0.00	78
12	2	88	2.22	90
13	0	62	0.00	62
14	0	68	0.00	68
15	0	76	0.00	76
16	0	72	0.00	72
17	0	87	0.00	87
18	0	76	0.00	76
19	2	67	2.90	69
20	0	65	0.00	65
21	0	51	0.00	51
22	0	53	0.00	53
23	0	56	0.00	56
24	1	44	2.22	45
25	1	41	2.38	42
26	0	37	0.00	37
27	0	39	0.00	39
28	0	30	0.00	30
29	0	32	0.00	32
30	0	35	0.00	35
31	0	29	0.00	29
32	0	29	0.00	29
33	0	16	0.00	16
34	0	24	0.00	24
35	0	26	0.00	26
36	0	16	0.00	16
37	1	13	7.14	14
38	0	19	0.00	19
39	0	6	0.00	6
40	0	17	0.00	17
41	0	7	0.00	7
42	0	15	0.00	15
43	0	9	0.00	9
44	0	20	0.00	20
45	0	19	0.00	19
46	0	17	0.00	17
47	0	12	0.00	12
48	0	6	0.00	6
49	0	7	0.00	7
50	0	6	0.00	6
51	0	15	0.00	15
52	0	11	0.00	11
53	0	11	0.00	11
54	0	9	0.00	9
55	0	6	0.00	6
56	0	6	0.00	6
57	0	2	0.00	2
58	0	1	0.00	1
59	0	2	0.00	2
60	0	1	0.00	1
61	0	3	0.00	3
62	0	2	0.00	2
63	0	0		0
64	0	1	0.00	1
65	0	0		0
66	0	0		0
67	0	1	0.00	1
68	0	1	0.00	1
69	0	1	0.00	1
70	0	0		0
71	0	1	0.00	1
72	0	0		0
73	0	0		0
74	0	1	0.00	1
75	0	0		0
76	0	0		0
77	0	0		0
78	0	0		0
79	0	0		0
80	0	0		0

