CpG context (R1)
================
position	count methylated	count unmethylated	% methylation	coverage
1	222	2150	9.36	2372
2	1	18	5.26	19
3	1	21	4.55	22
4	9	166	5.14	175
5	12	210	5.41	222
6	9	271	3.21	280
7	10	227	4.22	237
8	16	271	5.57	287
9	12	255	4.49	267
10	13	238	5.18	251
11	10	266	3.62	276
12	13	291	4.28	304
13	16	256	5.88	272
14	14	275	4.84	289
15	8	238	3.25	246
16	10	305	3.17	315
17	10	246	3.91	256
18	15	230	6.12	245
19	20	312	6.02	332
20	12	230	4.96	242
21	19	194	8.92	213
22	12	323	3.58	335
23	14	269	4.95	283
24	12	228	5.00	240
25	12	320	3.61	332
26	13	294	4.23	307
27	15	265	5.36	280
28	19	276	6.44	295
29	10	258	3.73	268
30	16	265	5.69	281
31	14	277	4.81	291
32	17	286	5.61	303
33	13	246	5.02	259
34	4	261	1.51	265
35	19	245	7.20	264
36	10	201	4.74	211
37	14	280	4.76	294
38	11	227	4.62	238
39	16	222	6.72	238
40	11	256	4.12	267
41	15	226	6.22	241
42	11	257	4.10	268
43	9	263	3.31	272
44	19	224	7.82	243
45	10	268	3.60	278
46	16	220	6.78	236
47	15	246	5.75	261
48	12	269	4.27	281
49	16	232	6.45	248
50	14	222	5.93	236
51	5	235	2.08	240
52	9	275	3.17	284
53	7	219	3.10	226
54	11	253	4.17	264
55	17	267	5.99	284
56	13	223	5.51	236
57	11	255	4.14	266
58	12	248	4.62	260
59	7	278	2.46	285
60	13	270	4.59	283
61	17	244	6.51	261
62	15	233	6.05	248
63	10	198	4.81	208
64	14	232	5.69	246
65	12	238	4.80	250
66	14	245	5.41	259
67	17	198	7.91	215
68	14	198	6.60	212
69	12	201	5.63	213
70	11	223	4.70	234
71	9	247	3.52	256
72	3	226	1.31	229
73	11	214	4.89	225
74	5	195	2.50	200
75	15	168	8.20	183
76	16	201	7.37	217
77	13	188	6.47	201
78	14	212	6.19	226
79	10	213	4.48	223
80	4	193	2.03	197
81	11	173	5.98	184
82	10	203	4.69	213
83	9	133	6.34	142
84	4	184	2.13	188
85	9	200	4.31	209
86	14	172	7.53	186
87	4	175	2.23	179
88	9	131	6.43	140
89	8	145	5.23	153
90	5	121	3.97	126
91	7	124	5.34	131
92	5	147	3.29	152
93	12	123	8.89	135
94	6	115	4.96	121
95	8	105	7.08	113
96	5	112	4.27	117
97	5	106	4.50	111
98	6	95	5.94	101
99	3	48	5.88	51
100	1	11	8.33	12
101	0	5	0.00	5
102	1	10	9.09	11
103	1	8	11.11	9
104	0	7	0.00	7
105	0	5	0.00	5
106	1	4	20.00	5
107	0	3	0.00	3
108	1	2	33.33	3
109	1	3	25.00	4
110	0	2	0.00	2
111	1	1	50.00	2
112	0	7	0.00	7
113	1	2	33.33	3
114	0	3	0.00	3
115	1	1	50.00	2
116	0	2	0.00	2
117	2	5	28.57	7
118	0	2	0.00	2
119	0	0		0
120	0	3	0.00	3
121	0	3	0.00	3
122	0	0		0
123	0	1	0.00	1
124	0	3	0.00	3
125	0	2	0.00	2
126	0	2	0.00	2
127	0	3	0.00	3
128	0	2	0.00	2
129	0	5	0.00	5
130	0	0		0
131	0	1	0.00	1
132	0	0		0
133	0	2	0.00	2
134	0	2	0.00	2
135	0	1	0.00	1
136	1	0	100.00	1
137	0	1	0.00	1
138	0	2	0.00	2
139	1	2	33.33	3
140	0	0		0
141	0	1	0.00	1
142	0	0		0
143	0	1	0.00	1
144	0	0		0
145	0	0		0
146	0	1	0.00	1
147	0	0		0
148	0	0		0
149	0	2	0.00	2

CHG context (R1)
================
position	count methylated	count unmethylated	% methylation	coverage
1	0	13	0.00	13
2	0	26	0.00	26
3	0	11	0.00	11
4	1	129	0.77	130
5	0	202	0.00	202
6	0	237	0.00	237
7	4	269	1.47	273
8	1	229	0.43	230
9	1	233	0.43	234
10	2	226	0.88	228
11	1	250	0.40	251
12	1	199	0.50	200
13	0	206	0.00	206
14	2	203	0.98	205
15	1	256	0.39	257
16	3	200	1.48	203
17	0	211	0.00	211
18	2	253	0.78	255
19	3	219	1.35	222
20	0	159	0.00	159
21	0	233	0.00	233
22	1	236	0.42	237
23	3	209	1.42	212
24	0	186	0.00	186
25	0	252	0.00	252
26	0	232	0.00	232
27	0	225	0.00	225
28	1	227	0.44	228
29	1	181	0.55	182
30	1	191	0.52	192
31	1	238	0.42	239
32	1	173	0.57	174
33	1	232	0.43	233
34	1	237	0.42	238
35	1	220	0.45	221
36	1	204	0.49	205
37	3	193	1.53	196
38	0	174	0.00	174
39	1	233	0.43	234
40	1	203	0.49	204
41	1	254	0.39	255
42	2	180	1.10	182
43	2	191	1.04	193
44	1	225	0.44	226
45	0	200	0.00	200
46	0	240	0.00	240
47	0	194	0.00	194
48	0	231	0.00	231
49	3	205	1.44	208
50	3	215	1.38	218
51	0	201	0.00	201
52	4	205	1.91	209
53	0	197	0.00	197
54	0	169	0.00	169
55	0	161	0.00	161
56	1	241	0.41	242
57	1	220	0.45	221
58	0	195	0.00	195
59	0	183	0.00	183
60	0	177	0.00	177
61	0	179	0.00	179
62	2	154	1.28	156
63	0	195	0.00	195
64	0	185	0.00	185
65	1	193	0.52	194
66	1	169	0.59	170
67	1	186	0.53	187
68	0	176	0.00	176
69	1	205	0.49	206
70	3	179	1.65	182
71	0	177	0.00	177
72	1	178	0.56	179
73	1	162	0.61	163
74	0	153	0.00	153
75	0	170	0.00	170
76	0	166	0.00	166
77	0	198	0.00	198
78	0	138	0.00	138
79	0	140	0.00	140
80	0	141	0.00	141
81	0	176	0.00	176
82	0	118	0.00	118
83	0	125	0.00	125
84	1	118	0.84	119
85	1	122	0.81	123
86	0	161	0.00	161
87	0	127	0.00	127
88	2	134	1.47	136
89	1	111	0.89	112
90	1	103	0.96	104
91	0	135	0.00	135
92	0	100	0.00	100
93	0	95	0.00	95
94	0	119	0.00	119
95	0	100	0.00	100
96	1	115	0.86	116
97	1	116	0.85	117
98	1	96	1.03	97
99	0	36	0.00	36
100	0	11	0.00	11
101	0	5	0.00	5
102	0	4	0.00	4
103	0	6	0.00	6
104	0	6	0.00	6
105	0	3	0.00	3
106	0	3	0.00	3
107	0	1	0.00	1
108	0	5	0.00	5
109	0	5	0.00	5
110	0	1	0.00	1
111	0	3	0.00	3
112	0	6	0.00	6
113	0	1	0.00	1
114	0	2	0.00	2
115	0	5	0.00	5
116	0	3	0.00	3
117	0	1	0.00	1
118	0	6	0.00	6
119	0	1	0.00	1
120	0	2	0.00	2
121	0	1	0.00	1
122	0	2	0.00	2
123	0	3	0.00	3
124	0	2	0.00	2
125	0	1	0.00	1
126	0	1	0.00	1
127	0	1	0.00	1
128	0	0		0
129	0	1	0.00	1
130	0	1	0.00	1
131	0	1	0.00	1
132	0	1	0.00	1
133	0	1	0.00	1
134	0	0		0
135	0	1	0.00	1
136	0	1	0.00	1
137	0	0		0
138	0	0		0
139	0	1	0.00	1
140	0	0		0
141	0	1	0.00	1
142	0	1	0.00	1
143	0	0		0
144	0	0		0
145	0	1	0.00	1
146	0	0		0
147	0	0		0
148	0	2	0.00	2
149	0	0		0

CHH context (R1)
================
position	count methylated	count unmethylated	% methylation	coverage
1	0	39	0.00	39
2	0	33	0.00	33
3	0	25	0.00	25
4	3	322	0.92	325
5	0	386	0.00	386
6	2	420	0.47	422
7	3	403	0.74	406
8	3	347	0.86	350
9	1	317	0.31	318
10	0	299	0.00	299
11	1	302	0.33	303
12	0	316	0.00	316
13	3	371	0.80	374
14	1	379	0.26	380
15	1	345	0.29	346
16	2	367	0.54	369
17	0	336	0.00	336
18	1	321	0.31	322
19	0	305	0.00	305
20	3	350	0.85	353
21	0	329	0.00	329
22	0	327	0.00	327
23	2	330	0.60	332
24	1	346	0.29	347
25	1	358	0.28	359
26	1	357	0.28	358
27	0	344	0.00	344
28	4	358	1.10	362
29	2	337	0.59	339
30	0	353	0.00	353
31	2	363	0.55	365
32	1	360	0.28	361
33	1	294	0.34	295
34	1	330	0.30	331
35	3	316	0.94	319
36	0	363	0.00	363
37	0	345	0.00	345
38	0	406	0.00	406
39	1	317	0.31	318
40	1	358	0.28	359
41	2	303	0.66	305
42	2	353	0.56	355
43	0	339	0.00	339
44	0	323	0.00	323
45	1	313	0.32	314
46	1	340	0.29	341
47	0	288	0.00	288
48	0	321	0.00	321
49	4	378	1.05	382
50	0	409	0.00	409
51	1	374	0.27	375
52	1	325	0.31	326
53	2	347	0.57	349
54	0	298	0.00	298
55	0	369	0.00	369
56	1	298	0.33	299
57	1	283	0.35	284
58	0	308	0.00	308
59	1	339	0.29	340
60	2	303	0.66	305
61	3	301	0.99	304
62	1	345	0.29	346
63	3	303	0.98	306
64	1	335	0.30	336
65	3	300	0.99	303
66	2	271	0.73	273
67	1	336	0.30	337
68	0	353	0.00	353
69	1	268	0.37	269
70	1	278	0.36	279
71	1	274	0.36	275
72	0	245	0.00	245
73	0	307	0.00	307
74	0	277	0.00	277
75	1	317	0.31	318
76	1	309	0.32	310
77	0	243	0.00	243
78	0	252	0.00	252
79	0	259	0.00	259
80	1	282	0.35	283
81	1	243	0.41	244
82	2	275	0.72	277
83	2	238	0.83	240
84	0	260	0.00	260
85	0	263	0.00	263
86	1	280	0.36	281
87	0	232	0.00	232
88	2	233	0.85	235
89	0	210	0.00	210
90	0	181	0.00	181
91	2	179	1.10	181
92	1	212	0.47	213
93	0	177	0.00	177
94	0	168	0.00	168
95	1	184	0.54	185
96	1	160	0.62	161
97	0	156	0.00	156
98	1	150	0.66	151
99	0	67	0.00	67
100	0	8	0.00	8
101	0	5	0.00	5
102	0	8	0.00	8
103	0	4	0.00	4
104	0	5	0.00	5
105	0	5	0.00	5
106	0	7	0.00	7
107	0	10	0.00	10
108	0	10	0.00	10
109	0	5	0.00	5
110	0	6	0.00	6
111	0	4	0.00	4
112	0	3	0.00	3
113	0	4	0.00	4
114	0	7	0.00	7
115	0	3	0.00	3
116	0	2	0.00	2
117	0	2	0.00	2
118	0	4	0.00	4
119	0	4	0.00	4
120	0	5	0.00	5
121	0	5	0.00	5
122	0	4	0.00	4
123	0	2	0.00	2
124	0	0		0
125	0	2	0.00	2
126	0	2	0.00	2
127	0	1	0.00	1
128	0	1	0.00	1
129	0	2	0.00	2
130	0	1	0.00	1
131	0	2	0.00	2
132	0	5	0.00	5
133	0	0		0
134	0	1	0.00	1
135	0	1	0.00	1
136	0	0		0
137	0	0		0
138	0	0		0
139	0	0		0
140	0	0		0
141	0	0		0
142	0	0		0
143	0	1	0.00	1
144	0	0		0
145	0	1	0.00	1
146	0	1	0.00	1
147	0	0		0
148	0	0		0
149	0	0		0

CpG context (R2)
================
position	count methylated	count unmethylated	% methylation	coverage
1	0	21	0.00	21
2	0	14	0.00	14
3	2	72	2.70	74
4	2	70	2.78	72
5	2	89	2.20	91
6	5	81	5.81	86
7	8	141	5.37	149
8	1	81	1.22	82
9	8	74	9.76	82
10	6	78	7.14	84
11	5	74	6.33	79
12	1	65	1.52	66
13	5	70	6.67	75
14	2	59	3.28	61
15	4	53	7.02	57
16	1	61	1.61	62
17	1	33	2.94	34
18	4	48	7.69	52
19	3	30	9.09	33
20	3	43	6.52	46
21	6	31	16.22	37
22	2	40	4.76	42
23	3	40	6.98	43
24	7	69	9.21	76
25	1	27	3.57	28
26	1	35	2.78	36
27	5	40	11.11	45
28	0	22	0.00	22
29	1	43	2.27	44
30	1	23	4.17	24
31	1	29	3.33	30
32	1	20	4.76	21
33	1	16	5.88	17
34	2	21	8.70	23
35	0	13	0.00	13
36	0	9	0.00	9
37	1	19	5.00	20
38	0	27	0.00	27
39	0	10	0.00	10
40	1	10	9.09	11
41	0	9	0.00	9
42	0	7	0.00	7
43	2	7	22.22	9
44	0	16	0.00	16
45	0	0		0
46	3	9	25.00	12
47	0	9	0.00	9
48	0	11	0.00	11
49	0	4	0.00	4
50	2	5	28.57	7
51	0	5	0.00	5
52	0	8	0.00	8
53	1	2	33.33	3
54	1	8	11.11	9
55	1	2	33.33	3
56	0	5	0.00	5
57	0	1	0.00	1
58	0	5	0.00	5
59	0	5	0.00	5
60	0	0		0
61	0	1	0.00	1
62	0	0		0
63	0	0		0
64	0	1	0.00	1
65	0	0		0
66	1	0	100.00	1
67	0	2	0.00	2
68	0	0		0
69	0	1	0.00	1
70	0	1	0.00	1
71	1	1	50.00	2
72	0	1	0.00	1
73	0	0		0
74	0	0		0
75	0	1	0.00	1
76	0	0		0
77	0	1	0.00	1
78	0	0		0
79	0	1	0.00	1
80	0	0		0
81	0	0		0
82	0	0		0
83	0	0		0
84	0	0		0
85	0	1	0.00	1
86	0	1	0.00	1
87	0	0		0
88	0	0		0
89	0	1	0.00	1
90	0	0		0
91	0	0		0
92	0	1	0.00	1
93	0	0		0
94	0	0		0
95	0	0		0
96	0	0		0
97	0	0		0

CHG context (R2)
================
position	count methylated	count unmethylated	% methylation	coverage
1	13	2131	0.61	2144
2	0	20	0.00	20
3	0	1	0.00	1
4	1	36	2.70	37
5	0	73	0.00	73
6	0	62	0.00	62
7	0	84	0.00	84
8	0	100	0.00	100
9	0	75	0.00	75
10	0	67	0.00	67
11	1	70	1.41	71
12	0	41	0.00	41
13	0	39	0.00	39
14	0	50	0.00	50
15	0	51	0.00	51
16	1	45	2.17	46
17	1	61	1.61	62
18	0	61	0.00	61
19	0	45	0.00	45
20	0	51	0.00	51
21	0	41	0.00	41
22	0	44	0.00	44
23	0	28	0.00	28
24	0	22	0.00	22
25	1	51	1.92	52
26	0	11	0.00	11
27	0	15	0.00	15
28	0	20	0.00	20
29	0	21	0.00	21
30	0	21	0.00	21
31	1	23	4.17	24
32	0	18	0.00	18
33	0	25	0.00	25
34	0	24	0.00	24
35	0	23	0.00	23
36	0	23	0.00	23
37	0	15	0.00	15
38	0	10	0.00	10
39	0	20	0.00	20
40	0	8	0.00	8
41	0	27	0.00	27
42	0	3	0.00	3
43	0	8	0.00	8
44	0	2	0.00	2
45	0	14	0.00	14
46	0	5	0.00	5
47	0	11	0.00	11
48	0	9	0.00	9
49	0	12	0.00	12
50	0	12	0.00	12
51	0	6	0.00	6
52	0	3	0.00	3
53	0	4	0.00	4
54	0	1	0.00	1
55	0	9	0.00	9
56	0	4	0.00	4
57	0	1	0.00	1
58	0	0		0
59	0	1	0.00	1
60	0	6	0.00	6
61	0	1	0.00	1
62	0	2	0.00	2
63	0	4	0.00	4
64	0	0		0
65	0	0		0
66	0	0		0
67	0	2	0.00	2
68	0	1	0.00	1
69	0	0		0
70	0	1	0.00	1
71	0	1	0.00	1
72	0	1	0.00	1
73	0	1	0.00	1
74	0	0		0
75	0	0		0
76	0	0		0
77	0	0		0
78	0	0		0
79	0	1	0.00	1
80	0	0		0
81	0	0		0
82	0	0		0
83	0	0		0
84	0	0		0
85	0	0		0
86	0	0		0
87	0	0		0
88	0	0		0
89	0	0		0
90	0	0		0
91	0	0		0
92	0	0		0
93	0	0		0
94	0	0		0
95	0	0		0
96	0	0		0
97	0	1	0.00	1

CHH context (R2)
================
position	count methylated	count unmethylated	% methylation	coverage
1	0	11	0.00	11
2	4	927	0.43	931
3	2	251	0.79	253
4	0	185	0.00	185
5	0	137	0.00	137
6	0	86	0.00	86
7	0	103	0.00	103
8	0	131	0.00	131
9	0	134	0.00	134
10	0	114	0.00	114
11	0	88	0.00	88
12	0	95	0.00	95
13	0	92	0.00	92
14	0	89	0.00	89
15	0	82	0.00	82
16	0	80	0.00	80
17	0	68	0.00	68
18	0	71	0.00	71
19	1	76	1.30	77
20	1	59	1.67	60
21	0	34	0.00	34
22	0	42	0.00	42
23	0	42	0.00	42
24	0	42	0.00	42
25	0	45	0.00	45
26	0	32	0.00	32
27	0	22	0.00	22
28	0	27	0.00	27
29	0	32	0.00	32
30	0	28	0.00	28
31	0	27	0.00	27
32	0	30	0.00	30
33	0	23	0.00	23
34	0	27	0.00	27
35	0	32	0.00	32
36	0	27	0.00	27
37	0	12	0.00	12
38	0	24	0.00	24
39	0	11	0.00	11
40	0	18	0.00	18
41	1	17	5.56	18
42	0	22	0.00	22
43	0	18	0.00	18
44	0	20	0.00	20
45	0	17	0.00	17
46	0	18	0.00	18
47	0	11	0.00	11
48	0	8	0.00	8
49	0	13	0.00	13
50	0	10	0.00	10
51	0	14	0.00	14
52	0	13	0.00	13
53	0	2	0.00	2
54	0	12	0.00	12
55	0	7	0.00	7
56	0	4	0.00	4
57	0	3	0.00	3
58	0	3	0.00	3
59	0	1	0.00	1
60	0	0		0
61	0	3	0.00	3
62	0	3	0.00	3
63	0	3	0.00	3
64	0	2	0.00	2
65	0	0		0
66	0	0		0
67	0	0		0
68	0	2	0.00	2
69	0	2	0.00	2
70	0	0		0
71	0	0		0
72	0	0		0
73	0	1	0.00	1
74	0	0		0
75	0	2	0.00	2
76	0	0		0
77	0	1	0.00	1
78	0	0		0
79	0	0		0
80	0	1	0.00	1
81	0	1	0.00	1
82	0	1	0.00	1
83	0	1	0.00	1
84	0	0		0
85	0	0		0
86	0	0		0
87	0	0		0
88	0	0		0
89	0	0		0
90	0	0		0
91	0	0		0
92	0	0		0
93	0	0		0
94	0	0		0
95	0	0		0
96	0	0		0
97	0	0		0

