CpG context (R1)
================
position	count methylated	count unmethylated	% methylation	coverage
1	204	2165	8.61	2369
2	0	18	0.00	18
3	0	12	0.00	12
4	9	190	4.52	199
5	9	192	4.48	201
6	17	252	6.32	269
7	15	241	5.86	256
8	19	279	6.38	298
9	12	240	4.76	252
10	16	257	5.86	273
11	15	271	5.24	286
12	13	270	4.59	283
13	15	257	5.51	272
14	15	265	5.36	280
15	10	279	3.46	289
16	13	306	4.08	319
17	9	237	3.66	246
18	12	242	4.72	254
19	9	286	3.05	295
20	10	222	4.31	232
21	12	215	5.29	227
22	18	276	6.12	294
23	7	250	2.72	257
24	12	260	4.41	272
25	7	263	2.59	270
26	13	289	4.30	302
27	8	257	3.02	265
28	26	266	8.90	292
29	9	277	3.15	286
30	17	265	6.03	282
31	12	278	4.14	290
32	11	271	3.90	282
33	11	245	4.30	256
34	13	267	4.64	280
35	25	251	9.06	276
36	20	220	8.33	240
37	9	269	3.24	278
38	16	227	6.58	243
39	11	248	4.25	259
40	9	292	2.99	301
41	11	221	4.74	232
42	20	280	6.67	300
43	7	260	2.62	267
44	13	207	5.91	220
45	19	285	6.25	304
46	15	228	6.17	243
47	15	274	5.19	289
48	11	256	4.12	267
49	17	247	6.44	264
50	13	239	5.16	252
51	17	241	6.59	258
52	7	242	2.81	249
53	12	238	4.80	250
54	19	254	6.96	273
55	12	290	3.97	302
56	10	230	4.17	240
57	8	247	3.14	255
58	11	235	4.47	246
59	18	250	6.72	268
60	6	212	2.75	218
61	13	233	5.28	246
62	11	238	4.42	249
63	13	221	5.56	234
64	11	290	3.65	301
65	12	262	4.38	274
66	11	255	4.14	266
67	12	212	5.36	224
68	10	199	4.78	209
69	10	199	4.78	209
70	13	197	6.19	210
71	18	216	7.69	234
72	10	256	3.76	266
73	14	224	5.88	238
74	13	201	6.07	214
75	7	176	3.83	183
76	15	201	6.94	216
77	9	211	4.09	220
78	10	202	4.72	212
79	11	203	5.14	214
80	12	194	5.83	206
81	7	190	3.55	197
82	7	180	3.74	187
83	7	130	5.11	137
84	5	170	2.86	175
85	11	189	5.50	200
86	8	154	4.94	162
87	14	173	7.49	187
88	6	145	3.97	151
89	8	135	5.59	143
90	4	125	3.10	129
91	9	129	6.52	138
92	4	150	2.60	154
93	5	124	3.88	129
94	6	134	4.29	140
95	10	110	8.33	120
96	6	111	5.13	117
97	8	137	5.52	145
98	5	102	4.67	107
99	5	63	7.35	68
100	0	10	0.00	10
101	1	2	33.33	3
102	1	7	12.50	8
103	0	5	0.00	5
104	1	5	16.67	6
105	1	5	16.67	6
106	3	7	30.00	10
107	1	7	12.50	8
108	0	5	0.00	5
109	1	6	14.29	7
110	1	6	14.29	7
111	1	6	14.29	7
112	0	4	0.00	4
113	1	5	16.67	6
114	0	3	0.00	3
115	2	5	28.57	7
116	0	5	0.00	5
117	2	1	66.67	3
118	0	1	0.00	1
119	0	5	0.00	5
120	0	5	0.00	5
121	1	5	16.67	6
122	0	1	0.00	1
123	1	4	20.00	5
124	0	1	0.00	1
125	0	2	0.00	2
126	0	3	0.00	3
127	0	4	0.00	4
128	0	3	0.00	3
129	1	2	33.33	3
130	0	3	0.00	3
131	0	6	0.00	6
132	1	1	50.00	2
133	0	4	0.00	4
134	0	1	0.00	1
135	0	2	0.00	2
136	0	2	0.00	2
137	0	3	0.00	3
138	1	2	33.33	3
139	0	4	0.00	4
140	1	3	25.00	4
141	0	2	0.00	2
142	0	1	0.00	1
143	0	3	0.00	3
144	0	0		0
145	0	3	0.00	3
146	0	0		0
147	1	1	50.00	2
148	0	3	0.00	3
149	0	2	0.00	2

CHG context (R1)
================
position	count methylated	count unmethylated	% methylation	coverage
1	0	13	0.00	13
2	0	16	0.00	16
3	0	19	0.00	19
4	0	119	0.00	119
5	1	183	0.54	184
6	2	262	0.76	264
7	2	241	0.82	243
8	2	222	0.89	224
9	1	267	0.37	268
10	0	209	0.00	209
11	2	231	0.86	233
12	0	210	0.00	210
13	5	174	2.79	179
14	0	215	0.00	215
15	1	232	0.43	233
16	2	202	0.98	204
17	0	253	0.00	253
18	1	266	0.37	267
19	1	207	0.48	208
20	0	176	0.00	176
21	1	215	0.46	216
22	0	236	0.00	236
23	1	229	0.43	230
24	0	174	0.00	174
25	0	236	0.00	236
26	0	204	0.00	204
27	1	246	0.40	247
28	0	247	0.00	247
29	0	167	0.00	167
30	1	175	0.57	176
31	0	237	0.00	237
32	1	206	0.48	207
33	0	239	0.00	239
34	0	214	0.00	214
35	2	231	0.86	233
36	0	217	0.00	217
37	1	206	0.48	207
38	1	202	0.49	203
39	1	240	0.41	241
40	2	198	1.00	200
41	1	264	0.38	265
42	0	208	0.00	208
43	2	194	1.02	196
44	1	270	0.37	271
45	1	197	0.51	198
46	1	225	0.44	226
47	0	154	0.00	154
48	0	211	0.00	211
49	0	214	0.00	214
50	1	217	0.46	218
51	2	216	0.92	218
52	0	219	0.00	219
53	0	211	0.00	211
54	1	208	0.48	209
55	1	157	0.63	158
56	1	214	0.47	215
57	2	214	0.93	216
58	0	247	0.00	247
59	0	159	0.00	159
60	0	142	0.00	142
61	0	210	0.00	210
62	0	176	0.00	176
63	0	182	0.00	182
64	1	199	0.50	200
65	1	169	0.59	170
66	0	196	0.00	196
67	0	170	0.00	170
68	0	185	0.00	185
69	0	192	0.00	192
70	1	209	0.48	210
71	0	184	0.00	184
72	2	186	1.06	188
73	0	172	0.00	172
74	1	166	0.60	167
75	1	156	0.64	157
76	1	174	0.57	175
77	2	182	1.09	184
78	0	157	0.00	157
79	0	160	0.00	160
80	1	145	0.68	146
81	0	194	0.00	194
82	0	129	0.00	129
83	1	138	0.72	139
84	0	123	0.00	123
85	1	112	0.88	113
86	1	152	0.65	153
87	0	105	0.00	105
88	0	118	0.00	118
89	0	128	0.00	128
90	0	120	0.00	120
91	0	131	0.00	131
92	1	105	0.94	106
93	0	75	0.00	75
94	0	99	0.00	99
95	0	90	0.00	90
96	0	116	0.00	116
97	0	114	0.00	114
98	0	99	0.00	99
99	0	53	0.00	53
100	0	4	0.00	4
101	0	4	0.00	4
102	0	2	0.00	2
103	0	8	0.00	8
104	0	7	0.00	7
105	0	7	0.00	7
106	0	6	0.00	6
107	0	2	0.00	2
108	0	6	0.00	6
109	0	7	0.00	7
110	0	2	0.00	2
111	0	4	0.00	4
112	0	2	0.00	2
113	0	6	0.00	6
114	0	2	0.00	2
115	0	1	0.00	1
116	0	3	0.00	3
117	0	0		0
118	0	4	0.00	4
119	0	2	0.00	2
120	0	3	0.00	3
121	0	4	0.00	4
122	0	1	0.00	1
123	0	4	0.00	4
124	0	0		0
125	0	3	0.00	3
126	0	3	0.00	3
127	0	2	0.00	2
128	0	1	0.00	1
129	0	0		0
130	0	5	0.00	5
131	0	2	0.00	2
132	0	1	0.00	1
133	0	0		0
134	0	3	0.00	3
135	0	1	0.00	1
136	0	3	0.00	3
137	0	0		0
138	0	0		0
139	0	2	0.00	2
140	0	0		0
141	0	1	0.00	1
142	0	2	0.00	2
143	0	1	0.00	1
144	0	3	0.00	3
145	0	0		0
146	0	0		0
147	0	2	0.00	2
148	0	1	0.00	1
149	0	2	0.00	2

CHH context (R1)
================
position	count methylated	count unmethylated	% methylation	coverage
1	1	30	3.23	31
2	0	26	0.00	26
3	0	21	0.00	21
4	0	366	0.00	366
5	2	411	0.48	413
6	1	416	0.24	417
7	1	411	0.24	412
8	1	365	0.27	366
9	3	317	0.94	320
10	1	325	0.31	326
11	2	309	0.64	311
12	0	310	0.00	310
13	2	387	0.51	389
14	0	372	0.00	372
15	2	359	0.55	361
16	2	329	0.60	331
17	2	306	0.65	308
18	2	288	0.69	290
19	1	302	0.33	303
20	0	333	0.00	333
21	0	308	0.00	308
22	1	333	0.30	334
23	0	325	0.00	325
24	1	350	0.28	351
25	1	424	0.24	425
26	2	364	0.55	366
27	1	438	0.23	439
28	1	364	0.27	365
29	1	309	0.32	310
30	3	365	0.82	368
31	0	353	0.00	353
32	3	356	0.84	359
33	1	304	0.33	305
34	0	329	0.00	329
35	0	272	0.00	272
36	1	369	0.27	370
37	2	347	0.57	349
38	2	358	0.56	360
39	2	349	0.57	351
40	0	349	0.00	349
41	0	322	0.00	322
42	1	319	0.31	320
43	2	343	0.58	345
44	1	348	0.29	349
45	0	312	0.00	312
46	2	344	0.58	346
47	3	329	0.90	332
48	1	327	0.30	328
49	3	358	0.83	361
50	1	344	0.29	345
51	2	390	0.51	392
52	0	370	0.00	370
53	1	332	0.30	333
54	1	316	0.32	317
55	1	337	0.30	338
56	1	311	0.32	312
57	0	283	0.00	283
58	0	271	0.00	271
59	4	299	1.32	303
60	4	332	1.19	336
61	2	349	0.57	351
62	1	356	0.28	357
63	0	286	0.00	286
64	0	358	0.00	358
65	3	305	0.97	308
66	0	274	0.00	274
67	0	363	0.00	363
68	1	315	0.32	316
69	0	313	0.00	313
70	4	301	1.31	305
71	0	308	0.00	308
72	1	273	0.36	274
73	0	274	0.00	274
74	1	264	0.38	265
75	0	299	0.00	299
76	3	331	0.90	334
77	1	271	0.37	272
78	0	279	0.00	279
79	1	274	0.36	275
80	0	276	0.00	276
81	2	236	0.84	238
82	2	259	0.77	261
83	0	230	0.00	230
84	1	230	0.43	231
85	0	247	0.00	247
86	1	258	0.39	259
87	1	199	0.50	200
88	0	269	0.00	269
89	1	222	0.45	223
90	1	167	0.60	168
91	1	167	0.60	168
92	1	196	0.51	197
93	2	175	1.13	177
94	0	157	0.00	157
95	0	174	0.00	174
96	1	146	0.68	147
97	1	165	0.60	166
98	1	157	0.63	158
99	0	67	0.00	67
100	0	6	0.00	6
101	0	9	0.00	9
102	0	9	0.00	9
103	0	10	0.00	10
104	0	7	0.00	7
105	0	8	0.00	8
106	0	6	0.00	6
107	0	6	0.00	6
108	0	4	0.00	4
109	1	5	16.67	6
110	0	4	0.00	4
111	0	5	0.00	5
112	0	4	0.00	4
113	0	3	0.00	3
114	0	4	0.00	4
115	0	2	0.00	2
116	0	3	0.00	3
117	0	4	0.00	4
118	0	3	0.00	3
119	0	4	0.00	4
120	0	2	0.00	2
121	0	2	0.00	2
122	0	4	0.00	4
123	0	0		0
124	0	3	0.00	3
125	0	1	0.00	1
126	0	3	0.00	3
127	0	2	0.00	2
128	0	0		0
129	0	3	0.00	3
130	0	0		0
131	0	1	0.00	1
132	0	2	0.00	2
133	0	3	0.00	3
134	0	1	0.00	1
135	0	3	0.00	3
136	0	0		0
137	0	0		0
138	0	2	0.00	2
139	0	1	0.00	1
140	0	3	0.00	3
141	0	1	0.00	1
142	0	2	0.00	2
143	0	2	0.00	2
144	0	0		0
145	0	1	0.00	1
146	0	1	0.00	1
147	0	1	0.00	1
148	0	2	0.00	2
149	0	0		0

CpG context (R2)
================
position	count methylated	count unmethylated	% methylation	coverage
1	1	23	4.17	24
2	0	13	0.00	13
3	2	70	2.78	72
4	5	62	7.46	67
5	4	109	3.54	113
6	4	81	4.71	85
7	2	128	1.54	130
8	6	74	7.50	80
9	3	68	4.23	71
10	7	85	7.61	92
11	7	64	9.86	71
12	3	61	4.69	64
13	3	79	3.66	82
14	2	46	4.17	48
15	3	80	3.61	83
16	1	50	1.96	51
17	2	43	4.44	45
18	4	50	7.41	54
19	0	48	0.00	48
20	1	51	1.92	52
21	1	38	2.56	39
22	2	41	4.65	43
23	3	40	6.98	43
24	3	61	4.69	64
25	1	36	2.70	37
26	0	40	0.00	40
27	2	34	5.56	36
28	2	25	7.41	27
29	2	52	3.70	54
30	2	22	8.33	24
31	3	29	9.38	32
32	0	34	0.00	34
33	4	16	20.00	20
34	2	19	9.52	21
35	1	7	12.50	8
36	5	15	25.00	20
37	0	22	0.00	22
38	0	24	0.00	24
39	0	12	0.00	12
40	0	7	0.00	7
41	0	18	0.00	18
42	0	13	0.00	13
43	1	19	5.00	20
44	0	14	0.00	14
45	0	2	0.00	2
46	2	14	12.50	16
47	0	12	0.00	12
48	1	3	25.00	4
49	0	8	0.00	8
50	2	3	40.00	5
51	0	5	0.00	5
52	1	6	14.29	7
53	0	1	0.00	1
54	0	8	0.00	8
55	0	2	0.00	2
56	0	3	0.00	3
57	1	5	16.67	6
58	0	7	0.00	7
59	0	4	0.00	4
60	1	3	25.00	4
61	0	2	0.00	2
62	0	1	0.00	1
63	0	3	0.00	3
64	0	2	0.00	2
65	0	1	0.00	1
66	0	0		0
67	0	4	0.00	4
68	0	0		0
69	0	3	0.00	3
70	0	0		0
71	0	2	0.00	2
72	0	1	0.00	1
73	0	0		0
74	0	0		0
75	0	3	0.00	3
76	0	1	0.00	1
77	0	2	0.00	2
78	0	1	0.00	1
79	0	0		0
80	0	0		0
81	0	2	0.00	2
82	0	0		0
83	0	1	0.00	1
84	0	0		0
85	0	3	0.00	3
86	0	0		0
87	0	1	0.00	1
88	0	0		0
89	0	1	0.00	1
90	0	0		0
91	0	0		0
92	0	1	0.00	1
93	0	0		0
94	0	2	0.00	2
95	0	0		0
96	0	1	0.00	1
97	0	1	0.00	1

CHG context (R2)
================
position	count methylated	count unmethylated	% methylation	coverage
1	12	2137	0.56	2149
2	0	22	0.00	22
3	0	2	0.00	2
4	0	43	0.00	43
5	0	60	0.00	60
6	1	75	1.32	76
7	0	79	0.00	79
8	1	96	1.03	97
9	0	50	0.00	50
10	0	55	0.00	55
11	1	76	1.30	77
12	0	38	0.00	38
13	0	58	0.00	58
14	0	37	0.00	37
15	0	50	0.00	50
16	0	58	0.00	58
17	0	42	0.00	42
18	0	60	0.00	60
19	0	43	0.00	43
20	0	48	0.00	48
21	0	39	0.00	39
22	0	61	0.00	61
23	0	30	0.00	30
24	0	21	0.00	21
25	0	44	0.00	44
26	0	23	0.00	23
27	0	19	0.00	19
28	0	15	0.00	15
29	0	24	0.00	24
30	0	33	0.00	33
31	0	21	0.00	21
32	0	20	0.00	20
33	0	26	0.00	26
34	1	25	3.85	26
35	0	25	0.00	25
36	0	25	0.00	25
37	0	10	0.00	10
38	0	15	0.00	15
39	0	12	0.00	12
40	0	17	0.00	17
41	0	15	0.00	15
42	0	4	0.00	4
43	0	5	0.00	5
44	0	5	0.00	5
45	0	9	0.00	9
46	0	2	0.00	2
47	1	10	9.09	11
48	0	12	0.00	12
49	0	7	0.00	7
50	0	5	0.00	5
51	0	3	0.00	3
52	0	14	0.00	14
53	0	6	0.00	6
54	0	1	0.00	1
55	0	7	0.00	7
56	0	0		0
57	0	1	0.00	1
58	0	2	0.00	2
59	0	0		0
60	0	5	0.00	5
61	0	2	0.00	2
62	0	0		0
63	0	6	0.00	6
64	0	1	0.00	1
65	0	2	0.00	2
66	0	0		0
67	0	0		0
68	0	2	0.00	2
69	0	0		0
70	0	3	0.00	3
71	0	1	0.00	1
72	0	1	0.00	1
73	0	2	0.00	2
74	0	1	0.00	1
75	0	1	0.00	1
76	0	0		0
77	0	1	0.00	1
78	0	1	0.00	1
79	0	0		0
80	0	0		0
81	0	0		0
82	0	1	0.00	1
83	0	0		0
84	0	0		0
85	0	1	0.00	1
86	0	0		0
87	0	1	0.00	1
88	0	1	0.00	1
89	0	0		0
90	0	1	0.00	1
91	0	0		0
92	0	0		0
93	0	1	0.00	1
94	0	0		0
95	0	0		0
96	0	0		0
97	0	1	0.00	1

CHH context (R2)
================
position	count methylated	count unmethylated	% methylation	coverage
1	0	7	0.00	7
2	4	939	0.42	943
3	0	253	0.00	253
4	0	179	0.00	179
5	1	125	0.79	126
6	0	91	0.00	91
7	0	112	0.00	112
8	0	134	0.00	134
9	0	132	0.00	132
10	1	116	0.85	117
11	0	82	0.00	82
12	0	88	0.00	88
13	0	82	0.00	82
14	0	88	0.00	88
15	0	84	0.00	84
16	0	63	0.00	63
17	0	78	0.00	78
18	0	71	0.00	71
19	3	77	3.75	80
20	1	63	1.56	64
21	0	52	0.00	52
22	0	39	0.00	39
23	0	45	0.00	45
24	0	49	0.00	49
25	0	32	0.00	32
26	0	41	0.00	41
27	1	38	2.56	39
28	0	37	0.00	37
29	0	36	0.00	36
30	0	35	0.00	35
31	0	26	0.00	26
32	0	29	0.00	29
33	0	15	0.00	15
34	0	21	0.00	21
35	0	28	0.00	28
36	0	23	0.00	23
37	0	14	0.00	14
38	0	18	0.00	18
39	0	9	0.00	9
40	0	21	0.00	21
41	1	16	5.88	17
42	0	21	0.00	21
43	0	14	0.00	14
44	0	16	0.00	16
45	0	10	0.00	10
46	1	8	11.11	9
47	0	11	0.00	11
48	0	5	0.00	5
49	0	13	0.00	13
50	0	7	0.00	7
51	0	10	0.00	10
52	0	12	0.00	12
53	0	10	0.00	10
54	0	10	0.00	10
55	0	5	0.00	5
56	0	12	0.00	12
57	0	0		0
58	0	5	0.00	5
59	0	0		0
60	0	2	0.00	2
61	0	3	0.00	3
62	0	4	0.00	4
63	0	1	0.00	1
64	0	1	0.00	1
65	0	0		0
66	0	0		0
67	0	0		0
68	0	4	0.00	4
69	0	3	0.00	3
70	0	1	0.00	1
71	0	0		0
72	0	1	0.00	1
73	0	0		0
74	0	1	0.00	1
75	0	2	0.00	2
76	0	0		0
77	0	1	0.00	1
78	0	2	0.00	2
79	0	2	0.00	2
80	0	1	0.00	1
81	0	1	0.00	1
82	0	0		0
83	0	1	0.00	1
84	0	0		0
85	0	0		0
86	0	0		0
87	0	0		0
88	0	1	0.00	1
89	0	0		0
90	0	2	0.00	2
91	0	1	0.00	1
92	0	0		0
93	0	0		0
94	0	0		0
95	0	0		0
96	0	0		0
97	0	0		0

