CpG context (R1)
================
position	count methylated	count unmethylated	% methylation	coverage
1	205	2171	8.63	2376
2	0	17	0.00	17
3	1	14	6.67	15
4	7	178	3.78	185
5	9	182	4.71	191
6	10	277	3.48	287
7	15	246	5.75	261
8	15	276	5.15	291
9	12	236	4.84	248
10	11	243	4.33	254
11	10	278	3.47	288
12	16	277	5.46	293
13	15	300	4.76	315
14	17	248	6.42	265
15	8	238	3.25	246
16	13	291	4.28	304
17	7	247	2.76	254
18	11	255	4.14	266
19	21	297	6.60	318
20	10	220	4.35	230
21	18	216	7.69	234
22	14	284	4.70	298
23	15	254	5.58	269
24	10	224	4.27	234
25	8	317	2.46	325
26	13	274	4.53	287
27	10	295	3.28	305
28	19	271	6.55	290
29	13	283	4.39	296
30	11	275	3.85	286
31	9	256	3.40	265
32	12	291	3.96	303
33	10	251	3.83	261
34	18	287	5.90	305
35	15	272	5.23	287
36	15	216	6.49	231
37	14	276	4.83	290
38	14	251	5.28	265
39	10	230	4.17	240
40	11	253	4.17	264
41	13	223	5.51	236
42	12	300	3.85	312
43	18	263	6.41	281
44	13	273	4.55	286
45	13	299	4.17	312
46	19	215	8.12	234
47	14	274	4.86	288
48	11	276	3.83	287
49	6	221	2.64	227
50	16	255	5.90	271
51	8	232	3.33	240
52	17	219	7.20	236
53	11	241	4.37	252
54	13	227	5.42	240
55	13	272	4.56	285
56	16	231	6.48	247
57	14	236	5.60	250
58	9	243	3.57	252
59	11	277	3.82	288
60	10	264	3.65	274
61	10	223	4.29	233
62	19	238	7.39	257
63	14	206	6.36	220
64	15	270	5.26	285
65	7	239	2.85	246
66	15	235	6.00	250
67	11	242	4.35	253
68	7	200	3.38	207
69	8	201	3.83	209
70	9	200	4.31	209
71	9	247	3.52	256
72	9	238	3.64	247
73	11	204	5.12	215
74	7	217	3.12	224
75	14	193	6.76	207
76	9	206	4.19	215
77	10	226	4.24	236
78	5	223	2.19	228
79	9	221	3.91	230
80	1	169	0.59	170
81	11	178	5.82	189
82	5	188	2.59	193
83	4	143	2.72	147
84	9	159	5.36	168
85	7	169	3.98	176
86	6	185	3.14	191
87	8	152	5.00	160
88	3	134	2.19	137
89	11	152	6.75	163
90	3	125	2.34	128
91	5	136	3.55	141
92	7	134	4.96	141
93	14	134	9.46	148
94	1	126	0.79	127
95	7	108	6.09	115
96	5	121	3.97	126
97	5	128	3.76	133
98	6	106	5.36	112
99	1	48	2.04	49
100	1	16	5.88	17
101	1	6	14.29	7
102	2	6	25.00	8
103	1	4	20.00	5
104	2	5	28.57	7
105	0	2	0.00	2
106	2	5	28.57	7
107	0	4	0.00	4
108	0	4	0.00	4
109	0	9	0.00	9
110	0	2	0.00	2
111	1	7	12.50	8
112	0	6	0.00	6
113	0	6	0.00	6
114	0	7	0.00	7
115	0	3	0.00	3
116	0	2	0.00	2
117	0	2	0.00	2
118	0	2	0.00	2
119	0	0		0
120	1	1	50.00	2
121	0	2	0.00	2
122	0	2	0.00	2
123	0	4	0.00	4
124	0	1	0.00	1
125	0	0		0
126	0	3	0.00	3
127	0	1	0.00	1
128	0	3	0.00	3
129	0	2	0.00	2
130	0	2	0.00	2
131	0	1	0.00	1
132	0	0		0
133	0	1	0.00	1
134	0	1	0.00	1
135	1	0	100.00	1
136	0	1	0.00	1
137	0	2	0.00	2
138	0	0		0
139	0	2	0.00	2
140	0	1	0.00	1
141	0	1	0.00	1
142	0	2	0.00	2
143	0	0		0
144	0	1	0.00	1
145	0	0		0
146	0	0		0
147	0	0		0
148	0	0		0
149	0	0		0

CHG context (R1)
================
position	count methylated	count unmethylated	% methylation	coverage
1	2	14	12.50	16
2	0	26	0.00	26
3	0	13	0.00	13
4	0	130	0.00	130
5	0	215	0.00	215
6	0	252	0.00	252
7	3	254	1.17	257
8	0	213	0.00	213
9	0	241	0.00	241
10	0	232	0.00	232
11	0	226	0.00	226
12	1	192	0.52	193
13	0	199	0.00	199
14	0	199	0.00	199
15	0	252	0.00	252
16	0	217	0.00	217
17	2	231	0.86	233
18	0	256	0.00	256
19	0	222	0.00	222
20	1	175	0.57	176
21	3	205	1.44	208
22	1	252	0.40	253
23	0	212	0.00	212
24	0	195	0.00	195
25	1	231	0.43	232
26	0	204	0.00	204
27	0	220	0.00	220
28	1	227	0.44	228
29	0	196	0.00	196
30	1	179	0.56	180
31	2	264	0.75	266
32	1	183	0.54	184
33	0	262	0.00	262
34	0	235	0.00	235
35	1	245	0.41	246
36	2	218	0.91	220
37	0	211	0.00	211
38	0	183	0.00	183
39	0	237	0.00	237
40	2	220	0.90	222
41	1	252	0.40	253
42	0	219	0.00	219
43	0	215	0.00	215
44	2	217	0.91	219
45	1	200	0.50	201
46	0	215	0.00	215
47	1	210	0.47	211
48	1	190	0.52	191
49	0	224	0.00	224
50	0	204	0.00	204
51	3	212	1.40	215
52	1	232	0.43	233
53	1	206	0.48	207
54	3	220	1.35	223
55	2	171	1.16	173
56	0	222	0.00	222
57	0	205	0.00	205
58	1	219	0.45	220
59	1	181	0.55	182
60	2	139	1.42	141
61	0	197	0.00	197
62	1	189	0.53	190
63	1	191	0.52	192
64	0	201	0.00	201
65	1	196	0.51	197
66	0	199	0.00	199
67	0	161	0.00	161
68	0	191	0.00	191
69	0	188	0.00	188
70	1	189	0.53	190
71	0	169	0.00	169
72	1	156	0.64	157
73	1	175	0.57	176
74	0	175	0.00	175
75	2	155	1.27	157
76	1	176	0.56	177
77	0	186	0.00	186
78	1	158	0.63	159
79	1	144	0.69	145
80	0	141	0.00	141
81	0	200	0.00	200
82	1	109	0.91	110
83	0	140	0.00	140
84	0	134	0.00	134
85	0	131	0.00	131
86	0	142	0.00	142
87	0	103	0.00	103
88	3	159	1.85	162
89	0	113	0.00	113
90	0	93	0.00	93
91	0	130	0.00	130
92	2	118	1.67	120
93	0	87	0.00	87
94	1	104	0.95	105
95	0	107	0.00	107
96	0	109	0.00	109
97	0	102	0.00	102
98	0	100	0.00	100
99	0	41	0.00	41
100	0	3	0.00	3
101	0	4	0.00	4
102	0	8	0.00	8
103	0	1	0.00	1
104	0	3	0.00	3
105	0	7	0.00	7
106	0	4	0.00	4
107	0	2	0.00	2
108	0	10	0.00	10
109	0	2	0.00	2
110	0	1	0.00	1
111	0	2	0.00	2
112	0	5	0.00	5
113	0	2	0.00	2
114	0	1	0.00	1
115	0	5	0.00	5
116	0	1	0.00	1
117	0	2	0.00	2
118	0	1	0.00	1
119	0	0		0
120	0	5	0.00	5
121	0	0		0
122	0	1	0.00	1
123	0	0		0
124	0	1	0.00	1
125	0	3	0.00	3
126	0	0		0
127	0	1	0.00	1
128	0	1	0.00	1
129	0	0		0
130	0	0		0
131	0	1	0.00	1
132	0	0		0
133	0	1	0.00	1
134	0	1	0.00	1
135	0	0		0
136	0	2	0.00	2
137	0	0		0
138	0	0		0
139	0	1	0.00	1
140	0	1	0.00	1
141	0	1	0.00	1
142	0	0		0
143	0	0		0
144	0	0		0
145	0	1	0.00	1
146	0	0		0
147	0	0		0
148	0	1	0.00	1
149	0	0		0

CHH context (R1)
================
position	count methylated	count unmethylated	% methylation	coverage
1	0	33	0.00	33
2	0	33	0.00	33
3	0	21	0.00	21
4	2	349	0.57	351
5	1	387	0.26	388
6	3	393	0.76	396
7	3	350	0.85	353
8	2	334	0.60	336
9	1	320	0.31	321
10	1	351	0.28	352
11	3	295	1.01	298
12	1	329	0.30	330
13	1	387	0.26	388
14	4	375	1.06	379
15	4	356	1.11	360
16	3	344	0.86	347
17	2	303	0.66	305
18	6	300	1.96	306
19	1	303	0.33	304
20	3	345	0.86	348
21	1	344	0.29	345
22	1	313	0.32	314
23	0	344	0.00	344
24	3	387	0.77	390
25	3	384	0.78	387
26	2	351	0.57	353
27	1	385	0.26	386
28	4	377	1.05	381
29	1	337	0.30	338
30	0	384	0.00	384
31	1	312	0.32	313
32	1	371	0.27	372
33	1	306	0.33	307
34	0	324	0.00	324
35	1	294	0.34	295
36	1	378	0.26	379
37	1	310	0.32	311
38	0	362	0.00	362
39	2	303	0.66	305
40	2	326	0.61	328
41	1	353	0.28	354
42	1	337	0.30	338
43	0	337	0.00	337
44	4	315	1.25	319
45	1	317	0.31	318
46	2	368	0.54	370
47	2	310	0.64	312
48	2	313	0.63	315
49	1	358	0.28	359
50	0	377	0.00	377
51	1	408	0.24	409
52	1	357	0.28	358
53	0	321	0.00	321
54	0	315	0.00	315
55	1	314	0.32	315
56	1	276	0.36	277
57	1	292	0.34	293
58	0	290	0.00	290
59	4	316	1.25	320
60	1	289	0.34	290
61	0	315	0.00	315
62	2	314	0.63	316
63	0	300	0.00	300
64	0	306	0.00	306
65	1	301	0.33	302
66	1	259	0.38	260
67	0	321	0.00	321
68	1	347	0.29	348
69	2	299	0.66	301
70	2	269	0.74	271
71	3	284	1.05	287
72	1	282	0.35	283
73	1	300	0.33	301
74	1	255	0.39	256
75	1	292	0.34	293
76	1	283	0.35	284
77	2	233	0.85	235
78	1	265	0.38	266
79	0	242	0.00	242
80	1	267	0.37	268
81	1	232	0.43	233
82	1	247	0.40	248
83	1	201	0.50	202
84	0	250	0.00	250
85	2	261	0.76	263
86	0	261	0.00	261
87	1	240	0.41	241
88	0	226	0.00	226
89	0	184	0.00	184
90	0	204	0.00	204
91	0	205	0.00	205
92	0	206	0.00	206
93	3	157	1.88	160
94	0	161	0.00	161
95	0	190	0.00	190
96	0	158	0.00	158
97	2	191	1.04	193
98	0	183	0.00	183
99	0	58	0.00	58
100	0	5	0.00	5
101	0	5	0.00	5
102	0	6	0.00	6
103	0	7	0.00	7
104	0	6	0.00	6
105	0	4	0.00	4
106	0	6	0.00	6
107	0	4	0.00	4
108	0	3	0.00	3
109	0	5	0.00	5
110	0	1	0.00	1
111	0	4	0.00	4
112	0	3	0.00	3
113	0	3	0.00	3
114	0	3	0.00	3
115	0	4	0.00	4
116	1	5	16.67	6
117	0	8	0.00	8
118	0	5	0.00	5
119	0	5	0.00	5
120	0	4	0.00	4
121	0	3	0.00	3
122	0	3	0.00	3
123	0	4	0.00	4
124	0	2	0.00	2
125	0	2	0.00	2
126	0	2	0.00	2
127	0	2	0.00	2
128	0	1	0.00	1
129	0	2	0.00	2
130	0	2	0.00	2
131	0	2	0.00	2
132	0	4	0.00	4
133	0	3	0.00	3
134	0	3	0.00	3
135	0	1	0.00	1
136	0	0		0
137	0	2	0.00	2
138	0	0		0
139	0	0		0
140	0	0		0
141	0	1	0.00	1
142	0	0		0
143	0	0		0
144	0	1	0.00	1
145	0	1	0.00	1
146	0	2	0.00	2
147	0	1	0.00	1
148	0	1	0.00	1
149	0	1	0.00	1

CpG context (R2)
================
position	count methylated	count unmethylated	% methylation	coverage
1	0	16	0.00	16
2	0	16	0.00	16
3	7	63	10.00	70
4	3	86	3.37	89
5	2	103	1.90	105
6	5	77	6.10	82
7	5	133	3.62	138
8	5	82	5.75	87
9	3	78	3.70	81
10	4	89	4.30	93
11	4	62	6.06	66
12	4	64	5.88	68
13	2	78	2.50	80
14	2	48	4.00	50
15	4	67	5.63	71
16	0	69	0.00	69
17	2	38	5.00	40
18	6	48	11.11	54
19	3	48	5.88	51
20	3	50	5.66	53
21	1	42	2.33	43
22	2	46	4.17	48
23	2	33	5.71	35
24	6	51	10.53	57
25	1	36	2.70	37
26	0	35	0.00	35
27	4	36	10.00	40
28	5	26	16.13	31
29	1	44	2.22	45
30	1	24	4.00	25
31	6	39	13.33	45
32	2	22	8.33	24
33	2	27	6.90	29
34	0	19	0.00	19
35	2	10	16.67	12
36	1	10	9.09	11
37	0	32	0.00	32
38	1	16	5.88	17
39	0	15	0.00	15
40	0	6	0.00	6
41	0	4	0.00	4
42	0	19	0.00	19
43	0	14	0.00	14
44	0	13	0.00	13
45	0	3	0.00	3
46	1	13	7.14	14
47	0	5	0.00	5
48	1	10	9.09	11
49	0	3	0.00	3
50	2	9	18.18	11
51	0	0		0
52	1	2	33.33	3
53	0	3	0.00	3
54	0	4	0.00	4
55	1	3	25.00	4
56	2	3	40.00	5
57	1	1	50.00	2
58	1	6	14.29	7
59	0	3	0.00	3
60	0	1	0.00	1
61	1	4	20.00	5
62	0	0		0
63	0	2	0.00	2
64	0	1	0.00	1
65	0	1	0.00	1
66	0	1	0.00	1
67	0	0		0
68	0	0		0
69	0	0		0
70	0	0		0
71	0	0		0
72	0	0		0
73	0	1	0.00	1
74	0	0		0

CHG context (R2)
================
position	count methylated	count unmethylated	% methylation	coverage
1	15	2123	0.70	2138
2	0	20	0.00	20
3	0	13	0.00	13
4	2	45	4.26	47
5	0	58	0.00	58
6	0	76	0.00	76
7	1	54	1.82	55
8	0	89	0.00	89
9	1	74	1.33	75
10	1	58	1.69	59
11	2	63	3.08	65
12	1	36	2.70	37
13	0	49	0.00	49
14	0	40	0.00	40
15	0	46	0.00	46
16	0	54	0.00	54
17	0	71	0.00	71
18	0	44	0.00	44
19	0	40	0.00	40
20	0	63	0.00	63
21	0	29	0.00	29
22	0	51	0.00	51
23	0	32	0.00	32
24	0	21	0.00	21
25	0	38	0.00	38
26	0	23	0.00	23
27	0	21	0.00	21
28	0	24	0.00	24
29	0	24	0.00	24
30	0	27	0.00	27
31	0	18	0.00	18
32	0	9	0.00	9
33	0	23	0.00	23
34	1	29	3.33	30
35	0	21	0.00	21
36	0	21	0.00	21
37	0	12	0.00	12
38	0	14	0.00	14
39	0	8	0.00	8
40	1	21	4.55	22
41	0	18	0.00	18
42	0	4	0.00	4
43	0	5	0.00	5
44	0	8	0.00	8
45	0	6	0.00	6
46	0	1	0.00	1
47	0	12	0.00	12
48	0	3	0.00	3
49	0	6	0.00	6
50	0	6	0.00	6
51	0	3	0.00	3
52	0	4	0.00	4
53	0	9	0.00	9
54	0	0		0
55	0	3	0.00	3
56	0	7	0.00	7
57	0	1	0.00	1
58	0	1	0.00	1
59	0	0		0
60	1	3	25.00	4
61	0	0		0
62	0	1	0.00	1
63	0	0		0
64	0	2	0.00	2
65	0	1	0.00	1
66	0	0		0
67	0	0		0
68	0	1	0.00	1
69	0	0		0
70	0	1	0.00	1
71	0	1	0.00	1
72	0	0		0
73	0	1	0.00	1
74	0	1	0.00	1

CHH context (R2)
================
position	count methylated	count unmethylated	% methylation	coverage
1	0	13	0.00	13
2	1	986	0.10	987
3	0	250	0.00	250
4	0	197	0.00	197
5	0	158	0.00	158
6	0	95	0.00	95
7	0	111	0.00	111
8	1	118	0.84	119
9	0	101	0.00	101
10	0	126	0.00	126
11	0	96	0.00	96
12	0	86	0.00	86
13	0	76	0.00	76
14	0	73	0.00	73
15	0	60	0.00	60
16	0	71	0.00	71
17	0	66	0.00	66
18	0	76	0.00	76
19	2	89	2.20	91
20	0	49	0.00	49
21	0	46	0.00	46
22	0	45	0.00	45
23	0	44	0.00	44
24	0	44	0.00	44
25	0	47	0.00	47
26	0	33	0.00	33
27	0	30	0.00	30
28	0	28	0.00	28
29	0	27	0.00	27
30	0	18	0.00	18
31	0	24	0.00	24
32	0	28	0.00	28
33	0	20	0.00	20
34	0	20	0.00	20
35	0	35	0.00	35
36	0	14	0.00	14
37	0	12	0.00	12
38	0	14	0.00	14
39	0	8	0.00	8
40	0	13	0.00	13
41	0	12	0.00	12
42	0	8	0.00	8
43	0	12	0.00	12
44	0	14	0.00	14
45	0	13	0.00	13
46	0	9	0.00	9
47	0	11	0.00	11
48	0	9	0.00	9
49	0	6	0.00	6
50	0	9	0.00	9
51	1	10	9.09	11
52	1	6	14.29	7
53	0	7	0.00	7
54	0	10	0.00	10
55	0	7	0.00	7
56	0	3	0.00	3
57	0	7	0.00	7
58	0	1	0.00	1
59	0	1	0.00	1
60	0	0		0
61	0	2	0.00	2
62	0	2	0.00	2
63	0	1	0.00	1
64	0	0		0
65	0	1	0.00	1
66	0	0		0
67	0	0		0
68	0	0		0
69	0	1	0.00	1
70	0	0		0
71	0	1	0.00	1
72	0	0		0
73	0	0		0
74	0	1	0.00	1

