CpG context (R1)
================
position	count methylated	count unmethylated	% methylation	coverage
1	227	2147	9.56	2374
2	0	17	0.00	17
3	1	23	4.17	24
4	11	202	5.16	213
5	7	172	3.91	179
6	16	284	5.33	300
7	11	192	5.42	203
8	13	276	4.50	289
9	7	245	2.78	252
10	16	261	5.78	277
11	14	248	5.34	262
12	16	306	4.97	322
13	13	265	4.68	278
14	11	256	4.12	267
15	10	221	4.33	231
16	14	311	4.31	325
17	6	243	2.41	249
18	12	234	4.88	246
19	13	312	4.00	325
20	14	201	6.51	215
21	10	225	4.26	235
22	6	289	2.03	295
23	14	272	4.90	286
24	17	238	6.67	255
25	13	282	4.41	295
26	12	303	3.81	315
27	10	246	3.91	256
28	12	271	4.24	283
29	11	272	3.89	283
30	11	251	4.20	262
31	21	269	7.24	290
32	17	275	5.82	292
33	10	221	4.33	231
34	13	247	5.00	260
35	14	261	5.09	275
36	17	210	7.49	227
37	18	277	6.10	295
38	16	257	5.86	273
39	16	273	5.54	289
40	11	242	4.35	253
41	17	244	6.51	261
42	16	275	5.50	291
43	7	233	2.92	240
44	11	276	3.83	287
45	14	259	5.13	273
46	19	213	8.19	232
47	16	254	5.93	270
48	9	241	3.60	250
49	13	230	5.35	243
50	8	249	3.11	257
51	14	239	5.53	253
52	20	236	7.81	256
53	9	227	3.81	236
54	7	238	2.86	245
55	12	290	3.97	302
56	14	264	5.04	278
57	13	233	5.28	246
58	12	241	4.74	253
59	11	249	4.23	260
60	11	235	4.47	246
61	10	231	4.15	241
62	15	221	6.36	236
63	8	191	4.02	199
64	16	248	6.06	264
65	14	229	5.76	243
66	13	262	4.73	275
67	12	242	4.72	254
68	13	228	5.39	241
69	8	191	4.02	199
70	14	219	6.01	233
71	17	237	6.69	254
72	9	214	4.04	223
73	7	240	2.83	247
74	6	210	2.78	216
75	15	164	8.38	179
76	4	185	2.12	189
77	10	228	4.20	238
78	6	216	2.70	222
79	11	184	5.64	195
80	7	172	3.91	179
81	10	146	6.41	156
82	7	200	3.38	207
83	3	138	2.13	141
84	3	160	1.84	163
85	6	191	3.05	197
86	9	188	4.57	197
87	7	180	3.74	187
88	5	128	3.76	133
89	7	146	4.58	153
90	4	116	3.33	120
91	7	139	4.79	146
92	7	127	5.22	134
93	9	136	6.21	145
94	4	126	3.08	130
95	3	120	2.44	123
96	6	99	5.71	105
97	3	130	2.26	133
98	14	96	12.73	110
99	3	54	5.26	57
100	2	6	25.00	8
101	1	4	20.00	5
102	2	1	66.67	3
103	0	7	0.00	7
104	0	4	0.00	4
105	1	1	50.00	2
106	1	3	25.00	4
107	0	4	0.00	4
108	1	3	25.00	4
109	0	7	0.00	7
110	0	1	0.00	1
111	0	3	0.00	3
112	0	5	0.00	5
113	0	5	0.00	5
114	0	0		0
115	0	4	0.00	4
116	0	3	0.00	3
117	0	3	0.00	3
118	0	1	0.00	1
119	1	3	25.00	4
120	0	1	0.00	1
121	1	2	33.33	3
122	0	5	0.00	5
123	0	4	0.00	4
124	0	2	0.00	2
125	0	1	0.00	1
126	0	3	0.00	3
127	0	1	0.00	1
128	0	1	0.00	1
129	0	3	0.00	3
130	0	0		0
131	0	5	0.00	5
132	0	0		0
133	0	0		0
134	0	0		0
135	0	0		0
136	0	1	0.00	1
137	0	0		0
138	0	1	0.00	1
139	0	1	0.00	1
140	0	0		0
141	0	0		0
142	0	1	0.00	1
143	0	1	0.00	1
144	0	0		0
145	0	0		0
146	0	0		0
147	0	0		0
148	0	0		0
149	0	1	0.00	1

CHG context (R1)
================
position	count methylated	count unmethylated	% methylation	coverage
1	0	9	0.00	9
2	0	21	0.00	21
3	0	12	0.00	12
4	0	119	0.00	119
5	0	195	0.00	195
6	0	228	0.00	228
7	0	248	0.00	248
8	0	230	0.00	230
9	1	270	0.37	271
10	2	197	1.01	199
11	0	228	0.00	228
12	0	208	0.00	208
13	0	210	0.00	210
14	0	220	0.00	220
15	2	248	0.80	250
16	2	223	0.89	225
17	1	252	0.40	253
18	1	272	0.37	273
19	0	188	0.00	188
20	0	186	0.00	186
21	0	233	0.00	233
22	1	239	0.42	240
23	0	199	0.00	199
24	0	188	0.00	188
25	0	223	0.00	223
26	0	213	0.00	213
27	0	232	0.00	232
28	1	246	0.40	247
29	0	190	0.00	190
30	1	175	0.57	176
31	0	258	0.00	258
32	0	202	0.00	202
33	0	214	0.00	214
34	3	215	1.38	218
35	1	247	0.40	248
36	1	219	0.45	220
37	1	196	0.51	197
38	0	175	0.00	175
39	1	203	0.49	204
40	0	219	0.00	219
41	0	249	0.00	249
42	2	200	0.99	202
43	0	196	0.00	196
44	0	227	0.00	227
45	4	191	2.05	195
46	0	201	0.00	201
47	0	225	0.00	225
48	2	200	0.99	202
49	0	195	0.00	195
50	1	194	0.51	195
51	0	213	0.00	213
52	0	212	0.00	212
53	0	203	0.00	203
54	1	202	0.49	203
55	0	163	0.00	163
56	0	222	0.00	222
57	1	199	0.50	200
58	0	216	0.00	216
59	0	182	0.00	182
60	1	141	0.70	142
61	0	197	0.00	197
62	0	185	0.00	185
63	0	188	0.00	188
64	0	204	0.00	204
65	0	219	0.00	219
66	0	217	0.00	217
67	0	175	0.00	175
68	0	178	0.00	178
69	2	197	1.01	199
70	1	195	0.51	196
71	0	161	0.00	161
72	0	192	0.00	192
73	0	191	0.00	191
74	0	145	0.00	145
75	0	164	0.00	164
76	2	195	1.02	197
77	0	190	0.00	190
78	0	140	0.00	140
79	0	166	0.00	166
80	0	138	0.00	138
81	0	206	0.00	206
82	0	113	0.00	113
83	0	130	0.00	130
84	0	130	0.00	130
85	2	127	1.55	129
86	1	176	0.56	177
87	0	127	0.00	127
88	1	128	0.78	129
89	0	95	0.00	95
90	1	107	0.93	108
91	1	129	0.77	130
92	1	86	1.15	87
93	0	78	0.00	78
94	3	104	2.80	107
95	0	111	0.00	111
96	1	115	0.86	116
97	0	120	0.00	120
98	0	86	0.00	86
99	1	52	1.89	53
100	0	4	0.00	4
101	0	4	0.00	4
102	0	10	0.00	10
103	0	6	0.00	6
104	0	1	0.00	1
105	0	6	0.00	6
106	0	7	0.00	7
107	0	1	0.00	1
108	0	9	0.00	9
109	0	7	0.00	7
110	0	5	0.00	5
111	0	3	0.00	3
112	0	6	0.00	6
113	0	2	0.00	2
114	0	2	0.00	2
115	0	1	0.00	1
116	0	0		0
117	0	5	0.00	5
118	0	3	0.00	3
119	0	1	0.00	1
120	0	1	0.00	1
121	0	2	0.00	2
122	0	2	0.00	2
123	0	2	0.00	2
124	0	1	0.00	1
125	0	2	0.00	2
126	0	1	0.00	1
127	0	1	0.00	1
128	0	2	0.00	2
129	0	0		0
130	0	3	0.00	3
131	0	0		0
132	0	0		0
133	0	0		0
134	0	0		0
135	0	1	0.00	1
136	0	0		0
137	0	0		0
138	0	0		0
139	0	0		0
140	0	0		0
141	0	0		0
142	0	1	0.00	1
143	0	0		0
144	0	0		0
145	0	0		0
146	0	0		0
147	0	0		0
148	0	1	0.00	1
149	0	2	0.00	2

CHH context (R1)
================
position	count methylated	count unmethylated	% methylation	coverage
1	0	33	0.00	33
2	0	34	0.00	34
3	0	25	0.00	25
4	0	337	0.00	337
5	1	382	0.26	383
6	3	428	0.70	431
7	3	396	0.75	399
8	2	335	0.59	337
9	2	312	0.64	314
10	2	314	0.63	316
11	0	308	0.00	308
12	1	361	0.28	362
13	4	378	1.05	382
14	0	398	0.00	398
15	0	397	0.00	397
16	2	345	0.58	347
17	2	313	0.63	315
18	1	309	0.32	310
19	0	302	0.00	302
20	2	343	0.58	345
21	0	346	0.00	346
22	0	311	0.00	311
23	0	316	0.00	316
24	1	340	0.29	341
25	1	414	0.24	415
26	1	369	0.27	370
27	1	415	0.24	416
28	1	352	0.28	353
29	2	335	0.59	337
30	0	398	0.00	398
31	0	356	0.00	356
32	0	361	0.00	361
33	1	330	0.30	331
34	0	357	0.00	357
35	0	340	0.00	340
36	4	380	1.04	384
37	1	325	0.31	326
38	0	338	0.00	338
39	3	343	0.87	346
40	1	312	0.32	313
41	0	340	0.00	340
42	0	366	0.00	366
43	2	349	0.57	351
44	2	349	0.57	351
45	1	331	0.30	332
46	2	366	0.54	368
47	0	337	0.00	337
48	2	316	0.63	318
49	0	372	0.00	372
50	0	401	0.00	401
51	2	421	0.47	423
52	0	370	0.00	370
53	2	347	0.57	349
54	2	318	0.62	320
55	0	339	0.00	339
56	1	303	0.33	304
57	1	297	0.34	298
58	0	285	0.00	285
59	1	327	0.30	328
60	2	312	0.64	314
61	0	345	0.00	345
62	1	375	0.27	376
63	3	315	0.94	318
64	1	360	0.28	361
65	0	313	0.00	313
66	1	278	0.36	279
67	0	277	0.00	277
68	0	327	0.00	327
69	0	334	0.00	334
70	2	286	0.69	288
71	0	301	0.00	301
72	1	265	0.38	266
73	1	299	0.33	300
74	0	275	0.00	275
75	1	323	0.31	324
76	2	315	0.63	317
77	1	290	0.34	291
78	0	287	0.00	287
79	1	309	0.32	310
80	1	321	0.31	322
81	1	249	0.40	250
82	1	284	0.35	285
83	1	234	0.43	235
84	0	270	0.00	270
85	0	255	0.00	255
86	0	243	0.00	243
87	1	202	0.49	203
88	1	195	0.51	196
89	0	215	0.00	215
90	2	199	1.00	201
91	0	207	0.00	207
92	2	222	0.89	224
93	1	151	0.66	152
94	0	177	0.00	177
95	0	204	0.00	204
96	2	151	1.31	153
97	1	162	0.61	163
98	1	164	0.61	165
99	0	52	0.00	52
100	0	5	0.00	5
101	0	12	0.00	12
102	0	4	0.00	4
103	0	7	0.00	7
104	0	9	0.00	9
105	0	8	0.00	8
106	0	10	0.00	10
107	0	6	0.00	6
108	0	5	0.00	5
109	0	7	0.00	7
110	0	3	0.00	3
111	0	4	0.00	4
112	0	3	0.00	3
113	0	7	0.00	7
114	0	4	0.00	4
115	0	4	0.00	4
116	0	4	0.00	4
117	0	4	0.00	4
118	0	3	0.00	3
119	0	5	0.00	5
120	0	3	0.00	3
121	0	3	0.00	3
122	0	3	0.00	3
123	0	3	0.00	3
124	0	1	0.00	1
125	0	3	0.00	3
126	0	4	0.00	4
127	0	0		0
128	0	3	0.00	3
129	0	3	0.00	3
130	0	0		0
131	0	1	0.00	1
132	0	1	0.00	1
133	0	1	0.00	1
134	0	1	0.00	1
135	0	0		0
136	0	0		0
137	0	0		0
138	0	0		0
139	0	0		0
140	0	0		0
141	0	1	0.00	1
142	0	0		0
143	0	1	0.00	1
144	0	0		0
145	0	0		0
146	0	0		0
147	0	1	0.00	1
148	0	1	0.00	1
149	0	0		0

CpG context (R2)
================
position	count methylated	count unmethylated	% methylation	coverage
1	0	13	0.00	13
2	1	16	5.88	17
3	2	66	2.94	68
4	4	64	5.88	68
5	5	114	4.20	119
6	5	78	6.02	83
7	3	134	2.19	137
8	2	88	2.22	90
9	2	71	2.74	73
10	3	81	3.57	84
11	3	64	4.48	67
12	3	69	4.17	72
13	5	75	6.25	80
14	2	47	4.08	49
15	4	64	5.88	68
16	2	64	3.03	66
17	0	34	0.00	34
18	6	56	9.68	62
19	1	26	3.70	27
20	0	47	0.00	47
21	1	35	2.78	36
22	5	46	9.80	51
23	1	40	2.44	41
24	3	58	4.92	61
25	1	31	3.12	32
26	0	27	0.00	27
27	3	31	8.82	34
28	0	17	0.00	17
29	4	39	9.30	43
30	2	17	10.53	19
31	3	26	10.34	29
32	2	31	6.06	33
33	2	19	9.52	21
34	0	21	0.00	21
35	0	13	0.00	13
36	1	15	6.25	16
37	0	17	0.00	17
38	0	19	0.00	19
39	0	10	0.00	10
40	0	9	0.00	9
41	0	11	0.00	11
42	0	11	0.00	11
43	0	17	0.00	17
44	1	11	8.33	12
45	0	2	0.00	2
46	2	16	11.11	18
47	0	10	0.00	10
48	1	6	14.29	7
49	0	3	0.00	3
50	0	6	0.00	6
51	0	5	0.00	5
52	0	6	0.00	6
53	0	3	0.00	3
54	1	6	14.29	7
55	0	3	0.00	3
56	1	5	16.67	6
57	0	2	0.00	2
58	0	8	0.00	8
59	0	6	0.00	6
60	0	4	0.00	4
61	0	4	0.00	4
62	0	0		0
63	0	2	0.00	2
64	0	0		0
65	0	1	0.00	1
66	0	2	0.00	2
67	0	0		0
68	0	0		0
69	0	0		0
70	0	0		0
71	0	1	0.00	1
72	0	0		0
73	0	1	0.00	1
74	0	0		0
75	0	1	0.00	1
76	0	1	0.00	1
77	0	1	0.00	1
78	0	0		0
79	0	0		0
80	0	0		0
81	0	1	0.00	1
82	0	0		0
83	0	1	0.00	1
84	0	0		0
85	0	0		0
86	0	0		0
87	0	0		0
88	0	0		0
89	0	0		0
90	0	0		0
91	0	0		0
92	0	0		0
93	0	0		0
94	0	1	0.00	1
95	0	0		0
96	0	1	0.00	1
97	0	0		0

CHG context (R2)
================
position	count methylated	count unmethylated	% methylation	coverage
1	15	2095	0.71	2110
2	0	20	0.00	20
3	0	8	0.00	8
4	0	55	0.00	55
5	0	70	0.00	70
6	1	76	1.30	77
7	1	69	1.43	70
8	0	119	0.00	119
9	0	71	0.00	71
10	0	60	0.00	60
11	0	65	0.00	65
12	0	48	0.00	48
13	0	41	0.00	41
14	0	58	0.00	58
15	0	47	0.00	47
16	0	55	0.00	55
17	0	57	0.00	57
18	0	43	0.00	43
19	0	49	0.00	49
20	0	46	0.00	46
21	0	37	0.00	37
22	0	48	0.00	48
23	0	31	0.00	31
24	0	24	0.00	24
25	0	44	0.00	44
26	0	19	0.00	19
27	0	19	0.00	19
28	0	10	0.00	10
29	0	22	0.00	22
30	0	23	0.00	23
31	0	28	0.00	28
32	0	18	0.00	18
33	0	17	0.00	17
34	0	16	0.00	16
35	0	29	0.00	29
36	0	19	0.00	19
37	0	13	0.00	13
38	0	14	0.00	14
39	0	9	0.00	9
40	1	19	5.00	20
41	0	21	0.00	21
42	0	4	0.00	4
43	0	8	0.00	8
44	0	3	0.00	3
45	0	12	0.00	12
46	0	2	0.00	2
47	0	16	0.00	16
48	0	6	0.00	6
49	0	9	0.00	9
50	0	13	0.00	13
51	0	4	0.00	4
52	0	10	0.00	10
53	0	8	0.00	8
54	0	2	0.00	2
55	0	7	0.00	7
56	0	3	0.00	3
57	0	0		0
58	0	1	0.00	1
59	0	0		0
60	0	5	0.00	5
61	0	0		0
62	0	1	0.00	1
63	0	1	0.00	1
64	0	1	0.00	1
65	0	0		0
66	0	0		0
67	0	1	0.00	1
68	0	2	0.00	2
69	0	0		0
70	0	0		0
71	0	1	0.00	1
72	0	0		0
73	0	1	0.00	1
74	0	1	0.00	1
75	0	0		0
76	0	0		0
77	0	0		0
78	0	0		0
79	0	0		0
80	0	0		0
81	0	0		0
82	0	0		0
83	0	0		0
84	0	0		0
85	0	0		0
86	0	0		0
87	0	0		0
88	0	0		0
89	0	0		0
90	0	0		0
91	0	0		0
92	0	0		0
93	0	0		0
94	0	0		0
95	0	0		0
96	0	0		0
97	0	1	0.00	1

CHH context (R2)
================
position	count methylated	count unmethylated	% methylation	coverage
1	0	17	0.00	17
2	4	965	0.41	969
3	1	265	0.38	266
4	0	192	0.00	192
5	0	127	0.00	127
6	0	85	0.00	85
7	0	106	0.00	106
8	0	126	0.00	126
9	0	134	0.00	134
10	0	125	0.00	125
11	0	83	0.00	83
12	0	83	0.00	83
13	2	71	2.74	73
14	0	107	0.00	107
15	0	82	0.00	82
16	0	73	0.00	73
17	0	86	0.00	86
18	0	87	0.00	87
19	1	88	1.12	89
20	0	63	0.00	63
21	0	54	0.00	54
22	0	31	0.00	31
23	0	59	0.00	59
24	0	31	0.00	31
25	0	41	0.00	41
26	0	51	0.00	51
27	0	37	0.00	37
28	0	35	0.00	35
29	0	28	0.00	28
30	0	23	0.00	23
31	0	29	0.00	29
32	0	30	0.00	30
33	0	21	0.00	21
34	0	25	0.00	25
35	0	26	0.00	26
36	0	23	0.00	23
37	0	17	0.00	17
38	0	28	0.00	28
39	0	9	0.00	9
40	0	16	0.00	16
41	0	18	0.00	18
42	0	29	0.00	29
43	0	22	0.00	22
44	0	24	0.00	24
45	0	15	0.00	15
46	0	19	0.00	19
47	0	15	0.00	15
48	0	12	0.00	12
49	0	9	0.00	9
50	0	12	0.00	12
51	0	15	0.00	15
52	0	15	0.00	15
53	0	11	0.00	11
54	0	8	0.00	8
55	0	8	0.00	8
56	0	6	0.00	6
57	0	4	0.00	4
58	0	1	0.00	1
59	0	1	0.00	1
60	0	1	0.00	1
61	0	2	0.00	2
62	0	3	0.00	3
63	0	1	0.00	1
64	0	0		0
65	0	0		0
66	0	0		0
67	0	0		0
68	0	0		0
69	0	3	0.00	3
70	0	0		0
71	0	1	0.00	1
72	0	0		0
73	0	0		0
74	0	0		0
75	0	0		0
76	0	0		0
77	0	0		0
78	0	0		0
79	0	0		0
80	0	0		0
81	0	0		0
82	0	0		0
83	0	0		0
84	0	0		0
85	0	0		0
86	0	0		0
87	0	0		0
88	0	1	0.00	1
89	0	0		0
90	0	1	0.00	1
91	0	1	0.00	1
92	0	0		0
93	0	0		0
94	0	0		0
95	0	0		0
96	0	0		0
97	0	0		0

