CpG context (R1)
================
position	count methylated	count unmethylated	% methylation	coverage
1	223	2158	9.37	2381
2	0	18	0.00	18
3	2	18	10.00	20
4	13	180	6.74	193
5	21	179	10.50	200
6	8	267	2.91	275
7	18	225	7.41	243
8	14	300	4.46	314
9	8	249	3.11	257
10	10	258	3.73	268
11	12	253	4.53	265
12	15	251	5.64	266
13	21	282	6.93	303
14	16	215	6.93	231
15	9	213	4.05	222
16	11	302	3.51	313
17	12	232	4.92	244
18	7	252	2.70	259
19	19	292	6.11	311
20	9	233	3.72	242
21	7	253	2.69	260
22	18	257	6.55	275
23	14	251	5.28	265
24	13	240	5.14	253
25	10	281	3.44	291
26	15	312	4.59	327
27	12	266	4.32	278
28	13	248	4.98	261
29	10	305	3.17	315
30	13	250	4.94	263
31	13	271	4.58	284
32	8	262	2.96	270
33	9	243	3.57	252
34	11	264	4.00	275
35	7	276	2.47	283
36	8	203	3.79	211
37	20	262	7.09	282
38	21	228	8.43	249
39	11	254	4.15	265
40	15	261	5.43	276
41	11	248	4.25	259
42	9	273	3.19	282
43	9	237	3.66	246
44	9	240	3.61	249
45	9	276	3.16	285
46	18	240	6.98	258
47	15	239	5.91	254
48	13	240	5.14	253
49	14	210	6.25	224
50	16	243	6.18	259
51	17	231	6.85	248
52	10	244	3.94	254
53	6	224	2.61	230
54	14	229	5.76	243
55	13	299	4.17	312
56	13	213	5.75	226
57	11	212	4.93	223
58	13	248	4.98	261
59	14	250	5.30	264
60	15	241	5.86	256
61	11	244	4.31	255
62	17	250	6.37	267
63	7	199	3.40	206
64	11	247	4.26	258
65	15	262	5.42	277
66	14	269	4.95	283
67	14	250	5.30	264
68	4	219	1.79	223
69	9	213	4.05	222
70	8	215	3.59	223
71	14	234	5.65	248
72	12	223	5.11	235
73	12	252	4.55	264
74	8	176	4.35	184
75	6	170	3.41	176
76	8	216	3.57	224
77	4	229	1.72	233
78	12	221	5.15	233
79	16	201	7.37	217
80	6	192	3.03	198
81	7	179	3.76	186
82	7	220	3.08	227
83	7	154	4.35	161
84	4	173	2.26	177
85	7	202	3.35	209
86	11	181	5.73	192
87	11	191	5.45	202
88	3	124	2.36	127
89	9	153	5.56	162
90	7	118	5.60	125
91	9	141	6.00	150
92	6	174	3.33	180
93	8	135	5.59	143
94	4	138	2.82	142
95	7	124	5.34	131
96	5	131	3.68	136
97	4	134	2.90	138
98	7	112	5.88	119
99	3	41	6.82	44
100	1	8	11.11	9
101	0	3	0.00	3
102	2	5	28.57	7
103	0	3	0.00	3
104	0	6	0.00	6
105	0	5	0.00	5
106	0	1	0.00	1
107	0	4	0.00	4
108	1	5	16.67	6
109	1	4	20.00	5
110	0	2	0.00	2
111	0	6	0.00	6
112	0	2	0.00	2
113	1	3	25.00	4
114	0	2	0.00	2
115	0	3	0.00	3
116	1	2	33.33	3
117	0	3	0.00	3
118	0	2	0.00	2
119	0	1	0.00	1
120	1	0	100.00	1
121	0	4	0.00	4
122	0	2	0.00	2
123	1	2	33.33	3
124	0	0		0
125	1	0	100.00	1
126	0	1	0.00	1
127	0	0		0
128	0	3	0.00	3
129	1	1	50.00	2
130	0	1	0.00	1
131	0	1	0.00	1
132	0	1	0.00	1
133	0	0		0
134	0	1	0.00	1
135	0	1	0.00	1
136	0	0		0
137	0	0		0
138	0	1	0.00	1
139	0	2	0.00	2
140	0	0		0
141	0	3	0.00	3
142	0	2	0.00	2
143	0	0		0
144	0	0		0
145	0	0		0
146	0	0		0
147	0	0		0
148	0	1	0.00	1
149	0	1	0.00	1

CHG context (R1)
================
position	count methylated	count unmethylated	% methylation	coverage
1	0	16	0.00	16
2	0	29	0.00	29
3	0	11	0.00	11
4	0	131	0.00	131
5	0	185	0.00	185
6	0	258	0.00	258
7	3	265	1.12	268
8	0	199	0.00	199
9	2	236	0.84	238
10	0	223	0.00	223
11	0	251	0.00	251
12	0	207	0.00	207
13	0	184	0.00	184
14	0	193	0.00	193
15	1	254	0.39	255
16	0	226	0.00	226
17	0	227	0.00	227
18	0	245	0.00	245
19	0	221	0.00	221
20	0	165	0.00	165
21	0	224	0.00	224
22	0	242	0.00	242
23	1	198	0.50	199
24	1	196	0.51	197
25	1	215	0.46	216
26	2	221	0.90	223
27	0	226	0.00	226
28	1	230	0.43	231
29	0	174	0.00	174
30	0	187	0.00	187
31	1	240	0.41	241
32	1	197	0.51	198
33	0	243	0.00	243
34	1	244	0.41	245
35	1	225	0.44	226
36	0	243	0.00	243
37	0	204	0.00	204
38	0	181	0.00	181
39	1	230	0.43	231
40	2	174	1.14	176
41	0	260	0.00	260
42	1	223	0.45	224
43	0	188	0.00	188
44	0	249	0.00	249
45	0	221	0.00	221
46	1	208	0.48	209
47	0	195	0.00	195
48	1	213	0.47	214
49	0	204	0.00	204
50	0	206	0.00	206
51	1	198	0.50	199
52	0	204	0.00	204
53	1	200	0.50	201
54	0	215	0.00	215
55	1	159	0.62	160
56	1	184	0.54	185
57	0	228	0.00	228
58	1	226	0.44	227
59	0	174	0.00	174
60	1	172	0.58	173
61	2	192	1.03	194
62	0	165	0.00	165
63	0	210	0.00	210
64	1	210	0.47	211
65	0	220	0.00	220
66	0	193	0.00	193
67	0	200	0.00	200
68	0	203	0.00	203
69	0	224	0.00	224
70	0	195	0.00	195
71	0	135	0.00	135
72	0	173	0.00	173
73	0	178	0.00	178
74	1	126	0.79	127
75	2	195	1.02	197
76	1	191	0.52	192
77	1	177	0.56	178
78	1	148	0.67	149
79	1	167	0.60	168
80	0	136	0.00	136
81	0	180	0.00	180
82	0	129	0.00	129
83	0	132	0.00	132
84	0	137	0.00	137
85	0	122	0.00	122
86	1	168	0.59	169
87	0	127	0.00	127
88	0	135	0.00	135
89	1	125	0.79	126
90	1	109	0.91	110
91	0	147	0.00	147
92	0	93	0.00	93
93	0	90	0.00	90
94	0	107	0.00	107
95	2	96	2.04	98
96	0	131	0.00	131
97	0	137	0.00	137
98	0	77	0.00	77
99	1	53	1.85	54
100	1	6	14.29	7
101	0	7	0.00	7
102	0	5	0.00	5
103	0	1	0.00	1
104	0	4	0.00	4
105	0	3	0.00	3
106	0	3	0.00	3
107	1	4	20.00	5
108	0	5	0.00	5
109	0	2	0.00	2
110	0	2	0.00	2
111	0	2	0.00	2
112	0	3	0.00	3
113	0	1	0.00	1
114	0	2	0.00	2
115	0	4	0.00	4
116	0	0		0
117	0	2	0.00	2
118	0	2	0.00	2
119	0	2	0.00	2
120	0	4	0.00	4
121	0	4	0.00	4
122	0	0		0
123	0	1	0.00	1
124	0	0		0
125	0	2	0.00	2
126	0	0		0
127	0	1	0.00	1
128	0	1	0.00	1
129	0	0		0
130	0	0		0
131	0	2	0.00	2
132	0	0		0
133	0	1	0.00	1
134	0	3	0.00	3
135	0	1	0.00	1
136	0	0		0
137	0	0		0
138	0	1	0.00	1
139	0	0		0
140	1	1	50.00	2
141	0	0		0
142	0	0		0
143	0	0		0
144	0	1	0.00	1
145	0	0		0
146	0	0		0
147	0	0		0
148	0	1	0.00	1
149	0	1	0.00	1

CHH context (R1)
================
position	count methylated	count unmethylated	% methylation	coverage
1	0	33	0.00	33
2	0	27	0.00	27
3	0	14	0.00	14
4	1	303	0.33	304
5	0	404	0.00	404
6	2	437	0.46	439
7	3	369	0.81	372
8	2	347	0.57	349
9	1	312	0.32	313
10	0	353	0.00	353
11	0	306	0.00	306
12	0	312	0.00	312
13	1	403	0.25	404
14	1	414	0.24	415
15	0	379	0.00	379
16	1	338	0.29	339
17	0	323	0.00	323
18	2	302	0.66	304
19	0	313	0.00	313
20	4	350	1.13	354
21	2	332	0.60	334
22	3	316	0.94	319
23	1	363	0.27	364
24	0	380	0.00	380
25	2	380	0.52	382
26	0	375	0.00	375
27	1	369	0.27	370
28	1	362	0.28	363
29	1	374	0.27	375
30	2	400	0.50	402
31	1	363	0.27	364
32	0	381	0.00	381
33	2	298	0.67	300
34	0	306	0.00	306
35	1	306	0.33	307
36	3	378	0.79	381
37	0	317	0.00	317
38	2	351	0.57	353
39	2	328	0.61	330
40	0	348	0.00	348
41	0	330	0.00	330
42	0	360	0.00	360
43	2	330	0.60	332
44	1	357	0.28	358
45	0	313	0.00	313
46	1	347	0.29	348
47	0	317	0.00	317
48	1	371	0.27	372
49	0	393	0.00	393
50	2	377	0.53	379
51	0	403	0.00	403
52	0	357	0.00	357
53	2	341	0.58	343
54	0	324	0.00	324
55	0	344	0.00	344
56	3	308	0.96	311
57	1	299	0.33	300
58	2	279	0.71	281
59	1	303	0.33	304
60	3	318	0.93	321
61	1	350	0.28	351
62	0	345	0.00	345
63	1	321	0.31	322
64	1	340	0.29	341
65	1	294	0.34	295
66	3	265	1.12	268
67	0	302	0.00	302
68	0	330	0.00	330
69	0	322	0.00	322
70	1	266	0.37	267
71	2	333	0.60	335
72	2	280	0.71	282
73	0	301	0.00	301
74	0	258	0.00	258
75	2	319	0.62	321
76	1	307	0.32	308
77	1	258	0.39	259
78	1	286	0.35	287
79	0	272	0.00	272
80	2	309	0.64	311
81	1	285	0.35	286
82	0	279	0.00	279
83	2	248	0.80	250
84	1	260	0.38	261
85	0	258	0.00	258
86	0	267	0.00	267
87	0	205	0.00	205
88	2	256	0.78	258
89	0	231	0.00	231
90	0	209	0.00	209
91	0	191	0.00	191
92	0	196	0.00	196
93	0	177	0.00	177
94	1	162	0.61	163
95	0	204	0.00	204
96	0	149	0.00	149
97	1	144	0.69	145
98	0	176	0.00	176
99	0	69	0.00	69
100	0	11	0.00	11
101	0	4	0.00	4
102	0	8	0.00	8
103	0	2	0.00	2
104	0	10	0.00	10
105	0	10	0.00	10
106	0	9	0.00	9
107	0	7	0.00	7
108	0	4	0.00	4
109	0	4	0.00	4
110	0	7	0.00	7
111	0	6	0.00	6
112	0	2	0.00	2
113	0	4	0.00	4
114	0	4	0.00	4
115	0	5	0.00	5
116	0	3	0.00	3
117	0	5	0.00	5
118	0	2	0.00	2
119	0	4	0.00	4
120	0	4	0.00	4
121	0	0		0
122	0	3	0.00	3
123	0	2	0.00	2
124	0	2	0.00	2
125	0	1	0.00	1
126	0	2	0.00	2
127	0	3	0.00	3
128	0	1	0.00	1
129	0	1	0.00	1
130	0	1	0.00	1
131	0	1	0.00	1
132	0	3	0.00	3
133	0	1	0.00	1
134	0	1	0.00	1
135	0	0		0
136	0	0		0
137	0	2	0.00	2
138	0	0		0
139	0	1	0.00	1
140	0	0		0
141	0	1	0.00	1
142	0	1	0.00	1
143	0	2	0.00	2
144	0	0		0
145	0	0		0
146	0	0		0
147	0	0		0
148	0	0		0
149	0	0		0

CpG context (R2)
================
position	count methylated	count unmethylated	% methylation	coverage
1	1	18	5.26	19
2	1	15	6.25	16
3	2	66	2.94	68
4	1	76	1.30	77
5	4	117	3.31	121
6	4	89	4.30	93
7	6	104	5.45	110
8	2	81	2.41	83
9	6	89	6.32	95
10	8	92	8.00	100
11	5	68	6.85	73
12	1	60	1.64	61
13	3	65	4.41	68
14	3	49	5.77	52
15	4	56	6.67	60
16	2	56	3.45	58
17	1	40	2.44	41
18	3	65	4.41	68
19	0	37	0.00	37
20	3	44	6.38	47
21	1	38	2.56	39
22	3	35	7.89	38
23	2	35	5.41	37
24	7	40	14.89	47
25	0	25	0.00	25
26	1	28	3.45	29
27	1	35	2.78	36
28	2	26	7.14	28
29	0	46	0.00	46
30	1	18	5.26	19
31	0	33	0.00	33
32	0	32	0.00	32
33	4	17	19.05	21
34	0	22	0.00	22
35	0	11	0.00	11
36	2	17	10.53	19
37	0	20	0.00	20
38	0	20	0.00	20
39	0	7	0.00	7
40	0	6	0.00	6
41	0	13	0.00	13
42	0	12	0.00	12
43	0	13	0.00	13
44	0	12	0.00	12
45	0	6	0.00	6
46	4	13	23.53	17
47	0	6	0.00	6
48	0	5	0.00	5
49	1	9	10.00	10
50	1	6	14.29	7
51	0	7	0.00	7
52	1	5	16.67	6
53	0	2	0.00	2
54	2	1	66.67	3
55	0	2	0.00	2
56	0	2	0.00	2
57	0	3	0.00	3
58	0	5	0.00	5
59	0	0		0
60	0	1	0.00	1
61	1	2	33.33	3
62	0	1	0.00	1
63	0	0		0
64	0	1	0.00	1
65	0	1	0.00	1
66	0	1	0.00	1
67	0	4	0.00	4
68	0	1	0.00	1
69	0	3	0.00	3
70	0	3	0.00	3
71	0	0		0
72	0	3	0.00	3
73	0	1	0.00	1
74	0	0		0
75	0	0		0
76	0	0		0
77	0	1	0.00	1
78	0	0		0
79	0	1	0.00	1
80	0	0		0
81	0	0		0
82	0	0		0
83	0	0		0
84	0	0		0
85	0	0		0
86	0	1	0.00	1
87	0	0		0
88	0	1	0.00	1
89	0	0		0
90	0	0		0
91	0	0		0
92	0	1	0.00	1
93	0	0		0
94	0	2	0.00	2
95	0	1	0.00	1
96	0	1	0.00	1
97	0	1	0.00	1

CHG context (R2)
================
position	count methylated	count unmethylated	% methylation	coverage
1	16	2120	0.75	2136
2	0	25	0.00	25
3	0	3	0.00	3
4	0	39	0.00	39
5	0	61	0.00	61
6	1	74	1.33	75
7	0	79	0.00	79
8	0	95	0.00	95
9	1	86	1.15	87
10	0	70	0.00	70
11	1	55	1.79	56
12	0	36	0.00	36
13	0	39	0.00	39
14	0	37	0.00	37
15	0	52	0.00	52
16	0	47	0.00	47
17	0	40	0.00	40
18	0	37	0.00	37
19	0	55	0.00	55
20	0	51	0.00	51
21	0	34	0.00	34
22	0	42	0.00	42
23	0	29	0.00	29
24	0	22	0.00	22
25	0	48	0.00	48
26	0	20	0.00	20
27	0	10	0.00	10
28	0	19	0.00	19
29	0	21	0.00	21
30	0	30	0.00	30
31	0	32	0.00	32
32	1	15	6.25	16
33	0	17	0.00	17
34	0	25	0.00	25
35	0	23	0.00	23
36	0	20	0.00	20
37	0	16	0.00	16
38	0	9	0.00	9
39	0	12	0.00	12
40	0	14	0.00	14
41	0	16	0.00	16
42	0	11	0.00	11
43	0	5	0.00	5
44	0	5	0.00	5
45	0	4	0.00	4
46	0	2	0.00	2
47	0	8	0.00	8
48	1	2	33.33	3
49	0	9	0.00	9
50	0	6	0.00	6
51	0	2	0.00	2
52	0	9	0.00	9
53	0	5	0.00	5
54	0	2	0.00	2
55	0	5	0.00	5
56	0	1	0.00	1
57	0	1	0.00	1
58	0	3	0.00	3
59	0	1	0.00	1
60	0	2	0.00	2
61	0	1	0.00	1
62	0	4	0.00	4
63	0	1	0.00	1
64	0	1	0.00	1
65	0	1	0.00	1
66	0	0		0
67	0	3	0.00	3
68	0	0		0
69	0	0		0
70	0	1	0.00	1
71	0	0		0
72	0	1	0.00	1
73	0	3	0.00	3
74	0	0		0
75	0	1	0.00	1
76	0	0		0
77	0	0		0
78	0	2	0.00	2
79	0	0		0
80	0	0		0
81	0	0		0
82	0	0		0
83	0	0		0
84	0	0		0
85	0	0		0
86	0	0		0
87	1	0	100.00	1
88	0	0		0
89	0	1	0.00	1
90	0	0		0
91	0	0		0
92	0	0		0
93	0	0		0
94	0	0		0
95	0	0		0
96	0	0		0
97	0	0		0

CHH context (R2)
================
position	count methylated	count unmethylated	% methylation	coverage
1	1	7	12.50	8
2	1	950	0.11	951
3	2	272	0.73	274
4	0	182	0.00	182
5	1	122	0.81	123
6	0	101	0.00	101
7	0	101	0.00	101
8	2	131	1.50	133
9	0	103	0.00	103
10	0	132	0.00	132
11	0	95	0.00	95
12	0	96	0.00	96
13	0	75	0.00	75
14	0	71	0.00	71
15	0	71	0.00	71
16	0	63	0.00	63
17	0	70	0.00	70
18	0	67	0.00	67
19	0	80	0.00	80
20	1	71	1.39	72
21	0	51	0.00	51
22	0	49	0.00	49
23	0	37	0.00	37
24	0	44	0.00	44
25	0	42	0.00	42
26	0	40	0.00	40
27	0	39	0.00	39
28	0	29	0.00	29
29	0	31	0.00	31
30	0	30	0.00	30
31	0	30	0.00	30
32	0	37	0.00	37
33	1	15	6.25	16
34	0	28	0.00	28
35	0	27	0.00	27
36	0	24	0.00	24
37	0	21	0.00	21
38	0	24	0.00	24
39	0	11	0.00	11
40	0	14	0.00	14
41	0	10	0.00	10
42	0	13	0.00	13
43	0	15	0.00	15
44	1	21	4.55	22
45	0	8	0.00	8
46	0	11	0.00	11
47	0	8	0.00	8
48	0	5	0.00	5
49	0	8	0.00	8
50	0	5	0.00	5
51	0	9	0.00	9
52	0	7	0.00	7
53	1	12	7.69	13
54	0	9	0.00	9
55	0	7	0.00	7
56	0	8	0.00	8
57	0	4	0.00	4
58	0	3	0.00	3
59	0	2	0.00	2
60	0	2	0.00	2
61	0	1	0.00	1
62	0	4	0.00	4
63	0	2	0.00	2
64	0	2	0.00	2
65	0	1	0.00	1
66	0	0		0
67	0	0		0
68	0	1	0.00	1
69	0	2	0.00	2
70	0	0		0
71	0	0		0
72	0	2	0.00	2
73	0	0		0
74	0	0		0
75	0	2	0.00	2
76	0	0		0
77	0	2	0.00	2
78	0	2	0.00	2
79	0	1	0.00	1
80	0	0		0
81	0	0		0
82	0	0		0
83	0	0		0
84	0	1	0.00	1
85	0	0		0
86	0	0		0
87	0	0		0
88	0	0		0
89	0	1	0.00	1
90	0	0		0
91	0	0		0
92	0	0		0
93	0	0		0
94	0	0		0
95	0	0		0
96	0	0		0
97	0	0		0

