CpG context (R1)
================
position	count methylated	count unmethylated	% methylation	coverage
1	197	2180	8.29	2377
2	0	18	0.00	18
3	3	15	16.67	18
4	12	168	6.67	180
5	10	199	4.78	209
6	14	263	5.05	277
7	8	212	3.64	220
8	18	254	6.62	272
9	7	249	2.73	256
10	17	246	6.46	263
11	6	267	2.20	273
12	14	292	4.58	306
13	21	278	7.02	299
14	15	260	5.45	275
15	13	240	5.14	253
16	16	282	5.37	298
17	17	241	6.59	258
18	13	228	5.39	241
19	23	325	6.61	348
20	17	200	7.83	217
21	16	222	6.72	238
22	18	255	6.59	273
23	16	299	5.08	315
24	12	249	4.60	261
25	15	296	4.82	311
26	20	295	6.35	315
27	14	286	4.67	300
28	23	260	8.13	283
29	11	258	4.09	269
30	17	261	6.12	278
31	19	282	6.31	301
32	17	282	5.69	299
33	11	246	4.28	257
34	7	267	2.55	274
35	12	278	4.14	290
36	14	260	5.11	274
37	16	282	5.37	298
38	17	250	6.37	267
39	17	260	6.14	277
40	12	248	4.62	260
41	13	249	4.96	262
42	17	297	5.41	314
43	12	269	4.27	281
44	15	286	4.98	301
45	11	246	4.28	257
46	15	226	6.22	241
47	11	236	4.45	247
48	16	254	5.93	270
49	13	241	5.12	254
50	13	271	4.58	284
51	17	240	6.61	257
52	16	237	6.32	253
53	14	252	5.26	266
54	14	225	5.86	239
55	13	301	4.14	314
56	14	227	5.81	241
57	11	251	4.20	262
58	13	233	5.28	246
59	16	268	5.63	284
60	18	246	6.82	264
61	17	239	6.64	256
62	9	217	3.98	226
63	18	211	7.86	229
64	12	237	4.82	249
65	21	243	7.95	264
66	8	226	3.42	234
67	18	229	7.29	247
68	10	206	4.63	216
69	8	180	4.26	188
70	12	209	5.43	221
71	19	218	8.02	237
72	14	219	6.01	233
73	6	227	2.58	233
74	14	201	6.51	215
75	11	137	7.43	148
76	13	208	5.88	221
77	14	204	6.42	218
78	11	187	5.56	198
79	5	200	2.44	205
80	8	193	3.98	201
81	6	156	3.70	162
82	6	196	2.97	202
83	7	129	5.15	136
84	5	169	2.87	174
85	5	171	2.84	176
86	16	166	8.79	182
87	5	152	3.18	157
88	3	131	2.24	134
89	14	140	9.09	154
90	5	102	4.67	107
91	9	150	5.66	159
92	8	125	6.02	133
93	7	152	4.40	159
94	3	106	2.75	109
95	12	146	7.59	158
96	6	107	5.31	113
97	8	144	5.26	152
98	5	101	4.72	106
99	4	46	8.00	50
100	0	11	0.00	11
101	0	5	0.00	5
102	1	9	10.00	10
103	0	8	0.00	8
104	1	9	10.00	10
105	0	2	0.00	2
106	0	7	0.00	7
107	0	2	0.00	2
108	1	6	14.29	7
109	1	7	12.50	8
110	0	1	0.00	1
111	0	8	0.00	8
112	1	4	20.00	5
113	0	1	0.00	1
114	1	4	20.00	5
115	1	2	33.33	3
116	0	4	0.00	4
117	1	3	25.00	4
118	0	2	0.00	2
119	0	5	0.00	5
120	0	1	0.00	1
121	0	3	0.00	3
122	1	2	33.33	3
123	0	2	0.00	2
124	0	0		0
125	0	2	0.00	2
126	0	5	0.00	5
127	0	1	0.00	1
128	0	5	0.00	5
129	0	4	0.00	4
130	0	0		0
131	0	1	0.00	1
132	0	3	0.00	3
133	0	1	0.00	1
134	0	1	0.00	1
135	0	0		0
136	0	1	0.00	1
137	0	1	0.00	1
138	0	0		0
139	0	1	0.00	1
140	0	0		0
141	0	0		0
142	1	0	100.00	1
143	0	0		0
144	0	3	0.00	3
145	0	0		0
146	0	0		0
147	0	1	0.00	1
148	0	0		0
149	0	0		0

CHG context (R1)
================
position	count methylated	count unmethylated	% methylation	coverage
1	0	14	0.00	14
2	0	16	0.00	16
3	0	14	0.00	14
4	0	135	0.00	135
5	2	204	0.97	206
6	0	237	0.00	237
7	2	246	0.81	248
8	1	211	0.47	212
9	2	238	0.83	240
10	1	214	0.47	215
11	0	220	0.00	220
12	0	195	0.00	195
13	0	227	0.00	227
14	1	200	0.50	201
15	0	249	0.00	249
16	0	221	0.00	221
17	0	233	0.00	233
18	2	261	0.76	263
19	2	183	1.08	185
20	0	170	0.00	170
21	3	224	1.32	227
22	1	222	0.45	223
23	1	213	0.47	214
24	1	204	0.49	205
25	0	250	0.00	250
26	0	217	0.00	217
27	1	216	0.46	217
28	1	248	0.40	249
29	1	173	0.57	174
30	3	177	1.67	180
31	1	249	0.40	250
32	0	206	0.00	206
33	0	215	0.00	215
34	0	216	0.00	216
35	3	248	1.20	251
36	0	224	0.00	224
37	0	203	0.00	203
38	1	204	0.49	205
39	1	227	0.44	228
40	1	191	0.52	192
41	0	266	0.00	266
42	3	197	1.50	200
43	0	203	0.00	203
44	1	229	0.43	230
45	1	186	0.53	187
46	0	219	0.00	219
47	0	179	0.00	179
48	0	222	0.00	222
49	0	211	0.00	211
50	1	193	0.52	194
51	2	211	0.94	213
52	1	196	0.51	197
53	1	219	0.45	220
54	2	191	1.04	193
55	0	161	0.00	161
56	1	211	0.47	212
57	1	202	0.49	203
58	0	211	0.00	211
59	0	184	0.00	184
60	0	175	0.00	175
61	0	162	0.00	162
62	1	189	0.53	190
63	0	174	0.00	174
64	0	209	0.00	209
65	2	196	1.01	198
66	0	183	0.00	183
67	3	184	1.60	187
68	0	191	0.00	191
69	0	189	0.00	189
70	0	188	0.00	188
71	1	176	0.56	177
72	0	173	0.00	173
73	0	157	0.00	157
74	1	144	0.69	145
75	1	162	0.61	163
76	1	188	0.53	189
77	0	140	0.00	140
78	0	168	0.00	168
79	0	128	0.00	128
80	0	143	0.00	143
81	1	204	0.49	205
82	0	122	0.00	122
83	0	142	0.00	142
84	0	119	0.00	119
85	1	121	0.82	122
86	3	156	1.89	159
87	0	113	0.00	113
88	0	132	0.00	132
89	1	105	0.94	106
90	0	121	0.00	121
91	0	153	0.00	153
92	1	107	0.93	108
93	1	80	1.23	81
94	0	115	0.00	115
95	0	101	0.00	101
96	0	100	0.00	100
97	0	124	0.00	124
98	0	98	0.00	98
99	0	42	0.00	42
100	0	10	0.00	10
101	0	7	0.00	7
102	0	9	0.00	9
103	0	8	0.00	8
104	0	5	0.00	5
105	0	9	0.00	9
106	0	6	0.00	6
107	0	4	0.00	4
108	0	5	0.00	5
109	0	3	0.00	3
110	0	6	0.00	6
111	0	4	0.00	4
112	0	9	0.00	9
113	0	1	0.00	1
114	0	3	0.00	3
115	0	2	0.00	2
116	0	1	0.00	1
117	0	0		0
118	0	6	0.00	6
119	0	2	0.00	2
120	0	4	0.00	4
121	0	5	0.00	5
122	0	1	0.00	1
123	0	2	0.00	2
124	0	4	0.00	4
125	0	0		0
126	0	1	0.00	1
127	0	1	0.00	1
128	0	2	0.00	2
129	0	1	0.00	1
130	0	1	0.00	1
131	0	0		0
132	0	2	0.00	2
133	0	0		0
134	0	0		0
135	0	1	0.00	1
136	0	2	0.00	2
137	0	1	0.00	1
138	0	0		0
139	0	1	0.00	1
140	0	0		0
141	0	1	0.00	1
142	0	0		0
143	0	1	0.00	1
144	0	0		0
145	0	0		0
146	0	1	0.00	1
147	0	0		0
148	0	0		0
149	0	0		0

CHH context (R1)
================
position	count methylated	count unmethylated	% methylation	coverage
1	2	30	6.25	32
2	0	30	0.00	30
3	0	16	0.00	16
4	1	329	0.30	330
5	1	409	0.24	410
6	1	419	0.24	420
7	1	396	0.25	397
8	1	362	0.28	363
9	1	341	0.29	342
10	0	304	0.00	304
11	0	332	0.00	332
12	1	334	0.30	335
13	0	379	0.00	379
14	2	377	0.53	379
15	3	343	0.87	346
16	0	368	0.00	368
17	1	302	0.33	303
18	1	296	0.34	297
19	0	328	0.00	328
20	3	340	0.87	343
21	1	361	0.28	362
22	0	334	0.00	334
23	2	364	0.55	366
24	2	382	0.52	384
25	0	376	0.00	376
26	3	333	0.89	336
27	2	373	0.53	375
28	3	329	0.90	332
29	0	337	0.00	337
30	1	357	0.28	358
31	0	367	0.00	367
32	3	343	0.87	346
33	2	295	0.67	297
34	0	343	0.00	343
35	1	307	0.32	308
36	0	370	0.00	370
37	3	331	0.90	334
38	0	314	0.00	314
39	0	325	0.00	325
40	0	343	0.00	343
41	1	309	0.32	310
42	1	327	0.30	328
43	0	318	0.00	318
44	0	321	0.00	321
45	1	297	0.34	298
46	1	336	0.30	337
47	0	320	0.00	320
48	2	332	0.60	334
49	0	371	0.00	371
50	2	380	0.52	382
51	0	411	0.00	411
52	2	327	0.61	329
53	1	318	0.31	319
54	1	324	0.31	325
55	0	302	0.00	302
56	1	292	0.34	293
57	0	298	0.00	298
58	1	305	0.33	306
59	0	332	0.00	332
60	0	310	0.00	310
61	0	335	0.00	335
62	0	326	0.00	326
63	1	316	0.32	317
64	1	334	0.30	335
65	1	325	0.31	326
66	2	291	0.68	293
67	0	303	0.00	303
68	2	335	0.59	337
69	0	313	0.00	313
70	0	286	0.00	286
71	0	300	0.00	300
72	0	246	0.00	246
73	1	288	0.35	289
74	0	251	0.00	251
75	1	307	0.32	308
76	1	292	0.34	293
77	0	276	0.00	276
78	2	262	0.76	264
79	2	288	0.69	290
80	0	293	0.00	293
81	2	231	0.86	233
82	1	278	0.36	279
83	0	246	0.00	246
84	3	246	1.20	249
85	0	275	0.00	275
86	1	272	0.37	273
87	2	196	1.01	198
88	0	247	0.00	247
89	1	207	0.48	208
90	0	202	0.00	202
91	0	179	0.00	179
92	0	187	0.00	187
93	1	174	0.57	175
94	0	155	0.00	155
95	2	183	1.08	185
96	1	156	0.64	157
97	0	162	0.00	162
98	1	151	0.66	152
99	2	71	2.74	73
100	0	7	0.00	7
101	0	9	0.00	9
102	0	8	0.00	8
103	1	7	12.50	8
104	0	8	0.00	8
105	0	4	0.00	4
106	0	8	0.00	8
107	0	8	0.00	8
108	0	6	0.00	6
109	0	5	0.00	5
110	0	10	0.00	10
111	0	3	0.00	3
112	0	4	0.00	4
113	0	7	0.00	7
114	0	3	0.00	3
115	0	5	0.00	5
116	0	2	0.00	2
117	0	7	0.00	7
118	0	5	0.00	5
119	0	4	0.00	4
120	0	4	0.00	4
121	0	3	0.00	3
122	0	3	0.00	3
123	0	3	0.00	3
124	0	6	0.00	6
125	0	1	0.00	1
126	0	3	0.00	3
127	0	4	0.00	4
128	0	1	0.00	1
129	0	0		0
130	0	3	0.00	3
131	0	3	0.00	3
132	0	4	0.00	4
133	0	2	0.00	2
134	0	1	0.00	1
135	0	4	0.00	4
136	0	1	0.00	1
137	0	0		0
138	0	1	0.00	1
139	0	1	0.00	1
140	0	2	0.00	2
141	0	0		0
142	0	0		0
143	0	0		0
144	0	1	0.00	1
145	0	2	0.00	2
146	0	1	0.00	1
147	0	2	0.00	2
148	0	0		0
149	0	2	0.00	2

CpG context (R2)
================
position	count methylated	count unmethylated	% methylation	coverage
1	0	25	0.00	25
2	0	16	0.00	16
3	0	79	0.00	79
4	2	62	3.12	64
5	5	100	4.76	105
6	6	85	6.59	91
7	2	113	1.74	115
8	3	96	3.03	99
9	7	66	9.59	73
10	5	80	5.88	85
11	4	64	5.88	68
12	7	61	10.29	68
13	3	58	4.92	61
14	5	40	11.11	45
15	3	54	5.26	57
16	0	56	0.00	56
17	2	37	5.13	39
18	4	43	8.51	47
19	1	35	2.78	36
20	2	34	5.56	36
21	2	37	5.13	39
22	2	36	5.26	38
23	2	28	6.67	30
24	3	59	4.84	62
25	1	32	3.03	33
26	1	33	2.94	34
27	4	44	8.33	48
28	2	25	7.41	27
29	0	44	0.00	44
30	1	22	4.35	23
31	2	36	5.26	38
32	1	18	5.26	19
33	1	15	6.25	16
34	4	18	18.18	22
35	1	21	4.55	22
36	0	15	0.00	15
37	1	25	3.85	26
38	2	19	9.52	21
39	0	9	0.00	9
40	0	9	0.00	9
41	0	9	0.00	9
42	1	10	9.09	11
43	0	20	0.00	20
44	0	13	0.00	13
45	2	3	40.00	5
46	0	14	0.00	14
47	0	8	0.00	8
48	1	7	12.50	8
49	0	6	0.00	6
50	1	7	12.50	8
51	0	2	0.00	2
52	1	4	20.00	5
53	0	2	0.00	2
54	0	1	0.00	1
55	1	3	25.00	4
56	1	3	25.00	4
57	0	2	0.00	2
58	1	6	14.29	7
59	1	3	25.00	4
60	1	0	100.00	1
61	0	4	0.00	4
62	0	1	0.00	1
63	0	2	0.00	2
64	0	2	0.00	2
65	0	0		0
66	0	1	0.00	1
67	0	3	0.00	3
68	0	0		0
69	1	1	50.00	2
70	0	0		0
71	0	1	0.00	1
72	0	2	0.00	2
73	0	0		0
74	0	0		0
75	0	2	0.00	2
76	0	0		0
77	0	2	0.00	2
78	0	1	0.00	1
79	0	1	0.00	1
80	0	0		0
81	0	0		0
82	0	0		0
83	0	0		0
84	0	0		0
85	0	0		0
86	0	1	0.00	1
87	0	0		0
88	0	0		0
89	0	0		0
90	0	0		0
91	0	0		0
92	0	0		0
93	0	0		0
94	0	1	0.00	1

CHG context (R2)
================
position	count methylated	count unmethylated	% methylation	coverage
1	14	2114	0.66	2128
2	0	22	0.00	22
3	0	6	0.00	6
4	0	43	0.00	43
5	0	59	0.00	59
6	0	83	0.00	83
7	0	71	0.00	71
8	1	88	1.12	89
9	0	93	0.00	93
10	0	45	0.00	45
11	0	72	0.00	72
12	0	37	0.00	37
13	0	39	0.00	39
14	0	43	0.00	43
15	0	37	0.00	37
16	1	51	1.92	52
17	0	68	0.00	68
18	0	38	0.00	38
19	1	42	2.33	43
20	0	46	0.00	46
21	1	33	2.94	34
22	0	63	0.00	63
23	0	28	0.00	28
24	0	20	0.00	20
25	0	37	0.00	37
26	0	19	0.00	19
27	0	13	0.00	13
28	0	24	0.00	24
29	0	27	0.00	27
30	0	27	0.00	27
31	0	23	0.00	23
32	0	21	0.00	21
33	0	20	0.00	20
34	0	23	0.00	23
35	0	26	0.00	26
36	0	26	0.00	26
37	0	9	0.00	9
38	0	18	0.00	18
39	0	16	0.00	16
40	0	14	0.00	14
41	0	25	0.00	25
42	0	8	0.00	8
43	0	3	0.00	3
44	0	5	0.00	5
45	0	6	0.00	6
46	0	1	0.00	1
47	0	8	0.00	8
48	0	5	0.00	5
49	0	7	0.00	7
50	0	6	0.00	6
51	0	4	0.00	4
52	0	6	0.00	6
53	0	8	0.00	8
54	0	0		0
55	0	2	0.00	2
56	0	5	0.00	5
57	0	0		0
58	0	2	0.00	2
59	0	0		0
60	0	6	0.00	6
61	0	0		0
62	0	1	0.00	1
63	0	2	0.00	2
64	0	3	0.00	3
65	0	0		0
66	0	0		0
67	0	0		0
68	0	1	0.00	1
69	0	0		0
70	0	4	0.00	4
71	0	1	0.00	1
72	0	1	0.00	1
73	0	3	0.00	3
74	0	0		0
75	0	1	0.00	1
76	0	0		0
77	0	0		0
78	0	1	0.00	1
79	0	0		0
80	0	0		0
81	0	0		0
82	0	0		0
83	0	0		0
84	0	0		0
85	0	0		0
86	0	0		0
87	0	1	0.00	1
88	0	0		0
89	0	0		0
90	0	0		0
91	0	0		0
92	0	0		0
93	0	0		0
94	0	0		0

CHH context (R2)
================
position	count methylated	count unmethylated	% methylation	coverage
1	0	7	0.00	7
2	2	981	0.20	983
3	1	260	0.38	261
4	2	162	1.22	164
5	0	124	0.00	124
6	0	114	0.00	114
7	0	102	0.00	102
8	0	143	0.00	143
9	1	117	0.85	118
10	0	140	0.00	140
11	1	78	1.27	79
12	1	73	1.35	74
13	0	73	0.00	73
14	0	99	0.00	99
15	0	86	0.00	86
16	0	65	0.00	65
17	0	67	0.00	67
18	0	93	0.00	93
19	0	80	0.00	80
20	0	60	0.00	60
21	0	42	0.00	42
22	1	40	2.44	41
23	0	58	0.00	58
24	0	50	0.00	50
25	0	49	0.00	49
26	0	37	0.00	37
27	0	32	0.00	32
28	0	27	0.00	27
29	0	38	0.00	38
30	0	27	0.00	27
31	0	26	0.00	26
32	0	31	0.00	31
33	1	20	4.76	21
34	0	19	0.00	19
35	0	30	0.00	30
36	0	24	0.00	24
37	0	20	0.00	20
38	0	16	0.00	16
39	0	12	0.00	12
40	0	14	0.00	14
41	0	18	0.00	18
42	0	18	0.00	18
43	0	18	0.00	18
44	0	14	0.00	14
45	0	17	0.00	17
46	0	15	0.00	15
47	0	10	0.00	10
48	0	10	0.00	10
49	0	9	0.00	9
50	0	6	0.00	6
51	0	9	0.00	9
52	0	3	0.00	3
53	0	3	0.00	3
54	0	12	0.00	12
55	0	9	0.00	9
56	0	7	0.00	7
57	0	6	0.00	6
58	0	4	0.00	4
59	0	4	0.00	4
60	0	1	0.00	1
61	0	1	0.00	1
62	0	1	0.00	1
63	0	1	0.00	1
64	0	1	0.00	1
65	0	3	0.00	3
66	0	0		0
67	0	1	0.00	1
68	0	1	0.00	1
69	0	1	0.00	1
70	0	0		0
71	0	2	0.00	2
72	0	0		0
73	0	0		0
74	0	2	0.00	2
75	0	1	0.00	1
76	0	0		0
77	0	1	0.00	1
78	0	0		0
79	0	1	0.00	1
80	0	0		0
81	0	0		0
82	0	0		0
83	0	0		0
84	0	0		0
85	0	0		0
86	0	0		0
87	0	0		0
88	0	0		0
89	0	1	0.00	1
90	0	0		0
91	0	0		0
92	0	0		0
93	0	0		0
94	0	0		0

