CpG context (R1)
================
position	count methylated	count unmethylated	% methylation	coverage
1	202	2173	8.51	2375
2	1	19	5.00	20
3	1	19	5.00	20
4	14	167	7.73	181
5	11	185	5.61	196
6	13	263	4.71	276
7	14	232	5.69	246
8	10	267	3.61	277
9	12	241	4.74	253
10	17	255	6.25	272
11	6	248	2.36	254
12	11	266	3.97	277
13	12	290	3.97	302
14	15	245	5.77	260
15	3	254	1.17	257
16	16	309	4.92	325
17	8	232	3.33	240
18	10	246	3.91	256
19	18	313	5.44	331
20	15	210	6.67	225
21	12	253	4.53	265
22	12	299	3.86	311
23	17	279	5.74	296
24	18	252	6.67	270
25	9	292	2.99	301
26	15	287	4.97	302
27	11	305	3.48	316
28	18	263	6.41	281
29	8	265	2.93	273
30	14	255	5.20	269
31	13	278	4.47	291
32	21	279	7.00	300
33	12	205	5.53	217
34	12	244	4.69	256
35	20	273	6.83	293
36	13	218	5.63	231
37	13	281	4.42	294
38	11	238	4.42	249
39	13	251	4.92	264
40	7	255	2.67	262
41	19	250	7.06	269
42	10	282	3.42	292
43	12	260	4.41	272
44	10	268	3.60	278
45	16	278	5.44	294
46	13	239	5.16	252
47	11	280	3.78	291
48	13	249	4.96	262
49	14	219	6.01	233
50	10	264	3.65	274
51	13	229	5.37	242
52	12	244	4.69	256
53	12	242	4.72	254
54	9	223	3.88	232
55	19	293	6.09	312
56	16	227	6.58	243
57	11	242	4.35	253
58	12	243	4.71	255
59	17	273	5.86	290
60	20	222	8.26	242
61	10	253	3.80	263
62	17	247	6.44	264
63	11	194	5.37	205
64	11	246	4.28	257
65	12	252	4.55	264
66	21	245	7.89	266
67	11	226	4.64	237
68	10	194	4.90	204
69	8	207	3.72	215
70	8	234	3.31	242
71	9	254	3.42	263
72	8	275	2.83	283
73	12	234	4.88	246
74	13	195	6.25	208
75	14	173	7.49	187
76	7	191	3.54	198
77	11	224	4.68	235
78	10	204	4.67	214
79	11	208	5.02	219
80	4	183	2.14	187
81	9	161	5.29	170
82	5	179	2.72	184
83	11	139	7.33	150
84	9	161	5.29	170
85	10	181	5.24	191
86	7	179	3.76	186
87	8	171	4.47	179
88	2	122	1.61	124
89	7	166	4.05	173
90	11	118	8.53	129
91	7	149	4.49	156
92	7	138	4.83	145
93	2	145	1.36	147
94	4	118	3.28	122
95	9	98	8.41	107
96	4	115	3.36	119
97	6	135	4.26	141
98	5	98	4.85	103
99	4	48	7.69	52
100	0	12	0.00	12
101	0	2	0.00	2
102	0	2	0.00	2
103	1	7	12.50	8
104	0	5	0.00	5
105	0	5	0.00	5
106	1	1	50.00	2
107	0	7	0.00	7
108	0	7	0.00	7
109	0	9	0.00	9
110	0	4	0.00	4
111	0	7	0.00	7
112	0	5	0.00	5
113	0	9	0.00	9
114	0	7	0.00	7
115	0	4	0.00	4
116	0	1	0.00	1
117	0	4	0.00	4
118	0	2	0.00	2
119	0	2	0.00	2
120	0	4	0.00	4
121	0	3	0.00	3
122	0	3	0.00	3
123	0	3	0.00	3
124	0	3	0.00	3
125	1	5	16.67	6
126	0	2	0.00	2
127	0	2	0.00	2
128	0	3	0.00	3
129	1	2	33.33	3
130	0	1	0.00	1
131	0	5	0.00	5
132	0	0		0
133	0	1	0.00	1
134	0	0		0
135	0	0		0
136	0	2	0.00	2
137	0	1	0.00	1
138	0	1	0.00	1
139	0	1	0.00	1
140	0	1	0.00	1
141	0	1	0.00	1
142	0	0		0
143	0	0		0
144	0	1	0.00	1
145	0	1	0.00	1
146	0	1	0.00	1
147	0	1	0.00	1
148	0	0		0
149	0	1	0.00	1

CHG context (R1)
================
position	count methylated	count unmethylated	% methylation	coverage
1	0	12	0.00	12
2	0	24	0.00	24
3	0	14	0.00	14
4	1	126	0.79	127
5	1	198	0.50	199
6	1	264	0.38	265
7	1	288	0.35	289
8	0	210	0.00	210
9	1	225	0.44	226
10	1	218	0.46	219
11	1	232	0.43	233
12	1	187	0.53	188
13	0	203	0.00	203
14	0	182	0.00	182
15	4	251	1.57	255
16	0	197	0.00	197
17	0	256	0.00	256
18	0	244	0.00	244
19	1	176	0.56	177
20	1	194	0.51	195
21	1	230	0.43	231
22	0	248	0.00	248
23	0	200	0.00	200
24	0	200	0.00	200
25	1	240	0.41	241
26	2	173	1.14	175
27	1	223	0.45	224
28	2	242	0.82	244
29	1	178	0.56	179
30	0	177	0.00	177
31	1	258	0.39	259
32	2	167	1.18	169
33	0	224	0.00	224
34	0	233	0.00	233
35	0	217	0.00	217
36	0	195	0.00	195
37	0	185	0.00	185
38	0	180	0.00	180
39	0	214	0.00	214
40	2	225	0.88	227
41	2	233	0.85	235
42	1	236	0.42	237
43	1	223	0.45	224
44	1	263	0.38	264
45	1	195	0.51	196
46	1	218	0.46	219
47	0	188	0.00	188
48	0	223	0.00	223
49	0	208	0.00	208
50	1	220	0.45	221
51	2	230	0.86	232
52	1	246	0.40	247
53	2	196	1.01	198
54	2	224	0.88	226
55	0	168	0.00	168
56	0	245	0.00	245
57	1	190	0.52	191
58	0	211	0.00	211
59	0	184	0.00	184
60	0	142	0.00	142
61	0	201	0.00	201
62	1	181	0.55	182
63	0	189	0.00	189
64	0	177	0.00	177
65	1	191	0.52	192
66	1	172	0.58	173
67	1	170	0.58	171
68	0	197	0.00	197
69	0	193	0.00	193
70	1	176	0.56	177
71	0	185	0.00	185
72	0	154	0.00	154
73	0	170	0.00	170
74	0	192	0.00	192
75	0	143	0.00	143
76	1	200	0.50	201
77	0	182	0.00	182
78	2	146	1.35	148
79	0	149	0.00	149
80	1	140	0.71	141
81	0	192	0.00	192
82	1	139	0.71	140
83	0	132	0.00	132
84	0	114	0.00	114
85	0	128	0.00	128
86	0	158	0.00	158
87	0	121	0.00	121
88	0	156	0.00	156
89	0	115	0.00	115
90	0	101	0.00	101
91	0	131	0.00	131
92	0	92	0.00	92
93	0	85	0.00	85
94	0	103	0.00	103
95	0	90	0.00	90
96	0	114	0.00	114
97	0	118	0.00	118
98	0	93	0.00	93
99	0	36	0.00	36
100	0	4	0.00	4
101	0	4	0.00	4
102	0	6	0.00	6
103	0	3	0.00	3
104	0	3	0.00	3
105	0	2	0.00	2
106	0	11	0.00	11
107	0	1	0.00	1
108	0	3	0.00	3
109	0	9	0.00	9
110	0	5	0.00	5
111	0	1	0.00	1
112	0	5	0.00	5
113	0	3	0.00	3
114	0	0		0
115	0	2	0.00	2
116	0	7	0.00	7
117	0	4	0.00	4
118	0	4	0.00	4
119	0	3	0.00	3
120	0	3	0.00	3
121	0	1	0.00	1
122	0	4	0.00	4
123	0	2	0.00	2
124	0	0		0
125	0	1	0.00	1
126	0	2	0.00	2
127	0	1	0.00	1
128	0	1	0.00	1
129	0	0		0
130	0	5	0.00	5
131	0	0		0
132	0	1	0.00	1
133	0	0		0
134	0	0		0
135	0	3	0.00	3
136	0	0		0
137	0	1	0.00	1
138	0	0		0
139	0	1	0.00	1
140	0	1	0.00	1
141	0	0		0
142	0	0		0
143	0	0		0
144	0	1	0.00	1
145	0	0		0
146	0	0		0
147	0	0		0
148	0	0		0
149	0	0		0

CHH context (R1)
================
position	count methylated	count unmethylated	% methylation	coverage
1	0	46	0.00	46
2	0	30	0.00	30
3	0	13	0.00	13
4	1	362	0.28	363
5	1	394	0.25	395
6	2	367	0.54	369
7	2	344	0.58	346
8	2	339	0.59	341
9	3	310	0.96	313
10	2	315	0.63	317
11	1	275	0.36	276
12	1	343	0.29	344
13	1	393	0.25	394
14	0	385	0.00	385
15	0	344	0.00	344
16	0	375	0.00	375
17	0	326	0.00	326
18	1	290	0.34	291
19	0	330	0.00	330
20	0	360	0.00	360
21	3	349	0.85	352
22	0	295	0.00	295
23	0	335	0.00	335
24	0	357	0.00	357
25	0	364	0.00	364
26	1	363	0.27	364
27	0	381	0.00	381
28	0	374	0.00	374
29	0	364	0.00	364
30	0	376	0.00	376
31	0	350	0.00	350
32	1	338	0.29	339
33	1	302	0.33	303
34	0	331	0.00	331
35	1	313	0.32	314
36	1	361	0.28	362
37	1	352	0.28	353
38	3	353	0.84	356
39	1	316	0.32	317
40	1	323	0.31	324
41	0	318	0.00	318
42	1	337	0.30	338
43	1	336	0.30	337
44	1	311	0.32	312
45	0	294	0.00	294
46	3	312	0.95	315
47	0	347	0.00	347
48	2	316	0.63	318
49	1	382	0.26	383
50	2	372	0.53	374
51	0	406	0.00	406
52	2	338	0.59	340
53	3	345	0.86	348
54	1	304	0.33	305
55	1	339	0.29	340
56	1	287	0.35	288
57	2	294	0.68	296
58	1	282	0.35	283
59	0	329	0.00	329
60	0	305	0.00	305
61	0	350	0.00	350
62	0	356	0.00	356
63	1	289	0.34	290
64	1	343	0.29	344
65	1	325	0.31	326
66	1	315	0.32	316
67	0	355	0.00	355
68	1	364	0.27	365
69	2	318	0.62	320
70	3	290	1.02	293
71	0	281	0.00	281
72	1	256	0.39	257
73	0	303	0.00	303
74	1	256	0.39	257
75	0	308	0.00	308
76	1	292	0.34	293
77	0	273	0.00	273
78	1	241	0.41	242
79	0	290	0.00	290
80	1	319	0.31	320
81	2	270	0.74	272
82	0	264	0.00	264
83	0	235	0.00	235
84	1	269	0.37	270
85	1	266	0.37	267
86	0	278	0.00	278
87	0	237	0.00	237
88	0	249	0.00	249
89	0	192	0.00	192
90	1	185	0.54	186
91	1	195	0.51	196
92	1	200	0.50	201
93	0	158	0.00	158
94	0	149	0.00	149
95	0	177	0.00	177
96	0	158	0.00	158
97	2	156	1.27	158
98	0	163	0.00	163
99	1	61	1.61	62
100	0	10	0.00	10
101	0	13	0.00	13
102	1	10	9.09	11
103	0	10	0.00	10
104	0	8	0.00	8
105	0	12	0.00	12
106	0	4	0.00	4
107	0	9	0.00	9
108	0	8	0.00	8
109	0	4	0.00	4
110	0	4	0.00	4
111	0	5	0.00	5
112	0	1	0.00	1
113	0	4	0.00	4
114	0	5	0.00	5
115	0	7	0.00	7
116	0	2	0.00	2
117	0	3	0.00	3
118	0	2	0.00	2
119	0	4	0.00	4
120	0	4	0.00	4
121	0	5	0.00	5
122	0	3	0.00	3
123	0	2	0.00	2
124	0	0		0
125	0	1	0.00	1
126	0	2	0.00	2
127	0	6	0.00	6
128	0	3	0.00	3
129	0	7	0.00	7
130	0	1	0.00	1
131	0	3	0.00	3
132	0	2	0.00	2
133	0	3	0.00	3
134	0	4	0.00	4
135	0	0		0
136	0	2	0.00	2
137	0	1	0.00	1
138	0	0		0
139	0	0		0
140	0	1	0.00	1
141	0	1	0.00	1
142	0	1	0.00	1
143	0	2	0.00	2
144	0	0		0
145	0	0		0
146	0	0		0
147	0	0		0
148	0	0		0
149	0	0		0

CpG context (R2)
================
position	count methylated	count unmethylated	% methylation	coverage
1	0	22	0.00	22
2	0	18	0.00	18
3	1	67	1.47	68
4	3	72	4.00	75
5	4	89	4.30	93
6	5	96	4.95	101
7	3	137	2.14	140
8	4	76	5.00	80
9	7	63	10.00	70
10	1	93	1.06	94
11	7	63	10.00	70
12	1	62	1.59	63
13	3	83	3.49	86
14	3	43	6.52	46
15	2	58	3.33	60
16	0	47	0.00	47
17	1	49	2.00	50
18	5	41	10.87	46
19	4	27	12.90	31
20	2	60	3.23	62
21	2	36	5.26	38
22	2	45	4.26	47
23	2	40	4.76	42
24	0	59	0.00	59
25	0	31	0.00	31
26	2	39	4.88	41
27	2	43	4.44	45
28	1	21	4.55	22
29	4	43	8.51	47
30	1	22	4.35	23
31	2	28	6.67	30
32	0	23	0.00	23
33	5	17	22.73	22
34	2	13	13.33	15
35	1	19	5.00	20
36	1	8	11.11	9
37	0	22	0.00	22
38	2	17	10.53	19
39	1	8	11.11	9
40	2	5	28.57	7
41	0	9	0.00	9
42	2	6	25.00	8
43	1	11	8.33	12
44	1	12	7.69	13
45	0	7	0.00	7
46	2	11	15.38	13
47	0	9	0.00	9
48	1	7	12.50	8
49	0	4	0.00	4
50	0	5	0.00	5
51	0	3	0.00	3
52	0	7	0.00	7
53	0	4	0.00	4
54	1	6	14.29	7
55	0	6	0.00	6
56	0	4	0.00	4
57	1	3	25.00	4
58	0	7	0.00	7
59	0	5	0.00	5
60	1	1	50.00	2
61	0	3	0.00	3
62	0	1	0.00	1
63	0	1	0.00	1
64	0	1	0.00	1
65	1	0	100.00	1
66	0	1	0.00	1
67	0	0		0
68	0	1	0.00	1
69	0	0		0
70	0	1	0.00	1
71	0	2	0.00	2
72	0	0		0
73	0	0		0
74	0	0		0
75	0	2	0.00	2
76	0	0		0
77	0	2	0.00	2
78	0	0		0
79	0	0		0
80	0	1	0.00	1
81	0	1	0.00	1
82	0	0		0
83	0	1	0.00	1
84	0	0		0
85	0	0		0
86	0	1	0.00	1
87	0	0		0
88	0	0		0
89	0	0		0
90	0	0		0
91	0	1	0.00	1
92	0	0		0
93	0	0		0
94	0	1	0.00	1
95	0	0		0
96	0	0		0
97	0	1	0.00	1

CHG context (R2)
================
position	count methylated	count unmethylated	% methylation	coverage
1	17	2105	0.80	2122
2	0	19	0.00	19
3	0	4	0.00	4
4	1	35	2.78	36
5	0	63	0.00	63
6	0	78	0.00	78
7	0	84	0.00	84
8	0	83	0.00	83
9	1	82	1.20	83
10	0	54	0.00	54
11	1	80	1.23	81
12	0	31	0.00	31
13	0	41	0.00	41
14	0	49	0.00	49
15	0	43	0.00	43
16	0	47	0.00	47
17	0	56	0.00	56
18	0	67	0.00	67
19	0	45	0.00	45
20	0	53	0.00	53
21	0	42	0.00	42
22	0	53	0.00	53
23	0	29	0.00	29
24	0	18	0.00	18
25	0	35	0.00	35
26	0	16	0.00	16
27	1	17	5.56	18
28	0	17	0.00	17
29	0	27	0.00	27
30	0	29	0.00	29
31	0	22	0.00	22
32	0	13	0.00	13
33	0	21	0.00	21
34	0	17	0.00	17
35	0	23	0.00	23
36	0	21	0.00	21
37	0	9	0.00	9
38	0	10	0.00	10
39	0	11	0.00	11
40	0	19	0.00	19
41	0	12	0.00	12
42	0	4	0.00	4
43	0	7	0.00	7
44	0	4	0.00	4
45	0	4	0.00	4
46	0	3	0.00	3
47	0	11	0.00	11
48	0	5	0.00	5
49	0	2	0.00	2
50	0	10	0.00	10
51	0	5	0.00	5
52	0	8	0.00	8
53	0	4	0.00	4
54	0	2	0.00	2
55	0	7	0.00	7
56	0	5	0.00	5
57	0	1	0.00	1
58	0	2	0.00	2
59	0	0		0
60	0	7	0.00	7
61	0	0		0
62	0	0		0
63	0	2	0.00	2
64	0	2	0.00	2
65	0	0		0
66	0	1	0.00	1
67	0	1	0.00	1
68	0	2	0.00	2
69	0	0		0
70	0	2	0.00	2
71	0	0		0
72	0	2	0.00	2
73	0	2	0.00	2
74	0	0		0
75	0	2	0.00	2
76	0	0		0
77	0	0		0
78	0	1	0.00	1
79	0	0		0
80	0	0		0
81	0	1	0.00	1
82	0	0		0
83	0	0		0
84	0	1	0.00	1
85	0	0		0
86	0	0		0
87	0	1	0.00	1
88	0	0		0
89	0	1	0.00	1
90	0	0		0
91	0	0		0
92	0	0		0
93	0	0		0
94	0	0		0
95	0	0		0
96	0	0		0
97	0	0		0

CHH context (R2)
================
position	count methylated	count unmethylated	% methylation	coverage
1	0	18	0.00	18
2	5	974	0.51	979
3	1	265	0.38	266
4	0	169	0.00	169
5	1	132	0.75	133
6	0	90	0.00	90
7	0	80	0.00	80
8	1	135	0.74	136
9	3	110	2.65	113
10	1	108	0.92	109
11	0	96	0.00	96
12	0	92	0.00	92
13	0	61	0.00	61
14	0	87	0.00	87
15	1	87	1.14	88
16	0	75	0.00	75
17	0	50	0.00	50
18	0	60	0.00	60
19	0	81	0.00	81
20	0	52	0.00	52
21	1	48	2.04	49
22	0	58	0.00	58
23	0	59	0.00	59
24	1	40	2.44	41
25	0	52	0.00	52
26	0	37	0.00	37
27	0	40	0.00	40
28	0	34	0.00	34
29	0	39	0.00	39
30	0	31	0.00	31
31	0	35	0.00	35
32	0	26	0.00	26
33	0	17	0.00	17
34	0	25	0.00	25
35	0	17	0.00	17
36	0	16	0.00	16
37	0	10	0.00	10
38	1	15	6.25	16
39	0	10	0.00	10
40	0	16	0.00	16
41	0	14	0.00	14
42	0	12	0.00	12
43	0	16	0.00	16
44	0	16	0.00	16
45	0	10	0.00	10
46	1	9	10.00	10
47	0	10	0.00	10
48	0	6	0.00	6
49	0	6	0.00	6
50	0	8	0.00	8
51	0	11	0.00	11
52	0	12	0.00	12
53	0	10	0.00	10
54	0	10	0.00	10
55	0	7	0.00	7
56	0	6	0.00	6
57	0	4	0.00	4
58	0	2	0.00	2
59	0	0		0
60	0	2	0.00	2
61	0	4	0.00	4
62	0	3	0.00	3
63	0	0		0
64	0	1	0.00	1
65	0	3	0.00	3
66	0	0		0
67	0	0		0
68	0	2	0.00	2
69	0	3	0.00	3
70	0	0		0
71	0	0		0
72	0	0		0
73	0	0		0
74	0	2	0.00	2
75	0	1	0.00	1
76	0	0		0
77	0	0		0
78	0	0		0
79	0	1	0.00	1
80	0	0		0
81	0	0		0
82	0	0		0
83	0	0		0
84	0	0		0
85	0	0		0
86	0	0		0
87	0	0		0
88	0	0		0
89	0	0		0
90	0	0		0
91	0	0		0
92	0	0		0
93	0	0		0
94	0	1	0.00	1
95	0	0		0
96	0	0		0
97	0	0		0

