CpG context (R1)
================
position	count methylated	count unmethylated	% methylation	coverage
1	206	2150	8.74	2356
2	1	21	4.55	22
3	1	17	5.56	18
4	9	172	4.97	181
5	14	219	6.01	233
6	18	254	6.62	272
7	12	199	5.69	211
8	9	290	3.01	299
9	7	246	2.77	253
10	11	248	4.25	259
11	9	261	3.33	270
12	16	269	5.61	285
13	14	302	4.43	316
14	16	264	5.71	280
15	12	237	4.82	249
16	11	280	3.78	291
17	8	241	3.21	249
18	8	253	3.07	261
19	12	307	3.76	319
20	9	211	4.09	220
21	16	213	6.99	229
22	14	282	4.73	296
23	14	246	5.38	260
24	14	248	5.34	262
25	6	307	1.92	313
26	11	296	3.58	307
27	14	245	5.41	259
28	10	262	3.68	272
29	4	281	1.40	285
30	16	281	5.39	297
31	9	296	2.95	305
32	14	275	4.84	289
33	7	227	2.99	234
34	11	259	4.07	270
35	14	278	4.79	292
36	7	219	3.10	226
37	7	260	2.62	267
38	19	238	7.39	257
39	10	226	4.24	236
40	9	250	3.47	259
41	14	254	5.22	268
42	13	292	4.26	305
43	6	250	2.34	256
44	14	258	5.15	272
45	11	277	3.82	288
46	9	229	3.78	238
47	20	271	6.87	291
48	16	235	6.37	251
49	7	227	2.99	234
50	17	246	6.46	263
51	13	243	5.08	256
52	6	261	2.25	267
53	6	226	2.59	232
54	13	238	5.18	251
55	4	321	1.23	325
56	8	207	3.72	215
57	14	232	5.69	246
58	7	244	2.79	251
59	8	269	2.89	277
60	9	214	4.04	223
61	10	223	4.29	233
62	21	208	9.17	229
63	18	215	7.73	233
64	8	220	3.51	228
65	11	263	4.01	274
66	11	261	4.04	272
67	15	213	6.58	228
68	8	187	4.10	195
69	10	199	4.78	209
70	10	219	4.37	229
71	16	248	6.06	264
72	14	259	5.13	273
73	10	231	4.15	241
74	8	189	4.06	197
75	11	150	6.83	161
76	9	197	4.37	206
77	12	237	4.82	249
78	9	173	4.95	182
79	10	194	4.90	204
80	12	192	5.88	204
81	5	176	2.76	181
82	5	170	2.86	175
83	5	120	4.00	125
84	6	149	3.87	155
85	10	177	5.35	187
86	9	167	5.11	176
87	13	176	6.88	189
88	5	139	3.47	144
89	6	148	3.90	154
90	5	142	3.40	147
91	4	121	3.20	125
92	5	134	3.60	139
93	5	133	3.62	138
94	5	110	4.35	115
95	5	102	4.67	107
96	8	96	7.69	104
97	9	112	7.44	121
98	5	104	4.59	109
99	3	48	5.88	51
100	1	8	11.11	9
101	0	4	0.00	4
102	0	3	0.00	3
103	0	6	0.00	6
104	0	1	0.00	1
105	0	7	0.00	7
106	0	3	0.00	3
107	2	2	50.00	4
108	0	3	0.00	3
109	1	5	16.67	6
110	0	4	0.00	4
111	2	3	40.00	5
112	1	3	25.00	4
113	0	3	0.00	3
114	0	2	0.00	2
115	0	4	0.00	4
116	1	3	25.00	4
117	0	4	0.00	4
118	1	3	25.00	4
119	0	2	0.00	2
120	0	1	0.00	1
121	1	5	16.67	6
122	1	2	33.33	3
123	0	3	0.00	3
124	0	2	0.00	2
125	0	2	0.00	2
126	0	2	0.00	2
127	0	1	0.00	1
128	0	1	0.00	1
129	0	3	0.00	3
130	0	0		0
131	0	2	0.00	2
132	2	1	66.67	3
133	0	1	0.00	1
134	0	0		0
135	1	0	100.00	1
136	0	1	0.00	1
137	0	1	0.00	1
138	0	4	0.00	4
139	1	2	33.33	3
140	0	0		0
141	0	1	0.00	1
142	0	0		0
143	0	0		0
144	0	0		0
145	0	2	0.00	2
146	1	0	100.00	1
147	0	0		0
148	0	2	0.00	2
149	0	2	0.00	2

CHG context (R1)
================
position	count methylated	count unmethylated	% methylation	coverage
1	0	17	0.00	17
2	0	26	0.00	26
3	0	14	0.00	14
4	0	142	0.00	142
5	0	194	0.00	194
6	0	228	0.00	228
7	0	238	0.00	238
8	1	197	0.51	198
9	0	239	0.00	239
10	2	219	0.90	221
11	2	232	0.85	234
12	0	193	0.00	193
13	2	190	1.04	192
14	0	191	0.00	191
15	1	229	0.43	230
16	0	231	0.00	231
17	1	230	0.43	231
18	0	255	0.00	255
19	1	216	0.46	217
20	3	154	1.91	157
21	0	222	0.00	222
22	0	247	0.00	247
23	0	195	0.00	195
24	0	197	0.00	197
25	2	247	0.80	249
26	0	198	0.00	198
27	1	234	0.43	235
28	2	236	0.84	238
29	0	203	0.00	203
30	1	198	0.50	199
31	2	241	0.82	243
32	1	177	0.56	178
33	0	235	0.00	235
34	1	224	0.44	225
35	0	232	0.00	232
36	0	208	0.00	208
37	1	217	0.46	218
38	0	201	0.00	201
39	0	219	0.00	219
40	1	201	0.50	202
41	0	249	0.00	249
42	2	205	0.97	207
43	1	223	0.45	224
44	1	250	0.40	251
45	0	227	0.00	227
46	1	219	0.45	220
47	4	159	2.45	163
48	0	203	0.00	203
49	1	220	0.45	221
50	1	189	0.53	190
51	2	201	0.99	203
52	0	232	0.00	232
53	0	184	0.00	184
54	3	190	1.55	193
55	2	164	1.20	166
56	0	213	0.00	213
57	1	211	0.47	212
58	0	225	0.00	225
59	1	175	0.57	176
60	0	145	0.00	145
61	1	173	0.57	174
62	2	178	1.11	180
63	1	170	0.58	171
64	0	194	0.00	194
65	1	217	0.46	218
66	1	170	0.58	171
67	0	173	0.00	173
68	1	172	0.58	173
69	0	191	0.00	191
70	0	168	0.00	168
71	0	162	0.00	162
72	0	162	0.00	162
73	0	158	0.00	158
74	0	145	0.00	145
75	2	167	1.18	169
76	1	176	0.56	177
77	0	174	0.00	174
78	0	139	0.00	139
79	2	158	1.25	160
80	0	144	0.00	144
81	1	170	0.58	171
82	1	112	0.88	113
83	0	136	0.00	136
84	0	130	0.00	130
85	0	115	0.00	115
86	1	164	0.61	165
87	0	122	0.00	122
88	0	123	0.00	123
89	0	127	0.00	127
90	0	105	0.00	105
91	0	135	0.00	135
92	0	105	0.00	105
93	0	76	0.00	76
94	1	92	1.08	93
95	0	84	0.00	84
96	0	94	0.00	94
97	0	110	0.00	110
98	0	96	0.00	96
99	0	37	0.00	37
100	0	7	0.00	7
101	0	6	0.00	6
102	0	5	0.00	5
103	0	1	0.00	1
104	0	9	0.00	9
105	0	6	0.00	6
106	0	3	0.00	3
107	0	6	0.00	6
108	0	5	0.00	5
109	0	4	0.00	4
110	0	2	0.00	2
111	0	0		0
112	0	4	0.00	4
113	0	1	0.00	1
114	0	3	0.00	3
115	0	1	0.00	1
116	0	3	0.00	3
117	0	2	0.00	2
118	0	4	0.00	4
119	0	1	0.00	1
120	0	4	0.00	4
121	0	0		0
122	0	1	0.00	1
123	0	3	0.00	3
124	0	2	0.00	2
125	0	1	0.00	1
126	0	2	0.00	2
127	0	2	0.00	2
128	0	2	0.00	2
129	0	0		0
130	0	1	0.00	1
131	1	1	50.00	2
132	0	1	0.00	1
133	0	0		0
134	0	3	0.00	3
135	0	4	0.00	4
136	0	1	0.00	1
137	0	0		0
138	0	1	0.00	1
139	0	0		0
140	0	1	0.00	1
141	0	0		0
142	0	0		0
143	0	1	0.00	1
144	0	1	0.00	1
145	0	0		0
146	0	0		0
147	0	3	0.00	3
148	0	1	0.00	1
149	0	1	0.00	1

CHH context (R1)
================
position	count methylated	count unmethylated	% methylation	coverage
1	3	35	7.89	38
2	0	31	0.00	31
3	0	15	0.00	15
4	1	369	0.27	370
5	2	387	0.51	389
6	0	413	0.00	413
7	0	403	0.00	403
8	1	392	0.25	393
9	1	354	0.28	355
10	1	324	0.31	325
11	0	316	0.00	316
12	0	341	0.00	341
13	3	370	0.80	373
14	0	342	0.00	342
15	2	353	0.56	355
16	0	323	0.00	323
17	1	301	0.33	302
18	0	294	0.00	294
19	1	326	0.31	327
20	3	351	0.85	354
21	1	329	0.30	330
22	2	305	0.65	307
23	1	331	0.30	332
24	1	350	0.28	351
25	1	400	0.25	401
26	2	363	0.55	365
27	1	413	0.24	414
28	1	349	0.29	350
29	1	346	0.29	347
30	1	368	0.27	369
31	2	354	0.56	356
32	2	350	0.57	352
33	0	296	0.00	296
34	2	303	0.66	305
35	0	276	0.00	276
36	2	380	0.52	382
37	1	358	0.28	359
38	2	363	0.55	365
39	0	346	0.00	346
40	1	334	0.30	335
41	1	348	0.29	349
42	1	331	0.30	332
43	0	321	0.00	321
44	2	324	0.61	326
45	0	276	0.00	276
46	3	312	0.95	315
47	1	310	0.32	311
48	1	346	0.29	347
49	1	353	0.28	354
50	0	367	0.00	367
51	1	382	0.26	383
52	1	344	0.29	345
53	1	309	0.32	310
54	1	320	0.31	321
55	1	334	0.30	335
56	1	293	0.34	294
57	2	297	0.67	299
58	0	277	0.00	277
59	2	312	0.64	314
60	1	303	0.33	304
61	1	321	0.31	322
62	2	313	0.63	315
63	2	289	0.69	291
64	1	336	0.30	337
65	1	326	0.31	327
66	2	298	0.67	300
67	1	332	0.30	333
68	0	368	0.00	368
69	0	327	0.00	327
70	1	301	0.33	302
71	0	292	0.00	292
72	2	266	0.75	268
73	0	303	0.00	303
74	1	250	0.40	251
75	2	326	0.61	328
76	0	274	0.00	274
77	0	242	0.00	242
78	1	272	0.37	273
79	0	298	0.00	298
80	0	310	0.00	310
81	0	283	0.00	283
82	0	308	0.00	308
83	0	260	0.00	260
84	1	257	0.39	258
85	0	268	0.00	268
86	3	264	1.12	267
87	1	197	0.51	198
88	1	237	0.42	238
89	0	213	0.00	213
90	0	188	0.00	188
91	0	188	0.00	188
92	0	203	0.00	203
93	2	169	1.17	171
94	1	166	0.60	167
95	0	194	0.00	194
96	1	152	0.65	153
97	1	145	0.68	146
98	0	165	0.00	165
99	0	67	0.00	67
100	0	11	0.00	11
101	0	7	0.00	7
102	0	4	0.00	4
103	1	5	16.67	6
104	0	8	0.00	8
105	0	5	0.00	5
106	0	10	0.00	10
107	0	9	0.00	9
108	0	2	0.00	2
109	0	4	0.00	4
110	0	6	0.00	6
111	0	6	0.00	6
112	0	6	0.00	6
113	0	7	0.00	7
114	0	3	0.00	3
115	0	4	0.00	4
116	0	2	0.00	2
117	0	3	0.00	3
118	0	3	0.00	3
119	0	0		0
120	0	0		0
121	0	1	0.00	1
122	0	2	0.00	2
123	0	5	0.00	5
124	0	3	0.00	3
125	0	2	0.00	2
126	0	3	0.00	3
127	0	3	0.00	3
128	0	2	0.00	2
129	0	3	0.00	3
130	0	3	0.00	3
131	0	3	0.00	3
132	0	1	0.00	1
133	0	2	0.00	2
134	0	4	0.00	4
135	0	1	0.00	1
136	0	1	0.00	1
137	0	0		0
138	0	0		0
139	0	1	0.00	1
140	0	1	0.00	1
141	0	1	0.00	1
142	0	1	0.00	1
143	0	1	0.00	1
144	0	0		0
145	0	1	0.00	1
146	0	2	0.00	2
147	0	0		0
148	0	1	0.00	1
149	0	1	0.00	1

CpG context (R2)
================
position	count methylated	count unmethylated	% methylation	coverage
1	0	24	0.00	24
2	0	15	0.00	15
3	3	78	3.70	81
4	4	79	4.82	83
5	2	104	1.89	106
6	2	90	2.17	92
7	8	130	5.80	138
8	1	84	1.18	85
9	1	55	1.79	56
10	11	99	10.00	110
11	2	63	3.08	65
12	6	74	7.50	80
13	4	82	4.65	86
14	0	45	0.00	45
15	6	53	10.17	59
16	3	56	5.08	59
17	1	39	2.50	40
18	2	44	4.35	46
19	2	29	6.45	31
20	2	46	4.17	48
21	2	30	6.25	32
22	2	49	3.92	51
23	3	27	10.00	30
24	1	66	1.49	67
25	2	26	7.14	28
26	0	35	0.00	35
27	4	34	10.53	38
28	2	26	7.14	28
29	3	41	6.82	44
30	3	20	13.04	23
31	4	28	12.50	32
32	2	28	6.67	30
33	0	11	0.00	11
34	4	23	14.81	27
35	0	10	0.00	10
36	0	13	0.00	13
37	1	23	4.17	24
38	1	14	6.67	15
39	1	9	10.00	10
40	0	6	0.00	6
41	0	14	0.00	14
42	0	10	0.00	10
43	1	18	5.26	19
44	0	11	0.00	11
45	0	7	0.00	7
46	1	15	6.25	16
47	0	8	0.00	8
48	0	4	0.00	4
49	0	6	0.00	6
50	0	3	0.00	3
51	0	6	0.00	6
52	2	7	22.22	9
53	0	2	0.00	2
54	1	9	10.00	10
55	0	2	0.00	2
56	0	2	0.00	2
57	0	3	0.00	3
58	1	5	16.67	6
59	0	5	0.00	5
60	0	3	0.00	3
61	0	2	0.00	2
62	0	0		0
63	0	2	0.00	2
64	0	4	0.00	4
65	0	0		0
66	0	2	0.00	2
67	0	0		0
68	0	0		0
69	0	0		0
70	0	0		0
71	0	3	0.00	3
72	0	0		0
73	0	1	0.00	1
74	0	0		0
75	0	3	0.00	3
76	0	0		0
77	0	2	0.00	2
78	0	1	0.00	1
79	0	0		0
80	0	0		0
81	0	0		0
82	0	0		0
83	0	0		0
84	0	0		0
85	0	0		0
86	0	0		0
87	0	0		0
88	0	0		0
89	0	0		0
90	0	0		0
91	0	0		0
92	0	0		0
93	0	0		0
94	0	1	0.00	1
95	0	0		0
96	0	0		0
97	0	1	0.00	1

CHG context (R2)
================
position	count methylated	count unmethylated	% methylation	coverage
1	12	2133	0.56	2145
2	0	23	0.00	23
3	0	4	0.00	4
4	2	48	4.00	50
5	0	73	0.00	73
6	0	69	0.00	69
7	1	61	1.61	62
8	0	99	0.00	99
9	0	60	0.00	60
10	0	53	0.00	53
11	0	64	0.00	64
12	0	32	0.00	32
13	0	50	0.00	50
14	0	52	0.00	52
15	0	33	0.00	33
16	0	49	0.00	49
17	1	66	1.49	67
18	0	52	0.00	52
19	0	37	0.00	37
20	0	48	0.00	48
21	0	36	0.00	36
22	0	50	0.00	50
23	0	30	0.00	30
24	0	15	0.00	15
25	1	46	2.13	47
26	0	14	0.00	14
27	0	11	0.00	11
28	0	20	0.00	20
29	0	27	0.00	27
30	0	27	0.00	27
31	0	25	0.00	25
32	0	16	0.00	16
33	1	22	4.35	23
34	1	19	5.00	20
35	0	24	0.00	24
36	0	20	0.00	20
37	0	9	0.00	9
38	0	8	0.00	8
39	0	12	0.00	12
40	1	15	6.25	16
41	0	19	0.00	19
42	0	8	0.00	8
43	0	5	0.00	5
44	0	2	0.00	2
45	0	12	0.00	12
46	0	2	0.00	2
47	0	6	0.00	6
48	0	11	0.00	11
49	0	9	0.00	9
50	0	5	0.00	5
51	0	3	0.00	3
52	0	9	0.00	9
53	0	5	0.00	5
54	0	2	0.00	2
55	0	9	0.00	9
56	0	1	0.00	1
57	0	0		0
58	0	5	0.00	5
59	0	1	0.00	1
60	0	6	0.00	6
61	0	2	0.00	2
62	0	0		0
63	0	5	0.00	5
64	0	0		0
65	0	0		0
66	0	0		0
67	0	2	0.00	2
68	0	2	0.00	2
69	0	0		0
70	0	1	0.00	1
71	0	2	0.00	2
72	0	1	0.00	1
73	0	0		0
74	0	2	0.00	2
75	0	1	0.00	1
76	0	0		0
77	0	0		0
78	0	1	0.00	1
79	0	0		0
80	0	0		0
81	0	0		0
82	0	0		0
83	0	0		0
84	0	0		0
85	0	0		0
86	0	0		0
87	1	0	100.00	1
88	0	0		0
89	0	0		0
90	0	0		0
91	0	0		0
92	0	0		0
93	0	0		0
94	0	0		0
95	0	0		0
96	0	0		0
97	0	0		0

CHH context (R2)
================
position	count methylated	count unmethylated	% methylation	coverage
1	0	18	0.00	18
2	2	994	0.20	996
3	0	233	0.00	233
4	0	173	0.00	173
5	0	139	0.00	139
6	0	90	0.00	90
7	0	100	0.00	100
8	0	135	0.00	135
9	1	120	0.83	121
10	0	121	0.00	121
11	0	86	0.00	86
12	0	85	0.00	85
13	1	72	1.37	73
14	0	76	0.00	76
15	0	82	0.00	82
16	0	83	0.00	83
17	0	72	0.00	72
18	1	69	1.43	70
19	0	83	0.00	83
20	0	64	0.00	64
21	1	42	2.33	43
22	0	45	0.00	45
23	0	44	0.00	44
24	0	32	0.00	32
25	0	44	0.00	44
26	0	40	0.00	40
27	0	31	0.00	31
28	0	26	0.00	26
29	0	31	0.00	31
30	0	27	0.00	27
31	0	26	0.00	26
32	0	29	0.00	29
33	0	22	0.00	22
34	0	25	0.00	25
35	0	20	0.00	20
36	0	15	0.00	15
37	0	19	0.00	19
38	0	21	0.00	21
39	0	8	0.00	8
40	0	21	0.00	21
41	0	11	0.00	11
42	0	13	0.00	13
43	0	21	0.00	21
44	0	16	0.00	16
45	0	11	0.00	11
46	1	9	10.00	10
47	0	6	0.00	6
48	0	3	0.00	3
49	0	9	0.00	9
50	0	7	0.00	7
51	0	17	0.00	17
52	0	14	0.00	14
53	0	13	0.00	13
54	0	6	0.00	6
55	0	6	0.00	6
56	0	5	0.00	5
57	0	0		0
58	0	3	0.00	3
59	0	2	0.00	2
60	0	4	0.00	4
61	0	6	0.00	6
62	0	4	0.00	4
63	0	0		0
64	0	0		0
65	0	1	0.00	1
66	0	1	0.00	1
67	0	2	0.00	2
68	0	3	0.00	3
69	0	4	0.00	4
70	0	0		0
71	0	1	0.00	1
72	0	0		0
73	0	0		0
74	0	0		0
75	0	2	0.00	2
76	0	0		0
77	0	0		0
78	0	0		0
79	0	1	0.00	1
80	0	0		0
81	0	0		0
82	0	0		0
83	0	0		0
84	0	0		0
85	0	0		0
86	0	0		0
87	0	0		0
88	0	0		0
89	0	0		0
90	0	0		0
91	0	0		0
92	0	0		0
93	0	0		0
94	0	0		0
95	0	0		0
96	0	0		0
97	0	0		0

