CpG context (R1)
================
position	count methylated	count unmethylated	% methylation	coverage
1	186	2184	7.85	2370
2	0	18	0.00	18
3	1	13	7.14	14
4	7	173	3.89	180
5	12	183	6.15	195
6	8	287	2.71	295
7	10	233	4.12	243
8	14	279	4.78	293
9	9	262	3.32	271
10	13	267	4.64	280
11	7	266	2.56	273
12	15	255	5.56	270
13	21	310	6.34	331
14	8	254	3.05	262
15	10	261	3.69	271
16	16	267	5.65	283
17	9	238	3.64	247
18	10	235	4.08	245
19	23	312	6.87	335
20	4	236	1.67	240
21	14	224	5.88	238
22	10	247	3.89	257
23	17	272	5.88	289
24	8	230	3.36	238
25	11	271	3.90	282
26	11	290	3.65	301
27	8	239	3.24	247
28	21	274	7.12	295
29	11	252	4.18	263
30	8	269	2.89	277
31	12	281	4.10	293
32	22	279	7.31	301
33	10	205	4.65	215
34	17	266	6.01	283
35	17	283	5.67	300
36	4	245	1.61	249
37	15	263	5.40	278
38	13	258	4.80	271
39	10	246	3.91	256
40	10	252	3.82	262
41	10	240	4.00	250
42	9	269	3.24	278
43	21	245	7.89	266
44	15	268	5.30	283
45	13	268	4.63	281
46	16	245	6.13	261
47	7	260	2.62	267
48	11	264	4.00	275
49	12	240	4.76	252
50	13	251	4.92	264
51	7	239	2.85	246
52	15	246	5.75	261
53	8	263	2.95	271
54	14	250	5.30	264
55	9	293	2.98	302
56	12	231	4.94	243
57	17	233	6.80	250
58	8	240	3.23	248
59	11	290	3.65	301
60	8	211	3.65	219
61	11	253	4.17	264
62	15	245	5.77	260
63	11	230	4.56	241
64	11	217	4.82	228
65	17	254	6.27	271
66	15	240	5.88	255
67	23	251	8.39	274
68	11	179	5.79	190
69	6	213	2.74	219
70	19	217	8.05	236
71	11	245	4.30	256
72	9	254	3.42	263
73	11	248	4.25	259
74	12	208	5.45	220
75	11	163	6.32	174
76	8	200	3.85	208
77	7	222	3.06	229
78	13	191	6.37	204
79	8	221	3.49	229
80	7	186	3.63	193
81	8	172	4.44	180
82	12	219	5.19	231
83	7	129	5.15	136
84	6	148	3.90	154
85	5	164	2.96	169
86	6	148	3.90	154
87	14	184	7.07	198
88	8	142	5.33	150
89	9	139	6.08	148
90	10	126	7.35	136
91	11	137	7.43	148
92	9	136	6.21	145
93	9	139	6.08	148
94	8	106	7.02	114
95	8	115	6.50	123
96	3	94	3.09	97
97	2	120	1.64	122
98	10	109	8.40	119
99	1	50	1.96	51
100	1	9	10.00	10
101	0	5	0.00	5
102	1	2	33.33	3
103	0	10	0.00	10
104	1	5	16.67	6
105	1	1	50.00	2
106	0	4	0.00	4
107	0	8	0.00	8
108	1	5	16.67	6
109	0	2	0.00	2
110	0	3	0.00	3
111	0	3	0.00	3
112	1	5	16.67	6
113	0	5	0.00	5
114	0	0		0
115	0	3	0.00	3
116	0	0		0
117	0	7	0.00	7
118	1	0	100.00	1
119	0	2	0.00	2
120	1	2	33.33	3
121	1	5	16.67	6
122	0	1	0.00	1
123	1	2	33.33	3
124	0	2	0.00	2
125	1	4	20.00	5
126	1	3	25.00	4
127	0	2	0.00	2
128	0	4	0.00	4
129	1	1	50.00	2
130	0	0		0
131	0	1	0.00	1
132	1	1	50.00	2
133	0	2	0.00	2
134	0	4	0.00	4
135	0	2	0.00	2
136	0	1	0.00	1
137	0	3	0.00	3
138	0	1	0.00	1
139	0	1	0.00	1
140	0	2	0.00	2
141	0	2	0.00	2
142	0	0		0
143	0	1	0.00	1
144	0	0		0
145	0	0		0
146	0	0		0
147	0	0		0
148	0	2	0.00	2
149	1	1	50.00	2

CHG context (R1)
================
position	count methylated	count unmethylated	% methylation	coverage
1	0	13	0.00	13
2	0	19	0.00	19
3	0	15	0.00	15
4	1	123	0.81	124
5	0	213	0.00	213
6	1	228	0.44	229
7	1	271	0.37	272
8	0	221	0.00	221
9	1	223	0.45	224
10	1	223	0.45	224
11	0	227	0.00	227
12	2	197	1.01	199
13	1	198	0.50	199
14	0	231	0.00	231
15	1	224	0.44	225
16	1	221	0.45	222
17	1	216	0.46	217
18	0	278	0.00	278
19	2	203	0.98	205
20	0	163	0.00	163
21	1	210	0.47	211
22	2	235	0.84	237
23	0	199	0.00	199
24	0	180	0.00	180
25	0	244	0.00	244
26	0	207	0.00	207
27	0	234	0.00	234
28	0	254	0.00	254
29	0	186	0.00	186
30	1	192	0.52	193
31	1	220	0.45	221
32	0	199	0.00	199
33	0	232	0.00	232
34	1	222	0.45	223
35	0	244	0.00	244
36	0	238	0.00	238
37	0	195	0.00	195
38	0	199	0.00	199
39	2	203	0.98	205
40	0	224	0.00	224
41	1	252	0.40	253
42	2	221	0.90	223
43	2	235	0.84	237
44	1	238	0.42	239
45	1	218	0.46	219
46	2	236	0.84	238
47	1	185	0.54	186
48	1	213	0.47	214
49	1	224	0.44	225
50	0	228	0.00	228
51	0	227	0.00	227
52	0	192	0.00	192
53	0	183	0.00	183
54	3	197	1.50	200
55	0	178	0.00	178
56	1	230	0.43	231
57	1	192	0.52	193
58	2	196	1.01	198
59	1	163	0.61	164
60	1	155	0.64	156
61	3	198	1.49	201
62	0	173	0.00	173
63	0	184	0.00	184
64	1	204	0.49	205
65	0	169	0.00	169
66	1	201	0.50	202
67	0	169	0.00	169
68	0	198	0.00	198
69	1	198	0.50	199
70	0	187	0.00	187
71	0	173	0.00	173
72	1	181	0.55	182
73	0	162	0.00	162
74	1	159	0.62	160
75	3	140	2.10	143
76	0	174	0.00	174
77	3	165	1.79	168
78	1	171	0.58	172
79	2	136	1.45	138
80	2	136	1.45	138
81	1	196	0.51	197
82	0	111	0.00	111
83	0	125	0.00	125
84	1	113	0.88	114
85	0	132	0.00	132
86	1	160	0.62	161
87	0	121	0.00	121
88	0	112	0.00	112
89	0	121	0.00	121
90	1	98	1.01	99
91	1	116	0.85	117
92	0	94	0.00	94
93	1	77	1.28	78
94	0	99	0.00	99
95	3	92	3.16	95
96	1	106	0.93	107
97	0	114	0.00	114
98	2	84	2.33	86
99	0	33	0.00	33
100	0	5	0.00	5
101	0	6	0.00	6
102	0	8	0.00	8
103	0	5	0.00	5
104	0	3	0.00	3
105	0	7	0.00	7
106	0	9	0.00	9
107	0	2	0.00	2
108	0	5	0.00	5
109	0	5	0.00	5
110	0	5	0.00	5
111	0	2	0.00	2
112	0	4	0.00	4
113	0	0		0
114	0	3	0.00	3
115	0	1	0.00	1
116	0	1	0.00	1
117	0	0		0
118	0	3	0.00	3
119	0	1	0.00	1
120	0	4	0.00	4
121	0	2	0.00	2
122	0	0		0
123	0	3	0.00	3
124	0	2	0.00	2
125	0	2	0.00	2
126	0	1	0.00	1
127	0	0		0
128	0	0		0
129	0	1	0.00	1
130	0	1	0.00	1
131	0	2	0.00	2
132	0	3	0.00	3
133	0	3	0.00	3
134	0	1	0.00	1
135	0	0		0
136	0	3	0.00	3
137	0	0		0
138	0	0		0
139	0	3	0.00	3
140	0	0		0
141	0	0		0
142	0	2	0.00	2
143	0	0		0
144	0	0		0
145	0	0		0
146	0	0		0
147	0	0		0
148	0	3	0.00	3
149	0	0		0

CHH context (R1)
================
position	count methylated	count unmethylated	% methylation	coverage
1	1	27	3.57	28
2	0	32	0.00	32
3	0	24	0.00	24
4	0	344	0.00	344
5	0	387	0.00	387
6	3	408	0.73	411
7	1	364	0.27	365
8	1	350	0.28	351
9	1	320	0.31	321
10	1	309	0.32	310
11	0	314	0.00	314
12	2	306	0.65	308
13	0	390	0.00	390
14	0	349	0.00	349
15	2	374	0.53	376
16	4	339	1.17	343
17	0	326	0.00	326
18	1	309	0.32	310
19	2	317	0.63	319
20	1	344	0.29	345
21	2	350	0.57	352
22	3	342	0.87	345
23	2	318	0.62	320
24	4	358	1.10	362
25	2	379	0.52	381
26	3	355	0.84	358
27	0	391	0.00	391
28	1	400	0.25	401
29	1	338	0.29	339
30	0	363	0.00	363
31	0	341	0.00	341
32	0	358	0.00	358
33	1	331	0.30	332
34	2	346	0.57	348
35	0	322	0.00	322
36	2	361	0.55	363
37	1	329	0.30	330
38	1	352	0.28	353
39	0	345	0.00	345
40	1	336	0.30	337
41	0	352	0.00	352
42	2	346	0.57	348
43	0	325	0.00	325
44	0	363	0.00	363
45	0	296	0.00	296
46	2	328	0.61	330
47	2	315	0.63	317
48	1	334	0.30	335
49	2	368	0.54	370
50	1	399	0.25	400
51	1	364	0.27	365
52	0	343	0.00	343
53	0	352	0.00	352
54	0	323	0.00	323
55	0	332	0.00	332
56	1	313	0.32	314
57	0	288	0.00	288
58	1	294	0.34	295
59	1	325	0.31	326
60	1	319	0.31	320
61	1	332	0.30	333
62	2	311	0.64	313
63	3	302	0.98	305
64	2	337	0.59	339
65	0	321	0.00	321
66	3	287	1.03	290
67	0	323	0.00	323
68	1	362	0.28	363
69	0	302	0.00	302
70	2	273	0.73	275
71	1	304	0.33	305
72	0	273	0.00	273
73	0	288	0.00	288
74	1	258	0.39	259
75	1	295	0.34	296
76	0	304	0.00	304
77	1	296	0.34	297
78	1	260	0.38	261
79	2	252	0.79	254
80	0	318	0.00	318
81	0	236	0.00	236
82	1	248	0.40	249
83	1	224	0.44	225
84	1	255	0.39	256
85	0	289	0.00	289
86	0	269	0.00	269
87	0	200	0.00	200
88	1	240	0.41	241
89	0	194	0.00	194
90	2	181	1.09	183
91	1	198	0.50	199
92	1	190	0.52	191
93	2	178	1.11	180
94	0	167	0.00	167
95	1	186	0.53	187
96	0	153	0.00	153
97	0	154	0.00	154
98	0	149	0.00	149
99	0	56	0.00	56
100	0	11	0.00	11
101	0	6	0.00	6
102	0	6	0.00	6
103	0	3	0.00	3
104	0	4	0.00	4
105	0	7	0.00	7
106	0	6	0.00	6
107	0	6	0.00	6
108	0	2	0.00	2
109	0	3	0.00	3
110	0	8	0.00	8
111	0	5	0.00	5
112	0	0		0
113	0	4	0.00	4
114	0	4	0.00	4
115	0	5	0.00	5
116	0	3	0.00	3
117	0	3	0.00	3
118	0	0		0
119	0	5	0.00	5
120	0	2	0.00	2
121	0	1	0.00	1
122	0	1	0.00	1
123	0	1	0.00	1
124	0	2	0.00	2
125	0	2	0.00	2
126	0	2	0.00	2
127	0	4	0.00	4
128	0	1	0.00	1
129	0	1	0.00	1
130	0	2	0.00	2
131	0	4	0.00	4
132	0	4	0.00	4
133	0	0		0
134	0	2	0.00	2
135	0	1	0.00	1
136	0	0		0
137	0	1	0.00	1
138	0	1	0.00	1
139	0	0		0
140	0	1	0.00	1
141	0	0		0
142	0	0		0
143	0	1	0.00	1
144	0	0		0
145	0	0		0
146	0	0		0
147	0	0		0
148	0	1	0.00	1
149	0	1	0.00	1

CpG context (R2)
================
position	count methylated	count unmethylated	% methylation	coverage
1	0	26	0.00	26
2	0	14	0.00	14
3	2	64	3.03	66
4	7	74	8.64	81
5	2	99	1.98	101
6	7	90	7.22	97
7	5	121	3.97	126
8	2	75	2.60	77
9	0	77	0.00	77
10	4	80	4.76	84
11	4	63	5.97	67
12	3	73	3.95	76
13	4	76	5.00	80
14	5	50	9.09	55
15	3	59	4.84	62
16	0	58	0.00	58
17	1	38	2.56	39
18	3	46	6.12	49
19	1	35	2.78	36
20	2	42	4.55	44
21	4	40	9.09	44
22	1	39	2.50	40
23	4	29	12.12	33
24	4	59	6.35	63
25	0	31	0.00	31
26	2	27	6.90	29
27	5	30	14.29	35
28	0	25	0.00	25
29	0	30	0.00	30
30	1	20	4.76	21
31	2	30	6.25	32
32	1	20	4.76	21
33	0	13	0.00	13
34	4	19	17.39	23
35	0	12	0.00	12
36	0	15	0.00	15
37	0	22	0.00	22
38	0	15	0.00	15
39	0	12	0.00	12
40	0	9	0.00	9
41	1	7	12.50	8
42	0	12	0.00	12
43	3	13	18.75	16
44	1	12	7.69	13
45	1	2	33.33	3
46	6	13	31.58	19
47	0	2	0.00	2
48	1	5	16.67	6
49	0	7	0.00	7
50	0	5	0.00	5
51	0	2	0.00	2
52	2	5	28.57	7
53	0	2	0.00	2
54	1	6	14.29	7
55	0	3	0.00	3
56	0	2	0.00	2
57	0	2	0.00	2
58	0	3	0.00	3
59	0	1	0.00	1
60	0	2	0.00	2
61	0	4	0.00	4
62	0	0		0
63	0	1	0.00	1
64	0	3	0.00	3
65	0	1	0.00	1
66	0	2	0.00	2
67	0	1	0.00	1
68	0	1	0.00	1
69	0	1	0.00	1
70	0	1	0.00	1
71	0	1	0.00	1
72	0	0		0
73	0	3	0.00	3
74	0	0		0
75	0	2	0.00	2
76	1	2	33.33	3
77	0	1	0.00	1
78	0	1	0.00	1
79	0	0		0
80	0	0		0
81	0	1	0.00	1
82	0	2	0.00	2
83	0	0		0
84	0	0		0
85	0	1	0.00	1
86	0	0		0
87	0	1	0.00	1
88	0	0		0
89	0	1	0.00	1
90	0	0		0
91	0	3	0.00	3
92	0	0		0
93	0	2	0.00	2
94	0	0		0
95	0	1	0.00	1
96	0	0		0
97	0	1	0.00	1

CHG context (R2)
================
position	count methylated	count unmethylated	% methylation	coverage
1	12	2141	0.56	2153
2	1	24	4.00	25
3	0	7	0.00	7
4	0	34	0.00	34
5	0	45	0.00	45
6	0	81	0.00	81
7	0	70	0.00	70
8	0	85	0.00	85
9	0	74	0.00	74
10	1	60	1.64	61
11	2	66	2.94	68
12	0	33	0.00	33
13	0	37	0.00	37
14	1	59	1.67	60
15	0	44	0.00	44
16	0	55	0.00	55
17	0	56	0.00	56
18	1	57	1.72	58
19	0	50	0.00	50
20	0	53	0.00	53
21	0	35	0.00	35
22	0	60	0.00	60
23	0	18	0.00	18
24	0	13	0.00	13
25	0	41	0.00	41
26	0	14	0.00	14
27	0	12	0.00	12
28	0	21	0.00	21
29	0	31	0.00	31
30	0	22	0.00	22
31	1	23	4.17	24
32	0	21	0.00	21
33	1	17	5.56	18
34	1	15	6.25	16
35	0	19	0.00	19
36	0	14	0.00	14
37	0	15	0.00	15
38	0	7	0.00	7
39	0	13	0.00	13
40	0	16	0.00	16
41	0	17	0.00	17
42	0	3	0.00	3
43	0	8	0.00	8
44	0	4	0.00	4
45	1	8	11.11	9
46	0	3	0.00	3
47	0	11	0.00	11
48	0	4	0.00	4
49	0	7	0.00	7
50	0	12	0.00	12
51	0	2	0.00	2
52	0	7	0.00	7
53	0	3	0.00	3
54	0	1	0.00	1
55	0	6	0.00	6
56	0	2	0.00	2
57	0	0		0
58	0	2	0.00	2
59	0	1	0.00	1
60	0	2	0.00	2
61	0	2	0.00	2
62	0	2	0.00	2
63	0	1	0.00	1
64	0	3	0.00	3
65	0	1	0.00	1
66	0	0		0
67	0	1	0.00	1
68	0	2	0.00	2
69	0	0		0
70	0	2	0.00	2
71	0	1	0.00	1
72	0	0		0
73	0	1	0.00	1
74	0	2	0.00	2
75	0	0		0
76	0	0		0
77	0	1	0.00	1
78	0	0		0
79	0	2	0.00	2
80	0	1	0.00	1
81	0	0		0
82	0	1	0.00	1
83	0	0		0
84	0	0		0
85	0	2	0.00	2
86	0	2	0.00	2
87	0	0		0
88	0	0		0
89	0	0		0
90	0	0		0
91	0	0		0
92	0	0		0
93	0	0		0
94	0	1	0.00	1
95	0	1	0.00	1
96	0	0		0
97	0	0		0

CHH context (R2)
================
position	count methylated	count unmethylated	% methylation	coverage
1	0	12	0.00	12
2	1	975	0.10	976
3	0	256	0.00	256
4	0	166	0.00	166
5	0	127	0.00	127
6	1	102	0.97	103
7	0	90	0.00	90
8	2	127	1.55	129
9	0	115	0.00	115
10	0	122	0.00	122
11	0	92	0.00	92
12	0	71	0.00	71
13	0	63	0.00	63
14	0	68	0.00	68
15	0	73	0.00	73
16	0	56	0.00	56
17	0	56	0.00	56
18	0	74	0.00	74
19	0	71	0.00	71
20	0	57	0.00	57
21	0	50	0.00	50
22	0	43	0.00	43
23	0	45	0.00	45
24	0	33	0.00	33
25	0	36	0.00	36
26	0	30	0.00	30
27	0	28	0.00	28
28	0	19	0.00	19
29	0	29	0.00	29
30	0	31	0.00	31
31	0	21	0.00	21
32	0	23	0.00	23
33	0	17	0.00	17
34	0	23	0.00	23
35	0	29	0.00	29
36	0	27	0.00	27
37	0	19	0.00	19
38	0	20	0.00	20
39	0	9	0.00	9
40	0	13	0.00	13
41	0	13	0.00	13
42	0	12	0.00	12
43	0	13	0.00	13
44	0	18	0.00	18
45	0	11	0.00	11
46	1	11	8.33	12
47	0	8	0.00	8
48	0	7	0.00	7
49	0	5	0.00	5
50	0	3	0.00	3
51	0	14	0.00	14
52	0	12	0.00	12
53	0	12	0.00	12
54	0	8	0.00	8
55	0	10	0.00	10
56	0	9	0.00	9
57	0	2	0.00	2
58	0	1	0.00	1
59	0	1	0.00	1
60	0	1	0.00	1
61	0	2	0.00	2
62	0	3	0.00	3
63	0	1	0.00	1
64	0	1	0.00	1
65	0	0		0
66	0	1	0.00	1
67	0	1	0.00	1
68	0	1	0.00	1
69	0	5	0.00	5
70	0	1	0.00	1
71	0	2	0.00	2
72	0	1	0.00	1
73	0	0		0
74	0	1	0.00	1
75	0	0		0
76	0	0		0
77	0	0		0
78	1	0	100.00	1
79	0	0		0
80	0	1	0.00	1
81	0	0		0
82	0	0		0
83	0	0		0
84	0	1	0.00	1
85	0	0		0
86	0	0		0
87	0	1	0.00	1
88	0	0		0
89	0	0		0
90	0	0		0
91	0	0		0
92	0	0		0
93	0	0		0
94	0	0		0
95	0	0		0
96	0	0		0
97	0	0		0

