CpG context (R1)
================
position	count methylated	count unmethylated	% methylation	coverage
1	240	2146	10.06	2386
2	0	17	0.00	17
3	2	13	13.33	15
4	17	200	7.83	217
5	10	210	4.55	220
6	11	258	4.09	269
7	14	251	5.28	265
8	13	266	4.66	279
9	12	260	4.41	272
10	17	234	6.77	251
11	15	240	5.88	255
12	17	277	5.78	294
13	21	288	6.80	309
14	14	244	5.43	258
15	13	221	5.56	234
16	27	293	8.44	320
17	10	219	4.37	229
18	9	251	3.46	260
19	19	296	6.03	315
20	11	215	4.87	226
21	11	239	4.40	250
22	19	274	6.48	293
23	10	268	3.60	278
24	16	207	7.17	223
25	9	283	3.08	292
26	12	314	3.68	326
27	5	302	1.63	307
28	20	247	7.49	267
29	9	272	3.20	281
30	17	284	5.65	301
31	12	269	4.27	281
32	18	280	6.04	298
33	15	238	5.93	253
34	16	311	4.89	327
35	19	235	7.48	254
36	17	236	6.72	253
37	16	277	5.46	293
38	14	239	5.53	253
39	10	263	3.66	273
40	10	263	3.66	273
41	10	257	3.75	267
42	15	306	4.67	321
43	11	264	4.00	275
44	16	242	6.20	258
45	13	268	4.63	281
46	15	222	6.33	237
47	13	265	4.68	278
48	19	254	6.96	273
49	15	216	6.49	231
50	10	241	3.98	251
51	13	221	5.56	234
52	16	240	6.25	256
53	10	249	3.86	259
54	9	243	3.57	252
55	17	298	5.40	315
56	12	236	4.84	248
57	13	254	4.87	267
58	13	226	5.44	239
59	15	271	5.24	286
60	11	213	4.91	224
61	12	242	4.72	254
62	10	212	4.50	222
63	19	206	8.44	225
64	7	261	2.61	268
65	12	250	4.58	262
66	7	244	2.79	251
67	15	241	5.86	256
68	6	191	3.05	197
69	8	214	3.60	222
70	9	211	4.09	220
71	13	252	4.91	265
72	9	244	3.56	253
73	8	231	3.35	239
74	10	206	4.63	216
75	14	168	7.69	182
76	9	203	4.25	212
77	11	205	5.09	216
78	13	185	6.57	198
79	8	208	3.70	216
80	12	168	6.67	180
81	9	177	4.84	186
82	9	186	4.62	195
83	5	132	3.65	137
84	7	175	3.85	182
85	8	172	4.44	180
86	13	158	7.60	171
87	4	168	2.33	172
88	8	122	6.15	130
89	12	152	7.32	164
90	4	125	3.10	129
91	8	150	5.06	158
92	7	144	4.64	151
93	13	134	8.84	147
94	9	127	6.62	136
95	10	137	6.80	147
96	7	107	6.14	114
97	5	125	3.85	130
98	6	102	5.56	108
99	3	57	5.00	60
100	0	11	0.00	11
101	0	2	0.00	2
102	0	5	0.00	5
103	0	10	0.00	10
104	0	3	0.00	3
105	0	7	0.00	7
106	1	10	9.09	11
107	0	2	0.00	2
108	1	5	16.67	6
109	0	4	0.00	4
110	0	3	0.00	3
111	0	3	0.00	3
112	1	6	14.29	7
113	0	1	0.00	1
114	0	2	0.00	2
115	0	2	0.00	2
116	1	6	14.29	7
117	0	0		0
118	0	5	0.00	5
119	0	1	0.00	1
120	2	2	50.00	4
121	0	1	0.00	1
122	0	3	0.00	3
123	1	2	33.33	3
124	0	0		0
125	0	3	0.00	3
126	1	1	50.00	2
127	0	1	0.00	1
128	0	1	0.00	1
129	0	1	0.00	1
130	0	0		0
131	1	1	50.00	2
132	0	2	0.00	2
133	0	0		0
134	0	1	0.00	1
135	0	1	0.00	1
136	0	0		0
137	0	2	0.00	2
138	0	0		0
139	0	0		0
140	0	0		0
141	0	0		0
142	0	0		0
143	0	0		0
144	0	0		0
145	0	0		0
146	0	0		0
147	0	0		0
148	0	0		0

CHG context (R1)
================
position	count methylated	count unmethylated	% methylation	coverage
1	0	11	0.00	11
2	0	22	0.00	22
3	0	14	0.00	14
4	0	139	0.00	139
5	0	180	0.00	180
6	1	260	0.38	261
7	2	249	0.80	251
8	1	223	0.45	224
9	2	235	0.84	237
10	1	201	0.50	202
11	0	219	0.00	219
12	0	204	0.00	204
13	0	187	0.00	187
14	1	196	0.51	197
15	0	284	0.00	284
16	1	199	0.50	200
17	1	250	0.40	251
18	0	260	0.00	260
19	0	208	0.00	208
20	0	186	0.00	186
21	1	221	0.45	222
22	2	218	0.91	220
23	1	176	0.56	177
24	1	186	0.53	187
25	0	259	0.00	259
26	0	216	0.00	216
27	0	227	0.00	227
28	0	219	0.00	219
29	1	187	0.53	188
30	1	203	0.49	204
31	1	239	0.42	240
32	0	190	0.00	190
33	1	248	0.40	249
34	3	218	1.36	221
35	2	242	0.82	244
36	0	202	0.00	202
37	2	203	0.98	205
38	0	189	0.00	189
39	0	227	0.00	227
40	1	196	0.51	197
41	0	260	0.00	260
42	2	227	0.87	229
43	0	202	0.00	202
44	1	248	0.40	249
45	2	223	0.89	225
46	1	237	0.42	238
47	2	192	1.03	194
48	1	208	0.48	209
49	1	239	0.42	240
50	0	191	0.00	191
51	1	206	0.48	207
52	2	228	0.87	230
53	1	188	0.53	189
54	1	212	0.47	213
55	1	189	0.53	190
56	0	210	0.00	210
57	2	194	1.02	196
58	2	256	0.78	258
59	0	182	0.00	182
60	0	142	0.00	142
61	2	196	1.01	198
62	2	175	1.13	177
63	0	213	0.00	213
64	0	183	0.00	183
65	1	185	0.54	186
66	0	196	0.00	196
67	0	197	0.00	197
68	0	177	0.00	177
69	0	209	0.00	209
70	0	207	0.00	207
71	1	159	0.62	160
72	0	172	0.00	172
73	3	161	1.83	164
74	1	142	0.70	143
75	0	143	0.00	143
76	0	171	0.00	171
77	0	181	0.00	181
78	2	158	1.25	160
79	1	146	0.68	147
80	0	149	0.00	149
81	1	179	0.56	180
82	1	128	0.78	129
83	0	130	0.00	130
84	0	133	0.00	133
85	0	132	0.00	132
86	0	165	0.00	165
87	1	127	0.78	128
88	0	134	0.00	134
89	0	116	0.00	116
90	1	108	0.92	109
91	0	140	0.00	140
92	0	86	0.00	86
93	0	85	0.00	85
94	2	128	1.54	130
95	0	115	0.00	115
96	1	104	0.95	105
97	0	122	0.00	122
98	1	95	1.04	96
99	0	51	0.00	51
100	0	4	0.00	4
101	0	5	0.00	5
102	0	5	0.00	5
103	0	1	0.00	1
104	0	5	0.00	5
105	0	6	0.00	6
106	0	4	0.00	4
107	0	2	0.00	2
108	0	2	0.00	2
109	0	1	0.00	1
110	0	8	0.00	8
111	0	2	0.00	2
112	0	1	0.00	1
113	0	1	0.00	1
114	0	0		0
115	0	1	0.00	1
116	0	3	0.00	3
117	0	3	0.00	3
118	0	2	0.00	2
119	0	2	0.00	2
120	0	0		0
121	0	3	0.00	3
122	0	3	0.00	3
123	0	0		0
124	0	2	0.00	2
125	0	1	0.00	1
126	0	0		0
127	0	4	0.00	4
128	0	0		0
129	0	0		0
130	0	2	0.00	2
131	0	0		0
132	0	0		0
133	0	1	0.00	1
134	0	1	0.00	1
135	0	0		0
136	0	2	0.00	2
137	0	0		0
138	0	0		0
139	0	2	0.00	2
140	0	0		0
141	0	0		0
142	0	0		0
143	0	1	0.00	1
144	0	0		0
145	0	0		0
146	0	0		0
147	0	1	0.00	1
148	0	1	0.00	1

CHH context (R1)
================
position	count methylated	count unmethylated	% methylation	coverage
1	0	31	0.00	31
2	1	26	3.70	27
3	0	18	0.00	18
4	0	332	0.00	332
5	2	397	0.50	399
6	3	402	0.74	405
7	3	425	0.70	428
8	1	381	0.26	382
9	0	316	0.00	316
10	0	332	0.00	332
11	1	341	0.29	342
12	4	355	1.11	359
13	1	396	0.25	397
14	3	394	0.76	397
15	2	392	0.51	394
16	0	377	0.00	377
17	1	324	0.31	325
18	1	300	0.33	301
19	4	324	1.22	328
20	2	326	0.61	328
21	2	330	0.60	332
22	1	326	0.31	327
23	2	356	0.56	358
24	3	388	0.77	391
25	0	459	0.00	459
26	0	368	0.00	368
27	1	392	0.25	393
28	4	347	1.14	351
29	0	337	0.00	337
30	1	398	0.25	399
31	2	351	0.57	353
32	0	368	0.00	368
33	1	315	0.32	316
34	0	321	0.00	321
35	1	274	0.36	275
36	0	356	0.00	356
37	0	344	0.00	344
38	2	352	0.56	354
39	0	309	0.00	309
40	2	337	0.59	339
41	2	310	0.64	312
42	3	343	0.87	346
43	0	346	0.00	346
44	1	361	0.28	362
45	3	311	0.96	314
46	0	376	0.00	376
47	0	340	0.00	340
48	0	338	0.00	338
49	0	371	0.00	371
50	2	374	0.53	376
51	2	402	0.50	404
52	0	348	0.00	348
53	1	331	0.30	332
54	1	304	0.33	305
55	2	311	0.64	313
56	0	289	0.00	289
57	0	298	0.00	298
58	0	296	0.00	296
59	2	301	0.66	303
60	0	319	0.00	319
61	3	340	0.87	343
62	1	344	0.29	345
63	0	301	0.00	301
64	0	333	0.00	333
65	0	301	0.00	301
66	0	267	0.00	267
67	2	314	0.63	316
68	3	347	0.86	350
69	2	300	0.66	302
70	3	272	1.09	275
71	0	256	0.00	256
72	0	286	0.00	286
73	0	289	0.00	289
74	0	258	0.00	258
75	0	358	0.00	358
76	2	320	0.62	322
77	1	270	0.37	271
78	0	279	0.00	279
79	1	278	0.36	279
80	2	300	0.66	302
81	1	269	0.37	270
82	2	288	0.69	290
83	0	242	0.00	242
84	0	245	0.00	245
85	0	241	0.00	241
86	0	251	0.00	251
87	0	213	0.00	213
88	3	252	1.18	255
89	1	219	0.45	220
90	1	198	0.50	199
91	0	200	0.00	200
92	0	230	0.00	230
93	1	193	0.52	194
94	0	183	0.00	183
95	1	194	0.51	195
96	0	153	0.00	153
97	0	165	0.00	165
98	1	183	0.54	184
99	0	77	0.00	77
100	0	6	0.00	6
101	0	5	0.00	5
102	0	6	0.00	6
103	0	8	0.00	8
104	0	10	0.00	10
105	0	6	0.00	6
106	0	7	0.00	7
107	0	5	0.00	5
108	1	7	12.50	8
109	0	8	0.00	8
110	0	4	0.00	4
111	0	3	0.00	3
112	0	3	0.00	3
113	0	3	0.00	3
114	0	2	0.00	2
115	0	4	0.00	4
116	0	8	0.00	8
117	0	4	0.00	4
118	0	3	0.00	3
119	0	1	0.00	1
120	0	4	0.00	4
121	0	4	0.00	4
122	0	2	0.00	2
123	0	1	0.00	1
124	0	1	0.00	1
125	0	4	0.00	4
126	0	3	0.00	3
127	0	1	0.00	1
128	0	3	0.00	3
129	0	2	0.00	2
130	0	1	0.00	1
131	0	6	0.00	6
132	0	3	0.00	3
133	0	1	0.00	1
134	0	1	0.00	1
135	0	1	0.00	1
136	0	0		0
137	0	0		0
138	0	0		0
139	0	0		0
140	0	0		0
141	0	0		0
142	0	1	0.00	1
143	0	0		0
144	0	0		0
145	0	0		0
146	0	2	0.00	2
147	0	1	0.00	1
148	0	0		0

CpG context (R2)
================
position	count methylated	count unmethylated	% methylation	coverage
1	0	22	0.00	22
2	0	7	0.00	7
3	4	75	5.06	79
4	8	84	8.70	92
5	5	113	4.24	118
6	8	84	8.70	92
7	8	131	5.76	139
8	4	84	4.55	88
9	6	77	7.23	83
10	6	98	5.77	104
11	7	70	9.09	77
12	4	68	5.56	72
13	2	79	2.47	81
14	4	51	7.27	55
15	2	70	2.78	72
16	2	67	2.90	69
17	1	40	2.44	41
18	6	51	10.53	57
19	4	31	11.43	35
20	2	57	3.39	59
21	1	36	2.70	37
22	4	52	7.14	56
23	3	38	7.32	41
24	3	50	5.66	53
25	0	38	0.00	38
26	3	27	10.00	30
27	1	43	2.27	44
28	3	30	9.09	33
29	1	42	2.33	43
30	0	16	0.00	16
31	2	42	4.55	44
32	1	31	3.12	32
33	0	17	0.00	17
34	0	25	0.00	25
35	0	17	0.00	17
36	1	14	6.67	15
37	1	26	3.70	27
38	3	24	11.11	27
39	0	17	0.00	17
40	1	12	7.69	13
41	0	15	0.00	15
42	2	10	16.67	12
43	3	14	17.65	17
44	0	19	0.00	19
45	0	4	0.00	4
46	1	15	6.25	16
47	0	4	0.00	4
48	0	11	0.00	11
49	0	3	0.00	3
50	0	11	0.00	11
51	0	9	0.00	9
52	1	6	14.29	7
53	0	7	0.00	7
54	0	4	0.00	4
55	1	4	20.00	5
56	1	6	14.29	7
57	0	3	0.00	3
58	0	9	0.00	9
59	0	3	0.00	3
60	0	4	0.00	4
61	0	3	0.00	3
62	0	1	0.00	1
63	1	2	33.33	3
64	0	0		0
65	0	2	0.00	2
66	0	3	0.00	3
67	1	2	33.33	3
68	0	1	0.00	1
69	0	2	0.00	2
70	1	1	50.00	2
71	0	3	0.00	3
72	0	1	0.00	1
73	0	0		0
74	0	0		0
75	0	2	0.00	2
76	0	1	0.00	1
77	0	2	0.00	2
78	0	0		0
79	0	0		0
80	0	1	0.00	1
81	0	0		0
82	0	0		0
83	0	0		0
84	0	0		0
85	0	0		0
86	0	0		0
87	0	0		0
88	0	1	0.00	1
89	0	0		0
90	0	0		0
91	0	0		0
92	0	1	0.00	1
93	0	0		0
94	0	1	0.00	1
95	0	0		0
96	0	1	0.00	1

CHG context (R2)
================
position	count methylated	count unmethylated	% methylation	coverage
1	12	2121	0.56	2133
2	2	24	7.69	26
3	0	6	0.00	6
4	0	43	0.00	43
5	1	58	1.69	59
6	1	73	1.35	74
7	1	86	1.15	87
8	0	93	0.00	93
9	0	64	0.00	64
10	0	77	0.00	77
11	0	70	0.00	70
12	0	46	0.00	46
13	0	54	0.00	54
14	0	52	0.00	52
15	0	53	0.00	53
16	0	40	0.00	40
17	0	58	0.00	58
18	0	59	0.00	59
19	0	43	0.00	43
20	0	46	0.00	46
21	0	43	0.00	43
22	0	46	0.00	46
23	0	30	0.00	30
24	0	17	0.00	17
25	0	54	0.00	54
26	0	15	0.00	15
27	0	15	0.00	15
28	0	27	0.00	27
29	1	34	2.86	35
30	0	22	0.00	22
31	0	33	0.00	33
32	0	22	0.00	22
33	0	31	0.00	31
34	0	20	0.00	20
35	0	26	0.00	26
36	0	19	0.00	19
37	0	18	0.00	18
38	0	6	0.00	6
39	1	9	10.00	10
40	1	19	5.00	20
41	0	22	0.00	22
42	0	8	0.00	8
43	0	12	0.00	12
44	0	6	0.00	6
45	0	12	0.00	12
46	0	3	0.00	3
47	0	9	0.00	9
48	0	11	0.00	11
49	0	16	0.00	16
50	1	8	11.11	9
51	0	5	0.00	5
52	0	12	0.00	12
53	0	5	0.00	5
54	0	3	0.00	3
55	0	4	0.00	4
56	0	7	0.00	7
57	0	1	0.00	1
58	0	4	0.00	4
59	0	0		0
60	0	4	0.00	4
61	0	2	0.00	2
62	0	1	0.00	1
63	0	4	0.00	4
64	0	2	0.00	2
65	0	1	0.00	1
66	0	0		0
67	0	2	0.00	2
68	0	2	0.00	2
69	0	0		0
70	0	1	0.00	1
71	0	3	0.00	3
72	0	0		0
73	0	1	0.00	1
74	0	2	0.00	2
75	0	0		0
76	0	0		0
77	0	0		0
78	0	1	0.00	1
79	0	0		0
80	0	0		0
81	0	0		0
82	0	0		0
83	0	0		0
84	0	0		0
85	0	0		0
86	0	0		0
87	0	0		0
88	0	0		0
89	0	1	0.00	1
90	0	0		0
91	0	0		0
92	0	0		0
93	0	0		0
94	0	0		0
95	0	0		0
96	0	0		0

CHH context (R2)
================
position	count methylated	count unmethylated	% methylation	coverage
1	1	8	11.11	9
2	2	997	0.20	999
3	1	266	0.37	267
4	0	166	0.00	166
5	1	153	0.65	154
6	0	106	0.00	106
7	0	114	0.00	114
8	0	139	0.00	139
9	0	112	0.00	112
10	1	114	0.87	115
11	0	83	0.00	83
12	0	80	0.00	80
13	0	74	0.00	74
14	0	82	0.00	82
15	0	70	0.00	70
16	0	80	0.00	80
17	0	72	0.00	72
18	0	84	0.00	84
19	0	86	0.00	86
20	0	68	0.00	68
21	0	53	0.00	53
22	0	50	0.00	50
23	0	50	0.00	50
24	0	48	0.00	48
25	0	40	0.00	40
26	0	42	0.00	42
27	0	30	0.00	30
28	0	28	0.00	28
29	0	43	0.00	43
30	0	39	0.00	39
31	0	27	0.00	27
32	0	31	0.00	31
33	0	19	0.00	19
34	0	30	0.00	30
35	0	32	0.00	32
36	0	22	0.00	22
37	0	16	0.00	16
38	0	30	0.00	30
39	0	14	0.00	14
40	0	12	0.00	12
41	0	10	0.00	10
42	0	17	0.00	17
43	0	19	0.00	19
44	0	24	0.00	24
45	0	16	0.00	16
46	0	17	0.00	17
47	0	18	0.00	18
48	0	4	0.00	4
49	0	12	0.00	12
50	0	12	0.00	12
51	0	16	0.00	16
52	0	14	0.00	14
53	0	11	0.00	11
54	0	11	0.00	11
55	0	7	0.00	7
56	0	10	0.00	10
57	0	3	0.00	3
58	0	3	0.00	3
59	0	0		0
60	0	2	0.00	2
61	0	1	0.00	1
62	0	4	0.00	4
63	0	1	0.00	1
64	0	0		0
65	0	0		0
66	0	0		0
67	0	0		0
68	0	3	0.00	3
69	0	2	0.00	2
70	0	0		0
71	0	0		0
72	0	1	0.00	1
73	0	0		0
74	0	0		0
75	0	3	0.00	3
76	0	0		0
77	0	1	0.00	1
78	0	1	0.00	1
79	0	0		0
80	0	0		0
81	0	0		0
82	0	0		0
83	0	0		0
84	0	0		0
85	0	0		0
86	0	0		0
87	0	0		0
88	0	0		0
89	0	0		0
90	0	0		0
91	0	0		0
92	0	0		0
93	0	0		0
94	0	0		0
95	0	0		0
96	0	0		0

