CpG context (R1)
================
position	count methylated	count unmethylated	% methylation	coverage
1	198	2172	8.35	2370
2	1	11	8.33	12
3	0	19	0.00	19
4	15	179	7.73	194
5	9	186	4.62	195
6	12	247	4.63	259
7	5	267	1.84	272
8	15	270	5.26	285
9	14	262	5.07	276
10	14	226	5.83	240
11	7	260	2.62	267
12	17	290	5.54	307
13	15	283	5.03	298
14	16	252	5.97	268
15	11	225	4.66	236
16	13	285	4.36	298
17	11	221	4.74	232
18	13	255	4.85	268
19	15	299	4.78	314
20	9	239	3.63	248
21	13	210	5.83	223
22	11	256	4.12	267
23	22	254	7.97	276
24	15	254	5.58	269
25	14	309	4.33	323
26	13	280	4.44	293
27	11	250	4.21	261
28	24	252	8.70	276
29	13	241	5.12	254
30	13	255	4.85	268
31	12	293	3.93	305
32	17	278	5.76	295
33	11	236	4.45	247
34	12	286	4.03	298
35	23	271	7.82	294
36	13	212	5.78	225
37	12	293	3.93	305
38	15	216	6.49	231
39	10	254	3.79	264
40	11	274	3.86	285
41	9	225	3.85	234
42	16	291	5.21	307
43	17	263	6.07	280
44	14	249	5.32	263
45	11	253	4.17	264
46	11	228	4.60	239
47	9	302	2.89	311
48	13	251	4.92	264
49	15	256	5.54	271
50	8	234	3.31	242
51	10	250	3.85	260
52	9	221	3.91	230
53	13	198	6.16	211
54	12	261	4.40	273
55	14	258	5.15	272
56	12	255	4.49	267
57	16	224	6.67	240
58	18	254	6.62	272
59	13	286	4.35	299
60	10	246	3.91	256
61	13	229	5.37	242
62	11	229	4.58	240
63	21	219	8.75	240
64	14	253	5.24	267
65	21	237	8.14	258
66	15	248	5.70	263
67	11	243	4.33	254
68	13	197	6.19	210
69	9	203	4.25	212
70	6	244	2.40	250
71	10	242	3.97	252
72	12	254	4.51	266
73	13	217	5.65	230
74	16	187	7.88	203
75	13	180	6.74	193
76	10	191	4.98	201
77	11	197	5.29	208
78	6	207	2.82	213
79	10	196	4.85	206
80	10	217	4.41	227
81	6	154	3.75	160
82	9	190	4.52	199
83	11	125	8.09	136
84	3	164	1.80	167
85	7	182	3.70	189
86	10	162	5.81	172
87	7	157	4.27	164
88	9	125	6.72	134
89	10	163	5.78	173
90	9	115	7.26	124
91	9	132	6.38	141
92	9	133	6.34	142
93	8	122	6.15	130
94	5	114	4.20	119
95	8	97	7.62	105
96	3	95	3.06	98
97	4	114	3.39	118
98	2	89	2.20	91
99	2	63	3.08	65
100	0	8	0.00	8
101	1	5	16.67	6
102	0	5	0.00	5
103	2	7	22.22	9
104	1	7	12.50	8
105	0	8	0.00	8
106	0	6	0.00	6
107	1	3	25.00	4
108	0	6	0.00	6
109	1	5	16.67	6
110	0	4	0.00	4
111	1	7	12.50	8
112	1	4	20.00	5
113	0	8	0.00	8
114	0	4	0.00	4
115	1	7	12.50	8
116	0	2	0.00	2
117	0	5	0.00	5
118	0	2	0.00	2
119	0	2	0.00	2
120	1	6	14.29	7
121	0	2	0.00	2
122	0	1	0.00	1
123	1	2	33.33	3
124	0	4	0.00	4
125	1	3	25.00	4
126	0	1	0.00	1
127	1	3	25.00	4
128	0	1	0.00	1
129	1	6	14.29	7
130	0	0		0
131	2	3	40.00	5
132	0	1	0.00	1
133	0	1	0.00	1
134	0	0		0
135	0	2	0.00	2
136	0	4	0.00	4
137	0	0		0
138	1	3	25.00	4
139	0	1	0.00	1
140	0	1	0.00	1
141	0	2	0.00	2
142	0	2	0.00	2
143	0	0		0
144	1	0	100.00	1
145	0	0		0
146	0	0		0
147	1	0	100.00	1
148	0	0		0
149	0	2	0.00	2

CHG context (R1)
================
position	count methylated	count unmethylated	% methylation	coverage
1	0	8	0.00	8
2	0	23	0.00	23
3	0	11	0.00	11
4	0	125	0.00	125
5	0	180	0.00	180
6	1	264	0.38	265
7	2	236	0.84	238
8	1	213	0.47	214
9	1	231	0.43	232
10	1	223	0.45	224
11	0	260	0.00	260
12	0	221	0.00	221
13	2	207	0.96	209
14	0	194	0.00	194
15	3	236	1.26	239
16	0	223	0.00	223
17	0	238	0.00	238
18	2	249	0.80	251
19	2	199	1.00	201
20	1	182	0.55	183
21	1	211	0.47	212
22	0	255	0.00	255
23	3	220	1.35	223
24	0	190	0.00	190
25	1	220	0.45	221
26	2	215	0.92	217
27	0	233	0.00	233
28	1	234	0.43	235
29	0	184	0.00	184
30	0	192	0.00	192
31	2	237	0.84	239
32	1	196	0.51	197
33	0	231	0.00	231
34	2	227	0.87	229
35	0	239	0.00	239
36	2	225	0.88	227
37	2	212	0.93	214
38	0	188	0.00	188
39	1	210	0.47	211
40	0	191	0.00	191
41	2	264	0.75	266
42	0	223	0.00	223
43	0	211	0.00	211
44	1	247	0.40	248
45	0	199	0.00	199
46	0	260	0.00	260
47	0	189	0.00	189
48	0	217	0.00	217
49	0	216	0.00	216
50	0	231	0.00	231
51	1	200	0.50	201
52	3	225	1.32	228
53	0	225	0.00	225
54	0	195	0.00	195
55	0	178	0.00	178
56	0	206	0.00	206
57	1	206	0.48	207
58	0	219	0.00	219
59	0	184	0.00	184
60	3	155	1.90	158
61	0	183	0.00	183
62	1	164	0.61	165
63	0	209	0.00	209
64	0	189	0.00	189
65	0	194	0.00	194
66	2	188	1.05	190
67	0	166	0.00	166
68	0	197	0.00	197
69	1	177	0.56	178
70	0	173	0.00	173
71	0	170	0.00	170
72	0	150	0.00	150
73	0	180	0.00	180
74	0	160	0.00	160
75	3	161	1.83	164
76	1	170	0.58	171
77	0	172	0.00	172
78	1	159	0.62	160
79	0	142	0.00	142
80	1	127	0.78	128
81	0	177	0.00	177
82	0	117	0.00	117
83	0	134	0.00	134
84	1	125	0.79	126
85	0	127	0.00	127
86	0	150	0.00	150
87	1	124	0.80	125
88	0	129	0.00	129
89	0	94	0.00	94
90	0	91	0.00	91
91	0	153	0.00	153
92	0	113	0.00	113
93	0	86	0.00	86
94	0	92	0.00	92
95	1	108	0.92	109
96	0	114	0.00	114
97	0	111	0.00	111
98	0	103	0.00	103
99	0	43	0.00	43
100	0	6	0.00	6
101	0	9	0.00	9
102	0	7	0.00	7
103	0	9	0.00	9
104	0	4	0.00	4
105	0	5	0.00	5
106	0	8	0.00	8
107	0	0		0
108	0	6	0.00	6
109	0	7	0.00	7
110	0	1	0.00	1
111	0	2	0.00	2
112	1	7	12.50	8
113	0	2	0.00	2
114	0	2	0.00	2
115	0	2	0.00	2
116	0	5	0.00	5
117	0	3	0.00	3
118	0	4	0.00	4
119	0	3	0.00	3
120	0	5	0.00	5
121	0	2	0.00	2
122	0	3	0.00	3
123	0	4	0.00	4
124	0	1	0.00	1
125	0	3	0.00	3
126	0	2	0.00	2
127	0	0		0
128	0	4	0.00	4
129	0	0		0
130	0	1	0.00	1
131	1	1	50.00	2
132	0	1	0.00	1
133	0	1	0.00	1
134	0	1	0.00	1
135	0	1	0.00	1
136	0	1	0.00	1
137	0	0		0
138	0	1	0.00	1
139	0	1	0.00	1
140	0	1	0.00	1
141	0	0		0
142	0	0		0
143	0	0		0
144	0	0		0
145	0	0		0
146	0	0		0
147	0	0		0
148	0	2	0.00	2
149	0	2	0.00	2

CHH context (R1)
================
position	count methylated	count unmethylated	% methylation	coverage
1	1	34	2.86	35
2	0	39	0.00	39
3	0	28	0.00	28
4	2	334	0.60	336
5	0	427	0.00	427
6	2	413	0.48	415
7	1	402	0.25	403
8	1	339	0.29	340
9	1	344	0.29	345
10	0	338	0.00	338
11	2	342	0.58	344
12	0	304	0.00	304
13	1	367	0.27	368
14	1	368	0.27	369
15	1	349	0.29	350
16	0	352	0.00	352
17	0	369	0.00	369
18	0	300	0.00	300
19	1	313	0.32	314
20	1	374	0.27	375
21	2	370	0.54	372
22	1	336	0.30	337
23	3	346	0.86	349
24	0	339	0.00	339
25	3	380	0.78	383
26	1	383	0.26	384
27	0	418	0.00	418
28	3	378	0.79	381
29	2	326	0.61	328
30	0	388	0.00	388
31	0	370	0.00	370
32	0	373	0.00	373
33	4	348	1.14	352
34	3	343	0.87	346
35	1	336	0.30	337
36	1	362	0.28	363
37	2	349	0.57	351
38	0	379	0.00	379
39	3	310	0.96	313
40	0	345	0.00	345
41	1	343	0.29	344
42	1	343	0.29	344
43	0	349	0.00	349
44	1	337	0.30	338
45	0	317	0.00	317
46	3	342	0.87	345
47	2	312	0.64	314
48	1	335	0.30	336
49	1	388	0.26	389
50	0	366	0.00	366
51	0	400	0.00	400
52	2	338	0.59	340
53	2	352	0.56	354
54	0	313	0.00	313
55	0	319	0.00	319
56	2	304	0.65	306
57	0	303	0.00	303
58	0	309	0.00	309
59	0	331	0.00	331
60	1	308	0.32	309
61	1	350	0.28	351
62	1	319	0.31	320
63	2	276	0.72	278
64	1	326	0.31	327
65	0	282	0.00	282
66	1	262	0.38	263
67	0	316	0.00	316
68	0	356	0.00	356
69	2	315	0.63	317
70	2	278	0.71	280
71	0	292	0.00	292
72	5	282	1.74	287
73	1	297	0.34	298
74	1	264	0.38	265
75	3	297	1.00	300
76	2	291	0.68	293
77	1	265	0.38	266
78	1	281	0.35	282
79	1	279	0.36	280
80	1	293	0.34	294
81	3	229	1.29	232
82	0	277	0.00	277
83	1	239	0.42	240
84	0	245	0.00	245
85	0	268	0.00	268
86	0	255	0.00	255
87	0	206	0.00	206
88	0	246	0.00	246
89	0	221	0.00	221
90	1	206	0.48	207
91	1	197	0.51	198
92	3	197	1.50	200
93	2	176	1.12	178
94	0	178	0.00	178
95	0	189	0.00	189
96	0	160	0.00	160
97	0	180	0.00	180
98	1	183	0.54	184
99	1	70	1.41	71
100	0	10	0.00	10
101	0	13	0.00	13
102	0	10	0.00	10
103	0	5	0.00	5
104	0	4	0.00	4
105	0	8	0.00	8
106	0	7	0.00	7
107	0	10	0.00	10
108	0	5	0.00	5
109	0	4	0.00	4
110	0	4	0.00	4
111	0	4	0.00	4
112	0	5	0.00	5
113	0	6	0.00	6
114	0	6	0.00	6
115	0	5	0.00	5
116	0	7	0.00	7
117	0	10	0.00	10
118	0	5	0.00	5
119	0	4	0.00	4
120	0	1	0.00	1
121	0	3	0.00	3
122	0	3	0.00	3
123	0	1	0.00	1
124	0	2	0.00	2
125	0	2	0.00	2
126	0	2	0.00	2
127	0	4	0.00	4
128	0	0		0
129	0	3	0.00	3
130	0	1	0.00	1
131	0	4	0.00	4
132	0	2	0.00	2
133	0	2	0.00	2
134	0	4	0.00	4
135	0	0		0
136	0	0		0
137	0	1	0.00	1
138	0	2	0.00	2
139	0	0		0
140	0	0		0
141	0	0		0
142	0	0		0
143	0	1	0.00	1
144	0	1	0.00	1
145	0	1	0.00	1
146	0	0		0
147	0	0		0
148	0	2	0.00	2
149	0	1	0.00	1

CpG context (R2)
================
position	count methylated	count unmethylated	% methylation	coverage
1	0	17	0.00	17
2	0	20	0.00	20
3	2	72	2.70	74
4	6	69	8.00	75
5	8	95	7.77	103
6	6	81	6.90	87
7	4	126	3.08	130
8	3	84	3.45	87
9	2	75	2.60	77
10	6	64	8.57	70
11	6	66	8.33	72
12	5	52	8.77	57
13	2	72	2.70	74
14	4	53	7.02	57
15	3	47	6.00	50
16	0	48	0.00	48
17	0	31	0.00	31
18	2	60	3.23	62
19	1	29	3.33	30
20	0	48	0.00	48
21	2	29	6.45	31
22	1	48	2.04	49
23	4	35	10.26	39
24	3	61	4.69	64
25	0	35	0.00	35
26	1	20	4.76	21
27	5	39	11.36	44
28	2	32	5.88	34
29	2	26	7.14	28
30	3	20	13.04	23
31	3	35	7.89	38
32	1	31	3.12	32
33	1	19	5.00	20
34	2	16	11.11	18
35	1	14	6.67	15
36	0	17	0.00	17
37	0	22	0.00	22
38	2	19	9.52	21
39	0	10	0.00	10
40	0	10	0.00	10
41	0	11	0.00	11
42	1	7	12.50	8
43	3	13	18.75	16
44	0	12	0.00	12
45	1	4	20.00	5
46	4	11	26.67	15
47	1	6	14.29	7
48	0	6	0.00	6
49	0	6	0.00	6
50	0	7	0.00	7
51	0	9	0.00	9
52	1	15	6.25	16
53	0	4	0.00	4
54	0	6	0.00	6
55	0	4	0.00	4
56	0	6	0.00	6
57	0	0		0
58	0	3	0.00	3
59	0	2	0.00	2
60	1	2	33.33	3
61	0	0		0
62	0	2	0.00	2
63	0	0		0
64	0	1	0.00	1
65	0	1	0.00	1
66	0	3	0.00	3
67	0	2	0.00	2
68	0	0		0
69	0	2	0.00	2
70	0	0		0
71	0	1	0.00	1
72	0	2	0.00	2
73	0	0		0
74	0	0		0
75	0	1	0.00	1
76	0	2	0.00	2
77	0	2	0.00	2
78	0	1	0.00	1
79	0	2	0.00	2
80	0	0		0
81	0	2	0.00	2
82	0	0		0
83	0	1	0.00	1
84	0	0		0
85	0	0		0
86	0	2	0.00	2
87	0	0		0
88	0	0		0
89	0	0		0
90	0	0		0
91	0	0		0
92	0	0		0
93	0	0		0
94	0	1	0.00	1
95	0	0		0
96	0	1	0.00	1
97	0	0		0

CHG context (R2)
================
position	count methylated	count unmethylated	% methylation	coverage
1	14	2105	0.66	2119
2	0	24	0.00	24
3	0	2	0.00	2
4	0	42	0.00	42
5	0	46	0.00	46
6	0	65	0.00	65
7	1	74	1.33	75
8	0	68	0.00	68
9	1	72	1.37	73
10	1	80	1.23	81
11	1	58	1.69	59
12	0	43	0.00	43
13	0	46	0.00	46
14	0	48	0.00	48
15	0	50	0.00	50
16	0	60	0.00	60
17	0	47	0.00	47
18	0	58	0.00	58
19	0	56	0.00	56
20	0	40	0.00	40
21	0	38	0.00	38
22	0	43	0.00	43
23	0	25	0.00	25
24	0	21	0.00	21
25	0	45	0.00	45
26	0	18	0.00	18
27	1	8	11.11	9
28	0	22	0.00	22
29	0	26	0.00	26
30	0	22	0.00	22
31	1	27	3.57	28
32	0	12	0.00	12
33	0	28	0.00	28
34	0	20	0.00	20
35	0	19	0.00	19
36	0	24	0.00	24
37	0	13	0.00	13
38	0	9	0.00	9
39	0	14	0.00	14
40	0	14	0.00	14
41	0	17	0.00	17
42	0	6	0.00	6
43	0	10	0.00	10
44	0	0		0
45	0	6	0.00	6
46	0	5	0.00	5
47	0	9	0.00	9
48	0	13	0.00	13
49	0	10	0.00	10
50	0	9	0.00	9
51	0	4	0.00	4
52	0	6	0.00	6
53	0	5	0.00	5
54	0	1	0.00	1
55	0	8	0.00	8
56	0	5	0.00	5
57	0	0		0
58	0	3	0.00	3
59	0	3	0.00	3
60	0	3	0.00	3
61	0	1	0.00	1
62	0	1	0.00	1
63	0	5	0.00	5
64	0	0		0
65	0	0		0
66	0	0		0
67	0	1	0.00	1
68	0	0		0
69	0	0		0
70	0	3	0.00	3
71	0	0		0
72	0	0		0
73	0	3	0.00	3
74	0	1	0.00	1
75	0	0		0
76	0	0		0
77	0	0		0
78	0	0		0
79	0	0		0
80	0	0		0
81	0	0		0
82	0	0		0
83	0	0		0
84	0	0		0
85	0	0		0
86	0	0		0
87	0	0		0
88	0	0		0
89	0	0		0
90	0	0		0
91	0	0		0
92	0	1	0.00	1
93	0	0		0
94	0	0		0
95	0	0		0
96	0	0		0
97	0	1	0.00	1

CHH context (R2)
================
position	count methylated	count unmethylated	% methylation	coverage
1	0	12	0.00	12
2	2	981	0.20	983
3	0	252	0.00	252
4	1	179	0.56	180
5	0	116	0.00	116
6	1	113	0.88	114
7	0	97	0.00	97
8	1	103	0.96	104
9	0	101	0.00	101
10	1	102	0.97	103
11	0	86	0.00	86
12	0	73	0.00	73
13	0	54	0.00	54
14	0	87	0.00	87
15	0	74	0.00	74
16	1	69	1.43	70
17	0	64	0.00	64
18	0	69	0.00	69
19	0	70	0.00	70
20	0	76	0.00	76
21	1	45	2.17	46
22	0	51	0.00	51
23	0	47	0.00	47
24	0	41	0.00	41
25	0	46	0.00	46
26	0	40	0.00	40
27	0	29	0.00	29
28	0	31	0.00	31
29	0	44	0.00	44
30	0	38	0.00	38
31	0	31	0.00	31
32	1	36	2.70	37
33	0	23	0.00	23
34	0	24	0.00	24
35	1	32	3.03	33
36	0	14	0.00	14
37	0	15	0.00	15
38	1	26	3.70	27
39	0	7	0.00	7
40	0	17	0.00	17
41	0	12	0.00	12
42	0	21	0.00	21
43	0	20	0.00	20
44	0	23	0.00	23
45	0	9	0.00	9
46	0	11	0.00	11
47	0	12	0.00	12
48	0	5	0.00	5
49	0	14	0.00	14
50	0	7	0.00	7
51	0	11	0.00	11
52	0	12	0.00	12
53	0	9	0.00	9
54	0	9	0.00	9
55	0	6	0.00	6
56	0	15	0.00	15
57	0	6	0.00	6
58	0	9	0.00	9
59	0	4	0.00	4
60	0	0		0
61	0	1	0.00	1
62	0	3	0.00	3
63	0	0		0
64	0	2	0.00	2
65	0	2	0.00	2
66	0	0		0
67	0	1	0.00	1
68	0	5	0.00	5
69	0	1	0.00	1
70	0	0		0
71	0	1	0.00	1
72	0	0		0
73	0	0		0
74	0	0		0
75	0	0		0
76	0	0		0
77	0	0		0
78	0	0		0
79	0	0		0
80	0	0		0
81	0	0		0
82	0	0		0
83	0	1	0.00	1
84	0	0		0
85	0	0		0
86	0	0		0
87	0	0		0
88	0	1	0.00	1
89	0	2	0.00	2
90	0	1	0.00	1
91	0	1	0.00	1
92	0	0		0
93	0	1	0.00	1
94	0	1	0.00	1
95	0	0		0
96	0	0		0
97	0	0		0

