CpG context (R1)
================
position	count methylated	count unmethylated	% methylation	coverage
1	217	2156	9.14	2373
2	0	16	0.00	16
3	1	16	5.88	17
4	18	169	9.63	187
5	14	204	6.42	218
6	20	257	7.22	277
7	9	246	3.53	255
8	16	269	5.61	285
9	9	250	3.47	259
10	13	243	5.08	256
11	9	252	3.45	261
12	12	304	3.80	316
13	19	292	6.11	311
14	17	266	6.01	283
15	16	252	5.97	268
16	21	322	6.12	343
17	9	236	3.67	245
18	10	272	3.55	282
19	21	307	6.40	328
20	8	238	3.25	246
21	10	225	4.26	235
22	17	289	5.56	306
23	11	247	4.26	258
24	17	272	5.88	289
25	10	295	3.28	305
26	6	289	2.03	295
27	10	266	3.62	276
28	23	267	7.93	290
29	11	280	3.78	291
30	14	306	4.38	320
31	12	268	4.29	280
32	10	291	3.32	301
33	8	224	3.45	232
34	15	244	5.79	259
35	25	262	8.71	287
36	13	200	6.10	213
37	21	269	7.24	290
38	12	230	4.96	242
39	14	230	5.74	244
40	10	284	3.40	294
41	9	254	3.42	263
42	13	271	4.58	284
43	13	257	4.81	270
44	13	262	4.73	275
45	20	246	7.52	266
46	18	233	7.17	251
47	12	260	4.41	272
48	12	258	4.44	270
49	17	232	6.83	249
50	9	248	3.50	257
51	14	244	5.43	258
52	13	223	5.51	236
53	15	215	6.52	230
54	10	257	3.75	267
55	9	252	3.45	261
56	18	230	7.26	248
57	8	237	3.27	245
58	18	256	6.57	274
59	14	231	5.71	245
60	19	258	6.86	277
61	8	228	3.39	236
62	15	212	6.61	227
63	14	191	6.83	205
64	8	269	2.89	277
65	13	243	5.08	256
66	14	236	5.60	250
67	15	225	6.25	240
68	12	224	5.08	236
69	11	190	5.47	201
70	11	217	4.82	228
71	16	243	6.18	259
72	8	226	3.42	234
73	11	221	4.74	232
74	6	189	3.08	195
75	10	176	5.38	186
76	10	192	4.95	202
77	11	207	5.05	218
78	7	207	3.27	214
79	10	216	4.42	226
80	7	187	3.61	194
81	6	161	3.59	167
82	14	181	7.18	195
83	7	137	4.86	144
84	6	154	3.75	160
85	5	183	2.66	188
86	15	169	8.15	184
87	13	157	7.65	170
88	5	114	4.20	119
89	8	155	4.91	163
90	8	118	6.35	126
91	10	143	6.54	153
92	6	133	4.32	139
93	8	141	5.37	149
94	7	142	4.70	149
95	8	105	7.08	113
96	4	121	3.20	125
97	6	122	4.69	128
98	5	105	4.55	110
99	5	46	9.80	51
100	1	9	10.00	10
101	0	3	0.00	3
102	1	2	33.33	3
103	1	4	20.00	5
104	1	5	16.67	6
105	2	4	33.33	6
106	0	3	0.00	3
107	2	3	40.00	5
108	0	3	0.00	3
109	0	10	0.00	10
110	0	2	0.00	2
111	0	4	0.00	4
112	0	6	0.00	6
113	0	3	0.00	3
114	0	4	0.00	4
115	2	4	33.33	6
116	1	3	25.00	4
117	1	2	33.33	3
118	1	1	50.00	2
119	1	3	25.00	4
120	1	3	25.00	4
121	0	0		0
122	0	1	0.00	1
123	0	1	0.00	1
124	1	3	25.00	4
125	1	3	25.00	4
126	1	1	50.00	2
127	0	2	0.00	2
128	0	0		0
129	0	3	0.00	3
130	0	1	0.00	1
131	1	1	50.00	2
132	0	1	0.00	1
133	0	1	0.00	1
134	1	1	50.00	2
135	1	1	50.00	2
136	0	1	0.00	1
137	0	1	0.00	1
138	0	2	0.00	2
139	0	0		0
140	1	0	100.00	1
141	0	1	0.00	1
142	0	2	0.00	2
143	0	0		0
144	0	1	0.00	1
145	0	1	0.00	1
146	0	0		0
147	0	1	0.00	1
148	0	0		0
149	0	1	0.00	1
150	0	0		0
151	0	0		0
152	0	0		0
153	0	0		0
154	0	0		0
155	0	0		0
156	0	0		0
157	0	0		0
158	0	0		0
159	0	0		0
160	1	0	100.00	1
161	0	0		0
162	0	0		0
163	0	0		0
164	0	0		0
165	0	0		0
166	0	0		0
167	0	0		0
168	0	0		0
169	0	0		0
170	0	0		0
171	0	0		0
172	0	0		0
173	0	0		0
174	0	0		0
175	0	0		0
176	0	0		0
177	0	0		0
178	0	0		0
179	0	0		0
180	1	0	100.00	1
181	0	0		0
182	0	0		0
183	0	0		0
184	0	0		0
185	1	0	100.00	1
186	0	0		0
187	0	0		0
188	0	0		0
189	0	0		0
190	0	0		0
191	0	0		0
192	0	0		0
193	0	0		0
194	0	0		0
195	0	0		0

CHG context (R1)
================
position	count methylated	count unmethylated	% methylation	coverage
1	0	18	0.00	18
2	0	20	0.00	20
3	0	15	0.00	15
4	0	137	0.00	137
5	0	195	0.00	195
6	1	250	0.40	251
7	1	260	0.38	261
8	1	220	0.45	221
9	2	232	0.85	234
10	0	209	0.00	209
11	0	247	0.00	247
12	0	212	0.00	212
13	0	193	0.00	193
14	2	194	1.02	196
15	1	242	0.41	243
16	2	222	0.89	224
17	0	233	0.00	233
18	2	253	0.78	255
19	0	181	0.00	181
20	1	155	0.64	156
21	1	237	0.42	238
22	0	197	0.00	197
23	1	207	0.48	208
24	1	194	0.51	195
25	1	226	0.44	227
26	0	222	0.00	222
27	0	234	0.00	234
28	0	256	0.00	256
29	0	175	0.00	175
30	0	177	0.00	177
31	0	223	0.00	223
32	0	229	0.00	229
33	0	247	0.00	247
34	1	224	0.44	225
35	1	225	0.44	226
36	0	249	0.00	249
37	0	194	0.00	194
38	1	193	0.52	194
39	0	245	0.00	245
40	1	209	0.48	210
41	3	268	1.11	271
42	1	222	0.45	223
43	4	206	1.90	210
44	1	251	0.40	252
45	2	200	0.99	202
46	0	226	0.00	226
47	0	192	0.00	192
48	1	212	0.47	213
49	0	202	0.00	202
50	1	215	0.46	216
51	0	199	0.00	199
52	1	220	0.45	221
53	1	224	0.44	225
54	1	171	0.58	172
55	0	171	0.00	171
56	0	215	0.00	215
57	2	226	0.88	228
58	1	205	0.49	206
59	1	193	0.52	194
60	0	149	0.00	149
61	1	208	0.48	209
62	2	165	1.20	167
63	0	182	0.00	182
64	1	181	0.55	182
65	0	187	0.00	187
66	1	183	0.54	184
67	1	192	0.52	193
68	0	198	0.00	198
69	0	191	0.00	191
70	1	186	0.53	187
71	0	146	0.00	146
72	0	163	0.00	163
73	0	162	0.00	162
74	1	154	0.65	155
75	2	143	1.38	145
76	0	158	0.00	158
77	0	201	0.00	201
78	1	159	0.62	160
79	0	157	0.00	157
80	0	140	0.00	140
81	0	177	0.00	177
82	0	125	0.00	125
83	0	148	0.00	148
84	0	134	0.00	134
85	0	117	0.00	117
86	1	131	0.76	132
87	0	113	0.00	113
88	1	132	0.75	133
89	0	106	0.00	106
90	0	89	0.00	89
91	0	143	0.00	143
92	0	98	0.00	98
93	0	82	0.00	82
94	3	113	2.59	116
95	2	106	1.85	108
96	0	107	0.00	107
97	0	112	0.00	112
98	0	87	0.00	87
99	0	48	0.00	48
100	0	3	0.00	3
101	0	6	0.00	6
102	0	6	0.00	6
103	0	2	0.00	2
104	0	7	0.00	7
105	0	3	0.00	3
106	0	4	0.00	4
107	0	0		0
108	0	5	0.00	5
109	0	2	0.00	2
110	0	6	0.00	6
111	0	2	0.00	2
112	0	2	0.00	2
113	0	1	0.00	1
114	0	4	0.00	4
115	0	1	0.00	1
116	0	4	0.00	4
117	0	0		0
118	0	5	0.00	5
119	0	4	0.00	4
120	0	2	0.00	2
121	0	3	0.00	3
122	0	3	0.00	3
123	0	1	0.00	1
124	0	2	0.00	2
125	0	1	0.00	1
126	0	1	0.00	1
127	0	0		0
128	0	1	0.00	1
129	0	2	0.00	2
130	0	2	0.00	2
131	0	0		0
132	0	2	0.00	2
133	0	0		0
134	0	1	0.00	1
135	0	0		0
136	0	0		0
137	0	0		0
138	0	0		0
139	0	1	0.00	1
140	0	1	0.00	1
141	0	1	0.00	1
142	0	1	0.00	1
143	0	1	0.00	1
144	0	1	0.00	1
145	0	0		0
146	0	1	0.00	1
147	0	1	0.00	1
148	0	1	0.00	1
149	0	0		0
150	0	0		0
151	0	0		0
152	0	0		0
153	0	0		0
154	0	0		0
155	0	0		0
156	0	0		0
157	0	0		0
158	0	0		0
159	0	0		0
160	0	0		0
161	0	0		0
162	0	0		0
163	0	0		0
164	0	0		0
165	0	0		0
166	0	0		0
167	0	0		0
168	0	0		0
169	0	0		0
170	0	0		0
171	0	0		0
172	0	0		0
173	0	0		0
174	0	0		0
175	0	0		0
176	0	0		0
177	0	0		0
178	0	0		0
179	0	0		0
180	0	0		0
181	0	0		0
182	0	0		0
183	0	0		0
184	0	0		0
185	0	0		0
186	0	0		0
187	0	0		0
188	0	0		0
189	0	0		0
190	0	0		0
191	0	0		0
192	0	0		0
193	0	0		0
194	0	0		0
195	0	1	0.00	1

CHH context (R1)
================
position	count methylated	count unmethylated	% methylation	coverage
1	0	28	0.00	28
2	0	24	0.00	24
3	0	23	0.00	23
4	3	342	0.87	345
5	5	405	1.22	410
6	2	452	0.44	454
7	1	383	0.26	384
8	1	351	0.28	352
9	0	347	0.00	347
10	0	357	0.00	357
11	1	320	0.31	321
12	0	342	0.00	342
13	2	385	0.52	387
14	2	354	0.56	356
15	0	378	0.00	378
16	1	341	0.29	342
17	1	327	0.30	328
18	2	299	0.66	301
19	0	334	0.00	334
20	0	342	0.00	342
21	0	348	0.00	348
22	0	352	0.00	352
23	2	356	0.56	358
24	3	360	0.83	363
25	0	372	0.00	372
26	1	351	0.28	352
27	0	402	0.00	402
28	1	337	0.30	338
29	0	326	0.00	326
30	1	367	0.27	368
31	0	348	0.00	348
32	1	397	0.25	398
33	1	332	0.30	333
34	1	332	0.30	333
35	0	322	0.00	322
36	0	382	0.00	382
37	1	336	0.30	337
38	0	348	0.00	348
39	1	354	0.28	355
40	1	330	0.30	331
41	2	314	0.63	316
42	0	308	0.00	308
43	3	330	0.90	333
44	1	342	0.29	343
45	3	333	0.89	336
46	3	340	0.87	343
47	2	314	0.63	316
48	1	328	0.30	329
49	1	402	0.25	403
50	1	364	0.27	365
51	2	407	0.49	409
52	0	363	0.00	363
53	0	324	0.00	324
54	3	299	0.99	302
55	0	357	0.00	357
56	1	290	0.34	291
57	0	278	0.00	278
58	0	288	0.00	288
59	0	316	0.00	316
60	3	349	0.85	352
61	1	317	0.31	318
62	2	353	0.56	355
63	0	285	0.00	285
64	2	354	0.56	356
65	0	317	0.00	317
66	3	292	1.02	295
67	1	327	0.30	328
68	1	348	0.29	349
69	1	310	0.32	311
70	0	284	0.00	284
71	0	283	0.00	283
72	1	251	0.40	252
73	1	290	0.34	291
74	0	252	0.00	252
75	0	315	0.00	315
76	0	311	0.00	311
77	1	265	0.38	266
78	0	277	0.00	277
79	2	257	0.77	259
80	0	276	0.00	276
81	2	220	0.90	222
82	1	263	0.38	264
83	1	226	0.44	227
84	0	224	0.00	224
85	2	242	0.82	244
86	0	271	0.00	271
87	0	210	0.00	210
88	1	235	0.42	236
89	0	201	0.00	201
90	2	199	1.00	201
91	0	205	0.00	205
92	0	192	0.00	192
93	0	188	0.00	188
94	0	154	0.00	154
95	0	195	0.00	195
96	2	145	1.36	147
97	1	155	0.64	156
98	1	147	0.68	148
99	0	48	0.00	48
100	0	11	0.00	11
101	0	7	0.00	7
102	0	3	0.00	3
103	0	6	0.00	6
104	0	4	0.00	4
105	0	3	0.00	3
106	0	8	0.00	8
107	0	10	0.00	10
108	1	5	16.67	6
109	0	8	0.00	8
110	0	4	0.00	4
111	0	3	0.00	3
112	0	5	0.00	5
113	0	9	0.00	9
114	0	5	0.00	5
115	0	3	0.00	3
116	0	1	0.00	1
117	0	3	0.00	3
118	0	6	0.00	6
119	0	3	0.00	3
120	0	1	0.00	1
121	0	2	0.00	2
122	0	3	0.00	3
123	0	3	0.00	3
124	0	0		0
125	0	1	0.00	1
126	0	1	0.00	1
127	0	3	0.00	3
128	0	5	0.00	5
129	0	2	0.00	2
130	0	0		0
131	0	3	0.00	3
132	0	0		0
133	0	1	0.00	1
134	0	0		0
135	0	0		0
136	0	0		0
137	0	0		0
138	0	0		0
139	0	0		0
140	0	1	0.00	1
141	0	0		0
142	0	0		0
143	0	2	0.00	2
144	0	0		0
145	0	1	0.00	1
146	0	1	0.00	1
147	0	1	0.00	1
148	0	1	0.00	1
149	0	0		0
150	0	0		0
151	0	0		0
152	0	0		0
153	0	0		0
154	0	0		0
155	0	0		0
156	0	0		0
157	0	0		0
158	0	1	0.00	1
159	0	0		0
160	0	0		0
161	0	0		0
162	0	0		0
163	0	1	0.00	1
164	0	0		0
165	0	1	0.00	1
166	0	0		0
167	0	0		0
168	0	1	0.00	1
169	0	0		0
170	0	0		0
171	0	0		0
172	0	0		0
173	0	0		0
174	0	0		0
175	1	0	100.00	1
176	0	0		0
177	0	0		0
178	0	0		0
179	0	0		0
180	0	0		0
181	0	0		0
182	0	0		0
183	0	0		0
184	0	0		0
185	0	0		0
186	0	0		0
187	0	0		0
188	0	0		0
189	0	0		0
190	0	0		0
191	0	0		0
192	0	0		0
193	0	0		0
194	0	0		0
195	0	0		0

CpG context (R2)
================
position	count methylated	count unmethylated	% methylation	coverage
1	1	19	5.00	20
2	0	17	0.00	17
3	5	72	6.49	77
4	3	77	3.75	80
5	3	90	3.23	93
6	9	83	9.78	92
7	6	131	4.38	137
8	1	71	1.39	72
9	5	88	5.38	93
10	2	97	2.02	99
11	4	73	5.19	77
12	3	59	4.84	62
13	4	76	5.00	80
14	2	45	4.26	47
15	2	49	3.92	51
16	0	58	0.00	58
17	2	34	5.56	36
18	2	43	4.44	45
19	4	37	9.76	41
20	1	45	2.17	46
21	2	41	4.65	43
22	1	38	2.56	39
23	3	44	6.38	47
24	6	55	9.84	61
25	1	30	3.23	31
26	5	33	13.16	38
27	4	31	11.43	35
28	1	19	5.00	20
29	0	36	0.00	36
30	1	20	4.76	21
31	1	22	4.35	23
32	0	23	0.00	23
33	4	16	20.00	20
34	3	24	11.11	27
35	0	15	0.00	15
36	0	12	0.00	12
37	4	14	22.22	18
38	1	20	4.76	21
39	0	12	0.00	12
40	0	2	0.00	2
41	2	11	15.38	13
42	1	12	7.69	13
43	2	15	11.76	17
44	1	10	9.09	11
45	1	5	16.67	6
46	3	14	17.65	17
47	0	7	0.00	7
48	1	13	7.14	14
49	0	3	0.00	3
50	1	5	16.67	6
51	0	5	0.00	5
52	1	8	11.11	9
53	0	3	0.00	3
54	1	9	10.00	10
55	1	7	12.50	8
56	0	6	0.00	6
57	0	6	0.00	6
58	0	6	0.00	6
59	0	4	0.00	4
60	0	6	0.00	6
61	0	6	0.00	6
62	0	0		0
63	1	5	16.67	6
64	0	0		0
65	1	0	100.00	1
66	0	5	0.00	5
67	0	0		0
68	0	1	0.00	1
69	0	0		0
70	0	0		0
71	0	4	0.00	4
72	0	0		0
73	0	2	0.00	2
74	0	0		0
75	0	3	0.00	3
76	0	1	0.00	1
77	0	3	0.00	3
78	0	0		0
79	0	0		0
80	0	1	0.00	1
81	0	1	0.00	1
82	0	1	0.00	1
83	0	0		0
84	0	0		0
85	0	0		0
86	0	1	0.00	1
87	0	0		0
88	0	0		0
89	0	0		0
90	0	0		0
91	0	2	0.00	2
92	0	0		0
93	0	0		0
94	0	0		0
95	0	0		0
96	0	0		0
97	0	1	0.00	1

CHG context (R2)
================
position	count methylated	count unmethylated	% methylation	coverage
1	16	2136	0.74	2152
2	0	28	0.00	28
3	0	9	0.00	9
4	1	50	1.96	51
5	0	60	0.00	60
6	0	66	0.00	66
7	2	68	2.86	70
8	0	104	0.00	104
9	0	65	0.00	65
10	0	64	0.00	64
11	0	68	0.00	68
12	0	33	0.00	33
13	0	46	0.00	46
14	0	46	0.00	46
15	0	58	0.00	58
16	1	32	3.03	33
17	1	48	2.04	49
18	1	46	2.13	47
19	0	42	0.00	42
20	0	62	0.00	62
21	1	45	2.17	46
22	0	37	0.00	37
23	0	26	0.00	26
24	0	17	0.00	17
25	0	44	0.00	44
26	0	18	0.00	18
27	1	14	6.67	15
28	0	16	0.00	16
29	0	26	0.00	26
30	0	19	0.00	19
31	0	34	0.00	34
32	0	17	0.00	17
33	0	17	0.00	17
34	0	16	0.00	16
35	0	26	0.00	26
36	0	20	0.00	20
37	0	16	0.00	16
38	0	6	0.00	6
39	0	11	0.00	11
40	1	12	7.69	13
41	0	14	0.00	14
42	0	9	0.00	9
43	0	15	0.00	15
44	0	8	0.00	8
45	0	6	0.00	6
46	0	3	0.00	3
47	0	9	0.00	9
48	0	11	0.00	11
49	0	9	0.00	9
50	1	5	16.67	6
51	0	5	0.00	5
52	0	7	0.00	7
53	0	7	0.00	7
54	0	1	0.00	1
55	0	6	0.00	6
56	0	10	0.00	10
57	0	0		0
58	0	2	0.00	2
59	0	0		0
60	0	6	0.00	6
61	0	1	0.00	1
62	0	1	0.00	1
63	0	3	0.00	3
64	1	5	16.67	6
65	0	0		0
66	0	1	0.00	1
67	0	0		0
68	0	4	0.00	4
69	0	0		0
70	0	2	0.00	2
71	0	3	0.00	3
72	0	1	0.00	1
73	0	2	0.00	2
74	0	2	0.00	2
75	0	0		0
76	0	0		0
77	0	0		0
78	0	0		0
79	0	0		0
80	0	1	0.00	1
81	0	1	0.00	1
82	0	0		0
83	0	0		0
84	0	0		0
85	0	0		0
86	0	1	0.00	1
87	0	0		0
88	0	0		0
89	0	1	0.00	1
90	0	0		0
91	0	0		0
92	0	1	0.00	1
93	0	0		0
94	0	0		0
95	0	1	0.00	1
96	0	0		0
97	0	0		0

CHH context (R2)
================
position	count methylated	count unmethylated	% methylation	coverage
1	0	10	0.00	10
2	1	984	0.10	985
3	2	277	0.72	279
4	0	198	0.00	198
5	2	156	1.27	158
6	2	106	1.85	108
7	0	90	0.00	90
8	0	126	0.00	126
9	0	102	0.00	102
10	0	109	0.00	109
11	1	71	1.39	72
12	1	89	1.11	90
13	0	67	0.00	67
14	0	87	0.00	87
15	2	93	2.11	95
16	0	80	0.00	80
17	0	62	0.00	62
18	0	69	0.00	69
19	0	74	0.00	74
20	0	62	0.00	62
21	1	61	1.61	62
22	0	51	0.00	51
23	0	44	0.00	44
24	0	37	0.00	37
25	0	45	0.00	45
26	0	41	0.00	41
27	0	22	0.00	22
28	0	30	0.00	30
29	0	25	0.00	25
30	0	31	0.00	31
31	0	34	0.00	34
32	0	33	0.00	33
33	0	26	0.00	26
34	0	25	0.00	25
35	0	30	0.00	30
36	0	29	0.00	29
37	1	21	4.55	22
38	0	22	0.00	22
39	0	10	0.00	10
40	0	20	0.00	20
41	0	11	0.00	11
42	0	17	0.00	17
43	0	25	0.00	25
44	0	25	0.00	25
45	0	16	0.00	16
46	1	9	10.00	10
47	0	13	0.00	13
48	0	5	0.00	5
49	0	12	0.00	12
50	0	12	0.00	12
51	1	11	8.33	12
52	0	15	0.00	15
53	0	8	0.00	8
54	0	8	0.00	8
55	0	6	0.00	6
56	0	4	0.00	4
57	0	8	0.00	8
58	0	2	0.00	2
59	0	0		0
60	0	1	0.00	1
61	0	3	0.00	3
62	0	1	0.00	1
63	0	1	0.00	1
64	0	1	0.00	1
65	0	2	0.00	2
66	0	1	0.00	1
67	0	0		0
68	0	2	0.00	2
69	0	5	0.00	5
70	0	0		0
71	0	1	0.00	1
72	0	0		0
73	0	0		0
74	0	2	0.00	2
75	0	1	0.00	1
76	0	0		0
77	0	0		0
78	0	0		0
79	0	0		0
80	0	0		0
81	0	0		0
82	0	0		0
83	0	1	0.00	1
84	0	0		0
85	0	0		0
86	0	0		0
87	0	1	0.00	1
88	0	0		0
89	0	0		0
90	0	0		0
91	0	0		0
92	0	0		0
93	0	1	0.00	1
94	0	2	0.00	2
95	0	0		0
96	0	0		0
97	0	0		0

