CpG context (R1)
================
position	count methylated	count unmethylated	% methylation	coverage
1	180	2203	7.55	2383
2	0	13	0.00	13
3	1	17	5.56	18
4	12	192	5.88	204
5	4	191	2.05	195
6	9	265	3.28	274
7	11	214	4.89	225
8	13	288	4.32	301
9	9	242	3.59	251
10	8	258	3.01	266
11	8	247	3.14	255
12	10	259	3.72	269
13	13	290	4.29	303
14	13	249	4.96	262
15	13	238	5.18	251
16	16	286	5.30	302
17	13	225	5.46	238
18	8	237	3.27	245
19	22	323	6.38	345
20	3	208	1.42	211
21	17	248	6.42	265
22	17	271	5.90	288
23	6	265	2.21	271
24	13	231	5.33	244
25	8	324	2.41	332
26	16	285	5.32	301
27	10	282	3.42	292
28	19	243	7.25	262
29	9	280	3.11	289
30	13	263	4.71	276
31	16	266	5.67	282
32	16	271	5.57	287
33	10	236	4.07	246
34	22	272	7.48	294
35	16	282	5.37	298
36	6	225	2.60	231
37	18	266	6.34	284
38	10	224	4.27	234
39	11	243	4.33	254
40	9	265	3.28	274
41	9	227	3.81	236
42	14	279	4.78	293
43	14	232	5.69	246
44	13	245	5.04	258
45	17	256	6.23	273
46	20	258	7.19	278
47	18	263	6.41	281
48	7	270	2.53	277
49	12	216	5.26	228
50	14	250	5.30	264
51	13	247	5.00	260
52	9	227	3.81	236
53	15	239	5.91	254
54	15	214	6.55	229
55	14	258	5.15	272
56	13	232	5.31	245
57	9	248	3.50	257
58	8	217	3.56	225
59	15	249	5.68	264
60	11	223	4.70	234
61	15	260	5.45	275
62	15	222	6.33	237
63	13	217	5.65	230
64	13	240	5.14	253
65	18	230	7.26	248
66	14	248	5.34	262
67	10	236	4.07	246
68	5	207	2.36	212
69	16	189	7.80	205
70	8	223	3.46	231
71	19	239	7.36	258
72	6	240	2.44	246
73	25	224	10.04	249
74	6	192	3.03	198
75	13	161	7.47	174
76	12	197	5.74	209
77	12	210	5.41	222
78	8	219	3.52	227
79	9	205	4.21	214
80	8	165	4.62	173
81	8	161	4.73	169
82	7	194	3.48	201
83	4	129	3.01	133
84	3	171	1.72	174
85	5	185	2.63	190
86	8	182	4.21	190
87	11	176	5.88	187
88	4	119	3.25	123
89	6	147	3.92	153
90	4	107	3.60	111
91	4	125	3.10	129
92	5	116	4.13	121
93	12	134	8.22	146
94	6	133	4.32	139
95	5	102	4.67	107
96	11	101	9.82	112
97	6	115	4.96	121
98	3	105	2.78	108
99	4	59	6.35	63
100	0	6	0.00	6
101	0	5	0.00	5
102	0	2	0.00	2
103	1	5	16.67	6
104	0	4	0.00	4
105	0	1	0.00	1
106	0	5	0.00	5
107	0	6	0.00	6
108	0	3	0.00	3
109	0	4	0.00	4
110	0	5	0.00	5
111	0	1	0.00	1
112	1	7	12.50	8
113	1	1	50.00	2
114	0	5	0.00	5
115	0	4	0.00	4
116	0	4	0.00	4
117	0	7	0.00	7
118	1	3	25.00	4
119	0	5	0.00	5
120	0	4	0.00	4
121	1	1	50.00	2
122	0	1	0.00	1
123	0	4	0.00	4
124	0	5	0.00	5
125	0	3	0.00	3
126	0	1	0.00	1
127	0	2	0.00	2
128	0	2	0.00	2
129	0	3	0.00	3
130	0	1	0.00	1
131	0	2	0.00	2
132	1	0	100.00	1
133	0	1	0.00	1
134	0	2	0.00	2
135	0	0		0
136	1	0	100.00	1
137	0	2	0.00	2
138	0	1	0.00	1
139	0	4	0.00	4
140	0	2	0.00	2
141	0	0		0
142	0	0		0
143	0	0		0
144	1	1	50.00	2
145	0	1	0.00	1
146	0	0		0
147	0	1	0.00	1
148	0	1	0.00	1
149	0	1	0.00	1

CHG context (R1)
================
position	count methylated	count unmethylated	% methylation	coverage
1	0	10	0.00	10
2	0	20	0.00	20
3	0	19	0.00	19
4	1	145	0.68	146
5	0	194	0.00	194
6	0	240	0.00	240
7	1	279	0.36	280
8	1	223	0.45	224
9	2	223	0.89	225
10	2	218	0.91	220
11	1	236	0.42	237
12	1	207	0.48	208
13	0	195	0.00	195
14	0	189	0.00	189
15	2	240	0.83	242
16	0	219	0.00	219
17	0	242	0.00	242
18	0	255	0.00	255
19	0	211	0.00	211
20	1	171	0.58	172
21	0	218	0.00	218
22	0	244	0.00	244
23	0	177	0.00	177
24	1	191	0.52	192
25	0	219	0.00	219
26	1	188	0.53	189
27	4	214	1.83	218
28	0	240	0.00	240
29	0	173	0.00	173
30	3	178	1.66	181
31	1	228	0.44	229
32	0	190	0.00	190
33	0	267	0.00	267
34	0	220	0.00	220
35	1	237	0.42	238
36	1	249	0.40	250
37	1	191	0.52	192
38	0	198	0.00	198
39	0	219	0.00	219
40	0	199	0.00	199
41	2	251	0.79	253
42	0	206	0.00	206
43	1	195	0.51	196
44	1	244	0.41	245
45	2	203	0.98	205
46	0	222	0.00	222
47	3	186	1.59	189
48	2	201	0.99	203
49	0	202	0.00	202
50	0	214	0.00	214
51	2	213	0.93	215
52	0	211	0.00	211
53	1	207	0.48	208
54	1	199	0.50	200
55	0	191	0.00	191
56	0	224	0.00	224
57	0	196	0.00	196
58	0	196	0.00	196
59	1	164	0.61	165
60	0	159	0.00	159
61	1	183	0.54	184
62	0	182	0.00	182
63	1	194	0.51	195
64	0	194	0.00	194
65	0	193	0.00	193
66	3	172	1.71	175
67	0	178	0.00	178
68	1	174	0.57	175
69	0	189	0.00	189
70	3	192	1.54	195
71	1	162	0.61	163
72	1	159	0.62	160
73	1	169	0.59	170
74	1	143	0.69	144
75	2	153	1.29	155
76	1	189	0.53	190
77	0	167	0.00	167
78	0	165	0.00	165
79	0	145	0.00	145
80	0	129	0.00	129
81	0	182	0.00	182
82	2	118	1.67	120
83	0	146	0.00	146
84	0	116	0.00	116
85	0	135	0.00	135
86	1	158	0.63	159
87	0	117	0.00	117
88	0	119	0.00	119
89	0	119	0.00	119
90	0	104	0.00	104
91	1	145	0.68	146
92	1	99	1.00	100
93	0	86	0.00	86
94	0	92	0.00	92
95	0	93	0.00	93
96	0	123	0.00	123
97	0	111	0.00	111
98	0	92	0.00	92
99	0	29	0.00	29
100	0	5	0.00	5
101	0	4	0.00	4
102	0	5	0.00	5
103	0	3	0.00	3
104	0	3	0.00	3
105	0	4	0.00	4
106	0	5	0.00	5
107	0	1	0.00	1
108	0	8	0.00	8
109	0	7	0.00	7
110	0	2	0.00	2
111	0	4	0.00	4
112	0	2	0.00	2
113	0	4	0.00	4
114	0	4	0.00	4
115	0	4	0.00	4
116	0	2	0.00	2
117	0	0		0
118	0	4	0.00	4
119	0	1	0.00	1
120	0	3	0.00	3
121	0	4	0.00	4
122	0	3	0.00	3
123	0	0		0
124	0	2	0.00	2
125	0	1	0.00	1
126	0	1	0.00	1
127	0	1	0.00	1
128	0	1	0.00	1
129	0	1	0.00	1
130	0	1	0.00	1
131	0	2	0.00	2
132	0	1	0.00	1
133	0	0		0
134	0	0		0
135	0	1	0.00	1
136	0	4	0.00	4
137	0	0		0
138	0	0		0
139	0	2	0.00	2
140	0	0		0
141	0	3	0.00	3
142	0	0		0
143	0	0		0
144	0	1	0.00	1
145	0	0		0
146	0	0		0
147	0	0		0
148	0	2	0.00	2
149	0	1	0.00	1

CHH context (R1)
================
position	count methylated	count unmethylated	% methylation	coverage
1	0	29	0.00	29
2	0	35	0.00	35
3	0	15	0.00	15
4	0	342	0.00	342
5	2	403	0.49	405
6	3	452	0.66	455
7	1	378	0.26	379
8	2	355	0.56	357
9	3	323	0.92	326
10	1	333	0.30	334
11	1	325	0.31	326
12	1	344	0.29	345
13	1	364	0.27	365
14	1	369	0.27	370
15	0	401	0.00	401
16	0	375	0.00	375
17	1	329	0.30	330
18	1	308	0.32	309
19	0	329	0.00	329
20	1	347	0.29	348
21	3	324	0.92	327
22	0	310	0.00	310
23	1	330	0.30	331
24	0	377	0.00	377
25	1	373	0.27	374
26	0	367	0.00	367
27	0	429	0.00	429
28	0	371	0.00	371
29	1	341	0.29	342
30	1	388	0.26	389
31	2	358	0.56	360
32	1	369	0.27	370
33	0	312	0.00	312
34	0	312	0.00	312
35	2	280	0.71	282
36	3	369	0.81	372
37	1	355	0.28	356
38	0	345	0.00	345
39	0	345	0.00	345
40	1	307	0.32	308
41	2	338	0.59	340
42	1	344	0.29	345
43	0	338	0.00	338
44	1	351	0.28	352
45	0	340	0.00	340
46	2	347	0.57	349
47	2	309	0.64	311
48	1	346	0.29	347
49	0	366	0.00	366
50	0	371	0.00	371
51	0	414	0.00	414
52	1	356	0.28	357
53	0	335	0.00	335
54	2	313	0.63	315
55	1	332	0.30	333
56	1	288	0.35	289
57	0	251	0.00	251
58	0	298	0.00	298
59	0	317	0.00	317
60	0	336	0.00	336
61	0	339	0.00	339
62	0	332	0.00	332
63	0	303	0.00	303
64	1	337	0.30	338
65	0	296	0.00	296
66	0	283	0.00	283
67	1	306	0.33	307
68	1	363	0.27	364
69	2	323	0.62	325
70	2	274	0.72	276
71	0	297	0.00	297
72	1	278	0.36	279
73	0	307	0.00	307
74	0	265	0.00	265
75	1	346	0.29	347
76	0	295	0.00	295
77	0	253	0.00	253
78	0	276	0.00	276
79	1	268	0.37	269
80	0	277	0.00	277
81	0	255	0.00	255
82	0	268	0.00	268
83	0	248	0.00	248
84	0	258	0.00	258
85	0	255	0.00	255
86	1	258	0.39	259
87	0	207	0.00	207
88	1	265	0.38	266
89	0	203	0.00	203
90	0	194	0.00	194
91	1	185	0.54	186
92	1	210	0.47	211
93	2	172	1.15	174
94	0	169	0.00	169
95	0	202	0.00	202
96	1	156	0.64	157
97	1	137	0.72	138
98	0	159	0.00	159
99	0	62	0.00	62
100	0	12	0.00	12
101	0	8	0.00	8
102	0	5	0.00	5
103	0	4	0.00	4
104	0	8	0.00	8
105	0	7	0.00	7
106	0	8	0.00	8
107	0	7	0.00	7
108	0	5	0.00	5
109	0	3	0.00	3
110	0	7	0.00	7
111	0	2	0.00	2
112	0	5	0.00	5
113	0	6	0.00	6
114	0	6	0.00	6
115	0	5	0.00	5
116	0	1	0.00	1
117	0	4	0.00	4
118	0	2	0.00	2
119	0	2	0.00	2
120	0	4	0.00	4
121	0	4	0.00	4
122	0	3	0.00	3
123	0	0		0
124	0	1	0.00	1
125	0	1	0.00	1
126	0	2	0.00	2
127	0	4	0.00	4
128	0	2	0.00	2
129	0	2	0.00	2
130	0	1	0.00	1
131	0	1	0.00	1
132	0	1	0.00	1
133	0	3	0.00	3
134	0	2	0.00	2
135	0	3	0.00	3
136	0	0		0
137	0	0		0
138	0	1	0.00	1
139	0	0		0
140	0	3	0.00	3
141	0	1	0.00	1
142	0	1	0.00	1
143	0	1	0.00	1
144	0	0		0
145	0	1	0.00	1
146	0	3	0.00	3
147	0	2	0.00	2
148	0	0		0
149	0	1	0.00	1

CpG context (R2)
================
position	count methylated	count unmethylated	% methylation	coverage
1	0	30	0.00	30
2	0	12	0.00	12
3	2	64	3.03	66
4	9	65	12.16	74
5	4	111	3.48	115
6	6	89	6.32	95
7	5	120	4.00	125
8	2	85	2.30	87
9	4	60	6.25	64
10	9	77	10.47	86
11	4	58	6.45	62
12	3	66	4.35	69
13	6	79	7.06	85
14	3	56	5.08	59
15	0	60	0.00	60
16	1	61	1.61	62
17	0	29	0.00	29
18	1	50	1.96	51
19	2	31	6.06	33
20	2	49	3.92	51
21	2	37	5.13	39
22	1	40	2.44	41
23	3	30	9.09	33
24	2	62	3.12	64
25	0	30	0.00	30
26	0	24	0.00	24
27	4	35	10.26	39
28	3	22	12.00	25
29	0	39	0.00	39
30	1	17	5.56	18
31	2	27	6.90	29
32	1	27	3.57	28
33	5	6	45.45	11
34	1	20	4.76	21
35	0	10	0.00	10
36	1	11	8.33	12
37	0	21	0.00	21
38	0	18	0.00	18
39	0	9	0.00	9
40	1	11	8.33	12
41	0	6	0.00	6
42	0	8	0.00	8
43	0	13	0.00	13
44	2	10	16.67	12
45	0	1	0.00	1
46	2	10	16.67	12
47	0	9	0.00	9
48	1	9	10.00	10
49	0	1	0.00	1
50	2	9	18.18	11
51	0	8	0.00	8
52	1	2	33.33	3
53	0	4	0.00	4
54	0	6	0.00	6
55	0	1	0.00	1
56	0	2	0.00	2
57	0	2	0.00	2
58	1	2	33.33	3
59	0	4	0.00	4
60	2	1	66.67	3
61	0	2	0.00	2
62	0	2	0.00	2
63	1	0	100.00	1
64	0	4	0.00	4
65	0	1	0.00	1
66	0	1	0.00	1
67	0	2	0.00	2
68	0	1	0.00	1
69	0	0		0
70	0	0		0
71	0	1	0.00	1
72	0	1	0.00	1
73	0	0		0
74	0	1	0.00	1
75	0	2	0.00	2
76	0	1	0.00	1
77	0	1	0.00	1
78	0	1	0.00	1
79	0	0		0
80	0	1	0.00	1
81	0	0		0
82	0	1	0.00	1
83	0	0		0
84	0	0		0
85	0	0		0
86	0	0		0
87	0	0		0
88	0	0		0
89	0	1	0.00	1
90	0	0		0
91	0	1	0.00	1
92	0	0		0
93	0	0		0
94	0	0		0
95	0	0		0
96	0	0		0
97	0	1	0.00	1

CHG context (R2)
================
position	count methylated	count unmethylated	% methylation	coverage
1	16	2120	0.75	2136
2	1	30	3.23	31
3	0	1	0.00	1
4	1	38	2.56	39
5	0	60	0.00	60
6	2	68	2.86	70
7	1	76	1.30	77
8	0	84	0.00	84
9	0	85	0.00	85
10	0	48	0.00	48
11	0	62	0.00	62
12	0	33	0.00	33
13	0	44	0.00	44
14	0	44	0.00	44
15	0	50	0.00	50
16	0	42	0.00	42
17	0	53	0.00	53
18	0	46	0.00	46
19	0	39	0.00	39
20	0	41	0.00	41
21	0	36	0.00	36
22	0	47	0.00	47
23	0	33	0.00	33
24	0	14	0.00	14
25	1	40	2.44	41
26	0	12	0.00	12
27	0	14	0.00	14
28	0	24	0.00	24
29	0	19	0.00	19
30	0	23	0.00	23
31	0	30	0.00	30
32	0	14	0.00	14
33	0	20	0.00	20
34	0	15	0.00	15
35	0	24	0.00	24
36	0	18	0.00	18
37	0	13	0.00	13
38	0	15	0.00	15
39	0	10	0.00	10
40	0	16	0.00	16
41	0	21	0.00	21
42	0	4	0.00	4
43	0	5	0.00	5
44	0	2	0.00	2
45	0	10	0.00	10
46	0	2	0.00	2
47	0	10	0.00	10
48	0	6	0.00	6
49	0	13	0.00	13
50	0	4	0.00	4
51	0	5	0.00	5
52	0	7	0.00	7
53	0	7	0.00	7
54	0	1	0.00	1
55	0	3	0.00	3
56	0	6	0.00	6
57	0	1	0.00	1
58	0	2	0.00	2
59	0	0		0
60	0	6	0.00	6
61	0	1	0.00	1
62	0	0		0
63	0	2	0.00	2
64	0	0		0
65	0	1	0.00	1
66	0	0		0
67	0	1	0.00	1
68	0	2	0.00	2
69	0	0		0
70	0	1	0.00	1
71	0	0		0
72	0	0		0
73	0	0		0
74	0	1	0.00	1
75	0	0		0
76	0	0		0
77	0	0		0
78	0	0		0
79	0	0		0
80	0	1	0.00	1
81	0	0		0
82	0	0		0
83	0	1	0.00	1
84	0	1	0.00	1
85	0	0		0
86	0	1	0.00	1
87	0	0		0
88	0	0		0
89	0	1	0.00	1
90	0	1	0.00	1
91	0	0		0
92	0	0		0
93	0	0		0
94	0	0		0
95	0	1	0.00	1
96	0	0		0
97	0	0		0

CHH context (R2)
================
position	count methylated	count unmethylated	% methylation	coverage
1	0	11	0.00	11
2	1	1015	0.10	1016
3	1	247	0.40	248
4	1	186	0.53	187
5	1	128	0.78	129
6	1	96	1.03	97
7	1	94	1.05	95
8	0	131	0.00	131
9	1	122	0.81	123
10	1	130	0.76	131
11	0	85	0.00	85
12	0	78	0.00	78
13	0	49	0.00	49
14	0	68	0.00	68
15	0	67	0.00	67
16	0	67	0.00	67
17	0	70	0.00	70
18	0	82	0.00	82
19	0	73	0.00	73
20	0	59	0.00	59
21	0	48	0.00	48
22	0	40	0.00	40
23	0	49	0.00	49
24	0	46	0.00	46
25	0	38	0.00	38
26	0	35	0.00	35
27	0	34	0.00	34
28	1	25	3.85	26
29	0	35	0.00	35
30	0	31	0.00	31
31	0	24	0.00	24
32	0	31	0.00	31
33	1	24	4.00	25
34	0	23	0.00	23
35	0	27	0.00	27
36	0	25	0.00	25
37	0	16	0.00	16
38	0	24	0.00	24
39	0	8	0.00	8
40	0	20	0.00	20
41	0	21	0.00	21
42	0	24	0.00	24
43	0	17	0.00	17
44	0	17	0.00	17
45	0	12	0.00	12
46	1	13	7.14	14
47	0	8	0.00	8
48	0	8	0.00	8
49	0	7	0.00	7
50	0	6	0.00	6
51	1	11	8.33	12
52	0	10	0.00	10
53	0	7	0.00	7
54	0	12	0.00	12
55	0	9	0.00	9
56	0	5	0.00	5
57	0	3	0.00	3
58	0	2	0.00	2
59	0	1	0.00	1
60	0	2	0.00	2
61	0	3	0.00	3
62	0	3	0.00	3
63	0	0		0
64	0	1	0.00	1
65	0	0		0
66	0	1	0.00	1
67	0	1	0.00	1
68	0	1	0.00	1
69	0	2	0.00	2
70	0	0		0
71	0	1	0.00	1
72	0	0		0
73	0	0		0
74	0	0		0
75	0	0		0
76	0	0		0
77	0	0		0
78	0	1	0.00	1
79	0	0		0
80	0	1	0.00	1
81	0	1	0.00	1
82	0	0		0
83	0	0		0
84	0	0		0
85	0	0		0
86	0	0		0
87	0	1	0.00	1
88	0	0		0
89	0	0		0
90	0	0		0
91	0	0		0
92	0	0		0
93	0	0		0
94	0	0		0
95	0	0		0
96	0	0		0
97	0	0		0

