CpG context (R1)
================
position	count methylated	count unmethylated	% methylation	coverage
1	191	2185	8.04	2376
2	0	21	0.00	21
3	2	15	11.76	17
4	7	174	3.87	181
5	11	190	5.47	201
6	12	254	4.51	266
7	11	241	4.37	252
8	9	276	3.16	285
9	5	232	2.11	237
10	19	252	7.01	271
11	16	226	6.61	242
12	13	274	4.53	287
13	17	274	5.84	291
14	15	280	5.08	295
15	11	237	4.44	248
16	12	258	4.44	270
17	8	226	3.42	234
18	7	233	2.92	240
19	17	279	5.74	296
20	7	207	3.27	214
21	14	240	5.51	254
22	8	251	3.09	259
23	11	265	3.99	276
24	15	253	5.60	268
25	14	311	4.31	325
26	13	280	4.44	293
27	16	273	5.54	289
28	11	257	4.10	268
29	11	267	3.96	278
30	12	257	4.46	269
31	9	306	2.86	315
32	21	261	7.45	282
33	9	207	4.17	216
34	13	253	4.89	266
35	14	261	5.09	275
36	16	217	6.87	233
37	13	260	4.76	273
38	14	220	5.98	234
39	16	260	5.80	276
40	11	224	4.68	235
41	12	261	4.40	273
42	11	293	3.62	304
43	15	228	6.17	243
44	11	230	4.56	241
45	11	292	3.63	303
46	23	237	8.85	260
47	14	258	5.15	272
48	11	244	4.31	255
49	11	230	4.56	241
50	13	237	5.20	250
51	11	235	4.47	246
52	14	222	5.93	236
53	7	231	2.94	238
54	16	260	5.80	276
55	11	263	4.01	274
56	10	249	3.86	259
57	11	214	4.89	225
58	16	234	6.40	250
59	11	255	4.14	266
60	16	265	5.69	281
61	9	229	3.78	238
62	15	219	6.41	234
63	17	222	7.11	239
64	10	251	3.83	261
65	12	257	4.46	269
66	13	261	4.74	274
67	7	238	2.86	245
68	11	174	5.95	185
69	9	218	3.96	227
70	9	203	4.25	212
71	10	245	3.92	255
72	9	241	3.60	250
73	11	219	4.78	230
74	6	186	3.12	192
75	10	152	6.17	162
76	6	213	2.74	219
77	8	225	3.43	233
78	9	197	4.37	206
79	13	203	6.02	216
80	5	178	2.73	183
81	8	155	4.91	163
82	11	199	5.24	210
83	13	139	8.55	152
84	7	163	4.12	170
85	5	188	2.59	193
86	7	171	3.93	178
87	6	153	3.77	159
88	5	126	3.82	131
89	8	154	4.94	162
90	6	119	4.80	125
91	8	140	5.41	148
92	5	113	4.24	118
93	7	147	4.55	154
94	3	113	2.59	116
95	5	115	4.17	120
96	6	108	5.26	114
97	5	121	3.97	126
98	5	97	4.90	102
99	0	52	0.00	52
100	0	17	0.00	17
101	0	6	0.00	6
102	0	5	0.00	5
103	0	11	0.00	11
104	0	3	0.00	3
105	0	3	0.00	3
106	0	6	0.00	6
107	1	4	20.00	5
108	0	6	0.00	6
109	1	6	14.29	7
110	0	2	0.00	2
111	0	4	0.00	4
112	0	5	0.00	5
113	0	4	0.00	4
114	1	2	33.33	3
115	0	2	0.00	2
116	0	1	0.00	1
117	0	2	0.00	2
118	0	1	0.00	1
119	0	3	0.00	3
120	0	1	0.00	1
121	1	3	25.00	4
122	0	3	0.00	3
123	1	3	25.00	4
124	0	1	0.00	1
125	0	5	0.00	5
126	0	1	0.00	1
127	0	0		0
128	1	4	20.00	5
129	0	2	0.00	2
130	0	0		0
131	0	3	0.00	3
132	0	1	0.00	1
133	0	3	0.00	3
134	0	1	0.00	1
135	0	2	0.00	2
136	0	3	0.00	3
137	0	1	0.00	1
138	0	1	0.00	1
139	0	1	0.00	1
140	0	1	0.00	1
141	0	3	0.00	3
142	0	1	0.00	1
143	0	2	0.00	2
144	0	1	0.00	1
145	0	0		0
146	0	1	0.00	1
147	0	0		0
148	0	2	0.00	2
149	0	3	0.00	3

CHG context (R1)
================
position	count methylated	count unmethylated	% methylation	coverage
1	0	21	0.00	21
2	0	19	0.00	19
3	0	12	0.00	12
4	0	151	0.00	151
5	0	184	0.00	184
6	0	217	0.00	217
7	2	256	0.78	258
8	1	223	0.45	224
9	1	236	0.42	237
10	0	198	0.00	198
11	2	255	0.78	257
12	0	188	0.00	188
13	0	209	0.00	209
14	1	204	0.49	205
15	1	254	0.39	255
16	2	210	0.94	212
17	0	227	0.00	227
18	0	227	0.00	227
19	2	194	1.02	196
20	0	165	0.00	165
21	1	223	0.45	224
22	0	230	0.00	230
23	1	216	0.46	217
24	1	194	0.51	195
25	0	226	0.00	226
26	0	231	0.00	231
27	0	231	0.00	231
28	0	259	0.00	259
29	0	171	0.00	171
30	0	205	0.00	205
31	3	234	1.27	237
32	2	185	1.07	187
33	1	237	0.42	238
34	2	229	0.87	231
35	3	227	1.30	230
36	1	212	0.47	213
37	0	201	0.00	201
38	1	204	0.49	205
39	1	193	0.52	194
40	1	216	0.46	217
41	2	281	0.71	283
42	3	209	1.42	212
43	0	190	0.00	190
44	3	284	1.05	287
45	0	199	0.00	199
46	0	211	0.00	211
47	1	175	0.57	176
48	2	237	0.84	239
49	0	227	0.00	227
50	0	201	0.00	201
51	0	220	0.00	220
52	0	223	0.00	223
53	3	224	1.32	227
54	2	176	1.12	178
55	1	179	0.56	180
56	1	223	0.45	224
57	0	197	0.00	197
58	0	208	0.00	208
59	0	173	0.00	173
60	2	154	1.28	156
61	1	200	0.50	201
62	1	162	0.61	163
63	0	204	0.00	204
64	0	214	0.00	214
65	0	199	0.00	199
66	0	163	0.00	163
67	0	167	0.00	167
68	0	186	0.00	186
69	1	208	0.48	209
70	0	172	0.00	172
71	1	203	0.49	204
72	0	151	0.00	151
73	0	138	0.00	138
74	0	134	0.00	134
75	0	167	0.00	167
76	0	186	0.00	186
77	0	164	0.00	164
78	1	135	0.74	136
79	1	132	0.75	133
80	1	155	0.64	156
81	0	170	0.00	170
82	0	114	0.00	114
83	0	147	0.00	147
84	0	128	0.00	128
85	0	109	0.00	109
86	0	156	0.00	156
87	0	113	0.00	113
88	0	148	0.00	148
89	0	114	0.00	114
90	1	128	0.78	129
91	0	139	0.00	139
92	0	90	0.00	90
93	0	88	0.00	88
94	1	112	0.88	113
95	0	86	0.00	86
96	0	111	0.00	111
97	0	102	0.00	102
98	0	95	0.00	95
99	0	52	0.00	52
100	0	9	0.00	9
101	0	6	0.00	6
102	0	6	0.00	6
103	1	4	20.00	5
104	0	5	0.00	5
105	0	5	0.00	5
106	0	5	0.00	5
107	0	3	0.00	3
108	0	5	0.00	5
109	0	5	0.00	5
110	0	3	0.00	3
111	0	3	0.00	3
112	0	2	0.00	2
113	0	2	0.00	2
114	0	1	0.00	1
115	0	1	0.00	1
116	0	1	0.00	1
117	0	1	0.00	1
118	0	3	0.00	3
119	0	1	0.00	1
120	0	3	0.00	3
121	0	6	0.00	6
122	0	2	0.00	2
123	0	0		0
124	0	2	0.00	2
125	0	1	0.00	1
126	0	1	0.00	1
127	0	3	0.00	3
128	0	1	0.00	1
129	0	0		0
130	0	3	0.00	3
131	0	3	0.00	3
132	0	2	0.00	2
133	0	0		0
134	0	0		0
135	0	2	0.00	2
136	0	1	0.00	1
137	0	0		0
138	0	0		0
139	0	1	0.00	1
140	0	1	0.00	1
141	0	0		0
142	0	3	0.00	3
143	0	0		0
144	0	0		0
145	0	2	0.00	2
146	0	0		0
147	0	1	0.00	1
148	0	3	0.00	3
149	0	1	0.00	1

CHH context (R1)
================
position	count methylated	count unmethylated	% methylation	coverage
1	1	36	2.70	37
2	0	35	0.00	35
3	0	17	0.00	17
4	0	316	0.00	316
5	2	401	0.50	403
6	0	442	0.00	442
7	2	406	0.49	408
8	0	350	0.00	350
9	0	345	0.00	345
10	0	343	0.00	343
11	2	323	0.62	325
12	0	310	0.00	310
13	1	382	0.26	383
14	0	382	0.00	382
15	3	349	0.85	352
16	4	345	1.15	349
17	1	327	0.30	328
18	3	301	0.99	304
19	1	344	0.29	345
20	1	344	0.29	345
21	1	360	0.28	361
22	0	348	0.00	348
23	3	352	0.85	355
24	1	357	0.28	358
25	0	382	0.00	382
26	1	340	0.29	341
27	2	411	0.48	413
28	3	346	0.86	349
29	1	338	0.29	339
30	0	370	0.00	370
31	0	336	0.00	336
32	0	367	0.00	367
33	1	366	0.27	367
34	1	308	0.32	309
35	1	316	0.32	317
36	2	345	0.58	347
37	0	340	0.00	340
38	1	363	0.27	364
39	1	338	0.29	339
40	1	366	0.27	367
41	2	335	0.59	337
42	0	335	0.00	335
43	0	377	0.00	377
44	0	324	0.00	324
45	0	305	0.00	305
46	2	337	0.59	339
47	2	330	0.60	332
48	1	330	0.30	331
49	1	365	0.27	366
50	1	372	0.27	373
51	1	388	0.26	389
52	0	363	0.00	363
53	3	326	0.91	329
54	0	328	0.00	328
55	0	342	0.00	342
56	2	317	0.63	319
57	2	282	0.70	284
58	1	287	0.35	288
59	1	339	0.29	340
60	2	303	0.66	305
61	3	346	0.86	349
62	2	332	0.60	334
63	0	314	0.00	314
64	3	330	0.90	333
65	2	321	0.62	323
66	1	276	0.36	277
67	2	348	0.57	350
68	1	362	0.28	363
69	1	296	0.34	297
70	3	297	1.00	300
71	1	255	0.39	256
72	0	272	0.00	272
73	1	318	0.31	319
74	2	269	0.74	271
75	1	322	0.31	323
76	2	300	0.66	302
77	1	260	0.38	261
78	0	261	0.00	261
79	2	272	0.73	274
80	0	314	0.00	314
81	1	259	0.38	260
82	1	264	0.38	265
83	0	240	0.00	240
84	0	239	0.00	239
85	1	264	0.38	265
86	2	263	0.75	265
87	0	199	0.00	199
88	0	253	0.00	253
89	0	228	0.00	228
90	0	185	0.00	185
91	0	181	0.00	181
92	0	202	0.00	202
93	1	182	0.55	183
94	1	166	0.60	167
95	0	191	0.00	191
96	2	150	1.32	152
97	0	146	0.00	146
98	1	174	0.57	175
99	0	83	0.00	83
100	1	5	16.67	6
101	0	6	0.00	6
102	0	4	0.00	4
103	0	5	0.00	5
104	0	6	0.00	6
105	0	6	0.00	6
106	0	6	0.00	6
107	0	6	0.00	6
108	0	6	0.00	6
109	0	5	0.00	5
110	0	9	0.00	9
111	0	8	0.00	8
112	0	1	0.00	1
113	0	3	0.00	3
114	0	5	0.00	5
115	0	3	0.00	3
116	0	2	0.00	2
117	0	3	0.00	3
118	0	5	0.00	5
119	0	2	0.00	2
120	0	3	0.00	3
121	0	1	0.00	1
122	0	1	0.00	1
123	0	1	0.00	1
124	0	2	0.00	2
125	0	3	0.00	3
126	0	2	0.00	2
127	0	3	0.00	3
128	0	1	0.00	1
129	0	2	0.00	2
130	0	0		0
131	0	2	0.00	2
132	0	1	0.00	1
133	0	2	0.00	2
134	0	3	0.00	3
135	0	4	0.00	4
136	0	1	0.00	1
137	0	0		0
138	0	0		0
139	0	1	0.00	1
140	0	0		0
141	0	0		0
142	0	0		0
143	0	1	0.00	1
144	0	1	0.00	1
145	0	2	0.00	2
146	0	1	0.00	1
147	0	2	0.00	2
148	0	1	0.00	1
149	0	0		0

CpG context (R2)
================
position	count methylated	count unmethylated	% methylation	coverage
1	0	26	0.00	26
2	0	15	0.00	15
3	4	71	5.33	75
4	2	74	2.63	76
5	10	88	10.20	98
6	3	83	3.49	86
7	3	151	1.95	154
8	1	74	1.33	75
9	5	71	6.58	76
10	2	79	2.47	81
11	2	61	3.17	63
12	4	57	6.56	61
13	3	77	3.75	80
14	1	42	2.33	43
15	4	49	7.55	53
16	3	52	5.45	55
17	1	46	2.13	47
18	0	41	0.00	41
19	1	41	2.38	42
20	1	34	2.86	35
21	0	39	0.00	39
22	2	34	5.56	36
23	7	45	13.46	52
24	2	59	3.28	61
25	2	34	5.56	36
26	0	22	0.00	22
27	1	29	3.33	30
28	1	23	4.17	24
29	1	32	3.03	33
30	4	13	23.53	17
31	1	24	4.00	25
32	0	19	0.00	19
33	2	11	15.38	13
34	1	13	7.14	14
35	0	15	0.00	15
36	1	16	5.88	17
37	1	20	4.76	21
38	1	11	8.33	12
39	0	11	0.00	11
40	1	5	16.67	6
41	0	10	0.00	10
42	0	5	0.00	5
43	1	8	11.11	9
44	0	5	0.00	5
45	1	4	20.00	5
46	6	17	26.09	23
47	0	3	0.00	3
48	0	6	0.00	6
49	0	7	0.00	7
50	1	7	12.50	8
51	0	7	0.00	7
52	3	10	23.08	13
53	0	2	0.00	2
54	2	8	20.00	10
55	0	5	0.00	5
56	1	2	33.33	3
57	1	0	100.00	1
58	0	2	0.00	2
59	0	2	0.00	2
60	2	1	66.67	3
61	0	2	0.00	2
62	0	0		0
63	0	3	0.00	3
64	0	1	0.00	1
65	1	1	50.00	2
66	0	3	0.00	3
67	1	0	100.00	1
68	0	2	0.00	2
69	0	0		0
70	1	2	33.33	3
71	0	0		0
72	0	0		0
73	0	0		0
74	0	0		0
75	0	1	0.00	1
76	0	0		0
77	0	0		0
78	0	1	0.00	1
79	0	0		0
80	0	0		0
81	0	0		0
82	0	0		0
83	0	0		0
84	0	0		0
85	0	0		0
86	0	0		0
87	0	0		0
88	0	1	0.00	1
89	0	0		0
90	0	0		0
91	0	0		0
92	0	2	0.00	2
93	0	0		0
94	0	1	0.00	1
95	0	0		0
96	0	1	0.00	1
97	0	1	0.00	1

CHG context (R2)
================
position	count methylated	count unmethylated	% methylation	coverage
1	14	2107	0.66	2121
2	0	23	0.00	23
3	0	7	0.00	7
4	0	27	0.00	27
5	0	51	0.00	51
6	0	58	0.00	58
7	0	58	0.00	58
8	0	104	0.00	104
9	0	69	0.00	69
10	0	61	0.00	61
11	0	76	0.00	76
12	1	37	2.63	38
13	0	41	0.00	41
14	1	45	2.17	46
15	0	39	0.00	39
16	0	46	0.00	46
17	1	38	2.56	39
18	0	57	0.00	57
19	0	34	0.00	34
20	0	51	0.00	51
21	0	39	0.00	39
22	0	35	0.00	35
23	0	23	0.00	23
24	0	27	0.00	27
25	0	50	0.00	50
26	0	26	0.00	26
27	0	11	0.00	11
28	0	19	0.00	19
29	0	24	0.00	24
30	0	23	0.00	23
31	0	31	0.00	31
32	0	16	0.00	16
33	0	30	0.00	30
34	0	16	0.00	16
35	0	21	0.00	21
36	0	12	0.00	12
37	0	12	0.00	12
38	0	10	0.00	10
39	0	7	0.00	7
40	0	10	0.00	10
41	0	16	0.00	16
42	0	7	0.00	7
43	0	13	0.00	13
44	0	4	0.00	4
45	0	7	0.00	7
46	0	5	0.00	5
47	0	12	0.00	12
48	0	6	0.00	6
49	0	7	0.00	7
50	1	6	14.29	7
51	0	3	0.00	3
52	0	7	0.00	7
53	0	4	0.00	4
54	0	1	0.00	1
55	0	10	0.00	10
56	0	4	0.00	4
57	0	1	0.00	1
58	0	2	0.00	2
59	0	2	0.00	2
60	0	3	0.00	3
61	0	1	0.00	1
62	0	1	0.00	1
63	0	5	0.00	5
64	0	3	0.00	3
65	0	0		0
66	0	1	0.00	1
67	0	0		0
68	0	0		0
69	0	0		0
70	0	2	0.00	2
71	0	1	0.00	1
72	0	0		0
73	0	1	0.00	1
74	0	0		0
75	0	0		0
76	0	0		0
77	0	0		0
78	0	1	0.00	1
79	0	0		0
80	0	0		0
81	0	0		0
82	0	0		0
83	0	0		0
84	0	0		0
85	0	0		0
86	0	0		0
87	0	0		0
88	0	0		0
89	0	1	0.00	1
90	0	0		0
91	0	0		0
92	0	0		0
93	0	0		0
94	0	0		0
95	0	0		0
96	0	0		0
97	0	0		0

CHH context (R2)
================
position	count methylated	count unmethylated	% methylation	coverage
1	0	8	0.00	8
2	2	987	0.20	989
3	3	268	1.11	271
4	0	188	0.00	188
5	0	135	0.00	135
6	0	90	0.00	90
7	0	96	0.00	96
8	1	106	0.93	107
9	0	101	0.00	101
10	0	109	0.00	109
11	0	79	0.00	79
12	0	81	0.00	81
13	0	81	0.00	81
14	0	102	0.00	102
15	0	91	0.00	91
16	0	50	0.00	50
17	0	51	0.00	51
18	1	56	1.75	57
19	0	80	0.00	80
20	0	54	0.00	54
21	0	49	0.00	49
22	0	32	0.00	32
23	0	42	0.00	42
24	0	31	0.00	31
25	0	34	0.00	34
26	0	23	0.00	23
27	0	34	0.00	34
28	0	28	0.00	28
29	0	34	0.00	34
30	0	29	0.00	29
31	1	31	3.12	32
32	0	37	0.00	37
33	0	19	0.00	19
34	0	35	0.00	35
35	0	30	0.00	30
36	0	22	0.00	22
37	0	17	0.00	17
38	0	15	0.00	15
39	0	14	0.00	14
40	0	16	0.00	16
41	0	15	0.00	15
42	0	19	0.00	19
43	0	18	0.00	18
44	0	21	0.00	21
45	0	12	0.00	12
46	0	12	0.00	12
47	0	14	0.00	14
48	0	6	0.00	6
49	0	7	0.00	7
50	0	4	0.00	4
51	0	12	0.00	12
52	0	13	0.00	13
53	0	10	0.00	10
54	0	7	0.00	7
55	0	6	0.00	6
56	0	10	0.00	10
57	0	4	0.00	4
58	0	6	0.00	6
59	0	2	0.00	2
60	0	1	0.00	1
61	1	1	50.00	2
62	0	2	0.00	2
63	0	0		0
64	0	0		0
65	0	1	0.00	1
66	0	0		0
67	0	1	0.00	1
68	0	5	0.00	5
69	0	0		0
70	0	0		0
71	0	1	0.00	1
72	0	1	0.00	1
73	0	1	0.00	1
74	0	2	0.00	2
75	0	0		0
76	0	0		0
77	0	0		0
78	0	0		0
79	0	0		0
80	0	0		0
81	0	0		0
82	0	0		0
83	0	0		0
84	0	0		0
85	0	1	0.00	1
86	0	0		0
87	0	0		0
88	0	0		0
89	0	0		0
90	0	0		0
91	0	0		0
92	0	0		0
93	0	0		0
94	0	0		0
95	0	0		0
96	0	0		0
97	0	0		0

