CpG context (R1)
================
position	count methylated	count unmethylated	% methylation	coverage
1	186	2198	7.80	2384
2	0	17	0.00	17
3	1	15	6.25	16
4	11	174	5.95	185
5	8	207	3.72	215
6	12	247	4.63	259
7	14	237	5.58	251
8	15	250	5.66	265
9	15	278	5.12	293
10	6	226	2.59	232
11	9	262	3.32	271
12	17	278	5.76	295
13	10	289	3.34	299
14	19	252	7.01	271
15	12	240	4.76	252
16	9	304	2.88	313
17	6	227	2.58	233
18	9	258	3.37	267
19	16	298	5.10	314
20	8	209	3.69	217
21	9	206	4.19	215
22	11	276	3.83	287
23	15	253	5.60	268
24	14	232	5.69	246
25	19	301	5.94	320
26	12	286	4.03	298
27	10	271	3.56	281
28	21	267	7.29	288
29	17	266	6.01	283
30	12	270	4.26	282
31	13	311	4.01	324
32	13	277	4.48	290
33	5	262	1.87	267
34	13	248	4.98	261
35	5	271	1.81	276
36	7	232	2.93	239
37	14	256	5.19	270
38	11	245	4.30	256
39	17	227	6.97	244
40	9	278	3.14	287
41	12	227	5.02	239
42	10	297	3.26	307
43	15	238	5.93	253
44	12	268	4.29	280
45	13	278	4.47	291
46	12	226	5.04	238
47	7	259	2.63	266
48	8	260	2.99	268
49	8	233	3.32	241
50	7	235	2.89	242
51	8	219	3.52	227
52	14	201	6.51	215
53	13	235	5.24	248
54	13	223	5.51	236
55	15	274	5.19	289
56	19	221	7.92	240
57	18	220	7.56	238
58	12	218	5.22	230
59	13	261	4.74	274
60	7	231	2.94	238
61	15	229	6.15	244
62	20	216	8.47	236
63	13	207	5.91	220
64	11	245	4.30	256
65	8	237	3.27	245
66	20	244	7.58	264
67	21	211	9.05	232
68	13	221	5.56	234
69	10	210	4.55	220
70	18	238	7.03	256
71	15	286	4.98	301
72	9	243	3.57	252
73	13	207	5.91	220
74	12	205	5.53	217
75	13	217	5.65	230
76	8	194	3.96	202
77	13	225	5.46	238
78	10	202	4.72	212
79	8	220	3.51	228
80	9	180	4.76	189
81	9	162	5.26	171
82	5	168	2.89	173
83	7	120	5.51	127
84	10	144	6.49	154
85	5	192	2.54	197
86	7	156	4.29	163
87	8	154	4.94	162
88	5	125	3.85	130
89	9	140	6.04	149
90	4	133	2.92	137
91	10	150	6.25	160
92	5	131	3.68	136
93	6	145	3.97	151
94	5	122	3.94	127
95	6	109	5.22	115
96	6	96	5.88	102
97	9	147	5.77	156
98	7	110	5.98	117
99	2	37	5.13	39
100	1	6	14.29	7
101	0	7	0.00	7
102	1	3	25.00	4
103	3	9	25.00	12
104	0	3	0.00	3
105	0	6	0.00	6
106	1	3	25.00	4
107	1	4	20.00	5
108	1	2	33.33	3
109	2	6	25.00	8
110	0	4	0.00	4
111	2	7	22.22	9
112	1	5	16.67	6
113	1	4	20.00	5
114	0	3	0.00	3
115	0	3	0.00	3
116	0	4	0.00	4
117	0	3	0.00	3
118	0	3	0.00	3
119	0	3	0.00	3
120	1	3	25.00	4
121	1	1	50.00	2
122	0	4	0.00	4
123	0	2	0.00	2
124	0	3	0.00	3
125	1	6	14.29	7
126	0	2	0.00	2
127	0	1	0.00	1
128	0	3	0.00	3
129	0	3	0.00	3
130	1	1	50.00	2
131	0	3	0.00	3
132	0	1	0.00	1
133	1	4	20.00	5
134	0	2	0.00	2
135	0	4	0.00	4
136	0	5	0.00	5
137	0	2	0.00	2
138	1	4	20.00	5
139	0	0		0
140	0	4	0.00	4
141	1	2	33.33	3
142	0	3	0.00	3
143	0	1	0.00	1
144	0	0		0
145	0	3	0.00	3
146	1	0	100.00	1
147	0	2	0.00	2
148	0	3	0.00	3
149	0	1	0.00	1

CHG context (R1)
================
position	count methylated	count unmethylated	% methylation	coverage
1	0	18	0.00	18
2	0	18	0.00	18
3	0	14	0.00	14
4	0	142	0.00	142
5	1	180	0.55	181
6	0	257	0.00	257
7	4	248	1.59	252
8	0	223	0.00	223
9	2	222	0.89	224
10	1	190	0.52	191
11	1	259	0.38	260
12	0	197	0.00	197
13	0	182	0.00	182
14	0	193	0.00	193
15	0	220	0.00	220
16	0	210	0.00	210
17	0	246	0.00	246
18	1	285	0.35	286
19	1	172	0.58	173
20	0	151	0.00	151
21	1	237	0.42	238
22	0	260	0.00	260
23	1	212	0.47	213
24	1	194	0.51	195
25	2	243	0.82	245
26	1	215	0.46	216
27	1	221	0.45	222
28	3	236	1.26	239
29	0	173	0.00	173
30	0	200	0.00	200
31	2	233	0.85	235
32	2	207	0.96	209
33	0	255	0.00	255
34	0	218	0.00	218
35	2	230	0.86	232
36	0	185	0.00	185
37	1	204	0.49	205
38	0	187	0.00	187
39	1	245	0.41	246
40	3	226	1.31	229
41	0	263	0.00	263
42	0	192	0.00	192
43	0	222	0.00	222
44	1	260	0.38	261
45	0	177	0.00	177
46	1	214	0.47	215
47	1	205	0.49	206
48	0	189	0.00	189
49	0	214	0.00	214
50	0	200	0.00	200
51	0	205	0.00	205
52	2	243	0.82	245
53	2	193	1.03	195
54	1	196	0.51	197
55	1	160	0.62	161
56	0	206	0.00	206
57	3	224	1.32	227
58	1	205	0.49	206
59	0	179	0.00	179
60	0	154	0.00	154
61	0	189	0.00	189
62	1	177	0.56	178
63	0	194	0.00	194
64	1	206	0.48	207
65	0	212	0.00	212
66	3	186	1.59	189
67	0	203	0.00	203
68	0	182	0.00	182
69	0	197	0.00	197
70	0	196	0.00	196
71	3	150	1.96	153
72	0	152	0.00	152
73	0	183	0.00	183
74	1	153	0.65	154
75	0	157	0.00	157
76	0	195	0.00	195
77	1	155	0.64	156
78	1	167	0.60	168
79	0	146	0.00	146
80	1	119	0.83	120
81	0	174	0.00	174
82	0	128	0.00	128
83	0	137	0.00	137
84	0	122	0.00	122
85	1	120	0.83	121
86	1	154	0.65	155
87	0	119	0.00	119
88	1	136	0.73	137
89	0	107	0.00	107
90	0	116	0.00	116
91	0	132	0.00	132
92	1	110	0.90	111
93	0	75	0.00	75
94	0	84	0.00	84
95	0	87	0.00	87
96	0	122	0.00	122
97	1	120	0.83	121
98	1	90	1.10	91
99	0	39	0.00	39
100	0	6	0.00	6
101	0	1	0.00	1
102	0	5	0.00	5
103	0	7	0.00	7
104	0	6	0.00	6
105	0	6	0.00	6
106	0	5	0.00	5
107	0	4	0.00	4
108	0	4	0.00	4
109	0	5	0.00	5
110	0	4	0.00	4
111	0	1	0.00	1
112	0	6	0.00	6
113	0	4	0.00	4
114	0	1	0.00	1
115	0	0		0
116	0	3	0.00	3
117	0	0		0
118	0	4	0.00	4
119	0	3	0.00	3
120	0	2	0.00	2
121	0	3	0.00	3
122	0	2	0.00	2
123	0	1	0.00	1
124	0	2	0.00	2
125	0	2	0.00	2
126	0	1	0.00	1
127	0	3	0.00	3
128	0	2	0.00	2
129	0	0		0
130	0	3	0.00	3
131	0	1	0.00	1
132	0	3	0.00	3
133	0	0		0
134	0	2	0.00	2
135	0	4	0.00	4
136	0	2	0.00	2
137	0	0		0
138	0	0		0
139	1	2	33.33	3
140	0	1	0.00	1
141	0	1	0.00	1
142	0	2	0.00	2
143	0	1	0.00	1
144	0	1	0.00	1
145	0	0		0
146	0	0		0
147	0	2	0.00	2
148	0	1	0.00	1
149	0	2	0.00	2

CHH context (R1)
================
position	count methylated	count unmethylated	% methylation	coverage
1	1	25	3.85	26
2	1	22	4.35	23
3	0	14	0.00	14
4	2	329	0.60	331
5	1	393	0.25	394
6	0	424	0.00	424
7	3	412	0.72	415
8	0	346	0.00	346
9	2	351	0.57	353
10	2	335	0.59	337
11	2	333	0.60	335
12	1	326	0.31	327
13	0	361	0.00	361
14	3	368	0.81	371
15	3	352	0.85	355
16	2	329	0.60	331
17	1	321	0.31	322
18	0	296	0.00	296
19	2	333	0.60	335
20	0	387	0.00	387
21	0	369	0.00	369
22	1	330	0.30	331
23	1	360	0.28	361
24	0	341	0.00	341
25	1	379	0.26	380
26	4	360	1.10	364
27	3	404	0.74	407
28	1	348	0.29	349
29	0	360	0.00	360
30	0	360	0.00	360
31	1	348	0.29	349
32	3	375	0.79	378
33	3	314	0.95	317
34	1	330	0.30	331
35	0	291	0.00	291
36	1	354	0.28	355
37	2	343	0.58	345
38	1	371	0.27	372
39	0	374	0.00	374
40	0	339	0.00	339
41	1	303	0.33	304
42	2	372	0.53	374
43	3	305	0.97	308
44	0	332	0.00	332
45	2	304	0.65	306
46	2	360	0.55	362
47	1	342	0.29	343
48	3	332	0.90	335
49	1	391	0.26	392
50	1	422	0.24	423
51	3	431	0.69	434
52	3	348	0.85	351
53	0	354	0.00	354
54	1	330	0.30	331
55	2	345	0.58	347
56	0	316	0.00	316
57	0	304	0.00	304
58	0	311	0.00	311
59	0	317	0.00	317
60	1	315	0.32	316
61	0	360	0.00	360
62	0	350	0.00	350
63	2	317	0.63	319
64	0	334	0.00	334
65	1	313	0.32	314
66	3	268	1.11	271
67	0	326	0.00	326
68	1	331	0.30	332
69	1	338	0.29	339
70	0	288	0.00	288
71	1	292	0.34	293
72	0	259	0.00	259
73	2	313	0.63	315
74	2	280	0.71	282
75	2	315	0.63	317
76	0	302	0.00	302
77	0	270	0.00	270
78	0	261	0.00	261
79	0	267	0.00	267
80	1	284	0.35	285
81	3	234	1.27	237
82	1	300	0.33	301
83	1	226	0.44	227
84	1	274	0.36	275
85	1	286	0.35	287
86	0	267	0.00	267
87	0	211	0.00	211
88	0	251	0.00	251
89	0	208	0.00	208
90	0	165	0.00	165
91	0	185	0.00	185
92	0	164	0.00	164
93	1	167	0.60	168
94	0	163	0.00	163
95	1	202	0.49	203
96	0	166	0.00	166
97	0	157	0.00	157
98	2	167	1.18	169
99	0	69	0.00	69
100	0	5	0.00	5
101	0	10	0.00	10
102	0	7	0.00	7
103	0	9	0.00	9
104	0	8	0.00	8
105	0	5	0.00	5
106	0	4	0.00	4
107	0	5	0.00	5
108	0	5	0.00	5
109	0	4	0.00	4
110	1	8	11.11	9
111	0	5	0.00	5
112	0	2	0.00	2
113	0	4	0.00	4
114	0	4	0.00	4
115	0	5	0.00	5
116	0	3	0.00	3
117	0	6	0.00	6
118	0	3	0.00	3
119	0	2	0.00	2
120	0	4	0.00	4
121	0	4	0.00	4
122	0	2	0.00	2
123	0	3	0.00	3
124	0	4	0.00	4
125	0	2	0.00	2
126	0	3	0.00	3
127	0	4	0.00	4
128	0	2	0.00	2
129	0	1	0.00	1
130	0	0		0
131	0	2	0.00	2
132	0	2	0.00	2
133	0	2	0.00	2
134	0	3	0.00	3
135	0	2	0.00	2
136	0	0		0
137	0	1	0.00	1
138	0	0		0
139	0	0		0
140	0	0		0
141	0	1	0.00	1
142	0	2	0.00	2
143	0	2	0.00	2
144	0	0		0
145	0	1	0.00	1
146	0	1	0.00	1
147	0	1	0.00	1
148	0	1	0.00	1
149	0	2	0.00	2

CpG context (R2)
================
position	count methylated	count unmethylated	% methylation	coverage
1	0	19	0.00	19
2	0	22	0.00	22
3	3	63	4.55	66
4	6	61	8.96	67
5	7	78	8.24	85
6	5	72	6.49	77
7	3	106	2.75	109
8	1	81	1.22	82
9	4	71	5.33	75
10	5	96	4.95	101
11	3	61	4.69	64
12	4	61	6.15	65
13	4	78	4.88	82
14	3	38	7.32	41
15	2	58	3.33	60
16	1	56	1.75	57
17	1	30	3.23	31
18	5	57	8.06	62
19	2	27	6.90	29
20	0	55	0.00	55
21	1	29	3.33	30
22	1	37	2.63	38
23	4	32	11.11	36
24	4	42	8.70	46
25	0	22	0.00	22
26	2	27	6.90	29
27	2	27	6.90	29
28	0	28	0.00	28
29	2	31	6.06	33
30	2	25	7.41	27
31	3	27	10.00	30
32	0	13	0.00	13
33	2	12	14.29	14
34	2	17	10.53	19
35	0	15	0.00	15
36	0	17	0.00	17
37	1	20	4.76	21
38	2	20	9.09	22
39	0	7	0.00	7
40	1	10	9.09	11
41	0	11	0.00	11
42	0	11	0.00	11
43	2	10	16.67	12
44	0	20	0.00	20
45	0	4	0.00	4
46	4	12	25.00	16
47	0	9	0.00	9
48	0	6	0.00	6
49	0	6	0.00	6
50	1	5	16.67	6
51	0	6	0.00	6
52	4	9	30.77	13
53	1	1	50.00	2
54	1	8	11.11	9
55	0	6	0.00	6
56	1	4	20.00	5
57	0	4	0.00	4
58	1	6	14.29	7
59	0	2	0.00	2
60	0	2	0.00	2
61	0	3	0.00	3
62	0	1	0.00	1
63	0	0		0
64	0	5	0.00	5
65	0	0		0
66	0	2	0.00	2
67	0	1	0.00	1
68	0	2	0.00	2
69	0	2	0.00	2
70	0	0		0
71	0	3	0.00	3
72	0	1	0.00	1
73	0	0		0
74	0	0		0
75	0	1	0.00	1
76	0	1	0.00	1
77	0	2	0.00	2
78	0	0		0
79	0	1	0.00	1
80	0	0		0
81	0	1	0.00	1
82	0	1	0.00	1
83	0	1	0.00	1
84	0	0		0
85	0	0		0
86	0	1	0.00	1
87	0	1	0.00	1
88	0	0		0
89	0	0		0
90	0	0		0
91	0	1	0.00	1
92	0	0		0
93	0	0		0
94	0	3	0.00	3
95	0	0		0
96	0	0		0
97	0	3	0.00	3

CHG context (R2)
================
position	count methylated	count unmethylated	% methylation	coverage
1	4	2112	0.19	2116
2	0	24	0.00	24
3	0	9	0.00	9
4	1	44	2.22	45
5	0	56	0.00	56
6	0	84	0.00	84
7	0	70	0.00	70
8	0	91	0.00	91
9	0	80	0.00	80
10	0	54	0.00	54
11	1	67	1.47	68
12	0	26	0.00	26
13	0	50	0.00	50
14	0	52	0.00	52
15	0	46	0.00	46
16	0	52	0.00	52
17	1	50	1.96	51
18	1	45	2.17	46
19	0	56	0.00	56
20	0	42	0.00	42
21	0	37	0.00	37
22	0	44	0.00	44
23	0	21	0.00	21
24	0	21	0.00	21
25	0	33	0.00	33
26	0	20	0.00	20
27	1	13	7.14	14
28	0	15	0.00	15
29	0	21	0.00	21
30	0	17	0.00	17
31	1	29	3.33	30
32	0	18	0.00	18
33	0	20	0.00	20
34	0	17	0.00	17
35	0	18	0.00	18
36	0	17	0.00	17
37	0	6	0.00	6
38	0	8	0.00	8
39	0	16	0.00	16
40	0	14	0.00	14
41	0	9	0.00	9
42	0	3	0.00	3
43	0	11	0.00	11
44	0	5	0.00	5
45	0	10	0.00	10
46	0	2	0.00	2
47	0	8	0.00	8
48	0	10	0.00	10
49	0	7	0.00	7
50	0	14	0.00	14
51	0	6	0.00	6
52	0	10	0.00	10
53	0	4	0.00	4
54	0	0		0
55	0	9	0.00	9
56	0	5	0.00	5
57	0	0		0
58	0	4	0.00	4
59	0	3	0.00	3
60	0	4	0.00	4
61	0	1	0.00	1
62	0	1	0.00	1
63	0	4	0.00	4
64	0	1	0.00	1
65	0	1	0.00	1
66	0	0		0
67	0	1	0.00	1
68	0	1	0.00	1
69	0	1	0.00	1
70	0	3	0.00	3
71	0	0		0
72	0	3	0.00	3
73	0	2	0.00	2
74	0	1	0.00	1
75	0	3	0.00	3
76	0	0		0
77	0	1	0.00	1
78	0	3	0.00	3
79	0	0		0
80	0	1	0.00	1
81	0	0		0
82	0	0		0
83	0	0		0
84	0	1	0.00	1
85	0	0		0
86	0	1	0.00	1
87	0	3	0.00	3
88	0	0		0
89	0	0		0
90	0	1	0.00	1
91	0	0		0
92	0	1	0.00	1
93	0	0		0
94	0	0		0
95	0	1	0.00	1
96	0	0		0
97	0	0		0

CHH context (R2)
================
position	count methylated	count unmethylated	% methylation	coverage
1	0	18	0.00	18
2	7	929	0.75	936
3	1	240	0.41	241
4	0	189	0.00	189
5	1	150	0.66	151
6	0	104	0.00	104
7	1	101	0.98	102
8	1	130	0.76	131
9	0	99	0.00	99
10	0	121	0.00	121
11	0	79	0.00	79
12	1	91	1.09	92
13	1	66	1.49	67
14	0	80	0.00	80
15	0	76	0.00	76
16	0	50	0.00	50
17	0	61	0.00	61
18	1	60	1.64	61
19	0	74	0.00	74
20	0	50	0.00	50
21	0	51	0.00	51
22	0	38	0.00	38
23	1	43	2.27	44
24	0	41	0.00	41
25	0	53	0.00	53
26	0	35	0.00	35
27	0	28	0.00	28
28	0	36	0.00	36
29	1	29	3.33	30
30	0	17	0.00	17
31	0	25	0.00	25
32	0	32	0.00	32
33	0	23	0.00	23
34	0	23	0.00	23
35	0	18	0.00	18
36	0	15	0.00	15
37	0	13	0.00	13
38	0	14	0.00	14
39	0	8	0.00	8
40	0	18	0.00	18
41	0	14	0.00	14
42	0	9	0.00	9
43	0	17	0.00	17
44	0	21	0.00	21
45	0	16	0.00	16
46	0	13	0.00	13
47	0	11	0.00	11
48	0	6	0.00	6
49	0	8	0.00	8
50	0	5	0.00	5
51	0	15	0.00	15
52	0	18	0.00	18
53	0	12	0.00	12
54	0	9	0.00	9
55	0	10	0.00	10
56	0	11	0.00	11
57	0	5	0.00	5
58	0	4	0.00	4
59	0	2	0.00	2
60	0	3	0.00	3
61	0	4	0.00	4
62	0	3	0.00	3
63	0	0		0
64	0	2	0.00	2
65	0	2	0.00	2
66	0	1	0.00	1
67	0	0		0
68	0	2	0.00	2
69	0	1	0.00	1
70	0	0		0
71	0	1	0.00	1
72	0	0		0
73	0	1	0.00	1
74	0	2	0.00	2
75	0	1	0.00	1
76	0	1	0.00	1
77	0	1	0.00	1
78	0	1	0.00	1
79	0	4	0.00	4
80	0	0		0
81	0	0		0
82	0	0		0
83	0	1	0.00	1
84	0	0		0
85	0	1	0.00	1
86	0	0		0
87	0	1	0.00	1
88	0	0		0
89	0	1	0.00	1
90	0	0		0
91	0	0		0
92	0	0		0
93	0	1	0.00	1
94	0	1	0.00	1
95	0	0		0
96	0	0		0
97	0	0		0

