CpG context (R1)
================
position	count methylated	count unmethylated	% methylation	coverage
1	211	2170	8.86	2381
2	0	24	0.00	24
3	0	16	0.00	16
4	5	149	3.25	154
5	13	209	5.86	222
6	14	273	4.88	287
7	11	227	4.62	238
8	21	308	6.38	329
9	10	242	3.97	252
10	14	254	5.22	268
11	11	246	4.28	257
12	11	274	3.86	285
13	13	269	4.61	282
14	12	277	4.15	289
15	15	245	5.77	260
16	12	296	3.90	308
17	16	230	6.50	246
18	5	244	2.01	249
19	8	312	2.50	320
20	13	216	5.68	229
21	7	223	3.04	230
22	20	246	7.52	266
23	13	251	4.92	264
24	12	225	5.06	237
25	12	282	4.08	294
26	8	285	2.73	293
27	12	282	4.08	294
28	14	272	4.90	286
29	8	253	3.07	261
30	10	248	3.88	258
31	11	275	3.85	286
32	16	287	5.28	303
33	4	203	1.93	207
34	16	276	5.48	292
35	15	268	5.30	283
36	8	225	3.43	233
37	13	247	5.00	260
38	15	227	6.20	242
39	16	238	6.30	254
40	3	254	1.17	257
41	17	235	6.75	252
42	11	257	4.10	268
43	7	278	2.46	285
44	17	247	6.44	264
45	13	275	4.51	288
46	20	252	7.35	272
47	17	261	6.12	278
48	11	258	4.09	269
49	16	222	6.72	238
50	9	248	3.50	257
51	13	212	5.78	225
52	14	242	5.47	256
53	13	231	5.33	244
54	13	265	4.68	278
55	12	279	4.12	291
56	6	224	2.61	230
57	14	230	5.74	244
58	14	262	5.07	276
59	12	259	4.43	271
60	14	219	6.01	233
61	19	229	7.66	248
62	19	255	6.93	274
63	14	203	6.45	217
64	13	234	5.26	247
65	14	234	5.65	248
66	6	247	2.37	253
67	15	217	6.47	232
68	10	194	4.90	204
69	6	197	2.96	203
70	8	242	3.20	250
71	14	226	5.83	240
72	9	244	3.56	253
73	13	225	5.46	238
74	15	206	6.79	221
75	7	193	3.50	200
76	13	211	5.80	224
77	12	202	5.61	214
78	8	204	3.77	212
79	5	228	2.15	233
80	10	157	5.99	167
81	5	152	3.18	157
82	10	205	4.65	215
83	6	141	4.08	147
84	4	175	2.23	179
85	4	173	2.26	177
86	11	166	6.21	177
87	2	157	1.26	159
88	6	125	4.58	131
89	9	158	5.39	167
90	3	122	2.40	125
91	8	152	5.00	160
92	4	128	3.03	132
93	4	120	3.23	124
94	5	139	3.47	144
95	10	108	8.47	118
96	4	105	3.67	109
97	8	122	6.15	130
98	3	108	2.70	111
99	0	39	0.00	39
100	0	11	0.00	11
101	1	8	11.11	9
102	0	4	0.00	4
103	1	6	14.29	7
104	0	5	0.00	5
105	0	4	0.00	4
106	1	4	20.00	5
107	1	2	33.33	3
108	0	3	0.00	3
109	0	5	0.00	5
110	0	1	0.00	1
111	0	4	0.00	4
112	0	1	0.00	1
113	0	3	0.00	3
114	0	3	0.00	3
115	0	6	0.00	6
116	2	1	66.67	3
117	0	6	0.00	6
118	0	2	0.00	2
119	0	3	0.00	3
120	0	1	0.00	1
121	1	3	25.00	4
122	0	2	0.00	2
123	0	1	0.00	1
124	0	0		0
125	0	1	0.00	1
126	0	0		0
127	0	1	0.00	1
128	0	3	0.00	3
129	0	3	0.00	3
130	1	0	100.00	1
131	0	2	0.00	2
132	0	1	0.00	1
133	0	1	0.00	1
134	0	1	0.00	1
135	0	0		0
136	0	0		0
137	0	0		0
138	1	2	33.33	3
139	0	3	0.00	3
140	0	0		0
141	0	1	0.00	1
142	0	1	0.00	1
143	0	0		0
144	0	1	0.00	1
145	0	0		0
146	0	0		0
147	0	0		0
148	1	1	50.00	2
149	0	1	0.00	1

CHG context (R1)
================
position	count methylated	count unmethylated	% methylation	coverage
1	0	13	0.00	13
2	0	20	0.00	20
3	0	9	0.00	9
4	0	129	0.00	129
5	0	195	0.00	195
6	0	237	0.00	237
7	0	265	0.00	265
8	0	236	0.00	236
9	0	237	0.00	237
10	0	215	0.00	215
11	1	220	0.45	221
12	0	196	0.00	196
13	0	227	0.00	227
14	0	206	0.00	206
15	0	240	0.00	240
16	0	217	0.00	217
17	1	225	0.44	226
18	0	241	0.00	241
19	2	213	0.93	215
20	1	172	0.58	173
21	0	223	0.00	223
22	0	272	0.00	272
23	0	225	0.00	225
24	1	176	0.56	177
25	1	229	0.43	230
26	2	224	0.88	226
27	0	236	0.00	236
28	0	258	0.00	258
29	1	166	0.60	167
30	0	183	0.00	183
31	0	268	0.00	268
32	0	177	0.00	177
33	0	246	0.00	246
34	0	232	0.00	232
35	0	212	0.00	212
36	0	204	0.00	204
37	1	206	0.48	207
38	1	193	0.52	194
39	0	235	0.00	235
40	1	205	0.49	206
41	0	255	0.00	255
42	0	204	0.00	204
43	1	200	0.50	201
44	0	273	0.00	273
45	1	191	0.52	192
46	0	239	0.00	239
47	0	209	0.00	209
48	2	198	1.00	200
49	1	209	0.48	210
50	0	208	0.00	208
51	2	227	0.87	229
52	1	247	0.40	248
53	1	210	0.47	211
54	3	191	1.55	194
55	0	181	0.00	181
56	1	221	0.45	222
57	0	215	0.00	215
58	0	229	0.00	229
59	1	162	0.61	163
60	1	167	0.60	168
61	1	194	0.51	195
62	1	153	0.65	154
63	0	180	0.00	180
64	1	207	0.48	208
65	0	184	0.00	184
66	1	172	0.58	173
67	0	176	0.00	176
68	0	179	0.00	179
69	0	202	0.00	202
70	1	201	0.50	202
71	0	189	0.00	189
72	0	149	0.00	149
73	1	160	0.62	161
74	1	156	0.64	157
75	1	131	0.76	132
76	0	170	0.00	170
77	0	189	0.00	189
78	0	160	0.00	160
79	1	166	0.60	167
80	0	118	0.00	118
81	0	166	0.00	166
82	0	128	0.00	128
83	0	142	0.00	142
84	0	124	0.00	124
85	1	131	0.76	132
86	0	130	0.00	130
87	1	129	0.77	130
88	0	142	0.00	142
89	0	128	0.00	128
90	0	118	0.00	118
91	2	130	1.52	132
92	0	83	0.00	83
93	1	95	1.04	96
94	1	105	0.94	106
95	0	106	0.00	106
96	0	102	0.00	102
97	0	125	0.00	125
98	0	91	0.00	91
99	2	48	4.00	50
100	1	4	20.00	5
101	0	6	0.00	6
102	0	4	0.00	4
103	0	5	0.00	5
104	0	3	0.00	3
105	0	3	0.00	3
106	0	7	0.00	7
107	1	2	33.33	3
108	0	1	0.00	1
109	0	5	0.00	5
110	0	2	0.00	2
111	0	3	0.00	3
112	0	5	0.00	5
113	0	1	0.00	1
114	1	1	50.00	2
115	0	1	0.00	1
116	0	2	0.00	2
117	0	3	0.00	3
118	0	2	0.00	2
119	0	1	0.00	1
120	0	2	0.00	2
121	0	1	0.00	1
122	0	0		0
123	0	1	0.00	1
124	0	3	0.00	3
125	0	2	0.00	2
126	0	0		0
127	0	1	0.00	1
128	0	1	0.00	1
129	0	0		0
130	0	1	0.00	1
131	0	1	0.00	1
132	0	0		0
133	0	1	0.00	1
134	0	1	0.00	1
135	0	0		0
136	0	0		0
137	0	1	0.00	1
138	0	1	0.00	1
139	0	0		0
140	0	0		0
141	0	1	0.00	1
142	0	0		0
143	0	0		0
144	0	1	0.00	1
145	0	0		0
146	0	0		0
147	0	0		0
148	0	1	0.00	1
149	0	0		0

CHH context (R1)
================
position	count methylated	count unmethylated	% methylation	coverage
1	0	26	0.00	26
2	0	24	0.00	24
3	0	19	0.00	19
4	3	320	0.93	323
5	0	416	0.00	416
6	2	404	0.49	406
7	3	373	0.80	376
8	1	374	0.27	375
9	0	342	0.00	342
10	3	318	0.93	321
11	1	346	0.29	347
12	0	373	0.00	373
13	2	390	0.51	392
14	1	392	0.25	393
15	2	399	0.50	401
16	1	379	0.26	380
17	1	345	0.29	346
18	1	297	0.34	298
19	0	326	0.00	326
20	3	360	0.83	363
21	2	306	0.65	308
22	1	346	0.29	347
23	1	368	0.27	369
24	2	364	0.55	366
25	1	413	0.24	414
26	2	385	0.52	387
27	1	370	0.27	371
28	1	364	0.27	365
29	0	345	0.00	345
30	0	381	0.00	381
31	2	341	0.58	343
32	0	353	0.00	353
33	2	319	0.62	321
34	0	348	0.00	348
35	0	323	0.00	323
36	0	394	0.00	394
37	2	358	0.56	360
38	1	371	0.27	372
39	2	349	0.57	351
40	2	333	0.60	335
41	1	351	0.28	352
42	1	351	0.28	352
43	3	366	0.81	369
44	0	361	0.00	361
45	0	292	0.00	292
46	2	358	0.56	360
47	0	314	0.00	314
48	5	345	1.43	350
49	2	346	0.57	348
50	1	401	0.25	402
51	1	425	0.23	426
52	0	319	0.00	319
53	1	320	0.31	321
54	1	267	0.37	268
55	0	321	0.00	321
56	2	298	0.67	300
57	0	288	0.00	288
58	0	278	0.00	278
59	0	319	0.00	319
60	1	314	0.32	315
61	2	351	0.57	353
62	3	341	0.87	344
63	0	310	0.00	310
64	3	349	0.85	352
65	1	321	0.31	322
66	4	316	1.25	320
67	0	311	0.00	311
68	0	345	0.00	345
69	1	307	0.32	308
70	1	292	0.34	293
71	0	265	0.00	265
72	0	249	0.00	249
73	1	266	0.37	267
74	2	240	0.83	242
75	1	318	0.31	319
76	3	298	1.00	301
77	0	270	0.00	270
78	0	282	0.00	282
79	2	259	0.77	261
80	0	306	0.00	306
81	2	288	0.69	290
82	2	270	0.74	272
83	0	232	0.00	232
84	0	270	0.00	270
85	1	241	0.41	242
86	0	250	0.00	250
87	0	201	0.00	201
88	1	262	0.38	263
89	0	206	0.00	206
90	0	173	0.00	173
91	0	179	0.00	179
92	0	210	0.00	210
93	0	198	0.00	198
94	0	167	0.00	167
95	0	179	0.00	179
96	0	167	0.00	167
97	0	151	0.00	151
98	3	159	1.85	162
99	0	85	0.00	85
100	0	7	0.00	7
101	0	5	0.00	5
102	0	7	0.00	7
103	0	9	0.00	9
104	0	7	0.00	7
105	0	6	0.00	6
106	0	3	0.00	3
107	0	2	0.00	2
108	0	2	0.00	2
109	0	4	0.00	4
110	0	5	0.00	5
111	0	2	0.00	2
112	0	3	0.00	3
113	0	2	0.00	2
114	0	2	0.00	2
115	0	4	0.00	4
116	0	2	0.00	2
117	0	2	0.00	2
118	0	2	0.00	2
119	0	3	0.00	3
120	0	2	0.00	2
121	0	2	0.00	2
122	0	3	0.00	3
123	0	3	0.00	3
124	0	2	0.00	2
125	0	3	0.00	3
126	0	2	0.00	2
127	0	2	0.00	2
128	0	1	0.00	1
129	0	2	0.00	2
130	0	1	0.00	1
131	0	2	0.00	2
132	0	4	0.00	4
133	0	1	0.00	1
134	0	2	0.00	2
135	0	0		0
136	0	1	0.00	1
137	0	1	0.00	1
138	0	0		0
139	0	0		0
140	0	2	0.00	2
141	0	1	0.00	1
142	0	1	0.00	1
143	0	2	0.00	2
144	0	0		0
145	0	1	0.00	1
146	0	0		0
147	0	1	0.00	1
148	0	1	0.00	1
149	0	0		0

CpG context (R2)
================
position	count methylated	count unmethylated	% methylation	coverage
1	1	25	3.85	26
2	0	16	0.00	16
3	1	73	1.35	74
4	7	81	7.95	88
5	3	115	2.54	118
6	5	93	5.10	98
7	4	153	2.55	157
8	3	79	3.66	82
9	3	77	3.75	80
10	2	102	1.92	104
11	4	55	6.78	59
12	2	66	2.94	68
13	4	89	4.30	93
14	5	50	9.09	55
15	3	67	4.29	70
16	2	55	3.51	57
17	1	45	2.17	46
18	4	39	9.30	43
19	3	44	6.38	47
20	2	52	3.70	54
21	2	43	4.44	45
22	5	38	11.63	43
23	2	34	5.56	36
24	6	53	10.17	59
25	0	30	0.00	30
26	1	35	2.78	36
27	3	28	9.68	31
28	1	17	5.56	18
29	0	39	0.00	39
30	2	21	8.70	23
31	1	26	3.70	27
32	2	31	6.06	33
33	5	18	21.74	23
34	1	15	6.25	16
35	0	15	0.00	15
36	2	17	10.53	19
37	1	23	4.17	24
38	1	19	5.00	20
39	0	7	0.00	7
40	0	6	0.00	6
41	0	4	0.00	4
42	0	15	0.00	15
43	1	8	11.11	9
44	0	15	0.00	15
45	0	3	0.00	3
46	5	13	27.78	18
47	0	5	0.00	5
48	0	5	0.00	5
49	0	5	0.00	5
50	3	5	37.50	8
51	0	1	0.00	1
52	0	4	0.00	4
53	0	1	0.00	1
54	0	5	0.00	5
55	0	4	0.00	4
56	0	2	0.00	2
57	0	0		0
58	0	3	0.00	3
59	0	3	0.00	3
60	0	1	0.00	1
61	0	2	0.00	2
62	0	0		0
63	0	1	0.00	1
64	0	0		0
65	0	1	0.00	1
66	0	0		0
67	0	1	0.00	1
68	1	1	50.00	2
69	0	1	0.00	1
70	0	1	0.00	1
71	0	1	0.00	1
72	0	0		0
73	0	0		0
74	0	0		0
75	0	0		0
76	0	0		0
77	0	0		0
78	0	0		0
79	0	0		0
80	0	0		0
81	0	1	0.00	1
82	0	1	0.00	1
83	0	0		0
84	0	0		0
85	0	1	0.00	1
86	0	0		0
87	0	0		0
88	0	0		0
89	0	0		0
90	0	0		0
91	0	1	0.00	1
92	0	1	0.00	1
93	0	0		0
94	0	0		0
95	0	0		0
96	0	0		0
97	1	1	50.00	2

CHG context (R2)
================
position	count methylated	count unmethylated	% methylation	coverage
1	14	2122	0.66	2136
2	0	28	0.00	28
3	0	8	0.00	8
4	1	51	1.92	52
5	0	66	0.00	66
6	0	64	0.00	64
7	0	81	0.00	81
8	0	112	0.00	112
9	0	79	0.00	79
10	0	65	0.00	65
11	2	61	3.17	63
12	0	34	0.00	34
13	0	31	0.00	31
14	0	65	0.00	65
15	0	42	0.00	42
16	0	40	0.00	40
17	0	49	0.00	49
18	1	52	1.89	53
19	0	47	0.00	47
20	0	64	0.00	64
21	0	37	0.00	37
22	0	37	0.00	37
23	0	25	0.00	25
24	0	20	0.00	20
25	0	40	0.00	40
26	0	29	0.00	29
27	1	14	6.67	15
28	0	22	0.00	22
29	0	22	0.00	22
30	0	21	0.00	21
31	0	21	0.00	21
32	0	15	0.00	15
33	0	24	0.00	24
34	0	20	0.00	20
35	0	20	0.00	20
36	0	19	0.00	19
37	0	6	0.00	6
38	0	8	0.00	8
39	0	19	0.00	19
40	0	12	0.00	12
41	1	9	10.00	10
42	1	5	16.67	6
43	0	8	0.00	8
44	0	3	0.00	3
45	0	6	0.00	6
46	0	3	0.00	3
47	0	11	0.00	11
48	0	7	0.00	7
49	0	7	0.00	7
50	0	7	0.00	7
51	0	2	0.00	2
52	0	3	0.00	3
53	0	5	0.00	5
54	0	0		0
55	0	5	0.00	5
56	1	2	33.33	3
57	0	0		0
58	0	0		0
59	0	1	0.00	1
60	0	3	0.00	3
61	0	1	0.00	1
62	0	0		0
63	0	1	0.00	1
64	0	2	0.00	2
65	0	0		0
66	0	2	0.00	2
67	0	0		0
68	0	0		0
69	0	0		0
70	0	2	0.00	2
71	0	0		0
72	0	0		0
73	0	1	0.00	1
74	0	1	0.00	1
75	0	0		0
76	0	0		0
77	0	0		0
78	0	1	0.00	1
79	0	0		0
80	0	2	0.00	2
81	0	0		0
82	0	0		0
83	0	1	0.00	1
84	0	0		0
85	0	0		0
86	0	1	0.00	1
87	0	0		0
88	0	1	0.00	1
89	0	0		0
90	0	0		0
91	0	0		0
92	0	0		0
93	0	0		0
94	0	0		0
95	0	1	0.00	1
96	0	0		0
97	0	1	0.00	1

CHH context (R2)
================
position	count methylated	count unmethylated	% methylation	coverage
1	0	12	0.00	12
2	1	976	0.10	977
3	1	279	0.36	280
4	1	183	0.54	184
5	0	142	0.00	142
6	0	98	0.00	98
7	0	92	0.00	92
8	1	131	0.76	132
9	1	132	0.75	133
10	0	137	0.00	137
11	0	105	0.00	105
12	0	96	0.00	96
13	2	79	2.47	81
14	0	72	0.00	72
15	0	84	0.00	84
16	0	67	0.00	67
17	0	70	0.00	70
18	1	74	1.33	75
19	2	86	2.27	88
20	0	50	0.00	50
21	0	49	0.00	49
22	0	45	0.00	45
23	1	58	1.69	59
24	0	44	0.00	44
25	1	45	2.17	46
26	0	36	0.00	36
27	0	40	0.00	40
28	0	34	0.00	34
29	0	41	0.00	41
30	0	30	0.00	30
31	0	23	0.00	23
32	0	21	0.00	21
33	0	20	0.00	20
34	0	31	0.00	31
35	0	43	0.00	43
36	0	21	0.00	21
37	0	9	0.00	9
38	0	13	0.00	13
39	0	10	0.00	10
40	0	18	0.00	18
41	0	9	0.00	9
42	0	10	0.00	10
43	0	15	0.00	15
44	0	21	0.00	21
45	0	10	0.00	10
46	1	14	6.67	15
47	0	14	0.00	14
48	0	9	0.00	9
49	0	13	0.00	13
50	0	6	0.00	6
51	0	19	0.00	19
52	0	12	0.00	12
53	0	14	0.00	14
54	0	9	0.00	9
55	0	5	0.00	5
56	0	5	0.00	5
57	0	4	0.00	4
58	0	3	0.00	3
59	0	2	0.00	2
60	0	0		0
61	0	4	0.00	4
62	0	4	0.00	4
63	0	0		0
64	0	1	0.00	1
65	0	1	0.00	1
66	0	1	0.00	1
67	0	0		0
68	0	1	0.00	1
69	0	0		0
70	0	0		0
71	0	0		0
72	0	0		0
73	0	1	0.00	1
74	0	2	0.00	2
75	0	0		0
76	0	0		0
77	0	0		0
78	0	0		0
79	0	1	0.00	1
80	0	0		0
81	0	0		0
82	0	0		0
83	0	0		0
84	0	1	0.00	1
85	0	1	0.00	1
86	0	0		0
87	0	1	0.00	1
88	0	0		0
89	0	0		0
90	0	0		0
91	0	0		0
92	0	0		0
93	0	0		0
94	0	0		0
95	0	0		0
96	0	0		0
97	0	0		0

