CpG context (R1)
================
position	count methylated	count unmethylated	% methylation	coverage
1	209	2148	8.87	2357
2	1	26	3.70	27
3	1	16	5.88	17
4	10	151	6.21	161
5	14	209	6.28	223
6	12	273	4.21	285
7	8	215	3.59	223
8	12	294	3.92	306
9	10	244	3.94	254
10	14	260	5.11	274
11	11	236	4.45	247
12	11	265	3.99	276
13	19	269	6.60	288
14	9	248	3.50	257
15	13	233	5.28	246
16	16	286	5.30	302
17	16	246	6.11	262
18	8	246	3.15	254
19	16	325	4.69	341
20	5	208	2.35	213
21	14	224	5.88	238
22	10	273	3.53	283
23	12	244	4.69	256
24	19	231	7.60	250
25	14	301	4.44	315
26	10	306	3.16	316
27	12	273	4.21	285
28	19	267	6.64	286
29	17	276	5.80	293
30	11	242	4.35	253
31	12	311	3.72	323
32	10	258	3.73	268
33	12	225	5.06	237
34	10	252	3.82	262
35	15	270	5.26	285
36	13	209	5.86	222
37	15	259	5.47	274
38	10	247	3.89	257
39	7	227	2.99	234
40	10	270	3.57	280
41	13	239	5.16	252
42	10	298	3.25	308
43	11	252	4.18	263
44	18	288	5.88	306
45	15	259	5.47	274
46	20	243	7.60	263
47	17	271	5.90	288
48	20	245	7.55	265
49	10	222	4.31	232
50	18	246	6.82	264
51	7	242	2.81	249
52	3	233	1.27	236
53	10	261	3.69	271
54	7	243	2.80	250
55	16	273	5.54	289
56	14	258	5.15	272
57	12	253	4.53	265
58	13	256	4.83	269
59	10	284	3.40	294
60	9	246	3.53	255
61	15	242	5.84	257
62	16	241	6.23	257
63	8	228	3.39	236
64	19	264	6.71	283
65	10	270	3.57	280
66	17	258	6.18	275
67	17	224	7.05	241
68	11	206	5.07	217
69	11	212	4.93	223
70	12	228	5.00	240
71	10	248	3.88	258
72	10	237	4.05	247
73	12	224	5.08	236
74	8	192	4.00	200
75	11	194	5.37	205
76	9	190	4.52	199
77	11	193	5.39	204
78	7	200	3.38	207
79	7	213	3.18	220
80	12	184	6.12	196
81	6	149	3.87	155
82	11	196	5.31	207
83	11	136	7.48	147
84	5	169	2.87	174
85	13	180	6.74	193
86	11	158	6.51	169
87	8	163	4.68	171
88	9	141	6.00	150
89	11	134	7.59	145
90	3	135	2.17	138
91	3	135	2.17	138
92	3	133	2.21	136
93	9	149	5.70	158
94	6	117	4.88	123
95	7	117	5.65	124
96	2	112	1.75	114
97	5	125	3.85	130
98	5	91	5.21	96
99	5	51	8.93	56
100	0	10	0.00	10
101	0	7	0.00	7
102	0	8	0.00	8
103	0	8	0.00	8
104	0	6	0.00	6
105	1	3	25.00	4
106	2	5	28.57	7
107	0	6	0.00	6
108	0	7	0.00	7
109	0	6	0.00	6
110	0	4	0.00	4
111	0	3	0.00	3
112	0	6	0.00	6
113	0	2	0.00	2
114	0	3	0.00	3
115	1	6	14.29	7
116	0	5	0.00	5
117	1	4	20.00	5
118	0	2	0.00	2
119	1	0	100.00	1
120	1	4	20.00	5
121	1	1	50.00	2
122	0	4	0.00	4
123	1	2	33.33	3
124	0	1	0.00	1
125	0	0		0
126	2	2	50.00	4
127	0	0		0
128	1	2	33.33	3
129	1	2	33.33	3
130	1	0	100.00	1
131	1	4	20.00	5
132	0	1	0.00	1
133	0	1	0.00	1
134	0	3	0.00	3
135	0	0		0
136	0	0		0
137	0	3	0.00	3
138	0	0		0
139	0	0		0
140	0	0		0
141	0	0		0
142	1	1	50.00	2
143	0	0		0
144	0	1	0.00	1
145	0	1	0.00	1
146	0	0		0
147	0	0		0
148	0	0		0
149	0	0		0

CHG context (R1)
================
position	count methylated	count unmethylated	% methylation	coverage
1	0	15	0.00	15
2	0	16	0.00	16
3	0	16	0.00	16
4	0	152	0.00	152
5	0	188	0.00	188
6	2	215	0.92	217
7	0	276	0.00	276
8	0	199	0.00	199
9	1	222	0.45	223
10	1	220	0.45	221
11	0	250	0.00	250
12	0	197	0.00	197
13	2	191	1.04	193
14	0	197	0.00	197
15	0	240	0.00	240
16	1	213	0.47	214
17	0	241	0.00	241
18	0	289	0.00	289
19	0	183	0.00	183
20	1	160	0.62	161
21	0	238	0.00	238
22	0	227	0.00	227
23	1	217	0.46	218
24	1	211	0.47	212
25	1	262	0.38	263
26	0	188	0.00	188
27	0	189	0.00	189
28	0	243	0.00	243
29	1	190	0.52	191
30	0	186	0.00	186
31	3	225	1.32	228
32	0	196	0.00	196
33	0	207	0.00	207
34	1	223	0.45	224
35	1	236	0.42	237
36	0	218	0.00	218
37	1	219	0.45	220
38	1	203	0.49	204
39	0	237	0.00	237
40	1	226	0.44	227
41	3	252	1.18	255
42	1	201	0.50	202
43	0	249	0.00	249
44	2	253	0.78	255
45	2	197	1.01	199
46	1	208	0.48	209
47	0	194	0.00	194
48	1	196	0.51	197
49	0	202	0.00	202
50	0	210	0.00	210
51	3	219	1.35	222
52	1	229	0.43	230
53	0	225	0.00	225
54	1	193	0.52	194
55	1	186	0.53	187
56	0	204	0.00	204
57	0	205	0.00	205
58	0	201	0.00	201
59	0	193	0.00	193
60	1	149	0.67	150
61	0	183	0.00	183
62	0	174	0.00	174
63	0	178	0.00	178
64	1	193	0.52	194
65	0	209	0.00	209
66	0	185	0.00	185
67	0	185	0.00	185
68	1	182	0.55	183
69	1	223	0.45	224
70	1	187	0.53	188
71	1	169	0.59	170
72	0	169	0.00	169
73	1	177	0.56	178
74	0	146	0.00	146
75	0	167	0.00	167
76	0	174	0.00	174
77	1	176	0.56	177
78	0	170	0.00	170
79	0	157	0.00	157
80	1	124	0.80	125
81	0	189	0.00	189
82	0	118	0.00	118
83	0	123	0.00	123
84	0	135	0.00	135
85	1	118	0.84	119
86	1	163	0.61	164
87	1	101	0.98	102
88	0	137	0.00	137
89	0	111	0.00	111
90	0	108	0.00	108
91	1	140	0.71	141
92	2	115	1.71	117
93	0	79	0.00	79
94	0	86	0.00	86
95	0	100	0.00	100
96	0	113	0.00	113
97	0	135	0.00	135
98	0	110	0.00	110
99	0	45	0.00	45
100	0	9	0.00	9
101	0	8	0.00	8
102	0	10	0.00	10
103	0	3	0.00	3
104	0	3	0.00	3
105	0	8	0.00	8
106	0	8	0.00	8
107	0	5	0.00	5
108	0	8	0.00	8
109	0	2	0.00	2
110	0	4	0.00	4
111	0	5	0.00	5
112	0	3	0.00	3
113	0	0		0
114	0	1	0.00	1
115	0	0		0
116	0	4	0.00	4
117	0	3	0.00	3
118	0	0		0
119	0	2	0.00	2
120	0	1	0.00	1
121	0	0		0
122	0	3	0.00	3
123	0	1	0.00	1
124	0	0		0
125	0	1	0.00	1
126	0	0		0
127	0	3	0.00	3
128	0	2	0.00	2
129	0	0		0
130	0	2	0.00	2
131	0	0		0
132	0	1	0.00	1
133	0	2	0.00	2
134	0	1	0.00	1
135	0	0		0
136	0	2	0.00	2
137	0	0		0
138	0	0		0
139	0	2	0.00	2
140	0	0		0
141	0	0		0
142	0	0		0
143	0	0		0
144	0	0		0
145	0	0		0
146	0	0		0
147	0	1	0.00	1
148	0	0		0
149	0	1	0.00	1

CHH context (R1)
================
position	count methylated	count unmethylated	% methylation	coverage
1	1	25	3.85	26
2	0	39	0.00	39
3	0	23	0.00	23
4	2	339	0.59	341
5	0	388	0.00	388
6	2	408	0.49	410
7	1	379	0.26	380
8	0	339	0.00	339
9	1	329	0.30	330
10	0	341	0.00	341
11	2	322	0.62	324
12	0	336	0.00	336
13	1	411	0.24	412
14	0	381	0.00	381
15	1	371	0.27	372
16	0	363	0.00	363
17	1	330	0.30	331
18	3	279	1.06	282
19	1	326	0.31	327
20	1	349	0.29	350
21	1	338	0.29	339
22	2	348	0.57	350
23	1	354	0.28	355
24	2	353	0.56	355
25	2	379	0.52	381
26	1	344	0.29	345
27	0	390	0.00	390
28	1	355	0.28	356
29	0	336	0.00	336
30	0	405	0.00	405
31	2	347	0.57	349
32	0	382	0.00	382
33	2	308	0.65	310
34	1	353	0.28	354
35	0	325	0.00	325
36	2	368	0.54	370
37	0	351	0.00	351
38	0	356	0.00	356
39	3	342	0.87	345
40	0	354	0.00	354
41	2	305	0.65	307
42	1	349	0.29	350
43	1	327	0.30	328
44	1	340	0.29	341
45	0	270	0.00	270
46	0	359	0.00	359
47	0	348	0.00	348
48	0	327	0.00	327
49	1	379	0.26	380
50	0	394	0.00	394
51	0	388	0.00	388
52	1	364	0.27	365
53	1	324	0.31	325
54	0	337	0.00	337
55	2	300	0.66	302
56	0	304	0.00	304
57	1	290	0.34	291
58	1	269	0.37	270
59	1	333	0.30	334
60	1	312	0.32	313
61	0	322	0.00	322
62	1	346	0.29	347
63	0	289	0.00	289
64	1	321	0.31	322
65	1	280	0.36	281
66	1	261	0.38	262
67	1	313	0.32	314
68	2	328	0.61	330
69	0	284	0.00	284
70	2	258	0.77	260
71	0	295	0.00	295
72	0	279	0.00	279
73	0	278	0.00	278
74	0	271	0.00	271
75	0	295	0.00	295
76	1	314	0.32	315
77	2	265	0.75	267
78	1	253	0.39	254
79	0	258	0.00	258
80	0	298	0.00	298
81	0	262	0.00	262
82	1	285	0.35	286
83	0	227	0.00	227
84	1	248	0.40	249
85	1	283	0.35	284
86	3	272	1.09	275
87	0	197	0.00	197
88	1	268	0.37	269
89	0	216	0.00	216
90	0	173	0.00	173
91	0	180	0.00	180
92	1	179	0.56	180
93	2	166	1.19	168
94	1	167	0.60	168
95	1	188	0.53	189
96	1	155	0.64	156
97	2	167	1.18	169
98	0	152	0.00	152
99	0	65	0.00	65
100	0	7	0.00	7
101	0	12	0.00	12
102	0	4	0.00	4
103	0	8	0.00	8
104	0	14	0.00	14
105	0	14	0.00	14
106	0	12	0.00	12
107	0	6	0.00	6
108	0	3	0.00	3
109	0	5	0.00	5
110	0	3	0.00	3
111	0	4	0.00	4
112	0	4	0.00	4
113	0	8	0.00	8
114	0	5	0.00	5
115	0	5	0.00	5
116	0	6	0.00	6
117	0	4	0.00	4
118	0	2	0.00	2
119	1	1	50.00	2
120	0	2	0.00	2
121	0	3	0.00	3
122	0	2	0.00	2
123	0	1	0.00	1
124	0	1	0.00	1
125	0	3	0.00	3
126	0	5	0.00	5
127	0	3	0.00	3
128	0	2	0.00	2
129	0	4	0.00	4
130	0	2	0.00	2
131	0	7	0.00	7
132	0	6	0.00	6
133	0	1	0.00	1
134	0	2	0.00	2
135	0	1	0.00	1
136	0	0		0
137	0	1	0.00	1
138	0	0		0
139	0	2	0.00	2
140	0	1	0.00	1
141	0	0		0
142	0	1	0.00	1
143	0	1	0.00	1
144	0	0		0
145	0	1	0.00	1
146	0	0		0
147	0	0		0
148	0	1	0.00	1
149	0	0		0

CpG context (R2)
================
position	count methylated	count unmethylated	% methylation	coverage
1	0	16	0.00	16
2	0	18	0.00	18
3	5	67	6.94	72
4	3	57	5.00	60
5	4	102	3.77	106
6	6	68	8.11	74
7	4	124	3.12	128
8	2	95	2.06	97
9	1	76	1.30	77
10	2	70	2.78	72
11	3	65	4.41	68
12	2	72	2.70	74
13	3	51	5.56	54
14	2	33	5.71	35
15	3	57	5.00	60
16	1	48	2.04	49
17	0	42	0.00	42
18	1	39	2.50	40
19	2	33	5.71	35
20	2	40	4.76	42
21	2	37	5.13	39
22	4	38	9.52	42
23	2	39	4.88	41
24	2	56	3.45	58
25	2	35	5.41	37
26	1	43	2.27	44
27	4	29	12.12	33
28	1	25	3.85	26
29	2	38	5.00	40
30	1	30	3.23	31
31	3	31	8.82	34
32	1	33	2.94	34
33	0	12	0.00	12
34	2	19	9.52	21
35	1	18	5.26	19
36	0	14	0.00	14
37	2	21	8.70	23
38	1	22	4.35	23
39	0	13	0.00	13
40	1	8	11.11	9
41	0	11	0.00	11
42	0	5	0.00	5
43	2	13	13.33	15
44	1	15	6.25	16
45	0	2	0.00	2
46	1	13	7.14	14
47	0	5	0.00	5
48	1	7	12.50	8
49	0	3	0.00	3
50	0	2	0.00	2
51	0	4	0.00	4
52	1	5	16.67	6
53	0	2	0.00	2
54	1	3	25.00	4
55	0	5	0.00	5
56	0	1	0.00	1
57	0	3	0.00	3
58	0	2	0.00	2
59	0	6	0.00	6
60	0	0		0
61	0	2	0.00	2
62	0	0		0
63	0	0		0
64	0	1	0.00	1
65	0	0		0
66	0	1	0.00	1
67	0	3	0.00	3
68	0	0		0
69	0	2	0.00	2
70	0	0		0
71	0	0		0
72	0	2	0.00	2
73	0	0		0
74	0	0		0
75	0	1	0.00	1
76	0	0		0
77	0	0		0
78	0	0		0
79	0	2	0.00	2
80	0	0		0
81	0	0		0
82	0	2	0.00	2
83	0	0		0
84	0	0		0
85	0	0		0
86	0	0		0
87	0	1	0.00	1
88	0	0		0
89	0	0		0
90	0	1	0.00	1
91	0	0		0
92	0	0		0
93	0	0		0
94	0	2	0.00	2
95	0	0		0
96	0	0		0
97	0	0		0
98	0	0		0

CHG context (R2)
================
position	count methylated	count unmethylated	% methylation	coverage
1	17	2094	0.81	2111
2	0	25	0.00	25
3	0	7	0.00	7
4	1	45	2.17	46
5	0	69	0.00	69
6	1	87	1.14	88
7	2	59	3.28	61
8	1	87	1.14	88
9	0	79	0.00	79
10	1	60	1.64	61
11	1	72	1.37	73
12	0	39	0.00	39
13	0	52	0.00	52
14	0	38	0.00	38
15	0	48	0.00	48
16	0	46	0.00	46
17	0	53	0.00	53
18	0	44	0.00	44
19	0	38	0.00	38
20	0	42	0.00	42
21	0	45	0.00	45
22	0	49	0.00	49
23	0	16	0.00	16
24	0	19	0.00	19
25	1	31	3.12	32
26	0	21	0.00	21
27	0	12	0.00	12
28	0	17	0.00	17
29	0	29	0.00	29
30	0	23	0.00	23
31	0	19	0.00	19
32	0	21	0.00	21
33	0	28	0.00	28
34	0	22	0.00	22
35	0	24	0.00	24
36	0	26	0.00	26
37	0	13	0.00	13
38	0	10	0.00	10
39	0	11	0.00	11
40	0	14	0.00	14
41	0	22	0.00	22
42	0	12	0.00	12
43	0	6	0.00	6
44	0	4	0.00	4
45	0	4	0.00	4
46	0	2	0.00	2
47	0	8	0.00	8
48	0	6	0.00	6
49	0	7	0.00	7
50	0	7	0.00	7
51	0	3	0.00	3
52	0	7	0.00	7
53	0	6	0.00	6
54	0	1	0.00	1
55	0	4	0.00	4
56	0	3	0.00	3
57	0	1	0.00	1
58	0	3	0.00	3
59	0	1	0.00	1
60	1	11	8.33	12
61	0	0		0
62	0	0		0
63	0	2	0.00	2
64	0	2	0.00	2
65	0	0		0
66	0	0		0
67	0	1	0.00	1
68	0	0		0
69	0	1	0.00	1
70	0	2	0.00	2
71	0	0		0
72	0	2	0.00	2
73	0	4	0.00	4
74	0	0		0
75	0	1	0.00	1
76	0	1	0.00	1
77	0	0		0
78	0	2	0.00	2
79	0	0		0
80	0	1	0.00	1
81	0	0		0
82	0	0		0
83	0	2	0.00	2
84	0	0		0
85	0	0		0
86	0	1	0.00	1
87	0	1	0.00	1
88	0	0		0
89	0	0		0
90	0	0		0
91	0	0		0
92	0	0		0
93	0	0		0
94	0	0		0
95	0	0		0
96	0	0		0
97	0	1	0.00	1
98	0	0		0

CHH context (R2)
================
position	count methylated	count unmethylated	% methylation	coverage
1	0	14	0.00	14
2	1	934	0.11	935
3	0	264	0.00	264
4	1	187	0.53	188
5	2	151	1.31	153
6	1	106	0.93	107
7	1	114	0.87	115
8	0	126	0.00	126
9	0	115	0.00	115
10	0	121	0.00	121
11	0	83	0.00	83
12	0	85	0.00	85
13	1	63	1.56	64
14	0	83	0.00	83
15	1	79	1.25	80
16	0	71	0.00	71
17	0	68	0.00	68
18	0	77	0.00	77
19	0	82	0.00	82
20	0	49	0.00	49
21	0	45	0.00	45
22	1	43	2.27	44
23	0	44	0.00	44
24	0	37	0.00	37
25	0	44	0.00	44
26	0	31	0.00	31
27	0	28	0.00	28
28	0	35	0.00	35
29	0	30	0.00	30
30	0	16	0.00	16
31	0	17	0.00	17
32	0	26	0.00	26
33	0	22	0.00	22
34	0	27	0.00	27
35	0	19	0.00	19
36	0	18	0.00	18
37	0	18	0.00	18
38	0	19	0.00	19
39	0	9	0.00	9
40	0	15	0.00	15
41	0	13	0.00	13
42	0	17	0.00	17
43	0	26	0.00	26
44	0	14	0.00	14
45	0	10	0.00	10
46	1	11	8.33	12
47	0	8	0.00	8
48	0	5	0.00	5
49	0	11	0.00	11
50	0	5	0.00	5
51	0	10	0.00	10
52	1	5	16.67	6
53	0	7	0.00	7
54	0	15	0.00	15
55	0	13	0.00	13
56	0	4	0.00	4
57	0	4	0.00	4
58	0	4	0.00	4
59	0	1	0.00	1
60	0	2	0.00	2
61	0	2	0.00	2
62	0	4	0.00	4
63	0	2	0.00	2
64	0	0		0
65	0	2	0.00	2
66	0	0		0
67	0	0		0
68	0	2	0.00	2
69	0	1	0.00	1
70	0	1	0.00	1
71	0	1	0.00	1
72	0	0		0
73	0	1	0.00	1
74	0	2	0.00	2
75	0	2	0.00	2
76	0	0		0
77	0	3	0.00	3
78	0	1	0.00	1
79	0	1	0.00	1
80	0	0		0
81	0	0		0
82	0	0		0
83	0	0		0
84	0	0		0
85	0	1	0.00	1
86	0	0		0
87	0	0		0
88	0	0		0
89	0	0		0
90	0	0		0
91	0	0		0
92	0	0		0
93	0	0		0
94	0	0		0
95	0	0		0
96	0	0		0
97	0	0		0
98	0	1	0.00	1

