CpG context (R1)
================
position	count methylated	count unmethylated	% methylation	coverage
1	208	2168	8.75	2376
2	0	21	0.00	21
3	3	9	25.00	12
4	8	192	4.00	200
5	12	176	6.38	188
6	9	251	3.46	260
7	17	229	6.91	246
8	16	264	5.71	280
9	14	248	5.34	262
10	14	271	4.91	285
11	10	227	4.22	237
12	17	301	5.35	318
13	17	259	6.16	276
14	11	251	4.20	262
15	10	248	3.88	258
16	20	284	6.58	304
17	10	225	4.26	235
18	12	244	4.69	256
19	19	300	5.96	319
20	8	247	3.14	255
21	14	208	6.31	222
22	16	248	6.06	264
23	11	244	4.31	255
24	14	215	6.11	229
25	18	319	5.34	337
26	13	299	4.17	312
27	20	256	7.25	276
28	21	274	7.12	295
29	8	285	2.73	293
30	6	250	2.34	256
31	12	272	4.23	284
32	8	279	2.79	287
33	14	212	6.19	226
34	12	271	4.24	283
35	11	260	4.06	271
36	11	222	4.72	233
37	16	248	6.06	264
38	17	208	7.56	225
39	11	234	4.49	245
40	13	283	4.39	296
41	7	260	2.62	267
42	10	282	3.42	292
43	14	284	4.70	298
44	14	249	5.32	263
45	12	274	4.20	286
46	11	231	4.55	242
47	10	270	3.57	280
48	11	245	4.30	256
49	22	217	9.21	239
50	9	244	3.56	253
51	15	228	6.17	243
52	12	273	4.21	285
53	9	241	3.60	250
54	12	227	5.02	239
55	11	293	3.62	304
56	15	222	6.33	237
57	9	239	3.63	248
58	9	239	3.63	248
59	8	232	3.33	240
60	17	262	6.09	279
61	12	209	5.43	221
62	14	228	5.79	242
63	7	199	3.40	206
64	15	228	6.17	243
65	10	262	3.68	272
66	12	237	4.82	249
67	11	212	4.93	223
68	8	217	3.56	225
69	8	182	4.21	190
70	12	218	5.22	230
71	13	248	4.98	261
72	9	221	3.91	230
73	12	208	5.45	220
74	9	187	4.59	196
75	14	188	6.93	202
76	9	191	4.50	200
77	11	200	5.21	211
78	14	169	7.65	183
79	12	205	5.53	217
80	5	219	2.23	224
81	7	174	3.87	181
82	7	201	3.37	208
83	10	143	6.54	153
84	5	160	3.03	165
85	5	190	2.56	195
86	10	175	5.41	185
87	7	162	4.14	169
88	3	137	2.14	140
89	8	130	5.80	138
90	8	143	5.30	151
91	7	143	4.67	150
92	4	142	2.74	146
93	6	146	3.95	152
94	5	127	3.79	132
95	4	121	3.20	125
96	3	117	2.50	120
97	5	118	4.07	123
98	6	99	5.71	105
99	3	57	5.00	60
100	1	7	12.50	8
101	0	9	0.00	9
102	0	4	0.00	4
103	1	8	11.11	9
104	0	6	0.00	6
105	0	3	0.00	3
106	1	6	14.29	7
107	2	1	66.67	3
108	0	6	0.00	6
109	2	8	20.00	10
110	0	7	0.00	7
111	0	5	0.00	5
112	0	5	0.00	5
113	0	0		0
114	0	3	0.00	3
115	0	2	0.00	2
116	1	1	50.00	2
117	0	6	0.00	6
118	0	2	0.00	2
119	0	1	0.00	1
120	0	4	0.00	4
121	0	1	0.00	1
122	0	3	0.00	3
123	2	3	40.00	5
124	0	1	0.00	1
125	0	2	0.00	2
126	0	4	0.00	4
127	0	1	0.00	1
128	1	0	100.00	1
129	0	3	0.00	3
130	0	1	0.00	1
131	0	1	0.00	1
132	0	1	0.00	1
133	0	0		0
134	0	4	0.00	4
135	0	2	0.00	2
136	0	0		0
137	0	1	0.00	1
138	0	0		0
139	0	1	0.00	1
140	0	1	0.00	1
141	0	3	0.00	3
142	0	2	0.00	2
143	0	2	0.00	2
144	0	1	0.00	1
145	0	0		0
146	0	0		0
147	0	0		0
148	0	1	0.00	1
149	0	1	0.00	1

CHG context (R1)
================
position	count methylated	count unmethylated	% methylation	coverage
1	0	22	0.00	22
2	0	17	0.00	17
3	0	7	0.00	7
4	0	114	0.00	114
5	0	212	0.00	212
6	2	229	0.87	231
7	1	230	0.43	231
8	0	221	0.00	221
9	1	220	0.45	221
10	1	202	0.49	203
11	1	237	0.42	238
12	0	195	0.00	195
13	0	200	0.00	200
14	0	199	0.00	199
15	1	228	0.44	229
16	1	213	0.47	214
17	1	235	0.42	236
18	1	262	0.38	263
19	2	227	0.87	229
20	0	174	0.00	174
21	0	240	0.00	240
22	0	265	0.00	265
23	1	195	0.51	196
24	0	201	0.00	201
25	1	230	0.43	231
26	0	204	0.00	204
27	2	233	0.85	235
28	0	219	0.00	219
29	1	174	0.57	175
30	0	183	0.00	183
31	1	268	0.37	269
32	4	194	2.02	198
33	1	233	0.43	234
34	2	234	0.85	236
35	2	236	0.84	238
36	0	224	0.00	224
37	0	202	0.00	202
38	1	205	0.49	206
39	3	244	1.21	247
40	0	232	0.00	232
41	3	237	1.25	240
42	1	217	0.46	218
43	2	221	0.90	223
44	3	232	1.28	235
45	1	207	0.48	208
46	1	226	0.44	227
47	1	182	0.55	183
48	0	222	0.00	222
49	0	230	0.00	230
50	2	187	1.06	189
51	1	212	0.47	213
52	0	231	0.00	231
53	3	194	1.52	197
54	2	215	0.92	217
55	0	162	0.00	162
56	0	183	0.00	183
57	0	209	0.00	209
58	2	208	0.95	210
59	0	177	0.00	177
60	0	147	0.00	147
61	1	189	0.53	190
62	0	170	0.00	170
63	0	196	0.00	196
64	0	203	0.00	203
65	0	176	0.00	176
66	0	198	0.00	198
67	0	187	0.00	187
68	1	181	0.55	182
69	0	190	0.00	190
70	0	175	0.00	175
71	0	170	0.00	170
72	0	167	0.00	167
73	2	161	1.23	163
74	1	167	0.60	168
75	0	150	0.00	150
76	0	167	0.00	167
77	1	176	0.56	177
78	0	157	0.00	157
79	0	146	0.00	146
80	0	118	0.00	118
81	0	159	0.00	159
82	0	132	0.00	132
83	0	141	0.00	141
84	0	122	0.00	122
85	0	136	0.00	136
86	0	146	0.00	146
87	0	131	0.00	131
88	0	130	0.00	130
89	0	107	0.00	107
90	1	101	0.98	102
91	0	132	0.00	132
92	0	115	0.00	115
93	1	99	1.00	100
94	1	107	0.93	108
95	0	94	0.00	94
96	0	95	0.00	95
97	0	122	0.00	122
98	0	91	0.00	91
99	0	39	0.00	39
100	0	6	0.00	6
101	0	5	0.00	5
102	0	8	0.00	8
103	0	10	0.00	10
104	0	2	0.00	2
105	0	8	0.00	8
106	0	3	0.00	3
107	0	3	0.00	3
108	1	9	10.00	10
109	0	3	0.00	3
110	0	1	0.00	1
111	0	2	0.00	2
112	0	5	0.00	5
113	0	1	0.00	1
114	0	1	0.00	1
115	0	2	0.00	2
116	0	3	0.00	3
117	0	2	0.00	2
118	0	1	0.00	1
119	0	2	0.00	2
120	0	0		0
121	0	3	0.00	3
122	0	3	0.00	3
123	0	4	0.00	4
124	0	5	0.00	5
125	0	0		0
126	0	0		0
127	0	2	0.00	2
128	0	2	0.00	2
129	0	0		0
130	0	1	0.00	1
131	0	3	0.00	3
132	0	0		0
133	0	0		0
134	0	3	0.00	3
135	0	0		0
136	0	2	0.00	2
137	0	1	0.00	1
138	0	0		0
139	0	0		0
140	0	2	0.00	2
141	0	0		0
142	0	0		0
143	0	1	0.00	1
144	0	0		0
145	0	0		0
146	0	1	0.00	1
147	0	0		0
148	0	2	0.00	2
149	0	1	0.00	1

CHH context (R1)
================
position	count methylated	count unmethylated	% methylation	coverage
1	1	30	3.23	31
2	0	33	0.00	33
3	0	23	0.00	23
4	1	318	0.31	319
5	0	364	0.00	364
6	0	417	0.00	417
7	0	390	0.00	390
8	2	349	0.57	351
9	1	296	0.34	297
10	1	332	0.30	333
11	1	305	0.33	306
12	2	332	0.60	334
13	3	364	0.82	367
14	1	374	0.27	375
15	1	344	0.29	345
16	1	346	0.29	347
17	1	335	0.30	336
18	2	317	0.63	319
19	1	292	0.34	293
20	1	336	0.30	337
21	2	330	0.60	332
22	1	305	0.33	306
23	1	312	0.32	313
24	4	346	1.14	350
25	2	398	0.50	400
26	1	353	0.28	354
27	2	413	0.48	415
28	0	375	0.00	375
29	1	383	0.26	384
30	0	390	0.00	390
31	2	358	0.56	360
32	3	372	0.80	375
33	2	334	0.60	336
34	0	338	0.00	338
35	0	324	0.00	324
36	2	360	0.55	362
37	0	370	0.00	370
38	0	351	0.00	351
39	1	323	0.31	324
40	1	331	0.30	332
41	1	343	0.29	344
42	0	350	0.00	350
43	2	336	0.59	338
44	1	335	0.30	336
45	3	283	1.05	286
46	1	354	0.28	355
47	0	322	0.00	322
48	1	344	0.29	345
49	4	365	1.08	369
50	1	388	0.26	389
51	1	419	0.24	420
52	1	330	0.30	331
53	0	313	0.00	313
54	0	292	0.00	292
55	1	328	0.30	329
56	2	314	0.63	316
57	0	296	0.00	296
58	0	283	0.00	283
59	0	324	0.00	324
60	1	345	0.29	346
61	0	354	0.00	354
62	2	364	0.55	366
63	1	304	0.33	305
64	2	347	0.57	349
65	0	316	0.00	316
66	0	319	0.00	319
67	0	303	0.00	303
68	1	326	0.31	327
69	0	315	0.00	315
70	2	267	0.74	269
71	1	291	0.34	292
72	1	282	0.35	283
73	0	286	0.00	286
74	2	256	0.78	258
75	0	304	0.00	304
76	0	289	0.00	289
77	0	290	0.00	290
78	2	249	0.80	251
79	0	262	0.00	262
80	0	280	0.00	280
81	2	262	0.76	264
82	1	257	0.39	258
83	2	232	0.85	234
84	0	241	0.00	241
85	0	255	0.00	255
86	1	266	0.37	267
87	1	204	0.49	205
88	2	262	0.76	264
89	0	202	0.00	202
90	0	205	0.00	205
91	1	206	0.48	207
92	1	212	0.47	213
93	4	165	2.37	169
94	1	176	0.56	177
95	0	187	0.00	187
96	0	163	0.00	163
97	0	173	0.00	173
98	1	191	0.52	192
99	0	67	0.00	67
100	0	8	0.00	8
101	0	9	0.00	9
102	1	6	14.29	7
103	0	2	0.00	2
104	0	4	0.00	4
105	0	6	0.00	6
106	0	9	0.00	9
107	0	11	0.00	11
108	0	4	0.00	4
109	0	4	0.00	4
110	0	5	0.00	5
111	0	4	0.00	4
112	0	6	0.00	6
113	0	4	0.00	4
114	0	4	0.00	4
115	0	3	0.00	3
116	0	4	0.00	4
117	0	5	0.00	5
118	0	3	0.00	3
119	0	5	0.00	5
120	1	3	25.00	4
121	0	7	0.00	7
122	0	7	0.00	7
123	0	4	0.00	4
124	0	0		0
125	0	1	0.00	1
126	0	1	0.00	1
127	0	5	0.00	5
128	0	2	0.00	2
129	0	0		0
130	0	1	0.00	1
131	0	2	0.00	2
132	0	2	0.00	2
133	0	1	0.00	1
134	0	2	0.00	2
135	0	1	0.00	1
136	0	0		0
137	0	0		0
138	0	0		0
139	0	2	0.00	2
140	0	0		0
141	0	0		0
142	0	0		0
143	0	0		0
144	0	0		0
145	0	0		0
146	0	0		0
147	0	1	0.00	1
148	0	1	0.00	1
149	0	2	0.00	2

CpG context (R2)
================
position	count methylated	count unmethylated	% methylation	coverage
1	0	27	0.00	27
2	0	24	0.00	24
3	2	62	3.12	64
4	5	79	5.95	84
5	3	100	2.91	103
6	4	79	4.82	83
7	4	118	3.28	122
8	0	76	0.00	76
9	5	73	6.41	78
10	2	79	2.47	81
11	4	66	5.71	70
12	5	56	8.20	61
13	7	62	10.14	69
14	0	37	0.00	37
15	2	47	4.08	49
16	2	59	3.28	61
17	1	37	2.63	38
18	0	46	0.00	46
19	2	25	7.41	27
20	1	54	1.82	55
21	1	32	3.03	33
22	4	32	11.11	36
23	2	39	4.88	41
24	2	51	3.77	53
25	1	27	3.57	28
26	0	25	0.00	25
27	1	25	3.85	26
28	0	19	0.00	19
29	1	35	2.78	36
30	1	18	5.26	19
31	1	23	4.17	24
32	0	30	0.00	30
33	2	11	15.38	13
34	2	15	11.76	17
35	1	10	9.09	11
36	0	12	0.00	12
37	0	15	0.00	15
38	0	19	0.00	19
39	0	8	0.00	8
40	0	3	0.00	3
41	0	9	0.00	9
42	0	7	0.00	7
43	0	15	0.00	15
44	0	10	0.00	10
45	0	4	0.00	4
46	4	10	28.57	14
47	0	4	0.00	4
48	0	6	0.00	6
49	0	3	0.00	3
50	2	5	28.57	7
51	0	3	0.00	3
52	1	3	25.00	4
53	0	2	0.00	2
54	1	5	16.67	6
55	0	1	0.00	1
56	2	2	50.00	4
57	0	3	0.00	3
58	1	7	12.50	8
59	0	3	0.00	3
60	2	1	66.67	3
61	0	6	0.00	6
62	0	1	0.00	1
63	0	4	0.00	4
64	0	0		0
65	0	4	0.00	4
66	0	3	0.00	3
67	0	1	0.00	1
68	0	2	0.00	2
69	0	1	0.00	1
70	0	2	0.00	2
71	0	0		0
72	0	0		0
73	0	0		0
74	0	0		0
75	0	0		0
76	0	0		0
77	0	0		0
78	0	0		0
79	0	0		0
80	0	0		0
81	0	0		0
82	0	0		0
83	0	0		0
84	0	0		0
85	0	0		0
86	0	0		0
87	0	0		0
88	0	2	0.00	2
89	0	0		0
90	0	0		0
91	0	0		0
92	0	2	0.00	2
93	0	0		0
94	0	2	0.00	2
95	0	1	0.00	1
96	0	2	0.00	2

CHG context (R2)
================
position	count methylated	count unmethylated	% methylation	coverage
1	10	2102	0.47	2112
2	0	28	0.00	28
3	0	8	0.00	8
4	1	35	2.78	36
5	0	68	0.00	68
6	0	70	0.00	70
7	0	50	0.00	50
8	0	94	0.00	94
9	0	76	0.00	76
10	1	66	1.49	67
11	1	66	1.49	67
12	0	39	0.00	39
13	0	48	0.00	48
14	0	39	0.00	39
15	0	38	0.00	38
16	0	51	0.00	51
17	0	67	0.00	67
18	1	38	2.56	39
19	0	34	0.00	34
20	0	47	0.00	47
21	0	32	0.00	32
22	0	41	0.00	41
23	0	21	0.00	21
24	0	26	0.00	26
25	0	33	0.00	33
26	0	16	0.00	16
27	0	13	0.00	13
28	0	20	0.00	20
29	0	26	0.00	26
30	0	24	0.00	24
31	0	28	0.00	28
32	0	14	0.00	14
33	0	28	0.00	28
34	0	22	0.00	22
35	0	20	0.00	20
36	0	7	0.00	7
37	0	9	0.00	9
38	0	9	0.00	9
39	1	12	7.69	13
40	0	11	0.00	11
41	0	13	0.00	13
42	0	5	0.00	5
43	0	6	0.00	6
44	0	4	0.00	4
45	0	8	0.00	8
46	0	1	0.00	1
47	0	11	0.00	11
48	0	5	0.00	5
49	0	6	0.00	6
50	0	8	0.00	8
51	0	2	0.00	2
52	0	6	0.00	6
53	0	5	0.00	5
54	0	1	0.00	1
55	0	4	0.00	4
56	0	4	0.00	4
57	0	0		0
58	0	1	0.00	1
59	0	1	0.00	1
60	0	3	0.00	3
61	0	0		0
62	0	2	0.00	2
63	0	2	0.00	2
64	0	2	0.00	2
65	0	1	0.00	1
66	0	0		0
67	0	1	0.00	1
68	0	0		0
69	0	0		0
70	0	1	0.00	1
71	0	1	0.00	1
72	0	0		0
73	0	0		0
74	0	0		0
75	0	0		0
76	0	0		0
77	0	0		0
78	0	2	0.00	2
79	0	0		0
80	0	0		0
81	0	0		0
82	0	0		0
83	0	0		0
84	0	0		0
85	0	0		0
86	0	0		0
87	0	0		0
88	0	0		0
89	0	2	0.00	2
90	0	0		0
91	0	0		0
92	0	0		0
93	0	0		0
94	0	0		0
95	0	0		0
96	0	0		0

CHH context (R2)
================
position	count methylated	count unmethylated	% methylation	coverage
1	0	14	0.00	14
2	4	983	0.41	987
3	1	265	0.38	266
4	0	174	0.00	174
5	1	143	0.69	144
6	1	114	0.87	115
7	0	115	0.00	115
8	1	120	0.83	121
9	0	115	0.00	115
10	0	119	0.00	119
11	0	86	0.00	86
12	0	91	0.00	91
13	0	76	0.00	76
14	1	75	1.32	76
15	0	80	0.00	80
16	0	55	0.00	55
17	0	66	0.00	66
18	0	85	0.00	85
19	2	76	2.56	78
20	0	56	0.00	56
21	0	41	0.00	41
22	1	43	2.27	44
23	0	40	0.00	40
24	0	33	0.00	33
25	0	44	0.00	44
26	0	33	0.00	33
27	0	28	0.00	28
28	0	24	0.00	24
29	0	25	0.00	25
30	0	19	0.00	19
31	0	19	0.00	19
32	1	18	5.26	19
33	0	18	0.00	18
34	0	23	0.00	23
35	0	36	0.00	36
36	0	22	0.00	22
37	1	12	7.69	13
38	0	19	0.00	19
39	0	11	0.00	11
40	0	16	0.00	16
41	1	11	8.33	12
42	0	14	0.00	14
43	0	12	0.00	12
44	0	18	0.00	18
45	0	11	0.00	11
46	1	14	6.67	15
47	0	11	0.00	11
48	0	8	0.00	8
49	0	8	0.00	8
50	0	6	0.00	6
51	0	9	0.00	9
52	1	7	12.50	8
53	0	11	0.00	11
54	0	5	0.00	5
55	0	7	0.00	7
56	0	6	0.00	6
57	0	3	0.00	3
58	0	1	0.00	1
59	0	0		0
60	0	1	0.00	1
61	0	1	0.00	1
62	0	2	0.00	2
63	0	0		0
64	0	0		0
65	0	0		0
66	0	0		0
67	0	0		0
68	0	1	0.00	1
69	0	1	0.00	1
70	0	0		0
71	0	0		0
72	0	3	0.00	3
73	0	0		0
74	0	0		0
75	0	0		0
76	0	0		0
77	0	0		0
78	0	0		0
79	0	0		0
80	0	0		0
81	0	0		0
82	0	0		0
83	0	0		0
84	0	1	0.00	1
85	0	0		0
86	0	0		0
87	0	0		0
88	0	0		0
89	0	0		0
90	0	0		0
91	0	0		0
92	0	0		0
93	0	0		0
94	0	0		0
95	0	0		0
96	0	0		0

