CpG context (R1)
================
position	count methylated	count unmethylated	% methylation	coverage
1	202	2170	8.52	2372
2	0	20	0.00	20
3	2	15	11.76	17
4	11	193	5.39	204
5	16	199	7.44	215
6	18	229	7.29	247
7	16	214	6.96	230
8	16	305	4.98	321
9	11	234	4.49	245
10	18	250	6.72	268
11	5	258	1.90	263
12	18	296	5.73	314
13	18	276	6.12	294
14	10	242	3.97	252
15	17	236	6.72	253
16	11	290	3.65	301
17	14	234	5.65	248
18	8	244	3.17	252
19	18	304	5.59	322
20	8	228	3.39	236
21	7	236	2.88	243
22	17	275	5.82	292
23	20	237	7.78	257
24	17	240	6.61	257
25	15	290	4.92	305
26	16	273	5.54	289
27	9	260	3.35	269
28	25	246	9.23	271
29	13	258	4.80	271
30	11	278	3.81	289
31	11	270	3.91	281
32	13	248	4.98	261
33	15	247	5.73	262
34	10	274	3.52	284
35	20	279	6.69	299
36	8	225	3.43	233
37	16	273	5.54	289
38	20	249	7.43	269
39	13	215	5.70	228
40	7	258	2.64	265
41	14	257	5.17	271
42	18	268	6.29	286
43	8	254	3.05	262
44	9	221	3.91	230
45	14	303	4.42	317
46	13	240	5.14	253
47	20	263	7.07	283
48	16	260	5.80	276
49	16	219	6.81	235
50	11	240	4.38	251
51	9	232	3.73	241
52	14	279	4.78	293
53	11	242	4.35	253
54	5	242	2.02	247
55	14	291	4.59	305
56	9	248	3.50	257
57	16	202	7.34	218
58	15	261	5.43	276
59	10	285	3.39	295
60	12	245	4.67	257
61	11	268	3.94	279
62	12	235	4.86	247
63	13	225	5.46	238
64	9	239	3.63	248
65	16	283	5.35	299
66	9	261	3.33	270
67	12	241	4.74	253
68	11	209	5.00	220
69	12	191	5.91	203
70	9	219	3.95	228
71	4	237	1.66	241
72	7	232	2.93	239
73	5	224	2.18	229
74	9	195	4.41	204
75	9	171	5.00	180
76	14	189	6.90	203
77	7	210	3.23	217
78	9	187	4.59	196
79	9	234	3.70	243
80	6	184	3.16	190
81	8	173	4.42	181
82	6	204	2.86	210
83	10	134	6.94	144
84	7	199	3.40	206
85	10	182	5.21	192
86	11	169	6.11	180
87	7	185	3.65	192
88	8	123	6.11	131
89	12	150	7.41	162
90	2	145	1.36	147
91	7	162	4.14	169
92	7	150	4.46	157
93	8	119	6.30	127
94	6	122	4.69	128
95	4	110	3.51	114
96	10	109	8.40	119
97	3	132	2.22	135
98	7	115	5.74	122
99	5	52	8.77	57
100	0	9	0.00	9
101	1	2	33.33	3
102	1	6	14.29	7
103	0	6	0.00	6
104	0	3	0.00	3
105	0	5	0.00	5
106	0	4	0.00	4
107	0	4	0.00	4
108	1	4	20.00	5
109	0	6	0.00	6
110	0	2	0.00	2
111	1	3	25.00	4
112	0	4	0.00	4
113	0	3	0.00	3
114	0	3	0.00	3
115	0	2	0.00	2
116	0	4	0.00	4
117	0	3	0.00	3
118	0	4	0.00	4
119	0	1	0.00	1
120	0	3	0.00	3
121	0	0		0
122	0	1	0.00	1
123	0	3	0.00	3
124	0	3	0.00	3
125	0	1	0.00	1
126	1	0	100.00	1
127	0	0		0
128	0	2	0.00	2
129	0	1	0.00	1
130	0	1	0.00	1
131	0	2	0.00	2
132	0	2	0.00	2
133	0	1	0.00	1
134	0	1	0.00	1
135	0	1	0.00	1
136	0	0		0
137	0	3	0.00	3
138	0	1	0.00	1
139	0	1	0.00	1
140	0	1	0.00	1
141	0	0		0
142	0	0		0
143	0	0		0
144	0	1	0.00	1
145	0	1	0.00	1
146	0	0		0
147	0	0		0
148	0	2	0.00	2

CHG context (R1)
================
position	count methylated	count unmethylated	% methylation	coverage
1	1	15	6.25	16
2	0	19	0.00	19
3	0	12	0.00	12
4	0	134	0.00	134
5	0	202	0.00	202
6	0	219	0.00	219
7	1	255	0.39	256
8	0	224	0.00	224
9	2	238	0.83	240
10	1	199	0.50	200
11	1	239	0.42	240
12	0	206	0.00	206
13	1	192	0.52	193
14	0	222	0.00	222
15	2	235	0.84	237
16	0	216	0.00	216
17	0	231	0.00	231
18	2	244	0.81	246
19	0	212	0.00	212
20	0	171	0.00	171
21	1	222	0.45	223
22	0	229	0.00	229
23	1	220	0.45	221
24	0	187	0.00	187
25	1	249	0.40	250
26	0	203	0.00	203
27	1	234	0.43	235
28	0	229	0.00	229
29	0	203	0.00	203
30	1	184	0.54	185
31	3	239	1.24	242
32	0	197	0.00	197
33	1	245	0.41	246
34	0	244	0.00	244
35	1	210	0.47	211
36	0	226	0.00	226
37	0	211	0.00	211
38	2	189	1.05	191
39	0	237	0.00	237
40	0	209	0.00	209
41	1	257	0.39	258
42	0	191	0.00	191
43	1	193	0.52	194
44	1	253	0.39	254
45	0	210	0.00	210
46	1	194	0.51	195
47	1	224	0.44	225
48	1	185	0.54	186
49	1	197	0.51	198
50	2	192	1.03	194
51	3	231	1.28	234
52	0	206	0.00	206
53	1	197	0.51	198
54	1	189	0.53	190
55	1	171	0.58	172
56	1	211	0.47	212
57	0	199	0.00	199
58	1	229	0.43	230
59	0	184	0.00	184
60	1	158	0.63	159
61	0	189	0.00	189
62	1	159	0.62	160
63	0	169	0.00	169
64	1	200	0.50	201
65	1	230	0.43	231
66	0	180	0.00	180
67	1	189	0.53	190
68	0	181	0.00	181
69	1	188	0.53	189
70	0	186	0.00	186
71	0	192	0.00	192
72	1	165	0.60	166
73	1	177	0.56	178
74	1	178	0.56	179
75	0	127	0.00	127
76	1	181	0.55	182
77	0	181	0.00	181
78	0	161	0.00	161
79	0	147	0.00	147
80	1	150	0.66	151
81	0	197	0.00	197
82	0	112	0.00	112
83	1	150	0.66	151
84	0	125	0.00	125
85	0	120	0.00	120
86	0	181	0.00	181
87	0	119	0.00	119
88	2	115	1.71	117
89	0	120	0.00	120
90	0	131	0.00	131
91	1	140	0.71	141
92	0	105	0.00	105
93	0	93	0.00	93
94	2	118	1.67	120
95	1	95	1.04	96
96	0	107	0.00	107
97	0	105	0.00	105
98	0	106	0.00	106
99	0	44	0.00	44
100	0	7	0.00	7
101	0	6	0.00	6
102	0	7	0.00	7
103	0	2	0.00	2
104	0	2	0.00	2
105	0	5	0.00	5
106	0	5	0.00	5
107	0	2	0.00	2
108	0	3	0.00	3
109	0	0		0
110	0	4	0.00	4
111	0	3	0.00	3
112	0	1	0.00	1
113	0	2	0.00	2
114	0	0		0
115	0	0		0
116	0	2	0.00	2
117	0	1	0.00	1
118	0	1	0.00	1
119	0	2	0.00	2
120	0	0		0
121	0	1	0.00	1
122	0	3	0.00	3
123	0	2	0.00	2
124	0	1	0.00	1
125	0	1	0.00	1
126	0	0		0
127	0	3	0.00	3
128	0	1	0.00	1
129	0	0		0
130	0	1	0.00	1
131	0	0		0
132	0	0		0
133	0	2	0.00	2
134	0	1	0.00	1
135	0	1	0.00	1
136	0	2	0.00	2
137	0	0		0
138	0	0		0
139	0	2	0.00	2
140	0	0		0
141	0	0		0
142	0	0		0
143	0	2	0.00	2
144	0	0		0
145	0	0		0
146	0	0		0
147	0	2	0.00	2
148	0	0		0

CHH context (R1)
================
position	count methylated	count unmethylated	% methylation	coverage
1	1	34	2.86	35
2	0	36	0.00	36
3	0	22	0.00	22
4	2	341	0.58	343
5	4	420	0.94	424
6	2	439	0.45	441
7	2	405	0.49	407
8	0	334	0.00	334
9	1	317	0.31	318
10	2	323	0.62	325
11	2	306	0.65	308
12	2	307	0.65	309
13	0	360	0.00	360
14	2	347	0.57	349
15	1	374	0.27	375
16	2	350	0.57	352
17	1	320	0.31	321
18	4	300	1.32	304
19	1	299	0.33	300
20	4	372	1.06	376
21	2	321	0.62	323
22	3	314	0.95	317
23	2	311	0.64	313
24	1	320	0.31	321
25	2	369	0.54	371
26	3	348	0.85	351
27	0	368	0.00	368
28	2	370	0.54	372
29	0	321	0.00	321
30	1	344	0.29	345
31	0	378	0.00	378
32	2	362	0.55	364
33	0	303	0.00	303
34	1	325	0.31	326
35	1	306	0.33	307
36	0	351	0.00	351
37	3	338	0.88	341
38	3	347	0.86	350
39	2	324	0.61	326
40	1	344	0.29	345
41	0	289	0.00	289
42	5	336	1.47	341
43	0	344	0.00	344
44	1	344	0.29	345
45	3	275	1.08	278
46	3	336	0.88	339
47	1	309	0.32	310
48	2	327	0.61	329
49	0	387	0.00	387
50	1	405	0.25	406
51	0	377	0.00	377
52	0	336	0.00	336
53	1	355	0.28	356
54	0	300	0.00	300
55	2	344	0.58	346
56	1	283	0.35	284
57	1	298	0.33	299
58	1	309	0.32	310
59	3	295	1.01	298
60	1	303	0.33	304
61	4	334	1.18	338
62	0	328	0.00	328
63	2	310	0.64	312
64	1	345	0.29	346
65	2	294	0.68	296
66	1	245	0.41	246
67	1	342	0.29	343
68	0	307	0.00	307
69	0	312	0.00	312
70	1	282	0.35	283
71	0	286	0.00	286
72	1	282	0.35	283
73	0	316	0.00	316
74	1	279	0.36	280
75	0	308	0.00	308
76	1	318	0.31	319
77	0	290	0.00	290
78	1	243	0.41	244
79	0	281	0.00	281
80	0	301	0.00	301
81	1	252	0.40	253
82	1	293	0.34	294
83	1	239	0.42	240
84	1	228	0.44	229
85	2	262	0.76	264
86	2	281	0.71	283
87	0	215	0.00	215
88	1	280	0.36	281
89	0	228	0.00	228
90	0	176	0.00	176
91	0	181	0.00	181
92	0	189	0.00	189
93	3	181	1.63	184
94	0	154	0.00	154
95	1	210	0.47	211
96	0	158	0.00	158
97	1	169	0.59	170
98	2	159	1.24	161
99	1	62	1.59	63
100	0	8	0.00	8
101	0	7	0.00	7
102	0	6	0.00	6
103	0	9	0.00	9
104	0	12	0.00	12
105	0	5	0.00	5
106	0	5	0.00	5
107	0	3	0.00	3
108	0	1	0.00	1
109	0	4	0.00	4
110	0	3	0.00	3
111	0	2	0.00	2
112	0	5	0.00	5
113	0	2	0.00	2
114	0	5	0.00	5
115	0	3	0.00	3
116	0	7	0.00	7
117	0	6	0.00	6
118	0	2	0.00	2
119	0	3	0.00	3
120	0	3	0.00	3
121	0	2	0.00	2
122	0	3	0.00	3
123	0	1	0.00	1
124	0	1	0.00	1
125	0	3	0.00	3
126	0	5	0.00	5
127	0	0		0
128	0	1	0.00	1
129	0	0		0
130	0	1	0.00	1
131	0	2	0.00	2
132	0	4	0.00	4
133	0	2	0.00	2
134	0	3	0.00	3
135	0	1	0.00	1
136	0	0		0
137	0	0		0
138	0	0		0
139	0	0		0
140	0	1	0.00	1
141	0	1	0.00	1
142	0	0		0
143	0	0		0
144	0	0		0
145	0	0		0
146	0	1	0.00	1
147	0	0		0
148	0	0		0

CpG context (R2)
================
position	count methylated	count unmethylated	% methylation	coverage
1	1	23	4.17	24
2	0	14	0.00	14
3	4	80	4.76	84
4	5	85	5.56	90
5	8	114	6.56	122
6	4	83	4.60	87
7	2	128	1.54	130
8	1	84	1.18	85
9	4	98	3.92	102
10	7	91	7.14	98
11	7	60	10.45	67
12	5	66	7.04	71
13	7	76	8.43	83
14	3	42	6.67	45
15	4	54	6.90	58
16	3	60	4.76	63
17	1	36	2.70	37
18	5	45	10.00	50
19	1	46	2.13	47
20	2	54	3.57	56
21	2	46	4.17	48
22	5	36	12.20	41
23	1	40	2.44	41
24	1	47	2.08	48
25	0	38	0.00	38
26	1	30	3.23	31
27	3	36	7.69	39
28	1	24	4.00	25
29	1	46	2.13	47
30	0	30	0.00	30
31	2	35	5.41	37
32	1	33	2.94	34
33	3	13	18.75	16
34	1	21	4.55	22
35	0	8	0.00	8
36	1	15	6.25	16
37	1	25	3.85	26
38	4	19	17.39	23
39	0	13	0.00	13
40	0	13	0.00	13
41	1	11	8.33	12
42	1	11	8.33	12
43	0	19	0.00	19
44	1	18	5.26	19
45	0	3	0.00	3
46	3	15	16.67	18
47	1	7	12.50	8
48	1	7	12.50	8
49	1	7	12.50	8
50	1	5	16.67	6
51	0	7	0.00	7
52	1	6	14.29	7
53	0	5	0.00	5
54	2	6	25.00	8
55	0	3	0.00	3
56	1	3	25.00	4
57	1	0	100.00	1
58	0	5	0.00	5
59	1	3	25.00	4
60	0	2	0.00	2
61	0	3	0.00	3
62	0	0		0
63	0	3	0.00	3
64	0	2	0.00	2
65	0	2	0.00	2
66	0	2	0.00	2
67	0	0		0
68	0	2	0.00	2
69	0	0		0
70	0	1	0.00	1
71	0	1	0.00	1
72	0	0		0
73	0	0		0
74	0	0		0
75	1	0	100.00	1
76	0	0		0
77	0	1	0.00	1
78	0	0		0
79	0	0		0
80	0	0		0
81	0	0		0
82	0	1	0.00	1
83	0	0		0
84	0	0		0
85	0	0		0
86	0	0		0
87	0	0		0
88	0	1	0.00	1
89	0	0		0
90	0	0		0
91	0	1	0.00	1
92	0	1	0.00	1
93	0	0		0
94	0	1	0.00	1
95	0	0		0
96	0	1	0.00	1
97	0	1	0.00	1

CHG context (R2)
================
position	count methylated	count unmethylated	% methylation	coverage
1	15	2116	0.70	2131
2	0	27	0.00	27
3	0	5	0.00	5
4	0	44	0.00	44
5	0	56	0.00	56
6	1	72	1.37	73
7	1	71	1.39	72
8	1	96	1.03	97
9	0	85	0.00	85
10	0	54	0.00	54
11	0	80	0.00	80
12	0	40	0.00	40
13	0	50	0.00	50
14	1	57	1.72	58
15	0	49	0.00	49
16	0	43	0.00	43
17	1	58	1.69	59
18	0	48	0.00	48
19	0	47	0.00	47
20	0	64	0.00	64
21	1	31	3.12	32
22	0	56	0.00	56
23	0	24	0.00	24
24	0	15	0.00	15
25	0	32	0.00	32
26	1	24	4.00	25
27	0	12	0.00	12
28	0	28	0.00	28
29	1	25	3.85	26
30	0	36	0.00	36
31	0	20	0.00	20
32	0	24	0.00	24
33	0	27	0.00	27
34	0	27	0.00	27
35	0	33	0.00	33
36	0	16	0.00	16
37	0	11	0.00	11
38	0	15	0.00	15
39	0	14	0.00	14
40	0	16	0.00	16
41	0	15	0.00	15
42	0	5	0.00	5
43	0	6	0.00	6
44	0	5	0.00	5
45	0	11	0.00	11
46	0	1	0.00	1
47	0	8	0.00	8
48	0	11	0.00	11
49	0	8	0.00	8
50	0	12	0.00	12
51	0	3	0.00	3
52	0	12	0.00	12
53	0	4	0.00	4
54	0	2	0.00	2
55	0	6	0.00	6
56	0	4	0.00	4
57	0	2	0.00	2
58	0	2	0.00	2
59	0	1	0.00	1
60	0	5	0.00	5
61	0	2	0.00	2
62	0	3	0.00	3
63	0	2	0.00	2
64	0	2	0.00	2
65	0	1	0.00	1
66	0	0		0
67	0	1	0.00	1
68	0	1	0.00	1
69	0	0		0
70	0	0		0
71	0	1	0.00	1
72	0	0		0
73	0	0		0
74	0	0		0
75	0	0		0
76	0	0		0
77	0	0		0
78	0	1	0.00	1
79	0	0		0
80	0	1	0.00	1
81	0	0		0
82	0	0		0
83	0	0		0
84	0	0		0
85	0	0		0
86	0	1	0.00	1
87	0	0		0
88	0	0		0
89	0	1	0.00	1
90	0	0		0
91	0	0		0
92	0	0		0
93	0	0		0
94	0	0		0
95	0	1	0.00	1
96	0	0		0
97	0	0		0

CHH context (R2)
================
position	count methylated	count unmethylated	% methylation	coverage
1	0	11	0.00	11
2	3	919	0.33	922
3	2	234	0.85	236
4	2	186	1.06	188
5	0	142	0.00	142
6	0	89	0.00	89
7	1	103	0.96	104
8	0	122	0.00	122
9	0	108	0.00	108
10	0	121	0.00	121
11	0	87	0.00	87
12	0	91	0.00	91
13	0	66	0.00	66
14	0	95	0.00	95
15	0	76	0.00	76
16	0	71	0.00	71
17	0	81	0.00	81
18	0	78	0.00	78
19	1	83	1.19	84
20	0	54	0.00	54
21	0	54	0.00	54
22	0	40	0.00	40
23	1	63	1.56	64
24	0	51	0.00	51
25	0	49	0.00	49
26	0	34	0.00	34
27	0	34	0.00	34
28	0	34	0.00	34
29	0	35	0.00	35
30	0	25	0.00	25
31	0	32	0.00	32
32	1	37	2.63	38
33	0	25	0.00	25
34	0	30	0.00	30
35	0	34	0.00	34
36	0	24	0.00	24
37	0	17	0.00	17
38	0	23	0.00	23
39	1	11	8.33	12
40	1	20	4.76	21
41	0	16	0.00	16
42	0	15	0.00	15
43	0	16	0.00	16
44	0	19	0.00	19
45	0	22	0.00	22
46	0	15	0.00	15
47	0	11	0.00	11
48	0	5	0.00	5
49	0	10	0.00	10
50	0	7	0.00	7
51	0	19	0.00	19
52	2	12	14.29	14
53	0	16	0.00	16
54	0	10	0.00	10
55	0	12	0.00	12
56	0	13	0.00	13
57	0	2	0.00	2
58	0	3	0.00	3
59	0	1	0.00	1
60	0	1	0.00	1
61	0	2	0.00	2
62	0	3	0.00	3
63	0	0		0
64	0	1	0.00	1
65	0	0		0
66	0	1	0.00	1
67	0	0		0
68	0	1	0.00	1
69	0	2	0.00	2
70	0	0		0
71	0	0		0
72	0	1	0.00	1
73	0	0		0
74	0	0		0
75	0	0		0
76	0	0		0
77	0	0		0
78	0	0		0
79	0	0		0
80	0	0		0
81	0	0		0
82	0	0		0
83	0	0		0
84	0	0		0
85	0	0		0
86	0	0		0
87	0	1	0.00	1
88	0	0		0
89	0	0		0
90	0	0		0
91	0	0		0
92	0	0		0
93	0	0		0
94	0	0		0
95	0	0		0
96	0	0		0
97	0	0		0

