CpG context (R1)
================
position	count methylated	count unmethylated	% methylation	coverage
1	201	2176	8.46	2377
2	0	12	0.00	12
3	0	7	0.00	7
4	14	190	6.86	204
5	9	210	4.11	219
6	11	260	4.06	271
7	14	217	6.06	231
8	12	281	4.10	293
9	14	240	5.51	254
10	8	244	3.17	252
11	14	267	4.98	281
12	15	272	5.23	287
13	13	270	4.59	283
14	8	257	3.02	265
15	10	242	3.97	252
16	17	309	5.21	326
17	11	206	5.07	217
18	12	247	4.63	259
19	20	318	5.92	338
20	8	212	3.64	220
21	14	224	5.88	238
22	17	287	5.59	304
23	9	243	3.57	252
24	21	214	8.94	235
25	10	298	3.25	308
26	13	277	4.48	290
27	25	270	8.47	295
28	17	249	6.39	266
29	5	238	2.06	243
30	17	254	6.27	271
31	14	261	5.09	275
32	13	292	4.26	305
33	9	217	3.98	226
34	18	259	6.50	277
35	12	250	4.58	262
36	16	213	6.99	229
37	10	263	3.66	273
38	16	234	6.40	250
39	13	255	4.85	268
40	7	250	2.72	257
41	12	270	4.26	282
42	15	244	5.79	259
43	11	272	3.89	283
44	16	219	6.81	235
45	9	278	3.14	287
46	17	228	6.94	245
47	18	243	6.90	261
48	14	264	5.04	278
49	15	228	6.17	243
50	12	248	4.62	260
51	12	242	4.72	254
52	12	253	4.53	265
53	14	234	5.65	248
54	14	263	5.05	277
55	11	278	3.81	289
56	18	217	7.66	235
57	8	257	3.02	265
58	15	249	5.68	264
59	12	246	4.65	258
60	11	271	3.90	282
61	8	234	3.31	242
62	19	233	7.54	252
63	8	224	3.45	232
64	10	253	3.80	263
65	8	249	3.11	257
66	13	211	5.80	224
67	15	213	6.58	228
68	18	222	7.50	240
69	9	189	4.55	198
70	9	224	3.86	233
71	8	227	3.40	235
72	13	228	5.39	241
73	15	232	6.07	247
74	7	187	3.61	194
75	9	177	4.84	186
76	12	178	6.32	190
77	5	197	2.48	202
78	12	197	5.74	209
79	7	209	3.24	216
80	5	176	2.76	181
81	10	188	5.05	198
82	4	187	2.09	191
83	7	135	4.93	142
84	5	160	3.03	165
85	11	156	6.59	167
86	9	152	5.59	161
87	13	187	6.50	200
88	2	110	1.79	112
89	9	150	5.66	159
90	1	117	0.85	118
91	10	154	6.10	164
92	7	122	5.43	129
93	6	127	4.51	133
94	3	156	1.89	159
95	5	121	3.97	126
96	5	93	5.10	98
97	7	125	5.30	132
98	10	94	9.62	104
99	4	50	7.41	54
100	1	7	12.50	8
101	0	6	0.00	6
102	1	3	25.00	4
103	1	10	9.09	11
104	1	6	14.29	7
105	0	4	0.00	4
106	2	2	50.00	4
107	0	3	0.00	3
108	1	4	20.00	5
109	1	5	16.67	6
110	0	6	0.00	6
111	0	2	0.00	2
112	0	7	0.00	7
113	1	3	25.00	4
114	1	2	33.33	3
115	1	1	50.00	2
116	1	2	33.33	3
117	1	5	16.67	6
118	0	4	0.00	4
119	0	0		0
120	0	2	0.00	2
121	0	1	0.00	1
122	0	2	0.00	2
123	0	1	0.00	1
124	0	0		0
125	0	3	0.00	3
126	0	2	0.00	2
127	0	0		0
128	0	0		0
129	0	1	0.00	1
130	0	0		0
131	0	3	0.00	3
132	0	0		0
133	0	3	0.00	3
134	0	1	0.00	1
135	0	3	0.00	3
136	0	0		0
137	0	1	0.00	1
138	0	2	0.00	2
139	0	1	0.00	1
140	0	0		0
141	0	4	0.00	4
142	0	1	0.00	1
143	0	1	0.00	1
144	0	1	0.00	1
145	0	0		0
146	0	1	0.00	1
147	0	0		0
148	0	0		0
149	0	3	0.00	3

CHG context (R1)
================
position	count methylated	count unmethylated	% methylation	coverage
1	0	14	0.00	14
2	0	18	0.00	18
3	0	10	0.00	10
4	1	125	0.79	126
5	0	201	0.00	201
6	0	231	0.00	231
7	3	243	1.22	246
8	1	226	0.44	227
9	1	225	0.44	226
10	0	202	0.00	202
11	0	244	0.00	244
12	0	181	0.00	181
13	0	202	0.00	202
14	0	193	0.00	193
15	1	262	0.38	263
16	1	209	0.48	210
17	0	237	0.00	237
18	1	259	0.38	260
19	0	198	0.00	198
20	0	170	0.00	170
21	2	217	0.91	219
22	1	213	0.47	214
23	2	219	0.90	221
24	0	185	0.00	185
25	0	235	0.00	235
26	0	207	0.00	207
27	0	224	0.00	224
28	2	234	0.85	236
29	2	205	0.97	207
30	0	185	0.00	185
31	1	236	0.42	237
32	0	212	0.00	212
33	1	237	0.42	238
34	2	239	0.83	241
35	0	239	0.00	239
36	0	220	0.00	220
37	2	218	0.91	220
38	1	180	0.55	181
39	1	198	0.50	199
40	0	218	0.00	218
41	2	236	0.84	238
42	1	240	0.41	241
43	1	201	0.50	202
44	0	270	0.00	270
45	1	208	0.48	209
46	1	193	0.52	194
47	0	187	0.00	187
48	0	218	0.00	218
49	0	203	0.00	203
50	1	232	0.43	233
51	0	220	0.00	220
52	1	223	0.45	224
53	3	220	1.35	223
54	1	207	0.48	208
55	0	171	0.00	171
56	0	211	0.00	211
57	0	203	0.00	203
58	1	188	0.53	189
59	0	180	0.00	180
60	0	142	0.00	142
61	0	186	0.00	186
62	0	169	0.00	169
63	0	175	0.00	175
64	0	199	0.00	199
65	1	214	0.47	215
66	1	199	0.50	200
67	0	164	0.00	164
68	1	200	0.50	201
69	1	189	0.53	190
70	1	195	0.51	196
71	0	179	0.00	179
72	1	157	0.63	158
73	0	180	0.00	180
74	0	138	0.00	138
75	3	145	2.03	148
76	0	168	0.00	168
77	0	194	0.00	194
78	0	142	0.00	142
79	1	153	0.65	154
80	0	139	0.00	139
81	0	172	0.00	172
82	0	114	0.00	114
83	0	155	0.00	155
84	0	118	0.00	118
85	0	116	0.00	116
86	0	151	0.00	151
87	0	114	0.00	114
88	1	122	0.81	123
89	0	105	0.00	105
90	0	103	0.00	103
91	2	142	1.39	144
92	1	90	1.10	91
93	1	84	1.18	85
94	1	97	1.02	98
95	0	94	0.00	94
96	0	119	0.00	119
97	0	120	0.00	120
98	0	100	0.00	100
99	0	49	0.00	49
100	0	7	0.00	7
101	0	4	0.00	4
102	0	7	0.00	7
103	0	4	0.00	4
104	0	7	0.00	7
105	0	5	0.00	5
106	0	6	0.00	6
107	0	5	0.00	5
108	0	5	0.00	5
109	0	4	0.00	4
110	0	2	0.00	2
111	0	2	0.00	2
112	0	5	0.00	5
113	0	1	0.00	1
114	0	3	0.00	3
115	0	3	0.00	3
116	0	3	0.00	3
117	0	3	0.00	3
118	0	1	0.00	1
119	0	2	0.00	2
120	0	1	0.00	1
121	0	1	0.00	1
122	0	0		0
123	0	1	0.00	1
124	0	0		0
125	0	0		0
126	0	0		0
127	0	0		0
128	0	1	0.00	1
129	0	0		0
130	0	1	0.00	1
131	0	1	0.00	1
132	0	3	0.00	3
133	0	0		0
134	0	1	0.00	1
135	0	1	0.00	1
136	0	0		0
137	0	1	0.00	1
138	0	1	0.00	1
139	0	0		0
140	0	2	0.00	2
141	0	1	0.00	1
142	0	0		0
143	0	1	0.00	1
144	0	0		0
145	0	0		0
146	0	0		0
147	0	0		0
148	0	4	0.00	4
149	0	1	0.00	1

CHH context (R1)
================
position	count methylated	count unmethylated	% methylation	coverage
1	0	32	0.00	32
2	0	33	0.00	33
3	0	23	0.00	23
4	3	349	0.85	352
5	3	385	0.77	388
6	2	433	0.46	435
7	1	387	0.26	388
8	0	327	0.00	327
9	2	306	0.65	308
10	3	340	0.87	343
11	1	309	0.32	310
12	1	329	0.30	330
13	1	387	0.26	388
14	1	364	0.27	365
15	2	365	0.54	367
16	0	367	0.00	367
17	0	331	0.00	331
18	1	304	0.33	305
19	1	317	0.31	318
20	2	367	0.54	369
21	1	352	0.28	353
22	1	334	0.30	335
23	0	320	0.00	320
24	1	363	0.27	364
25	2	390	0.51	392
26	3	357	0.83	360
27	1	393	0.25	394
28	0	383	0.00	383
29	1	334	0.30	335
30	1	354	0.28	355
31	2	356	0.56	358
32	1	352	0.28	353
33	1	318	0.31	319
34	0	341	0.00	341
35	0	277	0.00	277
36	1	368	0.27	369
37	2	337	0.59	339
38	0	316	0.00	316
39	0	330	0.00	330
40	2	327	0.61	329
41	0	339	0.00	339
42	2	336	0.59	338
43	0	344	0.00	344
44	2	329	0.60	331
45	1	297	0.34	298
46	1	350	0.28	351
47	2	338	0.59	340
48	3	346	0.86	349
49	1	391	0.26	392
50	1	375	0.27	376
51	1	415	0.24	416
52	2	353	0.56	355
53	2	334	0.60	336
54	0	304	0.00	304
55	0	360	0.00	360
56	2	294	0.68	296
57	0	298	0.00	298
58	1	286	0.35	287
59	1	309	0.32	310
60	2	298	0.67	300
61	0	346	0.00	346
62	0	339	0.00	339
63	0	294	0.00	294
64	1	343	0.29	344
65	1	308	0.32	309
66	5	273	1.80	278
67	2	322	0.62	324
68	1	328	0.30	329
69	1	335	0.30	336
70	2	313	0.63	315
71	0	281	0.00	281
72	2	275	0.72	277
73	1	292	0.34	293
74	0	259	0.00	259
75	1	317	0.31	318
76	0	294	0.00	294
77	4	272	1.45	276
78	1	274	0.36	275
79	0	279	0.00	279
80	0	292	0.00	292
81	2	227	0.87	229
82	1	267	0.37	268
83	1	239	0.42	240
84	1	243	0.41	244
85	1	261	0.38	262
86	0	255	0.00	255
87	0	190	0.00	190
88	3	248	1.20	251
89	1	219	0.45	220
90	2	191	1.04	193
91	0	201	0.00	201
92	0	202	0.00	202
93	1	175	0.57	176
94	0	185	0.00	185
95	0	188	0.00	188
96	0	148	0.00	148
97	1	146	0.68	147
98	0	157	0.00	157
99	0	69	0.00	69
100	0	5	0.00	5
101	0	9	0.00	9
102	0	6	0.00	6
103	0	6	0.00	6
104	0	9	0.00	9
105	0	7	0.00	7
106	0	10	0.00	10
107	0	6	0.00	6
108	0	6	0.00	6
109	0	4	0.00	4
110	0	7	0.00	7
111	0	6	0.00	6
112	0	5	0.00	5
113	0	3	0.00	3
114	0	4	0.00	4
115	0	2	0.00	2
116	0	3	0.00	3
117	0	4	0.00	4
118	0	3	0.00	3
119	0	3	0.00	3
120	0	2	0.00	2
121	0	3	0.00	3
122	0	2	0.00	2
123	0	0		0
124	0	0		0
125	0	0		0
126	0	1	0.00	1
127	0	2	0.00	2
128	0	1	0.00	1
129	0	4	0.00	4
130	0	0		0
131	0	3	0.00	3
132	0	3	0.00	3
133	0	1	0.00	1
134	0	0		0
135	0	1	0.00	1
136	0	1	0.00	1
137	0	0		0
138	0	2	0.00	2
139	0	1	0.00	1
140	0	1	0.00	1
141	0	0		0
142	0	1	0.00	1
143	0	1	0.00	1
144	0	0		0
145	0	0		0
146	0	1	0.00	1
147	0	1	0.00	1
148	0	1	0.00	1
149	0	1	0.00	1

CpG context (R2)
================
position	count methylated	count unmethylated	% methylation	coverage
1	0	21	0.00	21
2	0	16	0.00	16
3	3	73	3.95	76
4	4	76	5.00	80
5	6	101	5.61	107
6	3	86	3.37	89
7	4	107	3.60	111
8	3	88	3.30	91
9	3	73	3.95	76
10	4	108	3.57	112
11	2	67	2.90	69
12	1	71	1.39	72
13	1	82	1.20	83
14	1	38	2.56	39
15	3	61	4.69	64
16	3	44	6.38	47
17	1	36	2.70	37
18	4	48	7.69	52
19	1	42	2.33	43
20	2	41	4.65	43
21	0	28	0.00	28
22	1	38	2.56	39
23	4	38	9.52	42
24	4	59	6.35	63
25	1	33	2.94	34
26	1	34	2.86	35
27	3	28	9.68	31
28	1	22	4.35	23
29	2	37	5.13	39
30	3	19	13.64	22
31	3	28	9.68	31
32	3	31	8.82	34
33	2	19	9.52	21
34	5	20	20.00	25
35	0	15	0.00	15
36	0	7	0.00	7
37	1	17	5.56	18
38	1	28	3.45	29
39	0	7	0.00	7
40	1	14	6.67	15
41	1	12	7.69	13
42	0	13	0.00	13
43	1	16	5.88	17
44	0	21	0.00	21
45	0	4	0.00	4
46	2	24	7.69	26
47	0	9	0.00	9
48	0	10	0.00	10
49	0	9	0.00	9
50	3	10	23.08	13
51	0	4	0.00	4
52	1	12	7.69	13
53	0	3	0.00	3
54	2	8	20.00	10
55	0	3	0.00	3
56	1	5	16.67	6
57	0	6	0.00	6
58	1	3	25.00	4
59	0	4	0.00	4
60	1	3	25.00	4
61	0	1	0.00	1
62	0	2	0.00	2
63	1	1	50.00	2
64	0	3	0.00	3
65	0	1	0.00	1
66	0	0		0
67	0	1	0.00	1
68	0	2	0.00	2
69	0	1	0.00	1
70	0	0		0
71	0	1	0.00	1
72	0	1	0.00	1
73	0	1	0.00	1
74	0	0		0
75	0	1	0.00	1
76	0	1	0.00	1
77	0	1	0.00	1
78	0	0		0
79	0	0		0
80	0	1	0.00	1
81	0	0		0
82	0	1	0.00	1
83	0	0		0
84	0	0		0
85	0	0		0
86	0	1	0.00	1
87	0	0		0
88	0	0		0
89	0	0		0
90	0	0		0
91	0	2	0.00	2
92	0	0		0
93	0	0		0
94	0	2	0.00	2
95	0	0		0
96	0	0		0
97	0	2	0.00	2

CHG context (R2)
================
position	count methylated	count unmethylated	% methylation	coverage
1	22	2118	1.03	2140
2	0	28	0.00	28
3	0	4	0.00	4
4	0	35	0.00	35
5	0	70	0.00	70
6	2	79	2.47	81
7	0	75	0.00	75
8	0	81	0.00	81
9	0	57	0.00	57
10	0	63	0.00	63
11	0	78	0.00	78
12	0	40	0.00	40
13	0	45	0.00	45
14	0	57	0.00	57
15	0	33	0.00	33
16	0	52	0.00	52
17	1	56	1.75	57
18	0	63	0.00	63
19	0	40	0.00	40
20	0	64	0.00	64
21	0	38	0.00	38
22	0	45	0.00	45
23	0	27	0.00	27
24	0	17	0.00	17
25	0	38	0.00	38
26	0	16	0.00	16
27	0	13	0.00	13
28	0	24	0.00	24
29	0	27	0.00	27
30	0	18	0.00	18
31	0	24	0.00	24
32	0	22	0.00	22
33	0	22	0.00	22
34	0	26	0.00	26
35	1	20	4.76	21
36	0	10	0.00	10
37	0	9	0.00	9
38	0	17	0.00	17
39	0	14	0.00	14
40	0	12	0.00	12
41	0	21	0.00	21
42	0	7	0.00	7
43	0	10	0.00	10
44	0	2	0.00	2
45	0	10	0.00	10
46	0	3	0.00	3
47	0	16	0.00	16
48	0	10	0.00	10
49	0	8	0.00	8
50	0	10	0.00	10
51	0	3	0.00	3
52	0	7	0.00	7
53	0	10	0.00	10
54	0	1	0.00	1
55	0	11	0.00	11
56	0	3	0.00	3
57	0	0		0
58	0	2	0.00	2
59	0	2	0.00	2
60	0	4	0.00	4
61	0	2	0.00	2
62	0	0		0
63	0	4	0.00	4
64	0	1	0.00	1
65	0	0		0
66	0	1	0.00	1
67	0	0		0
68	0	1	0.00	1
69	0	0		0
70	0	0		0
71	0	1	0.00	1
72	0	3	0.00	3
73	0	1	0.00	1
74	0	0		0
75	0	2	0.00	2
76	0	0		0
77	0	0		0
78	0	2	0.00	2
79	0	0		0
80	0	1	0.00	1
81	0	1	0.00	1
82	0	0		0
83	0	0		0
84	0	0		0
85	0	0		0
86	0	1	0.00	1
87	0	2	0.00	2
88	0	0		0
89	0	1	0.00	1
90	0	0		0
91	0	0		0
92	0	0		0
93	0	0		0
94	0	0		0
95	0	1	0.00	1
96	0	0		0
97	0	0		0

CHH context (R2)
================
position	count methylated	count unmethylated	% methylation	coverage
1	0	15	0.00	15
2	2	1008	0.20	1010
3	1	256	0.39	257
4	0	194	0.00	194
5	1	139	0.71	140
6	0	98	0.00	98
7	0	106	0.00	106
8	0	146	0.00	146
9	0	112	0.00	112
10	0	111	0.00	111
11	0	83	0.00	83
12	0	82	0.00	82
13	0	61	0.00	61
14	0	77	0.00	77
15	0	69	0.00	69
16	0	63	0.00	63
17	0	51	0.00	51
18	0	76	0.00	76
19	1	82	1.20	83
20	0	61	0.00	61
21	0	59	0.00	59
22	0	49	0.00	49
23	0	52	0.00	52
24	0	50	0.00	50
25	0	58	0.00	58
26	0	38	0.00	38
27	0	28	0.00	28
28	0	28	0.00	28
29	1	40	2.44	41
30	0	31	0.00	31
31	0	23	0.00	23
32	0	20	0.00	20
33	0	17	0.00	17
34	0	24	0.00	24
35	1	31	3.12	32
36	0	23	0.00	23
37	0	15	0.00	15
38	0	18	0.00	18
39	0	7	0.00	7
40	0	14	0.00	14
41	0	8	0.00	8
42	0	20	0.00	20
43	0	16	0.00	16
44	0	22	0.00	22
45	0	14	0.00	14
46	0	19	0.00	19
47	0	14	0.00	14
48	0	10	0.00	10
49	0	12	0.00	12
50	0	7	0.00	7
51	0	14	0.00	14
52	0	11	0.00	11
53	0	9	0.00	9
54	0	13	0.00	13
55	0	7	0.00	7
56	0	9	0.00	9
57	0	2	0.00	2
58	0	5	0.00	5
59	0	0		0
60	0	2	0.00	2
61	0	4	0.00	4
62	0	2	0.00	2
63	0	1	0.00	1
64	0	1	0.00	1
65	0	0		0
66	0	1	0.00	1
67	0	0		0
68	0	3	0.00	3
69	0	2	0.00	2
70	0	1	0.00	1
71	0	0		0
72	0	0		0
73	0	0		0
74	0	0		0
75	0	2	0.00	2
76	0	0		0
77	0	1	0.00	1
78	0	0		0
79	0	2	0.00	2
80	0	0		0
81	0	0		0
82	0	0		0
83	0	0		0
84	0	0		0
85	0	0		0
86	0	0		0
87	0	1	0.00	1
88	0	0		0
89	0	0		0
90	0	0		0
91	0	0		0
92	0	0		0
93	0	0		0
94	0	1	0.00	1
95	0	0		0
96	0	0		0
97	0	0		0

