CpG context (R1)
================
position	count methylated	count unmethylated	% methylation	coverage
1	190	2186	8.00	2376
2	0	17	0.00	17
3	2	17	10.53	19
4	13	167	7.22	180
5	15	208	6.73	223
6	6	270	2.17	276
7	14	246	5.38	260
8	15	277	5.14	292
9	15	259	5.47	274
10	13	251	4.92	264
11	14	265	5.02	279
12	16	294	5.16	310
13	10	294	3.29	304
14	11	236	4.45	247
15	12	229	4.98	241
16	9	319	2.74	328
17	7	246	2.77	253
18	16	237	6.32	253
19	20	304	6.17	324
20	9	203	4.25	212
21	8	220	3.51	228
22	9	301	2.90	310
23	12	255	4.49	267
24	14	224	5.88	238
25	15	309	4.63	324
26	8	293	2.66	301
27	13	280	4.44	293
28	13	246	5.02	259
29	11	261	4.04	272
30	16	277	5.46	293
31	13	293	4.25	306
32	12	288	4.00	300
33	8	217	3.56	225
34	14	284	4.70	298
35	19	284	6.27	303
36	14	233	5.67	247
37	12	277	4.15	289
38	13	214	5.73	227
39	10	256	3.76	266
40	5	264	1.86	269
41	13	245	5.04	258
42	18	276	6.12	294
43	13	254	4.87	267
44	15	250	5.66	265
45	19	267	6.64	286
46	17	210	7.49	227
47	20	237	7.78	257
48	10	253	3.80	263
49	11	229	4.58	240
50	10	243	3.95	253
51	15	235	6.00	250
52	10	238	4.03	248
53	15	207	6.76	222
54	5	237	2.07	242
55	21	294	6.67	315
56	15	221	6.36	236
57	14	251	5.28	265
58	9	241	3.60	250
59	12	267	4.30	279
60	6	225	2.60	231
61	17	257	6.20	274
62	19	217	8.05	236
63	16	196	7.55	212
64	19	231	7.60	250
65	15	233	6.05	248
66	12	259	4.43	271
67	11	213	4.91	224
68	14	210	6.25	224
69	9	199	4.33	208
70	13	241	5.12	254
71	20	228	8.06	248
72	12	242	4.72	254
73	15	221	6.36	236
74	15	196	7.11	211
75	9	164	5.20	173
76	13	196	6.22	209
77	8	229	3.38	237
78	10	186	5.10	196
79	7	216	3.14	223
80	3	204	1.45	207
81	14	163	7.91	177
82	6	183	3.17	189
83	6	145	3.97	151
84	7	163	4.12	170
85	6	184	3.16	190
86	12	152	7.32	164
87	11	166	6.21	177
88	2	127	1.55	129
89	6	152	3.80	158
90	3	153	1.92	156
91	7	132	5.04	139
92	6	145	3.97	151
93	6	110	5.17	116
94	8	128	5.88	136
95	12	113	9.60	125
96	7	103	6.36	110
97	7	138	4.83	145
98	4	84	4.55	88
99	2	49	3.92	51
100	2	5	28.57	7
101	0	1	0.00	1
102	0	4	0.00	4
103	2	4	33.33	6
104	2	3	40.00	5
105	0	5	0.00	5
106	1	6	14.29	7
107	1	1	50.00	2
108	1	5	16.67	6
109	1	2	33.33	3
110	0	2	0.00	2
111	1	3	25.00	4
112	1	2	33.33	3
113	0	2	0.00	2
114	0	1	0.00	1
115	1	4	20.00	5
116	1	1	50.00	2
117	1	2	33.33	3
118	0	2	0.00	2
119	0	2	0.00	2
120	0	2	0.00	2
121	0	3	0.00	3
122	1	3	25.00	4
123	0	3	0.00	3
124	1	0	100.00	1
125	0	1	0.00	1
126	0	2	0.00	2
127	0	0		0
128	0	1	0.00	1
129	0	3	0.00	3
130	0	0		0
131	0	1	0.00	1
132	0	2	0.00	2
133	0	1	0.00	1
134	0	0		0
135	0	1	0.00	1
136	0	3	0.00	3
137	0	0		0
138	0	2	0.00	2
139	0	1	0.00	1
140	0	0		0
141	0	1	0.00	1
142	1	1	50.00	2
143	0	0		0
144	0	1	0.00	1
145	0	0		0
146	0	0		0
147	0	1	0.00	1
148	0	0		0
149	0	2	0.00	2

CHG context (R1)
================
position	count methylated	count unmethylated	% methylation	coverage
1	0	16	0.00	16
2	0	23	0.00	23
3	0	11	0.00	11
4	1	141	0.70	142
5	0	192	0.00	192
6	1	239	0.42	240
7	2	250	0.79	252
8	1	210	0.47	211
9	0	227	0.00	227
10	2	228	0.87	230
11	0	252	0.00	252
12	2	202	0.98	204
13	0	195	0.00	195
14	0	206	0.00	206
15	3	268	1.11	271
16	0	197	0.00	197
17	4	242	1.63	246
18	0	274	0.00	274
19	2	203	0.98	205
20	0	168	0.00	168
21	0	201	0.00	201
22	0	257	0.00	257
23	1	184	0.54	185
24	1	189	0.53	190
25	1	261	0.38	262
26	2	174	1.14	176
27	1	188	0.53	189
28	1	256	0.39	257
29	0	181	0.00	181
30	0	174	0.00	174
31	0	251	0.00	251
32	0	214	0.00	214
33	0	245	0.00	245
34	1	227	0.44	228
35	0	219	0.00	219
36	1	227	0.44	228
37	1	205	0.49	206
38	0	200	0.00	200
39	0	222	0.00	222
40	2	207	0.96	209
41	3	250	1.19	253
42	0	236	0.00	236
43	0	215	0.00	215
44	1	245	0.41	246
45	2	206	0.96	208
46	0	223	0.00	223
47	1	178	0.56	179
48	0	194	0.00	194
49	0	212	0.00	212
50	1	202	0.49	203
51	1	213	0.47	214
52	1	231	0.43	232
53	1	193	0.52	194
54	3	213	1.39	216
55	0	166	0.00	166
56	0	212	0.00	212
57	1	211	0.47	212
58	0	218	0.00	218
59	0	158	0.00	158
60	1	169	0.59	170
61	0	196	0.00	196
62	1	172	0.58	173
63	0	179	0.00	179
64	0	191	0.00	191
65	1	183	0.54	184
66	1	176	0.56	177
67	1	196	0.51	197
68	0	177	0.00	177
69	0	207	0.00	207
70	0	219	0.00	219
71	1	169	0.59	170
72	0	154	0.00	154
73	0	169	0.00	169
74	0	144	0.00	144
75	0	159	0.00	159
76	0	189	0.00	189
77	0	178	0.00	178
78	0	159	0.00	159
79	1	148	0.67	149
80	0	119	0.00	119
81	0	177	0.00	177
82	0	140	0.00	140
83	1	137	0.72	138
84	0	118	0.00	118
85	0	123	0.00	123
86	0	147	0.00	147
87	1	110	0.90	111
88	1	113	0.88	114
89	1	113	0.88	114
90	0	93	0.00	93
91	0	143	0.00	143
92	0	94	0.00	94
93	0	87	0.00	87
94	0	116	0.00	116
95	0	105	0.00	105
96	0	96	0.00	96
97	0	133	0.00	133
98	0	80	0.00	80
99	0	35	0.00	35
100	0	4	0.00	4
101	0	7	0.00	7
102	0	2	0.00	2
103	0	6	0.00	6
104	0	3	0.00	3
105	0	8	0.00	8
106	0	4	0.00	4
107	0	4	0.00	4
108	0	4	0.00	4
109	0	3	0.00	3
110	0	6	0.00	6
111	0	0		0
112	0	5	0.00	5
113	0	1	0.00	1
114	0	0		0
115	0	2	0.00	2
116	0	1	0.00	1
117	0	2	0.00	2
118	0	3	0.00	3
119	0	1	0.00	1
120	0	2	0.00	2
121	0	1	0.00	1
122	0	0		0
123	0	1	0.00	1
124	0	1	0.00	1
125	0	2	0.00	2
126	0	0		0
127	0	3	0.00	3
128	0	2	0.00	2
129	0	0		0
130	0	0		0
131	0	1	0.00	1
132	0	2	0.00	2
133	0	1	0.00	1
134	0	0		0
135	0	0		0
136	0	1	0.00	1
137	0	0		0
138	0	0		0
139	0	2	0.00	2
140	0	0		0
141	0	0		0
142	0	0		0
143	0	1	0.00	1
144	0	0		0
145	0	0		0
146	0	0		0
147	0	0		0
148	0	3	0.00	3
149	0	0		0

CHH context (R1)
================
position	count methylated	count unmethylated	% methylation	coverage
1	0	30	0.00	30
2	0	30	0.00	30
3	0	13	0.00	13
4	4	354	1.12	358
5	0	368	0.00	368
6	1	400	0.25	401
7	3	389	0.77	392
8	1	342	0.29	343
9	1	309	0.32	310
10	0	322	0.00	322
11	0	298	0.00	298
12	3	324	0.92	327
13	3	365	0.82	368
14	3	375	0.79	378
15	3	363	0.82	366
16	1	371	0.27	372
17	0	305	0.00	305
18	1	295	0.34	296
19	0	302	0.00	302
20	3	338	0.88	341
21	1	369	0.27	370
22	1	324	0.31	325
23	1	361	0.28	362
24	2	398	0.50	400
25	4	392	1.01	396
26	1	365	0.27	366
27	1	415	0.24	416
28	2	368	0.54	370
29	2	333	0.60	335
30	1	380	0.26	381
31	0	369	0.00	369
32	1	371	0.27	372
33	2	334	0.60	336
34	1	332	0.30	333
35	1	315	0.32	316
36	0	354	0.00	354
37	1	356	0.28	357
38	0	365	0.00	365
39	1	358	0.28	359
40	1	343	0.29	344
41	1	325	0.31	326
42	1	344	0.29	345
43	2	362	0.55	364
44	2	316	0.63	318
45	0	304	0.00	304
46	1	349	0.29	350
47	0	324	0.00	324
48	1	363	0.27	364
49	0	381	0.00	381
50	0	394	0.00	394
51	0	419	0.00	419
52	1	394	0.25	395
53	1	362	0.28	363
54	0	326	0.00	326
55	2	335	0.59	337
56	0	298	0.00	298
57	3	266	1.12	269
58	0	274	0.00	274
59	2	333	0.60	335
60	2	305	0.65	307
61	0	328	0.00	328
62	2	323	0.62	325
63	1	305	0.33	306
64	0	363	0.00	363
65	0	343	0.00	343
66	0	297	0.00	297
67	0	310	0.00	310
68	1	341	0.29	342
69	0	318	0.00	318
70	2	291	0.68	293
71	0	282	0.00	282
72	0	272	0.00	272
73	1	318	0.31	319
74	0	276	0.00	276
75	2	329	0.60	331
76	1	290	0.34	291
77	1	282	0.35	283
78	0	275	0.00	275
79	0	294	0.00	294
80	0	298	0.00	298
81	2	260	0.76	262
82	5	266	1.85	271
83	0	253	0.00	253
84	1	231	0.43	232
85	1	254	0.39	255
86	1	261	0.38	262
87	1	212	0.47	213
88	0	263	0.00	263
89	0	207	0.00	207
90	0	188	0.00	188
91	1	160	0.62	161
92	0	197	0.00	197
93	1	183	0.54	184
94	0	161	0.00	161
95	0	191	0.00	191
96	0	152	0.00	152
97	0	167	0.00	167
98	0	161	0.00	161
99	1	72	1.37	73
100	0	10	0.00	10
101	0	8	0.00	8
102	0	12	0.00	12
103	0	4	0.00	4
104	0	7	0.00	7
105	0	5	0.00	5
106	0	5	0.00	5
107	0	3	0.00	3
108	0	1	0.00	1
109	0	1	0.00	1
110	0	3	0.00	3
111	0	2	0.00	2
112	0	2	0.00	2
113	0	1	0.00	1
114	0	3	0.00	3
115	0	3	0.00	3
116	0	1	0.00	1
117	0	3	0.00	3
118	0	1	0.00	1
119	0	3	0.00	3
120	0	3	0.00	3
121	0	1	0.00	1
122	0	2	0.00	2
123	0	2	0.00	2
124	0	4	0.00	4
125	0	4	0.00	4
126	0	7	0.00	7
127	0	4	0.00	4
128	0	0		0
129	0	1	0.00	1
130	0	3	0.00	3
131	0	2	0.00	2
132	0	1	0.00	1
133	0	1	0.00	1
134	0	1	0.00	1
135	0	2	0.00	2
136	0	0		0
137	0	0		0
138	0	3	0.00	3
139	0	0		0
140	0	1	0.00	1
141	0	0		0
142	0	0		0
143	0	1	0.00	1
144	0	1	0.00	1
145	0	3	0.00	3
146	0	0		0
147	0	1	0.00	1
148	0	0		0
149	0	0		0

CpG context (R2)
================
position	count methylated	count unmethylated	% methylation	coverage
1	0	19	0.00	19
2	0	14	0.00	14
3	3	67	4.29	70
4	1	74	1.33	75
5	7	104	6.31	111
6	5	80	5.88	85
7	1	126	0.79	127
8	0	87	0.00	87
9	4	87	4.40	91
10	2	113	1.74	115
11	3	65	4.41	68
12	5	68	6.85	73
13	10	76	11.63	86
14	0	42	0.00	42
15	6	62	8.82	68
16	2	70	2.78	72
17	1	40	2.44	41
18	4	59	6.35	63
19	1	41	2.38	42
20	1	52	1.89	53
21	2	31	6.06	33
22	3	49	5.77	52
23	2	41	4.65	43
24	2	53	3.64	55
25	2	42	4.55	44
26	1	33	2.94	34
27	1	39	2.50	40
28	1	35	2.78	36
29	3	41	6.82	44
30	1	26	3.70	27
31	2	23	8.00	25
32	1	30	3.23	31
33	1	12	7.69	13
34	0	23	0.00	23
35	1	20	4.76	21
36	2	11	15.38	13
37	1	32	3.03	33
38	0	36	0.00	36
39	0	18	0.00	18
40	0	7	0.00	7
41	0	9	0.00	9
42	1	11	8.33	12
43	1	17	5.56	18
44	0	23	0.00	23
45	0	1	0.00	1
46	2	16	11.11	18
47	0	9	0.00	9
48	2	8	20.00	10
49	0	8	0.00	8
50	0	8	0.00	8
51	0	7	0.00	7
52	0	11	0.00	11
53	0	4	0.00	4
54	0	8	0.00	8
55	0	5	0.00	5
56	1	5	16.67	6
57	1	3	25.00	4
58	0	6	0.00	6
59	0	7	0.00	7
60	0	3	0.00	3
61	0	5	0.00	5
62	0	2	0.00	2
63	0	3	0.00	3
64	0	3	0.00	3
65	0	2	0.00	2
66	0	1	0.00	1
67	0	2	0.00	2
68	0	3	0.00	3
69	0	3	0.00	3
70	0	3	0.00	3
71	0	1	0.00	1
72	0	3	0.00	3
73	0	1	0.00	1
74	0	0		0
75	0	3	0.00	3
76	0	0		0
77	0	3	0.00	3
78	0	2	0.00	2
79	0	3	0.00	3
80	0	1	0.00	1
81	0	1	0.00	1
82	0	0		0
83	0	1	0.00	1
84	0	0		0
85	0	0		0
86	1	1	50.00	2
87	0	0		0
88	0	1	0.00	1
89	0	0		0
90	0	0		0
91	0	0		0
92	0	1	0.00	1
93	0	0		0
94	0	1	0.00	1
95	0	0		0
96	0	1	0.00	1

CHG context (R2)
================
position	count methylated	count unmethylated	% methylation	coverage
1	12	2132	0.56	2144
2	0	26	0.00	26
3	0	8	0.00	8
4	0	37	0.00	37
5	0	60	0.00	60
6	2	85	2.30	87
7	0	76	0.00	76
8	0	96	0.00	96
9	0	82	0.00	82
10	0	57	0.00	57
11	1	79	1.25	80
12	0	28	0.00	28
13	0	46	0.00	46
14	0	54	0.00	54
15	1	45	2.17	46
16	0	48	0.00	48
17	0	56	0.00	56
18	1	61	1.61	62
19	0	49	0.00	49
20	0	49	0.00	49
21	0	41	0.00	41
22	0	58	0.00	58
23	0	34	0.00	34
24	0	28	0.00	28
25	0	42	0.00	42
26	1	19	5.00	20
27	0	18	0.00	18
28	1	20	4.76	21
29	0	22	0.00	22
30	0	35	0.00	35
31	0	28	0.00	28
32	0	16	0.00	16
33	0	22	0.00	22
34	0	19	0.00	19
35	0	29	0.00	29
36	0	21	0.00	21
37	0	11	0.00	11
38	0	11	0.00	11
39	0	25	0.00	25
40	0	17	0.00	17
41	1	18	5.26	19
42	0	8	0.00	8
43	0	10	0.00	10
44	0	6	0.00	6
45	0	11	0.00	11
46	0	0		0
47	0	12	0.00	12
48	0	12	0.00	12
49	0	10	0.00	10
50	0	12	0.00	12
51	0	6	0.00	6
52	0	7	0.00	7
53	0	6	0.00	6
54	0	1	0.00	1
55	0	8	0.00	8
56	0	5	0.00	5
57	0	0		0
58	0	2	0.00	2
59	0	0		0
60	0	7	0.00	7
61	0	1	0.00	1
62	0	1	0.00	1
63	0	5	0.00	5
64	0	1	0.00	1
65	0	1	0.00	1
66	0	0		0
67	0	0		0
68	0	0		0
69	0	1	0.00	1
70	1	3	25.00	4
71	0	1	0.00	1
72	0	0		0
73	0	2	0.00	2
74	0	0		0
75	0	1	0.00	1
76	0	0		0
77	0	1	0.00	1
78	0	1	0.00	1
79	0	0		0
80	0	0		0
81	0	0		0
82	0	0		0
83	0	0		0
84	0	0		0
85	0	0		0
86	0	0		0
87	0	0		0
88	0	0		0
89	0	1	0.00	1
90	0	0		0
91	0	0		0
92	0	0		0
93	0	0		0
94	0	0		0
95	0	0		0
96	0	0		0

CHH context (R2)
================
position	count methylated	count unmethylated	% methylation	coverage
1	0	12	0.00	12
2	1	975	0.10	976
3	2	258	0.77	260
4	0	197	0.00	197
5	1	146	0.68	147
6	2	106	1.85	108
7	0	123	0.00	123
8	0	146	0.00	146
9	1	129	0.77	130
10	1	114	0.87	115
11	0	82	0.00	82
12	0	84	0.00	84
13	1	75	1.32	76
14	0	82	0.00	82
15	0	81	0.00	81
16	0	55	0.00	55
17	0	58	0.00	58
18	0	79	0.00	79
19	1	74	1.33	75
20	0	61	0.00	61
21	0	49	0.00	49
22	0	40	0.00	40
23	0	57	0.00	57
24	0	55	0.00	55
25	0	43	0.00	43
26	0	38	0.00	38
27	0	39	0.00	39
28	0	27	0.00	27
29	0	35	0.00	35
30	0	34	0.00	34
31	1	28	3.45	29
32	0	32	0.00	32
33	0	20	0.00	20
34	0	27	0.00	27
35	0	28	0.00	28
36	1	23	4.17	24
37	0	15	0.00	15
38	0	24	0.00	24
39	0	9	0.00	9
40	0	25	0.00	25
41	0	22	0.00	22
42	0	22	0.00	22
43	0	19	0.00	19
44	0	20	0.00	20
45	0	15	0.00	15
46	0	16	0.00	16
47	0	15	0.00	15
48	0	9	0.00	9
49	0	11	0.00	11
50	0	11	0.00	11
51	0	22	0.00	22
52	0	17	0.00	17
53	0	18	0.00	18
54	0	13	0.00	13
55	1	11	8.33	12
56	0	8	0.00	8
57	0	5	0.00	5
58	0	7	0.00	7
59	0	5	0.00	5
60	0	1	0.00	1
61	0	4	0.00	4
62	0	5	0.00	5
63	0	2	0.00	2
64	0	4	0.00	4
65	0	4	0.00	4
66	0	1	0.00	1
67	0	4	0.00	4
68	0	4	0.00	4
69	0	1	0.00	1
70	0	1	0.00	1
71	0	2	0.00	2
72	0	2	0.00	2
73	0	0		0
74	0	1	0.00	1
75	0	0		0
76	0	1	0.00	1
77	0	0		0
78	0	0		0
79	0	1	0.00	1
80	0	1	0.00	1
81	0	0		0
82	0	0		0
83	0	0		0
84	0	0		0
85	0	0		0
86	0	0		0
87	0	0		0
88	0	0		0
89	0	2	0.00	2
90	0	0		0
91	0	0		0
92	0	0		0
93	0	0		0
94	0	0		0
95	0	0		0
96	0	0		0

