CpG context (R1)
================
position	count methylated	count unmethylated	% methylation	coverage
1	247	2126	10.41	2373
2	0	17	0.00	17
3	0	16	0.00	16
4	11	199	5.24	210
5	9	207	4.17	216
6	8	278	2.80	286
7	3	229	1.29	232
8	19	290	6.15	309
9	14	244	5.43	258
10	11	251	4.20	262
11	8	244	3.17	252
12	17	279	5.74	296
13	13	297	4.19	310
14	13	243	5.08	256
15	7	264	2.58	271
16	15	286	4.98	301
17	16	242	6.20	258
18	7	228	2.98	235
19	17	300	5.36	317
20	11	220	4.76	231
21	9	225	3.85	234
22	15	268	5.30	283
23	11	258	4.09	269
24	12	249	4.60	261
25	8	308	2.53	316
26	9	296	2.95	305
27	7	264	2.58	271
28	26	256	9.22	282
29	8	273	2.85	281
30	14	296	4.52	310
31	16	295	5.14	311
32	14	278	4.79	292
33	11	208	5.02	219
34	15	259	5.47	274
35	16	273	5.54	289
36	13	212	5.78	225
37	20	259	7.17	279
38	10	224	4.27	234
39	17	240	6.61	257
40	12	272	4.23	284
41	15	251	5.64	266
42	11	254	4.15	265
43	11	256	4.12	267
44	16	245	6.13	261
45	10	271	3.56	281
46	15	254	5.58	269
47	14	266	5.00	280
48	16	232	6.45	248
49	15	234	6.02	249
50	15	242	5.84	257
51	14	227	5.81	241
52	11	263	4.01	274
53	11	222	4.72	233
54	10	246	3.91	256
55	9	312	2.80	321
56	13	226	5.44	239
57	13	225	5.46	238
58	9	234	3.70	243
59	11	261	4.04	272
60	9	216	4.00	225
61	16	247	6.08	263
62	10	239	4.02	249
63	18	214	7.76	232
64	12	248	4.62	260
65	11	244	4.31	255
66	8	279	2.79	287
67	8	233	3.32	241
68	8	189	4.06	197
69	4	199	1.97	203
70	14	227	5.81	241
71	10	239	4.02	249
72	11	216	4.85	227
73	13	222	5.53	235
74	14	200	6.54	214
75	9	178	4.81	187
76	14	207	6.33	221
77	9	216	4.00	225
78	9	188	4.57	197
79	10	196	4.85	206
80	9	161	5.29	170
81	9	164	5.20	173
82	7	194	3.48	201
83	7	126	5.26	133
84	2	159	1.24	161
85	10	183	5.18	193
86	11	183	5.67	194
87	9	159	5.36	168
88	3	137	2.14	140
89	8	129	5.84	137
90	3	128	2.29	131
91	7	144	4.64	151
92	4	135	2.88	139
93	8	125	6.02	133
94	3	130	2.26	133
95	8	99	7.48	107
96	4	105	3.67	109
97	8	116	6.45	124
98	5	92	5.15	97
99	4	55	6.78	59
100	0	7	0.00	7
101	0	6	0.00	6
102	1	1	50.00	2
103	1	8	11.11	9
104	0	3	0.00	3
105	0	5	0.00	5
106	1	1	50.00	2
107	0	6	0.00	6
108	0	7	0.00	7
109	1	7	12.50	8
110	0	4	0.00	4
111	0	2	0.00	2
112	0	4	0.00	4
113	0	5	0.00	5
114	3	2	60.00	5
115	0	4	0.00	4
116	2	2	50.00	4
117	0	5	0.00	5
118	1	2	33.33	3
119	0	1	0.00	1
120	0	2	0.00	2
121	1	4	20.00	5
122	0	3	0.00	3
123	0	1	0.00	1
124	1	1	50.00	2
125	0	1	0.00	1
126	0	2	0.00	2
127	0	1	0.00	1
128	0	2	0.00	2
129	0	1	0.00	1
130	0	1	0.00	1
131	0	0		0
132	1	1	50.00	2
133	0	0		0
134	0	0		0
135	0	1	0.00	1
136	0	2	0.00	2
137	0	0		0
138	0	3	0.00	3
139	1	1	50.00	2
140	0	0		0
141	0	0		0
142	0	0		0
143	0	1	0.00	1
144	0	0		0
145	1	0	100.00	1
146	0	1	0.00	1
147	0	0		0
148	0	1	0.00	1
149	0	3	0.00	3

CHG context (R1)
================
position	count methylated	count unmethylated	% methylation	coverage
1	0	15	0.00	15
2	0	20	0.00	20
3	0	7	0.00	7
4	0	126	0.00	126
5	0	222	0.00	222
6	1	204	0.49	205
7	1	231	0.43	232
8	1	210	0.47	211
9	2	228	0.87	230
10	0	215	0.00	215
11	1	236	0.42	237
12	0	217	0.00	217
13	0	197	0.00	197
14	0	176	0.00	176
15	1	220	0.45	221
16	1	221	0.45	222
17	1	239	0.42	240
18	0	256	0.00	256
19	0	183	0.00	183
20	0	176	0.00	176
21	0	251	0.00	251
22	1	210	0.47	211
23	0	215	0.00	215
24	1	203	0.49	204
25	1	246	0.40	247
26	1	186	0.53	187
27	2	219	0.90	221
28	1	248	0.40	249
29	0	177	0.00	177
30	2	198	1.00	200
31	0	227	0.00	227
32	1	200	0.50	201
33	0	235	0.00	235
34	1	225	0.44	226
35	0	233	0.00	233
36	0	222	0.00	222
37	2	197	1.01	199
38	1	194	0.51	195
39	0	222	0.00	222
40	1	206	0.48	207
41	1	276	0.36	277
42	1	178	0.56	179
43	0	185	0.00	185
44	1	271	0.37	272
45	1	208	0.48	209
46	1	223	0.45	224
47	1	191	0.52	192
48	2	224	0.88	226
49	1	230	0.43	231
50	1	223	0.45	224
51	1	212	0.47	213
52	0	232	0.00	232
53	0	185	0.00	185
54	1	201	0.50	202
55	0	180	0.00	180
56	2	224	0.88	226
57	2	214	0.93	216
58	0	217	0.00	217
59	0	168	0.00	168
60	0	139	0.00	139
61	2	224	0.88	226
62	0	162	0.00	162
63	1	192	0.52	193
64	1	190	0.52	191
65	0	189	0.00	189
66	1	184	0.54	185
67	2	182	1.09	184
68	0	208	0.00	208
69	1	197	0.51	198
70	0	192	0.00	192
71	0	157	0.00	157
72	0	162	0.00	162
73	0	185	0.00	185
74	0	158	0.00	158
75	1	153	0.65	154
76	0	177	0.00	177
77	0	164	0.00	164
78	1	158	0.63	159
79	0	154	0.00	154
80	0	159	0.00	159
81	0	202	0.00	202
82	0	117	0.00	117
83	1	125	0.79	126
84	1	138	0.72	139
85	0	132	0.00	132
86	2	157	1.26	159
87	0	99	0.00	99
88	0	147	0.00	147
89	0	116	0.00	116
90	2	110	1.79	112
91	2	131	1.50	133
92	0	93	0.00	93
93	0	86	0.00	86
94	1	92	1.08	93
95	0	99	0.00	99
96	0	114	0.00	114
97	0	114	0.00	114
98	0	112	0.00	112
99	1	43	2.27	44
100	0	6	0.00	6
101	0	7	0.00	7
102	0	8	0.00	8
103	0	4	0.00	4
104	0	5	0.00	5
105	0	9	0.00	9
106	0	10	0.00	10
107	0	3	0.00	3
108	0	3	0.00	3
109	0	6	0.00	6
110	0	4	0.00	4
111	0	3	0.00	3
112	0	8	0.00	8
113	0	1	0.00	1
114	0	1	0.00	1
115	0	2	0.00	2
116	0	1	0.00	1
117	0	0		0
118	0	5	0.00	5
119	0	1	0.00	1
120	0	3	0.00	3
121	0	3	0.00	3
122	0	2	0.00	2
123	0	3	0.00	3
124	0	6	0.00	6
125	0	1	0.00	1
126	0	1	0.00	1
127	0	3	0.00	3
128	0	1	0.00	1
129	0	1	0.00	1
130	0	1	0.00	1
131	0	1	0.00	1
132	0	2	0.00	2
133	0	0		0
134	0	0		0
135	0	3	0.00	3
136	0	1	0.00	1
137	0	0		0
138	0	0		0
139	0	1	0.00	1
140	0	0		0
141	0	0		0
142	0	1	0.00	1
143	0	0		0
144	0	0		0
145	0	1	0.00	1
146	0	0		0
147	0	1	0.00	1
148	0	4	0.00	4
149	0	1	0.00	1

CHH context (R1)
================
position	count methylated	count unmethylated	% methylation	coverage
1	2	35	5.41	37
2	0	36	0.00	36
3	0	17	0.00	17
4	0	334	0.00	334
5	1	394	0.25	395
6	0	408	0.00	408
7	1	382	0.26	383
8	1	396	0.25	397
9	1	326	0.31	327
10	0	337	0.00	337
11	0	325	0.00	325
12	1	338	0.29	339
13	1	349	0.29	350
14	1	350	0.28	351
15	1	369	0.27	370
16	0	361	0.00	361
17	0	296	0.00	296
18	0	293	0.00	293
19	0	327	0.00	327
20	2	382	0.52	384
21	0	357	0.00	357
22	0	340	0.00	340
23	0	357	0.00	357
24	1	346	0.29	347
25	0	382	0.00	382
26	2	355	0.56	357
27	1	413	0.24	414
28	1	352	0.28	353
29	0	337	0.00	337
30	0	335	0.00	335
31	0	327	0.00	327
32	1	368	0.27	369
33	3	336	0.88	339
34	1	335	0.30	336
35	1	308	0.32	309
36	0	347	0.00	347
37	2	372	0.53	374
38	0	349	0.00	349
39	1	346	0.29	347
40	1	334	0.30	335
41	0	327	0.00	327
42	1	343	0.29	344
43	1	344	0.29	345
44	0	353	0.00	353
45	3	330	0.90	333
46	0	335	0.00	335
47	0	333	0.00	333
48	0	340	0.00	340
49	2	406	0.49	408
50	0	365	0.00	365
51	1	388	0.26	389
52	2	339	0.59	341
53	1	343	0.29	344
54	0	314	0.00	314
55	2	329	0.60	331
56	1	290	0.34	291
57	1	282	0.35	283
58	1	295	0.34	296
59	0	312	0.00	312
60	0	359	0.00	359
61	1	362	0.28	363
62	4	353	1.12	357
63	1	301	0.33	302
64	2	356	0.56	358
65	0	319	0.00	319
66	0	271	0.00	271
67	0	335	0.00	335
68	0	351	0.00	351
69	3	325	0.91	328
70	3	280	1.06	283
71	1	276	0.36	277
72	0	282	0.00	282
73	0	287	0.00	287
74	1	256	0.39	257
75	1	305	0.33	306
76	1	303	0.33	304
77	1	270	0.37	271
78	0	276	0.00	276
79	0	279	0.00	279
80	2	288	0.69	290
81	0	239	0.00	239
82	0	254	0.00	254
83	1	240	0.41	241
84	1	245	0.41	246
85	1	239	0.42	240
86	0	239	0.00	239
87	1	215	0.46	216
88	0	234	0.00	234
89	0	209	0.00	209
90	1	196	0.51	197
91	1	186	0.53	187
92	2	201	0.99	203
93	1	174	0.57	175
94	0	185	0.00	185
95	0	207	0.00	207
96	0	153	0.00	153
97	0	145	0.00	145
98	1	146	0.68	147
99	0	69	0.00	69
100	0	12	0.00	12
101	0	13	0.00	13
102	0	10	0.00	10
103	0	5	0.00	5
104	0	11	0.00	11
105	0	14	0.00	14
106	0	8	0.00	8
107	0	7	0.00	7
108	0	6	0.00	6
109	0	7	0.00	7
110	0	9	0.00	9
111	0	5	0.00	5
112	0	6	0.00	6
113	0	5	0.00	5
114	0	7	0.00	7
115	0	4	0.00	4
116	0	3	0.00	3
117	0	8	0.00	8
118	0	3	0.00	3
119	0	4	0.00	4
120	0	4	0.00	4
121	0	4	0.00	4
122	0	2	0.00	2
123	0	5	0.00	5
124	0	1	0.00	1
125	0	3	0.00	3
126	0	2	0.00	2
127	0	4	0.00	4
128	0	2	0.00	2
129	0	3	0.00	3
130	0	2	0.00	2
131	0	4	0.00	4
132	0	3	0.00	3
133	0	2	0.00	2
134	0	3	0.00	3
135	0	1	0.00	1
136	0	0		0
137	0	0		0
138	0	1	0.00	1
139	0	0		0
140	0	0		0
141	0	0		0
142	0	0		0
143	0	2	0.00	2
144	0	0		0
145	0	1	0.00	1
146	0	1	0.00	1
147	0	1	0.00	1
148	0	0		0
149	0	0		0

CpG context (R2)
================
position	count methylated	count unmethylated	% methylation	coverage
1	0	26	0.00	26
2	0	14	0.00	14
3	5	61	7.58	66
4	4	71	5.33	75
5	1	111	0.89	112
6	6	91	6.19	97
7	7	137	4.86	144
8	2	78	2.50	80
9	3	80	3.61	83
10	3	91	3.19	94
11	8	61	11.59	69
12	2	71	2.74	73
13	5	92	5.15	97
14	1	39	2.50	40
15	1	64	1.54	65
16	0	62	0.00	62
17	0	39	0.00	39
18	7	52	11.86	59
19	1	29	3.33	30
20	5	53	8.62	58
21	1	29	3.33	30
22	1	38	2.56	39
23	3	39	7.14	42
24	1	48	2.04	49
25	1	24	4.00	25
26	0	24	0.00	24
27	2	35	5.41	37
28	1	21	4.55	22
29	2	30	6.25	32
30	2	23	8.00	25
31	3	21	12.50	24
32	2	23	8.00	25
33	1	14	6.67	15
34	2	15	11.76	17
35	0	12	0.00	12
36	3	5	37.50	8
37	0	22	0.00	22
38	1	18	5.26	19
39	0	9	0.00	9
40	1	6	14.29	7
41	0	8	0.00	8
42	0	8	0.00	8
43	1	13	7.14	14
44	0	11	0.00	11
45	0	1	0.00	1
46	2	6	25.00	8
47	0	3	0.00	3
48	1	7	12.50	8
49	1	3	25.00	4
50	1	2	33.33	3
51	0	5	0.00	5
52	1	7	12.50	8
53	0	1	0.00	1
54	0	6	0.00	6
55	0	1	0.00	1
56	0	5	0.00	5
57	0	1	0.00	1
58	1	7	12.50	8
59	0	2	0.00	2
60	0	1	0.00	1
61	0	2	0.00	2
62	0	1	0.00	1
63	0	1	0.00	1
64	0	0		0
65	0	1	0.00	1
66	0	0		0
67	0	1	0.00	1
68	0	0		0
69	0	1	0.00	1
70	0	0		0
71	0	2	0.00	2
72	0	1	0.00	1
73	0	0		0
74	0	0		0
75	0	2	0.00	2
76	0	0		0
77	0	3	0.00	3
78	0	0		0
79	0	1	0.00	1
80	0	0		0
81	0	0		0
82	0	0		0
83	0	0		0
84	0	0		0
85	0	0		0
86	0	1	0.00	1
87	0	0		0
88	0	0		0
89	0	0		0
90	0	0		0
91	0	0		0
92	0	0		0
93	0	0		0
94	0	0		0
95	0	1	0.00	1

CHG context (R2)
================
position	count methylated	count unmethylated	% methylation	coverage
1	18	2107	0.85	2125
2	1	27	3.57	28
3	0	6	0.00	6
4	1	29	3.33	30
5	0	56	0.00	56
6	1	67	1.47	68
7	0	66	0.00	66
8	1	103	0.96	104
9	0	67	0.00	67
10	0	69	0.00	69
11	2	65	2.99	67
12	0	36	0.00	36
13	0	48	0.00	48
14	0	47	0.00	47
15	0	44	0.00	44
16	0	49	0.00	49
17	1	57	1.72	58
18	0	42	0.00	42
19	0	54	0.00	54
20	0	47	0.00	47
21	0	46	0.00	46
22	0	42	0.00	42
23	0	19	0.00	19
24	0	12	0.00	12
25	0	41	0.00	41
26	0	19	0.00	19
27	0	11	0.00	11
28	0	20	0.00	20
29	1	25	3.85	26
30	0	24	0.00	24
31	0	32	0.00	32
32	0	11	0.00	11
33	0	21	0.00	21
34	0	23	0.00	23
35	0	21	0.00	21
36	0	19	0.00	19
37	0	13	0.00	13
38	0	10	0.00	10
39	0	9	0.00	9
40	0	18	0.00	18
41	0	20	0.00	20
42	0	2	0.00	2
43	0	7	0.00	7
44	0	4	0.00	4
45	0	10	0.00	10
46	0	6	0.00	6
47	0	5	0.00	5
48	0	8	0.00	8
49	0	15	0.00	15
50	0	9	0.00	9
51	0	2	0.00	2
52	0	6	0.00	6
53	0	3	0.00	3
54	0	0		0
55	0	6	0.00	6
56	0	1	0.00	1
57	0	1	0.00	1
58	0	1	0.00	1
59	0	1	0.00	1
60	0	4	0.00	4
61	0	0		0
62	0	0		0
63	0	2	0.00	2
64	0	1	0.00	1
65	0	0		0
66	0	1	0.00	1
67	0	0		0
68	0	2	0.00	2
69	0	0		0
70	0	1	0.00	1
71	0	0		0
72	0	1	0.00	1
73	0	1	0.00	1
74	0	0		0
75	0	0		0
76	0	0		0
77	0	0		0
78	0	0		0
79	0	0		0
80	0	0		0
81	0	0		0
82	0	0		0
83	0	0		0
84	0	0		0
85	0	0		0
86	0	0		0
87	0	0		0
88	0	0		0
89	0	0		0
90	0	0		0
91	0	0		0
92	0	0		0
93	0	0		0
94	0	0		0
95	0	0		0

CHH context (R2)
================
position	count methylated	count unmethylated	% methylation	coverage
1	0	12	0.00	12
2	5	973	0.51	978
3	0	263	0.00	263
4	0	209	0.00	209
5	1	148	0.67	149
6	0	91	0.00	91
7	1	100	0.99	101
8	1	120	0.83	121
9	0	99	0.00	99
10	0	116	0.00	116
11	0	82	0.00	82
12	0	84	0.00	84
13	0	53	0.00	53
14	1	97	1.02	98
15	0	76	0.00	76
16	0	67	0.00	67
17	0	63	0.00	63
18	0	71	0.00	71
19	0	75	0.00	75
20	0	60	0.00	60
21	0	49	0.00	49
22	0	47	0.00	47
23	0	53	0.00	53
24	0	47	0.00	47
25	0	46	0.00	46
26	0	45	0.00	45
27	0	32	0.00	32
28	0	35	0.00	35
29	1	34	2.86	35
30	0	36	0.00	36
31	0	34	0.00	34
32	0	25	0.00	25
33	2	16	11.11	18
34	0	25	0.00	25
35	0	22	0.00	22
36	0	19	0.00	19
37	0	13	0.00	13
38	0	13	0.00	13
39	0	4	0.00	4
40	0	13	0.00	13
41	0	11	0.00	11
42	0	20	0.00	20
43	0	20	0.00	20
44	0	18	0.00	18
45	0	14	0.00	14
46	1	14	6.67	15
47	0	10	0.00	10
48	0	4	0.00	4
49	0	10	0.00	10
50	0	10	0.00	10
51	0	15	0.00	15
52	0	14	0.00	14
53	0	7	0.00	7
54	0	8	0.00	8
55	0	10	0.00	10
56	0	7	0.00	7
57	0	2	0.00	2
58	0	3	0.00	3
59	0	2	0.00	2
60	0	0		0
61	0	2	0.00	2
62	0	0		0
63	0	0		0
64	0	1	0.00	1
65	0	1	0.00	1
66	0	0		0
67	0	0		0
68	0	2	0.00	2
69	0	3	0.00	3
70	0	0		0
71	0	0		0
72	0	1	0.00	1
73	0	1	0.00	1
74	0	1	0.00	1
75	0	0		0
76	0	0		0
77	0	0		0
78	0	0		0
79	0	0		0
80	0	0		0
81	0	0		0
82	0	0		0
83	0	0		0
84	0	1	0.00	1
85	0	0		0
86	0	0		0
87	0	0		0
88	0	0		0
89	0	1	0.00	1
90	0	0		0
91	0	0		0
92	0	0		0
93	0	0		0
94	0	0		0
95	0	0		0

