CpG context (R1)
================
position	count methylated	count unmethylated	% methylation	coverage
1	212	2161	8.93	2373
2	0	12	0.00	12
3	3	15	16.67	18
4	10	175	5.41	185
5	17	203	7.73	220
6	15	266	5.34	281
7	9	218	3.96	227
8	22	263	7.72	285
9	8	266	2.92	274
10	9	268	3.25	277
11	7	265	2.57	272
12	17	288	5.57	305
13	20	279	6.69	299
14	20	261	7.12	281
15	13	222	5.53	235
16	15	288	4.95	303
17	9	222	3.90	231
18	7	238	2.86	245
19	17	312	5.17	329
20	10	225	4.26	235
21	13	229	5.37	242
22	9	268	3.25	277
23	18	268	6.29	286
24	9	249	3.49	258
25	13	281	4.42	294
26	12	320	3.61	332
27	14	286	4.67	300
28	16	255	5.90	271
29	13	271	4.58	284
30	14	246	5.38	260
31	17	286	5.61	303
32	15	269	5.28	284
33	9	228	3.80	237
34	17	265	6.03	282
35	7	271	2.52	278
36	13	204	5.99	217
37	10	272	3.55	282
38	13	229	5.37	242
39	15	259	5.47	274
40	10	255	3.77	265
41	8	288	2.70	296
42	14	256	5.19	270
43	8	253	3.07	261
44	12	261	4.40	273
45	18	276	6.12	294
46	17	239	6.64	256
47	14	284	4.70	298
48	10	253	3.80	263
49	10	236	4.07	246
50	11	235	4.47	246
51	18	231	7.23	249
52	10	245	3.92	255
53	9	232	3.73	241
54	15	219	6.41	234
55	15	270	5.26	285
56	14	213	6.17	227
57	13	233	5.28	246
58	13	241	5.12	254
59	11	272	3.89	283
60	10	233	4.12	243
61	13	257	4.81	270
62	10	243	3.95	253
63	14	205	6.39	219
64	19	241	7.31	260
65	11	245	4.30	256
66	16	258	5.84	274
67	8	232	3.33	240
68	8	201	3.83	209
69	9	186	4.62	195
70	13	230	5.35	243
71	12	253	4.53	265
72	7	233	2.92	240
73	15	223	6.30	238
74	8	200	3.85	208
75	8	195	3.94	203
76	11	182	5.70	193
77	5	230	2.13	235
78	11	196	5.31	207
79	11	227	4.62	238
80	9	204	4.23	213
81	9	147	5.77	156
82	10	226	4.24	236
83	11	135	7.53	146
84	6	180	3.23	186
85	13	203	6.02	216
86	10	174	5.43	184
87	5	163	2.98	168
88	5	116	4.13	121
89	9	167	5.11	176
90	4	119	3.25	123
91	8	146	5.19	154
92	4	123	3.15	127
93	9	134	6.29	143
94	10	122	7.58	132
95	4	96	4.00	100
96	6	97	5.83	103
97	4	136	2.86	140
98	4	87	4.40	91
99	1	58	1.69	59
100	1	7	12.50	8
101	1	6	14.29	7
102	0	5	0.00	5
103	1	9	10.00	10
104	0	5	0.00	5
105	0	4	0.00	4
106	0	6	0.00	6
107	0	1	0.00	1
108	0	3	0.00	3
109	1	5	16.67	6
110	0	6	0.00	6
111	0	2	0.00	2
112	1	4	20.00	5
113	0	2	0.00	2
114	0	4	0.00	4
115	0	3	0.00	3
116	0	0		0
117	0	2	0.00	2
118	0	1	0.00	1
119	0	1	0.00	1
120	0	4	0.00	4
121	0	0		0
122	0	3	0.00	3
123	0	4	0.00	4
124	0	1	0.00	1
125	0	4	0.00	4
126	0	3	0.00	3
127	0	2	0.00	2
128	0	3	0.00	3
129	0	5	0.00	5
130	0	0		0
131	0	6	0.00	6
132	0	1	0.00	1
133	0	1	0.00	1
134	0	0		0
135	0	1	0.00	1
136	0	0		0
137	0	1	0.00	1
138	0	1	0.00	1
139	0	0		0
140	0	0		0
141	0	2	0.00	2
142	0	1	0.00	1
143	0	1	0.00	1
144	0	0		0
145	0	0		0
146	0	0		0
147	0	0		0
148	0	0		0
149	0	1	0.00	1

CHG context (R1)
================
position	count methylated	count unmethylated	% methylation	coverage
1	2	10	16.67	12
2	0	15	0.00	15
3	0	16	0.00	16
4	1	128	0.78	129
5	1	202	0.49	203
6	2	219	0.90	221
7	2	284	0.70	286
8	0	228	0.00	228
9	0	229	0.00	229
10	3	213	1.39	216
11	0	239	0.00	239
12	0	215	0.00	215
13	0	193	0.00	193
14	1	195	0.51	196
15	1	255	0.39	256
16	1	207	0.48	208
17	1	226	0.44	227
18	2	267	0.74	269
19	0	175	0.00	175
20	1	185	0.54	186
21	2	223	0.89	225
22	0	243	0.00	243
23	0	219	0.00	219
24	0	197	0.00	197
25	0	230	0.00	230
26	0	189	0.00	189
27	0	227	0.00	227
28	0	233	0.00	233
29	2	201	0.99	203
30	2	192	1.03	194
31	2	246	0.81	248
32	0	203	0.00	203
33	1	227	0.44	228
34	0	261	0.00	261
35	2	219	0.90	221
36	0	216	0.00	216
37	1	212	0.47	213
38	1	202	0.49	203
39	1	220	0.45	221
40	2	211	0.94	213
41	3	251	1.18	254
42	1	207	0.48	208
43	1	204	0.49	205
44	0	263	0.00	263
45	2	193	1.03	195
46	0	220	0.00	220
47	0	186	0.00	186
48	0	213	0.00	213
49	0	207	0.00	207
50	0	214	0.00	214
51	0	230	0.00	230
52	0	216	0.00	216
53	2	207	0.96	209
54	3	190	1.55	193
55	1	184	0.54	185
56	1	206	0.48	207
57	0	225	0.00	225
58	1	211	0.47	212
59	0	180	0.00	180
60	0	167	0.00	167
61	1	180	0.55	181
62	2	158	1.25	160
63	0	197	0.00	197
64	1	185	0.54	186
65	0	219	0.00	219
66	1	200	0.50	201
67	0	174	0.00	174
68	1	214	0.47	215
69	0	192	0.00	192
70	0	176	0.00	176
71	1	163	0.61	164
72	0	172	0.00	172
73	2	185	1.07	187
74	0	151	0.00	151
75	3	139	2.11	142
76	1	174	0.57	175
77	0	174	0.00	174
78	0	159	0.00	159
79	0	154	0.00	154
80	0	133	0.00	133
81	0	185	0.00	185
82	1	106	0.93	107
83	0	145	0.00	145
84	0	133	0.00	133
85	0	126	0.00	126
86	1	141	0.70	142
87	0	109	0.00	109
88	1	129	0.77	130
89	0	111	0.00	111
90	1	90	1.10	91
91	0	135	0.00	135
92	1	97	1.02	98
93	0	80	0.00	80
94	0	95	0.00	95
95	0	107	0.00	107
96	1	131	0.76	132
97	1	107	0.93	108
98	0	98	0.00	98
99	0	46	0.00	46
100	0	4	0.00	4
101	0	3	0.00	3
102	0	5	0.00	5
103	0	4	0.00	4
104	0	4	0.00	4
105	0	6	0.00	6
106	0	5	0.00	5
107	0	3	0.00	3
108	0	3	0.00	3
109	0	2	0.00	2
110	0	6	0.00	6
111	0	1	0.00	1
112	0	3	0.00	3
113	0	3	0.00	3
114	0	2	0.00	2
115	0	2	0.00	2
116	0	3	0.00	3
117	0	3	0.00	3
118	0	1	0.00	1
119	0	2	0.00	2
120	0	2	0.00	2
121	0	2	0.00	2
122	0	3	0.00	3
123	0	0		0
124	0	2	0.00	2
125	0	0		0
126	0	0		0
127	0	2	0.00	2
128	0	3	0.00	3
129	0	0		0
130	0	1	0.00	1
131	0	1	0.00	1
132	0	1	0.00	1
133	0	0		0
134	0	1	0.00	1
135	0	1	0.00	1
136	0	0		0
137	0	1	0.00	1
138	0	0		0
139	0	0		0
140	0	1	0.00	1
141	0	0		0
142	0	0		0
143	0	0		0
144	0	0		0
145	0	0		0
146	0	0		0
147	0	0		0
148	0	1	0.00	1
149	0	0		0

CHH context (R1)
================
position	count methylated	count unmethylated	% methylation	coverage
1	1	31	3.12	32
2	0	33	0.00	33
3	0	23	0.00	23
4	1	339	0.29	340
5	1	410	0.24	411
6	3	452	0.66	455
7	0	389	0.00	389
8	1	354	0.28	355
9	1	335	0.30	336
10	1	335	0.30	336
11	0	324	0.00	324
12	1	344	0.29	345
13	0	372	0.00	372
14	1	368	0.27	369
15	1	355	0.28	356
16	0	328	0.00	328
17	1	348	0.29	349
18	1	304	0.33	305
19	0	342	0.00	342
20	2	337	0.59	339
21	1	340	0.29	341
22	2	325	0.61	327
23	0	337	0.00	337
24	0	365	0.00	365
25	1	393	0.25	394
26	0	330	0.00	330
27	0	382	0.00	382
28	0	370	0.00	370
29	0	391	0.00	391
30	0	375	0.00	375
31	2	353	0.56	355
32	1	380	0.26	381
33	5	330	1.49	335
34	1	315	0.32	316
35	1	326	0.31	327
36	2	384	0.52	386
37	2	347	0.57	349
38	0	347	0.00	347
39	2	343	0.58	345
40	2	307	0.65	309
41	1	309	0.32	310
42	1	348	0.29	349
43	1	329	0.30	330
44	2	346	0.57	348
45	1	317	0.31	318
46	0	329	0.00	329
47	4	311	1.27	315
48	1	329	0.30	330
49	0	401	0.00	401
50	0	405	0.00	405
51	0	396	0.00	396
52	0	341	0.00	341
53	0	339	0.00	339
54	0	305	0.00	305
55	0	354	0.00	354
56	0	309	0.00	309
57	2	302	0.66	304
58	0	289	0.00	289
59	0	321	0.00	321
60	2	325	0.61	327
61	2	329	0.60	331
62	2	343	0.58	345
63	2	319	0.62	321
64	1	340	0.29	341
65	2	294	0.68	296
66	0	281	0.00	281
67	2	326	0.61	328
68	3	324	0.92	327
69	0	320	0.00	320
70	1	273	0.36	274
71	1	285	0.35	286
72	3	290	1.02	293
73	0	320	0.00	320
74	2	246	0.81	248
75	0	313	0.00	313
76	1	336	0.30	337
77	1	282	0.35	283
78	0	261	0.00	261
79	1	265	0.38	266
80	0	304	0.00	304
81	1	225	0.44	226
82	3	284	1.05	287
83	2	237	0.84	239
84	3	243	1.22	246
85	2	247	0.80	249
86	0	262	0.00	262
87	1	205	0.49	206
88	0	231	0.00	231
89	1	206	0.48	207
90	2	210	0.94	212
91	0	178	0.00	178
92	0	189	0.00	189
93	4	158	2.47	162
94	0	171	0.00	171
95	1	196	0.51	197
96	0	164	0.00	164
97	1	140	0.71	141
98	3	165	1.79	168
99	0	58	0.00	58
100	0	9	0.00	9
101	0	8	0.00	8
102	0	4	0.00	4
103	0	3	0.00	3
104	0	4	0.00	4
105	0	3	0.00	3
106	0	4	0.00	4
107	0	5	0.00	5
108	0	2	0.00	2
109	0	4	0.00	4
110	0	4	0.00	4
111	0	2	0.00	2
112	0	7	0.00	7
113	0	2	0.00	2
114	0	6	0.00	6
115	0	2	0.00	2
116	0	3	0.00	3
117	0	5	0.00	5
118	0	4	0.00	4
119	0	2	0.00	2
120	0	2	0.00	2
121	0	1	0.00	1
122	0	2	0.00	2
123	0	0		0
124	0	2	0.00	2
125	0	2	0.00	2
126	0	3	0.00	3
127	0	1	0.00	1
128	0	3	0.00	3
129	0	2	0.00	2
130	0	1	0.00	1
131	0	3	0.00	3
132	0	1	0.00	1
133	0	0		0
134	0	1	0.00	1
135	0	0		0
136	0	0		0
137	0	0		0
138	0	1	0.00	1
139	0	1	0.00	1
140	0	1	0.00	1
141	0	0		0
142	0	0		0
143	0	0		0
144	0	0		0
145	0	0		0
146	0	0		0
147	0	0		0
148	0	0		0
149	0	1	0.00	1

CpG context (R2)
================
position	count methylated	count unmethylated	% methylation	coverage
1	1	29	3.33	30
2	0	18	0.00	18
3	3	76	3.80	79
4	7	78	8.24	85
5	7	98	6.67	105
6	3	73	3.95	76
7	7	144	4.64	151
8	2	78	2.50	80
9	2	70	2.78	72
10	5	64	7.25	69
11	8	59	11.94	67
12	2	50	3.85	52
13	4	88	4.35	92
14	2	41	4.65	43
15	3	47	6.00	50
16	0	60	0.00	60
17	2	27	6.90	29
18	4	41	8.89	45
19	2	35	5.41	37
20	1	37	2.63	38
21	1	36	2.70	37
22	0	41	0.00	41
23	3	48	5.88	51
24	1	51	1.92	52
25	0	30	0.00	30
26	0	20	0.00	20
27	2	23	8.00	25
28	0	20	0.00	20
29	0	36	0.00	36
30	0	18	0.00	18
31	2	30	6.25	32
32	1	23	4.17	24
33	1	10	9.09	11
34	1	18	5.26	19
35	0	16	0.00	16
36	0	13	0.00	13
37	1	24	4.00	25
38	0	19	0.00	19
39	1	12	7.69	13
40	0	7	0.00	7
41	0	6	0.00	6
42	0	10	0.00	10
43	1	6	14.29	7
44	0	18	0.00	18
45	0	2	0.00	2
46	4	11	26.67	15
47	0	9	0.00	9
48	0	12	0.00	12
49	0	8	0.00	8
50	2	6	25.00	8
51	0	6	0.00	6
52	2	10	16.67	12
53	0	5	0.00	5
54	1	8	11.11	9
55	0	1	0.00	1
56	0	6	0.00	6
57	0	1	0.00	1
58	0	4	0.00	4
59	0	2	0.00	2
60	0	1	0.00	1
61	0	2	0.00	2
62	0	0		0
63	1	1	50.00	2
64	0	2	0.00	2
65	0	0		0
66	0	2	0.00	2
67	0	0		0
68	0	0		0
69	0	0		0
70	0	0		0
71	0	0		0
72	0	0		0
73	0	0		0
74	0	0		0
75	0	1	0.00	1
76	0	1	0.00	1
77	0	0		0
78	0	1	0.00	1
79	0	0		0
80	0	0		0
81	0	1	0.00	1
82	0	0		0
83	0	1	0.00	1
84	0	0		0
85	0	0		0
86	0	0		0
87	0	0		0
88	0	0		0
89	0	0		0
90	0	0		0
91	0	0		0
92	0	0		0
93	0	0		0
94	0	2	0.00	2
95	0	0		0
96	0	1	0.00	1
97	1	0	100.00	1

CHG context (R2)
================
position	count methylated	count unmethylated	% methylation	coverage
1	11	2121	0.52	2132
2	0	25	0.00	25
3	0	6	0.00	6
4	0	39	0.00	39
5	0	66	0.00	66
6	1	69	1.43	70
7	0	81	0.00	81
8	1	98	1.01	99
9	0	65	0.00	65
10	0	54	0.00	54
11	1	72	1.37	73
12	0	32	0.00	32
13	0	44	0.00	44
14	0	59	0.00	59
15	0	45	0.00	45
16	0	52	0.00	52
17	0	45	0.00	45
18	0	44	0.00	44
19	0	47	0.00	47
20	0	44	0.00	44
21	0	36	0.00	36
22	0	37	0.00	37
23	0	26	0.00	26
24	0	27	0.00	27
25	0	32	0.00	32
26	0	23	0.00	23
27	0	14	0.00	14
28	0	30	0.00	30
29	0	18	0.00	18
30	0	24	0.00	24
31	0	20	0.00	20
32	0	21	0.00	21
33	0	18	0.00	18
34	1	14	6.67	15
35	0	18	0.00	18
36	0	11	0.00	11
37	0	10	0.00	10
38	0	13	0.00	13
39	0	9	0.00	9
40	0	21	0.00	21
41	0	16	0.00	16
42	0	7	0.00	7
43	0	8	0.00	8
44	0	5	0.00	5
45	0	8	0.00	8
46	0	3	0.00	3
47	0	13	0.00	13
48	0	6	0.00	6
49	0	10	0.00	10
50	0	10	0.00	10
51	0	3	0.00	3
52	0	6	0.00	6
53	0	4	0.00	4
54	0	2	0.00	2
55	0	11	0.00	11
56	0	5	0.00	5
57	0	0		0
58	0	3	0.00	3
59	0	0		0
60	0	4	0.00	4
61	0	2	0.00	2
62	0	0		0
63	0	3	0.00	3
64	0	2	0.00	2
65	0	0		0
66	0	0		0
67	0	2	0.00	2
68	0	0		0
69	0	0		0
70	0	1	0.00	1
71	0	0		0
72	0	1	0.00	1
73	0	1	0.00	1
74	0	0		0
75	0	1	0.00	1
76	0	0		0
77	0	0		0
78	0	1	0.00	1
79	0	0		0
80	0	0		0
81	0	0		0
82	0	0		0
83	0	0		0
84	0	0		0
85	0	0		0
86	0	0		0
87	0	1	0.00	1
88	0	0		0
89	0	0		0
90	0	0		0
91	0	0		0
92	0	0		0
93	0	0		0
94	0	0		0
95	0	0		0
96	0	0		0
97	0	1	0.00	1

CHH context (R2)
================
position	count methylated	count unmethylated	% methylation	coverage
1	0	8	0.00	8
2	1	961	0.10	962
3	2	255	0.78	257
4	0	154	0.00	154
5	0	124	0.00	124
6	0	87	0.00	87
7	1	88	1.12	89
8	0	122	0.00	122
9	1	132	0.75	133
10	2	124	1.59	126
11	1	84	1.18	85
12	0	88	0.00	88
13	0	69	0.00	69
14	0	86	0.00	86
15	0	85	0.00	85
16	0	67	0.00	67
17	0	72	0.00	72
18	0	73	0.00	73
19	0	71	0.00	71
20	0	45	0.00	45
21	1	48	2.04	49
22	0	41	0.00	41
23	0	43	0.00	43
24	0	36	0.00	36
25	0	45	0.00	45
26	0	37	0.00	37
27	0	28	0.00	28
28	1	25	3.85	26
29	0	40	0.00	40
30	0	28	0.00	28
31	0	26	0.00	26
32	0	25	0.00	25
33	0	20	0.00	20
34	0	23	0.00	23
35	0	27	0.00	27
36	0	20	0.00	20
37	0	11	0.00	11
38	0	18	0.00	18
39	0	11	0.00	11
40	0	18	0.00	18
41	0	12	0.00	12
42	0	16	0.00	16
43	0	15	0.00	15
44	0	24	0.00	24
45	0	11	0.00	11
46	0	20	0.00	20
47	0	15	0.00	15
48	0	5	0.00	5
49	0	13	0.00	13
50	0	11	0.00	11
51	0	17	0.00	17
52	0	13	0.00	13
53	0	9	0.00	9
54	0	13	0.00	13
55	0	9	0.00	9
56	0	13	0.00	13
57	0	5	0.00	5
58	0	7	0.00	7
59	0	3	0.00	3
60	0	3	0.00	3
61	0	3	0.00	3
62	0	4	0.00	4
63	0	0		0
64	0	0		0
65	0	0		0
66	0	0		0
67	0	1	0.00	1
68	0	3	0.00	3
69	0	1	0.00	1
70	0	0		0
71	0	1	0.00	1
72	0	0		0
73	0	0		0
74	0	0		0
75	0	0		0
76	0	0		0
77	0	0		0
78	0	0		0
79	0	1	0.00	1
80	0	0		0
81	0	0		0
82	0	0		0
83	0	0		0
84	0	0		0
85	0	0		0
86	0	0		0
87	0	0		0
88	0	1	0.00	1
89	0	0		0
90	0	1	0.00	1
91	0	1	0.00	1
92	0	0		0
93	0	0		0
94	0	0		0
95	0	0		0
96	0	0		0
97	0	0		0

