CpG context (R1)
================
position	count methylated	count unmethylated	% methylation	coverage
1	216	2166	9.07	2382
2	0	17	0.00	17
3	3	22	12.00	25
4	10	170	5.56	180
5	15	203	6.88	218
6	10	255	3.77	265
7	12	213	5.33	225
8	15	319	4.49	334
9	11	255	4.14	266
10	11	267	3.96	278
11	10	241	3.98	251
12	19	266	6.67	285
13	19	286	6.23	305
14	10	249	3.86	259
15	15	246	5.75	261
16	8	280	2.78	288
17	10	212	4.50	222
18	7	277	2.46	284
19	17	312	5.17	329
20	6	219	2.67	225
21	14	227	5.81	241
22	8	274	2.84	282
23	17	267	5.99	284
24	6	221	2.64	227
25	11	298	3.56	309
26	3	265	1.12	268
27	12	303	3.81	315
28	17	216	7.30	233
29	10	284	3.40	294
30	14	256	5.19	270
31	11	286	3.70	297
32	14	302	4.43	316
33	8	240	3.23	248
34	14	285	4.68	299
35	15	246	5.75	261
36	7	207	3.27	214
37	16	275	5.50	291
38	18	237	7.06	255
39	10	259	3.72	269
40	13	278	4.47	291
41	13	255	4.85	268
42	15	286	4.98	301
43	12	262	4.38	274
44	13	260	4.76	273
45	11	287	3.69	298
46	13	226	5.44	239
47	17	290	5.54	307
48	14	263	5.05	277
49	17	237	6.69	254
50	13	260	4.76	273
51	13	227	5.42	240
52	13	213	5.75	226
53	16	245	6.13	261
54	18	285	5.94	303
55	19	289	6.17	308
56	9	227	3.81	236
57	12	241	4.74	253
58	9	237	3.66	246
59	11	255	4.14	266
60	13	224	5.49	237
61	9	226	3.83	235
62	14	212	6.19	226
63	15	202	6.91	217
64	16	249	6.04	265
65	8	254	3.05	262
66	12	248	4.62	260
67	20	208	8.77	228
68	8	226	3.42	234
69	9	205	4.21	214
70	11	226	4.64	237
71	11	237	4.44	248
72	14	243	5.45	257
73	8	239	3.24	247
74	12	199	5.69	211
75	8	188	4.08	196
76	9	169	5.06	178
77	8	221	3.49	229
78	14	195	6.70	209
79	15	217	6.47	232
80	17	169	9.14	186
81	9	173	4.95	182
82	5	196	2.49	201
83	6	139	4.14	145
84	3	179	1.65	182
85	7	187	3.61	194
86	5	163	2.98	168
87	6	172	3.37	178
88	6	142	4.05	148
89	10	157	5.99	167
90	1	130	0.76	131
91	6	137	4.20	143
92	3	136	2.16	139
93	10	161	5.85	171
94	7	137	4.86	144
95	8	131	5.76	139
96	5	111	4.31	116
97	3	131	2.24	134
98	4	129	3.01	133
99	3	54	5.26	57
100	1	8	11.11	9
101	0	7	0.00	7
102	0	4	0.00	4
103	1	7	12.50	8
104	0	6	0.00	6
105	0	1	0.00	1
106	0	3	0.00	3
107	0	5	0.00	5
108	0	1	0.00	1
109	1	5	16.67	6
110	0	7	0.00	7
111	0	3	0.00	3
112	0	6	0.00	6
113	0	0		0
114	0	8	0.00	8
115	0	1	0.00	1
116	1	1	50.00	2
117	0	6	0.00	6
118	1	2	33.33	3
119	0	0		0
120	0	2	0.00	2
121	0	2	0.00	2
122	0	1	0.00	1
123	0	2	0.00	2
124	1	4	20.00	5
125	0	0		0
126	0	3	0.00	3
127	0	0		0
128	0	0		0
129	0	0		0
130	0	1	0.00	1
131	0	2	0.00	2
132	1	2	33.33	3
133	0	2	0.00	2
134	0	0		0
135	0	2	0.00	2
136	0	0		0
137	0	1	0.00	1
138	0	1	0.00	1
139	1	1	50.00	2
140	0	0		0
141	0	1	0.00	1
142	0	1	0.00	1
143	0	1	0.00	1
144	0	0		0
145	1	1	50.00	2
146	0	0		0
147	0	1	0.00	1
148	0	2	0.00	2
149	0	2	0.00	2

CHG context (R1)
================
position	count methylated	count unmethylated	% methylation	coverage
1	0	16	0.00	16
2	0	24	0.00	24
3	0	6	0.00	6
4	0	134	0.00	134
5	1	198	0.50	199
6	1	246	0.40	247
7	0	259	0.00	259
8	1	207	0.48	208
9	0	241	0.00	241
10	0	206	0.00	206
11	1	257	0.39	258
12	1	199	0.50	200
13	3	194	1.52	197
14	0	193	0.00	193
15	1	208	0.48	209
16	0	222	0.00	222
17	0	216	0.00	216
18	0	273	0.00	273
19	0	192	0.00	192
20	0	169	0.00	169
21	0	233	0.00	233
22	1	259	0.38	260
23	0	183	0.00	183
24	1	210	0.47	211
25	0	233	0.00	233
26	1	231	0.43	232
27	2	225	0.88	227
28	1	268	0.37	269
29	1	193	0.52	194
30	0	216	0.00	216
31	3	220	1.35	223
32	2	174	1.14	176
33	0	255	0.00	255
34	0	207	0.00	207
35	1	233	0.43	234
36	1	233	0.43	234
37	1	192	0.52	193
38	0	206	0.00	206
39	1	233	0.43	234
40	0	204	0.00	204
41	1	240	0.41	241
42	1	211	0.47	212
43	0	198	0.00	198
44	0	255	0.00	255
45	1	188	0.53	189
46	0	206	0.00	206
47	0	176	0.00	176
48	1	222	0.45	223
49	0	223	0.00	223
50	1	186	0.53	187
51	2	218	0.91	220
52	0	236	0.00	236
53	0	205	0.00	205
54	2	219	0.90	221
55	1	154	0.65	155
56	1	206	0.48	207
57	0	209	0.00	209
58	0	227	0.00	227
59	0	157	0.00	157
60	1	151	0.66	152
61	1	185	0.54	186
62	0	180	0.00	180
63	0	207	0.00	207
64	0	203	0.00	203
65	0	200	0.00	200
66	1	174	0.57	175
67	0	184	0.00	184
68	0	204	0.00	204
69	0	206	0.00	206
70	1	169	0.59	170
71	1	147	0.68	148
72	1	185	0.54	186
73	0	164	0.00	164
74	2	146	1.35	148
75	0	143	0.00	143
76	0	181	0.00	181
77	0	171	0.00	171
78	0	160	0.00	160
79	0	144	0.00	144
80	1	145	0.68	146
81	1	196	0.51	197
82	0	113	0.00	113
83	0	118	0.00	118
84	0	132	0.00	132
85	0	126	0.00	126
86	0	146	0.00	146
87	0	113	0.00	113
88	2	139	1.42	141
89	0	113	0.00	113
90	0	114	0.00	114
91	0	146	0.00	146
92	0	84	0.00	84
93	0	106	0.00	106
94	0	101	0.00	101
95	1	103	0.96	104
96	0	123	0.00	123
97	0	127	0.00	127
98	0	105	0.00	105
99	0	35	0.00	35
100	0	6	0.00	6
101	0	4	0.00	4
102	0	6	0.00	6
103	0	3	0.00	3
104	0	4	0.00	4
105	0	5	0.00	5
106	0	9	0.00	9
107	0	6	0.00	6
108	0	7	0.00	7
109	0	3	0.00	3
110	0	5	0.00	5
111	0	2	0.00	2
112	0	3	0.00	3
113	0	3	0.00	3
114	0	1	0.00	1
115	0	1	0.00	1
116	0	3	0.00	3
117	0	2	0.00	2
118	0	1	0.00	1
119	0	0		0
120	0	3	0.00	3
121	0	2	0.00	2
122	0	2	0.00	2
123	0	3	0.00	3
124	0	0		0
125	0	2	0.00	2
126	0	0		0
127	0	2	0.00	2
128	0	2	0.00	2
129	0	1	0.00	1
130	0	1	0.00	1
131	0	1	0.00	1
132	0	1	0.00	1
133	0	0		0
134	0	1	0.00	1
135	0	3	0.00	3
136	0	1	0.00	1
137	0	0		0
138	0	0		0
139	0	0		0
140	0	1	0.00	1
141	0	0		0
142	0	0		0
143	0	0		0
144	0	0		0
145	0	0		0
146	0	0		0
147	0	2	0.00	2
148	0	3	0.00	3
149	0	0		0

CHH context (R1)
================
position	count methylated	count unmethylated	% methylation	coverage
1	1	31	3.12	32
2	0	27	0.00	27
3	0	19	0.00	19
4	4	350	1.13	354
5	1	385	0.26	386
6	2	427	0.47	429
7	1	404	0.25	405
8	0	348	0.00	348
9	0	312	0.00	312
10	3	319	0.93	322
11	0	301	0.00	301
12	0	314	0.00	314
13	1	369	0.27	370
14	1	384	0.26	385
15	0	398	0.00	398
16	2	363	0.55	365
17	3	310	0.96	313
18	0	294	0.00	294
19	1	309	0.32	310
20	1	366	0.27	367
21	0	336	0.00	336
22	3	312	0.95	315
23	0	335	0.00	335
24	1	366	0.27	367
25	1	396	0.25	397
26	2	360	0.55	362
27	1	408	0.24	409
28	1	338	0.29	339
29	1	345	0.29	346
30	2	341	0.58	343
31	1	337	0.30	338
32	2	365	0.54	367
33	1	311	0.32	312
34	1	337	0.30	338
35	2	315	0.63	317
36	2	366	0.54	368
37	2	355	0.56	357
38	0	348	0.00	348
39	0	311	0.00	311
40	0	314	0.00	314
41	1	336	0.30	337
42	2	320	0.62	322
43	1	313	0.32	314
44	0	314	0.00	314
45	0	279	0.00	279
46	1	353	0.28	354
47	0	316	0.00	316
48	2	347	0.57	349
49	2	369	0.54	371
50	0	374	0.00	374
51	0	396	0.00	396
52	1	361	0.28	362
53	1	321	0.31	322
54	2	307	0.65	309
55	1	303	0.33	304
56	1	314	0.32	315
57	1	302	0.33	303
58	0	286	0.00	286
59	1	333	0.30	334
60	0	326	0.00	326
61	1	333	0.30	334
62	0	325	0.00	325
63	1	294	0.34	295
64	2	310	0.64	312
65	1	290	0.34	291
66	1	296	0.34	297
67	1	339	0.29	340
68	0	340	0.00	340
69	2	268	0.74	270
70	1	263	0.38	264
71	1	288	0.35	289
72	3	290	1.02	293
73	1	285	0.35	286
74	0	250	0.00	250
75	2	315	0.63	317
76	0	278	0.00	278
77	0	267	0.00	267
78	0	254	0.00	254
79	1	265	0.38	266
80	0	274	0.00	274
81	1	241	0.41	242
82	0	248	0.00	248
83	2	203	0.98	205
84	1	235	0.42	236
85	1	268	0.37	269
86	1	251	0.40	252
87	0	203	0.00	203
88	0	252	0.00	252
89	1	207	0.48	208
90	3	208	1.42	211
91	0	176	0.00	176
92	0	189	0.00	189
93	3	180	1.64	183
94	0	166	0.00	166
95	1	196	0.51	197
96	1	168	0.59	169
97	1	145	0.68	146
98	1	158	0.63	159
99	0	68	0.00	68
100	0	11	0.00	11
101	0	7	0.00	7
102	0	7	0.00	7
103	0	13	0.00	13
104	0	13	0.00	13
105	0	11	0.00	11
106	0	9	0.00	9
107	0	3	0.00	3
108	0	4	0.00	4
109	0	6	0.00	6
110	0	6	0.00	6
111	0	3	0.00	3
112	0	4	0.00	4
113	0	4	0.00	4
114	0	1	0.00	1
115	0	3	0.00	3
116	0	4	0.00	4
117	0	3	0.00	3
118	0	4	0.00	4
119	0	2	0.00	2
120	0	2	0.00	2
121	0	3	0.00	3
122	0	3	0.00	3
123	0	1	0.00	1
124	0	0		0
125	0	3	0.00	3
126	0	3	0.00	3
127	0	0		0
128	0	2	0.00	2
129	0	1	0.00	1
130	0	1	0.00	1
131	0	1	0.00	1
132	0	1	0.00	1
133	0	1	0.00	1
134	0	3	0.00	3
135	0	1	0.00	1
136	0	0		0
137	0	0		0
138	0	1	0.00	1
139	0	0		0
140	0	1	0.00	1
141	0	0		0
142	0	0		0
143	0	2	0.00	2
144	0	1	0.00	1
145	0	1	0.00	1
146	0	0		0
147	0	1	0.00	1
148	0	0		0
149	0	0		0

CpG context (R2)
================
position	count methylated	count unmethylated	% methylation	coverage
1	0	21	0.00	21
2	0	21	0.00	21
3	2	72	2.70	74
4	5	89	5.32	94
5	3	108	2.70	111
6	6	82	6.82	88
7	5	117	4.10	122
8	5	79	5.95	84
9	5	84	5.62	89
10	8	91	8.08	99
11	4	77	4.94	81
12	2	50	3.85	52
13	6	80	6.98	86
14	1	41	2.38	42
15	3	48	5.88	51
16	1	60	1.64	61
17	0	34	0.00	34
18	5	52	8.77	57
19	1	41	2.38	42
20	4	44	8.33	48
21	2	26	7.14	28
22	3	46	6.12	49
23	3	40	6.98	43
24	4	69	5.48	73
25	1	31	3.12	32
26	2	29	6.45	31
27	2	25	7.41	27
28	0	37	0.00	37
29	1	39	2.50	40
30	2	30	6.25	32
31	2	37	5.13	39
32	2	26	7.14	28
33	1	15	6.25	16
34	1	21	4.55	22
35	0	6	0.00	6
36	0	9	0.00	9
37	1	29	3.33	30
38	1	16	5.88	17
39	0	12	0.00	12
40	0	8	0.00	8
41	1	6	14.29	7
42	3	8	27.27	11
43	1	14	6.67	15
44	0	12	0.00	12
45	0	3	0.00	3
46	1	10	9.09	11
47	0	5	0.00	5
48	0	8	0.00	8
49	0	5	0.00	5
50	0	8	0.00	8
51	1	3	25.00	4
52	0	8	0.00	8
53	0	6	0.00	6
54	1	3	25.00	4
55	0	6	0.00	6
56	0	0		0
57	0	1	0.00	1
58	0	3	0.00	3
59	0	4	0.00	4
60	0	1	0.00	1
61	0	5	0.00	5
62	0	0		0
63	0	2	0.00	2
64	0	2	0.00	2
65	0	0		0
66	0	2	0.00	2
67	0	0		0
68	0	0		0
69	0	1	0.00	1
70	0	0		0
71	0	0		0
72	0	0		0
73	0	0		0
74	0	0		0
75	0	1	0.00	1
76	0	0		0
77	0	0		0
78	0	1	0.00	1
79	0	0		0
80	0	0		0
81	0	0		0
82	0	0		0
83	0	0		0
84	0	0		0
85	0	0		0
86	0	0		0
87	0	0		0
88	0	0		0
89	0	0		0
90	0	0		0
91	0	0		0
92	0	0		0
93	0	0		0
94	0	1	0.00	1

CHG context (R2)
================
position	count methylated	count unmethylated	% methylation	coverage
1	19	2114	0.89	2133
2	0	14	0.00	14
3	0	9	0.00	9
4	0	44	0.00	44
5	0	63	0.00	63
6	0	69	0.00	69
7	0	76	0.00	76
8	1	82	1.20	83
9	0	63	0.00	63
10	0	55	0.00	55
11	0	61	0.00	61
12	0	43	0.00	43
13	0	45	0.00	45
14	0	56	0.00	56
15	0	48	0.00	48
16	0	38	0.00	38
17	0	51	0.00	51
18	0	45	0.00	45
19	0	49	0.00	49
20	0	69	0.00	69
21	0	31	0.00	31
22	0	56	0.00	56
23	0	29	0.00	29
24	0	20	0.00	20
25	0	45	0.00	45
26	0	15	0.00	15
27	0	9	0.00	9
28	0	24	0.00	24
29	0	29	0.00	29
30	0	30	0.00	30
31	0	22	0.00	22
32	1	20	4.76	21
33	0	19	0.00	19
34	0	16	0.00	16
35	0	26	0.00	26
36	0	17	0.00	17
37	0	10	0.00	10
38	0	8	0.00	8
39	0	12	0.00	12
40	0	22	0.00	22
41	0	17	0.00	17
42	0	5	0.00	5
43	0	5	0.00	5
44	0	8	0.00	8
45	0	6	0.00	6
46	0	4	0.00	4
47	0	5	0.00	5
48	0	6	0.00	6
49	0	5	0.00	5
50	0	4	0.00	4
51	0	5	0.00	5
52	0	7	0.00	7
53	0	4	0.00	4
54	0	1	0.00	1
55	0	3	0.00	3
56	0	7	0.00	7
57	0	0		0
58	0	3	0.00	3
59	0	1	0.00	1
60	0	5	0.00	5
61	0	0		0
62	0	0		0
63	0	4	0.00	4
64	0	2	0.00	2
65	0	0		0
66	0	1	0.00	1
67	0	1	0.00	1
68	0	0		0
69	0	0		0
70	0	1	0.00	1
71	0	1	0.00	1
72	0	1	0.00	1
73	0	0		0
74	0	0		0
75	0	1	0.00	1
76	0	0		0
77	0	0		0
78	0	1	0.00	1
79	0	0		0
80	0	0		0
81	0	0		0
82	0	0		0
83	0	0		0
84	0	0		0
85	0	0		0
86	0	0		0
87	0	1	0.00	1
88	0	0		0
89	0	0		0
90	0	0		0
91	0	0		0
92	0	0		0
93	0	0		0
94	0	0		0

CHH context (R2)
================
position	count methylated	count unmethylated	% methylation	coverage
1	0	7	0.00	7
2	2	1016	0.20	1018
3	1	269	0.37	270
4	0	180	0.00	180
5	0	136	0.00	136
6	0	88	0.00	88
7	0	102	0.00	102
8	1	121	0.82	122
9	0	105	0.00	105
10	0	127	0.00	127
11	1	91	1.09	92
12	0	74	0.00	74
13	0	57	0.00	57
14	0	68	0.00	68
15	0	77	0.00	77
16	0	64	0.00	64
17	0	51	0.00	51
18	0	70	0.00	70
19	1	64	1.54	65
20	0	60	0.00	60
21	0	57	0.00	57
22	0	47	0.00	47
23	0	33	0.00	33
24	0	30	0.00	30
25	0	54	0.00	54
26	0	38	0.00	38
27	0	40	0.00	40
28	0	30	0.00	30
29	1	24	4.00	25
30	0	20	0.00	20
31	1	22	4.35	23
32	0	23	0.00	23
33	0	23	0.00	23
34	0	21	0.00	21
35	0	30	0.00	30
36	0	24	0.00	24
37	0	13	0.00	13
38	0	19	0.00	19
39	0	6	0.00	6
40	0	17	0.00	17
41	0	15	0.00	15
42	0	12	0.00	12
43	0	15	0.00	15
44	0	15	0.00	15
45	0	13	0.00	13
46	0	14	0.00	14
47	0	6	0.00	6
48	0	4	0.00	4
49	0	7	0.00	7
50	0	8	0.00	8
51	0	8	0.00	8
52	0	12	0.00	12
53	0	14	0.00	14
54	0	14	0.00	14
55	0	9	0.00	9
56	0	8	0.00	8
57	0	5	0.00	5
58	0	4	0.00	4
59	0	1	0.00	1
60	0	2	0.00	2
61	0	3	0.00	3
62	0	2	0.00	2
63	0	0		0
64	0	1	0.00	1
65	0	1	0.00	1
66	0	0		0
67	0	1	0.00	1
68	0	4	0.00	4
69	0	0		0
70	0	0		0
71	0	1	0.00	1
72	0	0		0
73	0	0		0
74	0	0		0
75	0	0		0
76	0	0		0
77	0	0		0
78	0	0		0
79	0	1	0.00	1
80	0	0		0
81	0	0		0
82	0	0		0
83	0	0		0
84	0	0		0
85	0	0		0
86	0	0		0
87	0	0		0
88	0	0		0
89	0	0		0
90	0	0		0
91	0	0		0
92	0	0		0
93	0	0		0
94	0	0		0

