CpG context (R1)
================
position	count methylated	count unmethylated	% methylation	coverage
1	217	2175	9.07	2392
2	0	17	0.00	17
3	2	14	12.50	16
4	3	191	1.55	194
5	11	226	4.64	237
6	9	246	3.53	255
7	12	230	4.96	242
8	12	289	3.99	301
9	9	242	3.59	251
10	10	246	3.91	256
11	6	233	2.51	239
12	16	248	6.06	264
13	16	278	5.44	294
14	8	276	2.82	284
15	7	227	2.99	234
16	17	284	5.65	301
17	8	222	3.48	230
18	6	235	2.49	241
19	22	310	6.63	332
20	12	228	5.00	240
21	8	212	3.64	220
22	15	286	4.98	301
23	10	284	3.40	294
24	18	256	6.57	274
25	10	305	3.17	315
26	13	266	4.66	279
27	12	250	4.58	262
28	21	284	6.89	305
29	10	275	3.51	285
30	11	264	4.00	275
31	10	285	3.39	295
32	22	295	6.94	317
33	11	218	4.80	229
34	16	259	5.82	275
35	12	275	4.18	287
36	12	222	5.13	234
37	15	253	5.60	268
38	15	243	5.81	258
39	18	246	6.82	264
40	9	259	3.36	268
41	12	220	5.17	232
42	15	293	4.87	308
43	11	232	4.53	243
44	17	261	6.12	278
45	18	261	6.45	279
46	26	243	9.67	269
47	8	273	2.85	281
48	13	236	5.22	249
49	24	226	9.60	250
50	9	240	3.61	249
51	18	224	7.44	242
52	11	233	4.51	244
53	10	247	3.89	257
54	14	217	6.06	231
55	14	259	5.13	273
56	15	244	5.79	259
57	9	220	3.93	229
58	10	252	3.82	262
59	11	239	4.40	250
60	9	227	3.81	236
61	14	244	5.43	258
62	11	254	4.15	265
63	18	216	7.69	234
64	19	250	7.06	269
65	13	233	5.28	246
66	15	233	6.05	248
67	16	253	5.95	269
68	15	195	7.14	210
69	10	211	4.52	221
70	9	226	3.83	235
71	22	247	8.18	269
72	8	244	3.17	252
73	7	236	2.88	243
74	10	166	5.68	176
75	10	183	5.18	193
76	9	208	4.15	217
77	7	212	3.20	219
78	11	200	5.21	211
79	5	193	2.53	198
80	9	170	5.03	179
81	5	169	2.87	174
82	12	177	6.35	189
83	5	139	3.47	144
84	4	168	2.33	172
85	8	193	3.98	201
86	8	151	5.03	159
87	4	167	2.34	171
88	5	102	4.67	107
89	15	156	8.77	171
90	5	125	3.85	130
91	10	162	5.81	172
92	7	129	5.15	136
93	10	143	6.54	153
94	7	114	5.79	121
95	7	104	6.31	111
96	4	114	3.39	118
97	2	115	1.71	117
98	6	104	5.45	110
99	1	49	2.00	50
100	0	6	0.00	6
101	0	4	0.00	4
102	0	1	0.00	1
103	0	6	0.00	6
104	0	2	0.00	2
105	0	3	0.00	3
106	1	1	50.00	2
107	0	2	0.00	2
108	1	2	33.33	3
109	0	4	0.00	4
110	0	2	0.00	2
111	0	1	0.00	1
112	0	2	0.00	2
113	0	3	0.00	3
114	0	0		0
115	0	4	0.00	4
116	0	1	0.00	1
117	0	4	0.00	4
118	0	0		0
119	1	1	50.00	2
120	0	0		0
121	1	2	33.33	3
122	0	1	0.00	1
123	0	3	0.00	3
124	0	3	0.00	3
125	1	3	25.00	4
126	1	1	50.00	2
127	0	1	0.00	1
128	0	1	0.00	1
129	2	3	40.00	5
130	0	0		0
131	1	2	33.33	3
132	0	0		0
133	0	3	0.00	3
134	0	0		0
135	0	1	0.00	1
136	0	1	0.00	1
137	0	0		0
138	0	1	0.00	1
139	0	0		0
140	0	0		0
141	0	1	0.00	1
142	1	1	50.00	2
143	0	0		0
144	0	0		0
145	0	0		0
146	0	0		0
147	0	0		0
148	0	0		0
149	0	1	0.00	1

CHG context (R1)
================
position	count methylated	count unmethylated	% methylation	coverage
1	0	15	0.00	15
2	0	11	0.00	11
3	0	6	0.00	6
4	1	138	0.72	139
5	1	195	0.51	196
6	2	238	0.83	240
7	2	255	0.78	257
8	2	193	1.03	195
9	2	218	0.91	220
10	1	222	0.45	223
11	0	230	0.00	230
12	0	207	0.00	207
13	0	199	0.00	199
14	0	197	0.00	197
15	0	229	0.00	229
16	1	202	0.49	203
17	0	228	0.00	228
18	0	250	0.00	250
19	0	230	0.00	230
20	1	180	0.55	181
21	1	221	0.45	222
22	0	249	0.00	249
23	0	210	0.00	210
24	0	210	0.00	210
25	0	213	0.00	213
26	1	217	0.46	218
27	2	259	0.77	261
28	0	228	0.00	228
29	1	186	0.53	187
30	0	173	0.00	173
31	0	236	0.00	236
32	3	187	1.58	190
33	0	252	0.00	252
34	2	231	0.86	233
35	0	232	0.00	232
36	0	201	0.00	201
37	1	218	0.46	219
38	1	191	0.52	192
39	1	217	0.46	218
40	2	187	1.06	189
41	0	266	0.00	266
42	1	208	0.48	209
43	1	205	0.49	206
44	0	259	0.00	259
45	4	198	1.98	202
46	2	228	0.87	230
47	1	178	0.56	179
48	1	218	0.46	219
49	0	215	0.00	215
50	1	208	0.48	209
51	1	198	0.50	199
52	1	218	0.46	219
53	1	199	0.50	200
54	1	192	0.52	193
55	1	186	0.53	187
56	0	214	0.00	214
57	1	216	0.46	217
58	2	197	1.01	199
59	0	168	0.00	168
60	0	153	0.00	153
61	0	184	0.00	184
62	0	177	0.00	177
63	0	190	0.00	190
64	0	185	0.00	185
65	1	205	0.49	206
66	0	171	0.00	171
67	1	194	0.51	195
68	1	193	0.52	194
69	0	149	0.00	149
70	1	194	0.51	195
71	0	153	0.00	153
72	2	160	1.23	162
73	2	161	1.23	163
74	0	168	0.00	168
75	2	142	1.39	144
76	0	168	0.00	168
77	0	177	0.00	177
78	2	142	1.39	144
79	0	153	0.00	153
80	0	141	0.00	141
81	0	162	0.00	162
82	0	110	0.00	110
83	1	134	0.74	135
84	0	119	0.00	119
85	1	106	0.93	107
86	1	156	0.64	157
87	2	95	2.06	97
88	0	129	0.00	129
89	0	115	0.00	115
90	0	106	0.00	106
91	0	132	0.00	132
92	0	100	0.00	100
93	0	80	0.00	80
94	1	103	0.96	104
95	0	101	0.00	101
96	0	111	0.00	111
97	0	130	0.00	130
98	0	89	0.00	89
99	0	39	0.00	39
100	0	7	0.00	7
101	0	2	0.00	2
102	0	4	0.00	4
103	0	3	0.00	3
104	0	2	0.00	2
105	0	1	0.00	1
106	0	2	0.00	2
107	0	4	0.00	4
108	1	5	16.67	6
109	0	0		0
110	0	3	0.00	3
111	0	0		0
112	0	5	0.00	5
113	0	1	0.00	1
114	0	2	0.00	2
115	0	3	0.00	3
116	0	0		0
117	0	2	0.00	2
118	0	0		0
119	0	0		0
120	0	0		0
121	0	1	0.00	1
122	0	0		0
123	0	2	0.00	2
124	0	2	0.00	2
125	0	1	0.00	1
126	0	0		0
127	0	2	0.00	2
128	1	1	50.00	2
129	0	0		0
130	0	2	0.00	2
131	0	0		0
132	0	1	0.00	1
133	0	0		0
134	0	0		0
135	0	0		0
136	0	0		0
137	0	1	0.00	1
138	0	0		0
139	0	0		0
140	0	0		0
141	0	1	0.00	1
142	0	0		0
143	0	0		0
144	0	0		0
145	0	0		0
146	0	0		0
147	1	0	100.00	1
148	0	1	0.00	1
149	0	1	0.00	1

CHH context (R1)
================
position	count methylated	count unmethylated	% methylation	coverage
1	0	26	0.00	26
2	0	20	0.00	20
3	0	21	0.00	21
4	1	334	0.30	335
5	0	408	0.00	408
6	3	410	0.73	413
7	1	414	0.24	415
8	1	374	0.27	375
9	2	327	0.61	329
10	2	321	0.62	323
11	0	288	0.00	288
12	0	327	0.00	327
13	2	373	0.53	375
14	0	350	0.00	350
15	4	348	1.14	352
16	2	352	0.56	354
17	2	352	0.56	354
18	3	310	0.96	313
19	0	325	0.00	325
20	2	372	0.53	374
21	2	369	0.54	371
22	0	349	0.00	349
23	0	321	0.00	321
24	1	332	0.30	333
25	3	395	0.75	398
26	0	363	0.00	363
27	0	406	0.00	406
28	0	383	0.00	383
29	1	313	0.32	314
30	2	375	0.53	377
31	0	338	0.00	338
32	1	351	0.28	352
33	0	332	0.00	332
34	3	332	0.90	335
35	1	299	0.33	300
36	0	393	0.00	393
37	1	370	0.27	371
38	1	373	0.27	374
39	0	335	0.00	335
40	1	368	0.27	369
41	1	346	0.29	347
42	2	347	0.57	349
43	1	318	0.31	319
44	1	345	0.29	346
45	1	330	0.30	331
46	0	342	0.00	342
47	0	337	0.00	337
48	1	330	0.30	331
49	2	378	0.53	380
50	0	375	0.00	375
51	0	399	0.00	399
52	2	372	0.53	374
53	1	329	0.30	330
54	0	291	0.00	291
55	0	330	0.00	330
56	1	326	0.31	327
57	0	273	0.00	273
58	0	302	0.00	302
59	0	329	0.00	329
60	1	356	0.28	357
61	1	345	0.29	346
62	1	359	0.28	360
63	0	309	0.00	309
64	0	342	0.00	342
65	1	328	0.30	329
66	1	271	0.37	272
67	2	315	0.63	317
68	1	318	0.31	319
69	1	267	0.37	268
70	2	261	0.76	263
71	2	309	0.64	311
72	1	277	0.36	278
73	1	311	0.32	312
74	0	260	0.00	260
75	0	300	0.00	300
76	2	304	0.65	306
77	1	260	0.38	261
78	0	262	0.00	262
79	0	252	0.00	252
80	0	313	0.00	313
81	2	249	0.80	251
82	1	294	0.34	295
83	0	228	0.00	228
84	1	251	0.40	252
85	1	246	0.40	247
86	1	256	0.39	257
87	0	190	0.00	190
88	1	250	0.40	251
89	1	204	0.49	205
90	1	192	0.52	193
91	1	185	0.54	186
92	2	185	1.07	187
93	0	157	0.00	157
94	0	154	0.00	154
95	0	176	0.00	176
96	0	154	0.00	154
97	1	139	0.71	140
98	2	160	1.23	162
99	0	57	0.00	57
100	0	5	0.00	5
101	0	9	0.00	9
102	0	4	0.00	4
103	0	4	0.00	4
104	0	7	0.00	7
105	0	5	0.00	5
106	0	4	0.00	4
107	0	3	0.00	3
108	0	2	0.00	2
109	0	2	0.00	2
110	0	3	0.00	3
111	0	4	0.00	4
112	0	5	0.00	5
113	0	3	0.00	3
114	0	3	0.00	3
115	0	2	0.00	2
116	0	0		0
117	0	1	0.00	1
118	0	1	0.00	1
119	0	2	0.00	2
120	0	2	0.00	2
121	0	4	0.00	4
122	0	2	0.00	2
123	0	0		0
124	0	2	0.00	2
125	0	2	0.00	2
126	0	3	0.00	3
127	0	2	0.00	2
128	0	1	0.00	1
129	0	2	0.00	2
130	0	0		0
131	0	0		0
132	0	0		0
133	0	0		0
134	0	0		0
135	0	0		0
136	0	2	0.00	2
137	0	0		0
138	0	1	0.00	1
139	0	0		0
140	0	0		0
141	0	0		0
142	0	0		0
143	0	0		0
144	0	1	0.00	1
145	0	0		0
146	0	1	0.00	1
147	0	0		0
148	0	0		0
149	0	0		0

CpG context (R2)
================
position	count methylated	count unmethylated	% methylation	coverage
1	0	22	0.00	22
2	0	16	0.00	16
3	6	75	7.41	81
4	1	73	1.35	74
5	6	105	5.41	111
6	10	88	10.20	98
7	0	128	0.00	128
8	4	78	4.88	82
9	4	85	4.49	89
10	4	97	3.96	101
11	10	67	12.99	77
12	1	64	1.54	65
13	8	81	8.99	89
14	5	49	9.26	54
15	6	51	10.53	57
16	0	69	0.00	69
17	0	41	0.00	41
18	5	49	9.26	54
19	0	47	0.00	47
20	5	46	9.80	51
21	1	32	3.03	33
22	1	45	2.17	46
23	3	37	7.50	40
24	3	54	5.26	57
25	0	24	0.00	24
26	0	36	0.00	36
27	3	40	6.98	43
28	0	27	0.00	27
29	4	38	9.52	42
30	1	21	4.55	22
31	3	36	7.69	39
32	4	21	16.00	25
33	0	17	0.00	17
34	1	21	4.55	22
35	1	16	5.88	17
36	0	14	0.00	14
37	3	22	12.00	25
38	2	23	8.00	25
39	0	16	0.00	16
40	0	8	0.00	8
41	1	14	6.67	15
42	1	5	16.67	6
43	2	11	15.38	13
44	0	11	0.00	11
45	1	5	16.67	6
46	2	8	20.00	10
47	0	3	0.00	3
48	1	5	16.67	6
49	0	2	0.00	2
50	0	3	0.00	3
51	0	4	0.00	4
52	1	4	20.00	5
53	0	2	0.00	2
54	0	4	0.00	4
55	0	3	0.00	3
56	0	4	0.00	4
57	0	3	0.00	3
58	0	2	0.00	2
59	0	2	0.00	2
60	1	1	50.00	2
61	0	5	0.00	5
62	0	0		0
63	0	2	0.00	2
64	0	1	0.00	1
65	0	1	0.00	1
66	0	3	0.00	3
67	0	1	0.00	1
68	0	0		0
69	0	0		0
70	0	0		0
71	0	1	0.00	1
72	0	0		0
73	0	1	0.00	1
74	0	1	0.00	1
75	0	1	0.00	1
76	0	1	0.00	1
77	0	1	0.00	1
78	0	0		0
79	0	0		0
80	0	2	0.00	2
81	0	0		0
82	0	0		0
83	0	1	0.00	1
84	0	0		0
85	0	0		0
86	0	0		0
87	0	0		0
88	0	1	0.00	1
89	0	0		0
90	0	1	0.00	1
91	0	0		0
92	0	0		0
93	0	0		0
94	0	1	0.00	1
95	0	1	0.00	1
96	0	0		0
97	0	1	0.00	1

CHG context (R2)
================
position	count methylated	count unmethylated	% methylation	coverage
1	9	2112	0.42	2121
2	0	29	0.00	29
3	0	5	0.00	5
4	0	35	0.00	35
5	0	52	0.00	52
6	1	70	1.41	71
7	0	67	0.00	67
8	0	88	0.00	88
9	0	82	0.00	82
10	1	52	1.89	53
11	0	63	0.00	63
12	0	40	0.00	40
13	0	52	0.00	52
14	0	56	0.00	56
15	0	42	0.00	42
16	0	52	0.00	52
17	0	57	0.00	57
18	0	44	0.00	44
19	1	37	2.63	38
20	0	62	0.00	62
21	0	30	0.00	30
22	0	51	0.00	51
23	0	31	0.00	31
24	0	23	0.00	23
25	0	41	0.00	41
26	0	16	0.00	16
27	0	15	0.00	15
28	0	19	0.00	19
29	1	29	3.33	30
30	0	25	0.00	25
31	0	24	0.00	24
32	0	19	0.00	19
33	0	25	0.00	25
34	0	20	0.00	20
35	0	32	0.00	32
36	0	24	0.00	24
37	0	16	0.00	16
38	0	4	0.00	4
39	0	20	0.00	20
40	0	13	0.00	13
41	0	14	0.00	14
42	0	3	0.00	3
43	0	9	0.00	9
44	0	4	0.00	4
45	0	10	0.00	10
46	0	4	0.00	4
47	0	5	0.00	5
48	0	2	0.00	2
49	0	9	0.00	9
50	0	10	0.00	10
51	1	1	50.00	2
52	0	5	0.00	5
53	0	4	0.00	4
54	0	2	0.00	2
55	0	3	0.00	3
56	0	2	0.00	2
57	0	2	0.00	2
58	0	3	0.00	3
59	0	1	0.00	1
60	0	2	0.00	2
61	0	1	0.00	1
62	0	1	0.00	1
63	0	2	0.00	2
64	0	2	0.00	2
65	0	1	0.00	1
66	0	0		0
67	0	2	0.00	2
68	0	1	0.00	1
69	0	0		0
70	0	1	0.00	1
71	0	1	0.00	1
72	0	1	0.00	1
73	0	0		0
74	0	0		0
75	0	1	0.00	1
76	0	1	0.00	1
77	0	0		0
78	0	1	0.00	1
79	0	0		0
80	0	0		0
81	0	0		0
82	0	0		0
83	0	0		0
84	0	0		0
85	0	0		0
86	0	2	0.00	2
87	0	1	0.00	1
88	0	0		0
89	0	0		0
90	0	0		0
91	0	1	0.00	1
92	0	0		0
93	0	0		0
94	0	0		0
95	0	0		0
96	0	0		0
97	0	0		0

CHH context (R2)
================
position	count methylated	count unmethylated	% methylation	coverage
1	0	11	0.00	11
2	0	971	0.00	971
3	0	251	0.00	251
4	0	199	0.00	199
5	1	131	0.76	132
6	0	101	0.00	101
7	0	95	0.00	95
8	0	122	0.00	122
9	0	105	0.00	105
10	0	124	0.00	124
11	0	81	0.00	81
12	0	74	0.00	74
13	0	56	0.00	56
14	0	72	0.00	72
15	1	70	1.41	71
16	0	55	0.00	55
17	0	67	0.00	67
18	1	79	1.25	80
19	0	79	0.00	79
20	0	62	0.00	62
21	0	44	0.00	44
22	0	47	0.00	47
23	0	39	0.00	39
24	0	47	0.00	47
25	0	50	0.00	50
26	0	31	0.00	31
27	0	35	0.00	35
28	0	28	0.00	28
29	0	33	0.00	33
30	0	30	0.00	30
31	0	28	0.00	28
32	0	36	0.00	36
33	0	15	0.00	15
34	0	23	0.00	23
35	0	22	0.00	22
36	0	21	0.00	21
37	0	18	0.00	18
38	0	18	0.00	18
39	0	9	0.00	9
40	0	21	0.00	21
41	0	12	0.00	12
42	0	16	0.00	16
43	0	13	0.00	13
44	0	9	0.00	9
45	0	14	0.00	14
46	0	13	0.00	13
47	0	13	0.00	13
48	0	5	0.00	5
49	0	4	0.00	4
50	0	5	0.00	5
51	0	10	0.00	10
52	0	9	0.00	9
53	0	9	0.00	9
54	0	12	0.00	12
55	0	13	0.00	13
56	0	11	0.00	11
57	0	3	0.00	3
58	0	4	0.00	4
59	0	2	0.00	2
60	0	2	0.00	2
61	0	2	0.00	2
62	0	1	0.00	1
63	0	1	0.00	1
64	0	0		0
65	0	0		0
66	0	0		0
67	0	0		0
68	0	3	0.00	3
69	0	2	0.00	2
70	0	1	0.00	1
71	0	1	0.00	1
72	0	1	0.00	1
73	0	1	0.00	1
74	0	0		0
75	0	0		0
76	0	0		0
77	0	0		0
78	0	1	0.00	1
79	0	1	0.00	1
80	0	0		0
81	0	0		0
82	0	1	0.00	1
83	0	1	0.00	1
84	0	1	0.00	1
85	0	0		0
86	0	0		0
87	0	0		0
88	0	0		0
89	0	0		0
90	0	0		0
91	0	0		0
92	0	1	0.00	1
93	0	0		0
94	0	1	0.00	1
95	0	1	0.00	1
96	0	0		0
97	0	0		0

