CpG context (R1)
================
position	count methylated	count unmethylated	% methylation	coverage
1	197	2178	8.29	2375
2	0	21	0.00	21
3	4	17	19.05	21
4	8	186	4.12	194
5	9	199	4.33	208
6	9	241	3.60	250
7	10	211	4.52	221
8	14	287	4.65	301
9	14	243	5.45	257
10	11	259	4.07	270
11	13	248	4.98	261
12	18	281	6.02	299
13	14	285	4.68	299
14	12	255	4.49	267
15	10	255	3.77	265
16	12	270	4.26	282
17	6	224	2.61	230
18	11	241	4.37	252
19	17	310	5.20	327
20	9	239	3.63	248
21	8	215	3.59	223
22	16	289	5.25	305
23	10	267	3.61	277
24	14	212	6.19	226
25	13	278	4.47	291
26	8	290	2.68	298
27	16	263	5.73	279
28	17	256	6.23	273
29	11	264	4.00	275
30	10	255	3.77	265
31	19	280	6.35	299
32	11	278	3.81	289
33	12	237	4.82	249
34	13	275	4.51	288
35	17	286	5.61	303
36	6	190	3.06	196
37	19	288	6.19	307
38	17	236	6.72	253
39	12	249	4.60	261
40	19	262	6.76	281
41	9	231	3.75	240
42	14	313	4.28	327
43	16	234	6.40	250
44	13	266	4.66	279
45	18	251	6.69	269
46	23	234	8.95	257
47	15	288	4.95	303
48	14	258	5.15	272
49	16	229	6.53	245
50	14	224	5.88	238
51	13	203	6.02	216
52	23	237	8.85	260
53	9	238	3.64	247
54	13	236	5.22	249
55	19	287	6.21	306
56	12	226	5.04	238
57	12	244	4.69	256
58	9	263	3.31	272
59	16	251	5.99	267
60	10	238	4.03	248
61	15	248	5.70	263
62	14	243	5.45	257
63	14	223	5.91	237
64	10	241	3.98	251
65	10	236	4.07	246
66	8	240	3.23	248
67	13	228	5.39	241
68	10	192	4.95	202
69	15	224	6.28	239
70	14	234	5.65	248
71	9	231	3.75	240
72	12	245	4.67	257
73	12	214	5.31	226
74	12	194	5.83	206
75	6	218	2.68	224
76	12	194	5.83	206
77	9	212	4.07	221
78	8	203	3.79	211
79	9	212	4.07	221
80	15	195	7.14	210
81	8	169	4.52	177
82	4	211	1.86	215
83	8	130	5.80	138
84	4	152	2.56	156
85	12	193	5.85	205
86	10	160	5.88	170
87	8	165	4.62	173
88	5	134	3.60	139
89	10	140	6.67	150
90	7	122	5.43	129
91	5	132	3.65	137
92	9	161	5.29	170
93	5	127	3.79	132
94	5	132	3.65	137
95	6	128	4.48	134
96	4	107	3.60	111
97	10	121	7.63	131
98	6	115	4.96	121
99	0	62	0.00	62
100	0	10	0.00	10
101	1	8	11.11	9
102	2	2	50.00	4
103	1	8	11.11	9
104	1	2	33.33	3
105	0	4	0.00	4
106	1	9	10.00	10
107	1	4	20.00	5
108	0	3	0.00	3
109	0	10	0.00	10
110	0	2	0.00	2
111	0	7	0.00	7
112	0	3	0.00	3
113	2	5	28.57	7
114	0	7	0.00	7
115	0	5	0.00	5
116	0	3	0.00	3
117	0	7	0.00	7
118	0	2	0.00	2
119	0	2	0.00	2
120	0	2	0.00	2
121	0	4	0.00	4
122	0	1	0.00	1
123	1	0	100.00	1
124	0	0		0
125	0	8	0.00	8
126	0	2	0.00	2
127	0	2	0.00	2
128	0	3	0.00	3
129	0	3	0.00	3
130	0	2	0.00	2
131	1	0	100.00	1
132	0	1	0.00	1
133	0	3	0.00	3
134	0	1	0.00	1
135	0	3	0.00	3
136	1	1	50.00	2
137	0	2	0.00	2
138	0	3	0.00	3
139	0	1	0.00	1
140	0	1	0.00	1
141	0	4	0.00	4
142	0	2	0.00	2
143	0	1	0.00	1
144	0	1	0.00	1
145	0	1	0.00	1
146	0	0		0
147	0	1	0.00	1
148	1	0	100.00	1
149	0	1	0.00	1

CHG context (R1)
================
position	count methylated	count unmethylated	% methylation	coverage
1	2	12	14.29	14
2	0	22	0.00	22
3	0	9	0.00	9
4	0	136	0.00	136
5	1	214	0.47	215
6	3	210	1.41	213
7	1	260	0.38	261
8	0	219	0.00	219
9	2	243	0.82	245
10	1	219	0.45	220
11	1	238	0.42	239
12	0	205	0.00	205
13	0	218	0.00	218
14	0	211	0.00	211
15	1	197	0.51	198
16	1	236	0.42	237
17	0	222	0.00	222
18	1	250	0.40	251
19	2	220	0.90	222
20	0	181	0.00	181
21	3	198	1.49	201
22	0	264	0.00	264
23	0	190	0.00	190
24	0	173	0.00	173
25	1	244	0.41	245
26	0	194	0.00	194
27	0	211	0.00	211
28	2	250	0.79	252
29	0	189	0.00	189
30	0	175	0.00	175
31	3	253	1.17	256
32	0	199	0.00	199
33	0	243	0.00	243
34	1	253	0.39	254
35	0	224	0.00	224
36	0	225	0.00	225
37	0	202	0.00	202
38	1	205	0.49	206
39	0	224	0.00	224
40	0	209	0.00	209
41	1	282	0.35	283
42	2	206	0.96	208
43	0	198	0.00	198
44	1	235	0.42	236
45	2	203	0.98	205
46	1	226	0.44	227
47	0	183	0.00	183
48	1	206	0.48	207
49	1	214	0.47	215
50	1	220	0.45	221
51	0	235	0.00	235
52	1	223	0.45	224
53	0	191	0.00	191
54	2	196	1.01	198
55	0	173	0.00	173
56	0	220	0.00	220
57	1	205	0.49	206
58	0	231	0.00	231
59	0	205	0.00	205
60	1	138	0.72	139
61	0	199	0.00	199
62	0	155	0.00	155
63	1	170	0.58	171
64	0	193	0.00	193
65	0	182	0.00	182
66	2	173	1.14	175
67	0	204	0.00	204
68	0	193	0.00	193
69	0	200	0.00	200
70	1	172	0.58	173
71	0	171	0.00	171
72	1	156	0.64	157
73	0	166	0.00	166
74	0	169	0.00	169
75	0	143	0.00	143
76	0	156	0.00	156
77	1	200	0.50	201
78	0	152	0.00	152
79	1	158	0.63	159
80	2	155	1.27	157
81	0	189	0.00	189
82	0	122	0.00	122
83	0	135	0.00	135
84	0	135	0.00	135
85	0	123	0.00	123
86	0	146	0.00	146
87	0	117	0.00	117
88	0	150	0.00	150
89	0	121	0.00	121
90	1	103	0.96	104
91	0	136	0.00	136
92	0	111	0.00	111
93	0	80	0.00	80
94	0	111	0.00	111
95	2	88	2.22	90
96	0	118	0.00	118
97	0	114	0.00	114
98	1	87	1.14	88
99	0	43	0.00	43
100	0	6	0.00	6
101	0	1	0.00	1
102	0	4	0.00	4
103	0	5	0.00	5
104	0	10	0.00	10
105	0	6	0.00	6
106	0	3	0.00	3
107	0	3	0.00	3
108	1	9	10.00	10
109	0	6	0.00	6
110	0	3	0.00	3
111	0	4	0.00	4
112	0	6	0.00	6
113	0	6	0.00	6
114	0	0		0
115	0	1	0.00	1
116	0	4	0.00	4
117	0	3	0.00	3
118	0	3	0.00	3
119	0	2	0.00	2
120	0	2	0.00	2
121	0	1	0.00	1
122	0	2	0.00	2
123	0	4	0.00	4
124	0	2	0.00	2
125	0	2	0.00	2
126	0	1	0.00	1
127	0	2	0.00	2
128	0	2	0.00	2
129	0	1	0.00	1
130	0	3	0.00	3
131	0	3	0.00	3
132	0	4	0.00	4
133	0	0		0
134	0	0		0
135	0	1	0.00	1
136	0	2	0.00	2
137	0	0		0
138	0	0		0
139	0	0		0
140	0	0		0
141	0	2	0.00	2
142	0	0		0
143	0	1	0.00	1
144	0	0		0
145	0	0		0
146	0	0		0
147	0	0		0
148	0	3	0.00	3
149	0	0		0

CHH context (R1)
================
position	count methylated	count unmethylated	% methylation	coverage
1	2	36	5.26	38
2	0	25	0.00	25
3	0	18	0.00	18
4	2	344	0.58	346
5	1	393	0.25	394
6	2	396	0.50	398
7	1	384	0.26	385
8	0	357	0.00	357
9	0	316	0.00	316
10	2	297	0.67	299
11	3	309	0.96	312
12	1	316	0.32	317
13	0	365	0.00	365
14	0	368	0.00	368
15	0	379	0.00	379
16	0	357	0.00	357
17	1	332	0.30	333
18	2	303	0.66	305
19	2	302	0.66	304
20	1	370	0.27	371
21	0	343	0.00	343
22	1	341	0.29	342
23	0	333	0.00	333
24	2	387	0.51	389
25	2	418	0.48	420
26	2	361	0.55	363
27	1	376	0.27	377
28	3	371	0.80	374
29	2	338	0.59	340
30	0	365	0.00	365
31	1	343	0.29	344
32	0	358	0.00	358
33	0	322	0.00	322
34	2	295	0.67	297
35	1	328	0.30	329
36	1	364	0.27	365
37	3	353	0.84	356
38	1	370	0.27	371
39	2	344	0.58	346
40	0	364	0.00	364
41	0	337	0.00	337
42	1	337	0.30	338
43	1	320	0.31	321
44	1	358	0.28	359
45	1	323	0.31	324
46	3	350	0.85	353
47	1	317	0.31	318
48	1	351	0.28	352
49	1	407	0.25	408
50	0	400	0.00	400
51	0	402	0.00	402
52	1	350	0.28	351
53	2	305	0.65	307
54	0	294	0.00	294
55	1	330	0.30	331
56	1	292	0.34	293
57	1	316	0.32	317
58	1	301	0.33	302
59	2	312	0.64	314
60	2	339	0.59	341
61	3	332	0.90	335
62	2	335	0.59	337
63	0	327	0.00	327
64	1	336	0.30	337
65	2	335	0.59	337
66	3	298	1.00	301
67	2	336	0.59	338
68	1	302	0.33	303
69	2	279	0.71	281
70	3	266	1.12	269
71	0	259	0.00	259
72	0	309	0.00	309
73	1	301	0.33	302
74	0	260	0.00	260
75	1	309	0.32	310
76	1	300	0.33	301
77	0	274	0.00	274
78	2	255	0.78	257
79	2	280	0.71	282
80	1	296	0.34	297
81	3	262	1.13	265
82	0	261	0.00	261
83	0	218	0.00	218
84	1	248	0.40	249
85	1	263	0.38	264
86	1	238	0.42	239
87	0	230	0.00	230
88	1	262	0.38	263
89	3	220	1.35	223
90	2	202	0.98	204
91	0	205	0.00	205
92	0	205	0.00	205
93	5	180	2.70	185
94	0	178	0.00	178
95	0	217	0.00	217
96	0	158	0.00	158
97	0	149	0.00	149
98	2	168	1.18	170
99	0	85	0.00	85
100	0	1	0.00	1
101	0	5	0.00	5
102	0	11	0.00	11
103	0	10	0.00	10
104	0	9	0.00	9
105	0	3	0.00	3
106	1	5	16.67	6
107	0	7	0.00	7
108	0	5	0.00	5
109	0	2	0.00	2
110	0	5	0.00	5
111	0	3	0.00	3
112	0	5	0.00	5
113	0	1	0.00	1
114	0	2	0.00	2
115	0	4	0.00	4
116	0	4	0.00	4
117	0	8	0.00	8
118	0	7	0.00	7
119	0	2	0.00	2
120	0	3	0.00	3
121	0	5	0.00	5
122	0	6	0.00	6
123	0	1	0.00	1
124	0	1	0.00	1
125	0	1	0.00	1
126	0	1	0.00	1
127	0	2	0.00	2
128	0	3	0.00	3
129	0	2	0.00	2
130	0	2	0.00	2
131	0	2	0.00	2
132	0	1	0.00	1
133	0	0		0
134	0	2	0.00	2
135	0	3	0.00	3
136	0	0		0
137	0	1	0.00	1
138	0	0		0
139	0	0		0
140	0	2	0.00	2
141	0	2	0.00	2
142	0	0		0
143	0	0		0
144	0	1	0.00	1
145	0	2	0.00	2
146	0	1	0.00	1
147	0	1	0.00	1
148	0	1	0.00	1
149	0	0		0

CpG context (R2)
================
position	count methylated	count unmethylated	% methylation	coverage
1	0	28	0.00	28
2	0	14	0.00	14
3	3	72	4.00	75
4	6	67	8.22	73
5	3	109	2.68	112
6	6	77	7.23	83
7	4	128	3.03	132
8	3	77	3.75	80
9	7	74	8.64	81
10	3	96	3.03	99
11	3	77	3.75	80
12	3	55	5.17	58
13	5	76	6.17	81
14	1	42	2.33	43
15	6	63	8.70	69
16	0	53	0.00	53
17	4	47	7.84	51
18	0	34	0.00	34
19	0	34	0.00	34
20	0	40	0.00	40
21	4	32	11.11	36
22	3	50	5.66	53
23	5	36	12.20	41
24	7	57	10.94	64
25	1	31	3.12	32
26	0	32	0.00	32
27	5	29	14.71	34
28	4	21	16.00	25
29	0	29	0.00	29
30	0	29	0.00	29
31	2	30	6.25	32
32	0	24	0.00	24
33	2	18	10.00	20
34	3	25	10.71	28
35	1	20	4.76	21
36	0	8	0.00	8
37	1	20	4.76	21
38	0	19	0.00	19
39	0	9	0.00	9
40	0	12	0.00	12
41	1	14	6.67	15
42	0	11	0.00	11
43	1	22	4.35	23
44	0	14	0.00	14
45	0	1	0.00	1
46	4	10	28.57	14
47	1	10	9.09	11
48	0	5	0.00	5
49	0	4	0.00	4
50	0	2	0.00	2
51	1	6	14.29	7
52	2	11	15.38	13
53	0	2	0.00	2
54	1	5	16.67	6
55	0	4	0.00	4
56	1	4	20.00	5
57	0	1	0.00	1
58	0	8	0.00	8
59	0	4	0.00	4
60	0	0		0
61	0	3	0.00	3
62	0	0		0
63	1	0	100.00	1
64	0	1	0.00	1
65	0	0		0
66	0	0		0
67	0	0		0
68	0	0		0
69	0	0		0
70	0	0		0
71	0	1	0.00	1
72	0	0		0
73	0	1	0.00	1
74	0	0		0
75	0	1	0.00	1
76	0	1	0.00	1
77	0	1	0.00	1
78	0	0		0
79	0	0		0
80	0	0		0
81	0	0		0
82	0	0		0
83	0	0		0
84	0	1	0.00	1
85	0	0		0
86	0	0		0
87	0	0		0
88	0	0		0
89	0	0		0
90	0	1	0.00	1
91	0	0		0
92	0	0		0
93	0	0		0
94	0	1	0.00	1
95	0	0		0
96	0	0		0
97	0	2	0.00	2

CHG context (R2)
================
position	count methylated	count unmethylated	% methylation	coverage
1	14	2125	0.65	2139
2	0	32	0.00	32
3	0	4	0.00	4
4	0	38	0.00	38
5	1	67	1.47	68
6	0	60	0.00	60
7	0	70	0.00	70
8	0	111	0.00	111
9	1	63	1.56	64
10	0	58	0.00	58
11	1	71	1.39	72
12	0	37	0.00	37
13	0	44	0.00	44
14	1	62	1.59	63
15	0	43	0.00	43
16	0	40	0.00	40
17	1	56	1.75	57
18	0	65	0.00	65
19	1	39	2.50	40
20	0	49	0.00	49
21	1	43	2.27	44
22	0	43	0.00	43
23	0	22	0.00	22
24	0	21	0.00	21
25	0	42	0.00	42
26	0	23	0.00	23
27	2	11	15.38	13
28	0	25	0.00	25
29	1	19	5.00	20
30	0	21	0.00	21
31	0	28	0.00	28
32	0	22	0.00	22
33	0	18	0.00	18
34	0	20	0.00	20
35	0	26	0.00	26
36	0	22	0.00	22
37	0	15	0.00	15
38	0	9	0.00	9
39	0	15	0.00	15
40	0	18	0.00	18
41	0	25	0.00	25
42	0	3	0.00	3
43	0	6	0.00	6
44	0	6	0.00	6
45	0	13	0.00	13
46	0	2	0.00	2
47	0	3	0.00	3
48	0	13	0.00	13
49	0	9	0.00	9
50	0	18	0.00	18
51	0	3	0.00	3
52	0	7	0.00	7
53	0	1	0.00	1
54	0	1	0.00	1
55	0	6	0.00	6
56	0	2	0.00	2
57	0	0		0
58	0	2	0.00	2
59	0	1	0.00	1
60	0	5	0.00	5
61	0	1	0.00	1
62	0	0		0
63	0	6	0.00	6
64	0	1	0.00	1
65	0	0		0
66	0	0		0
67	0	0		0
68	0	1	0.00	1
69	0	0		0
70	0	1	0.00	1
71	0	0		0
72	0	1	0.00	1
73	0	1	0.00	1
74	0	0		0
75	0	1	0.00	1
76	0	0		0
77	0	1	0.00	1
78	0	1	0.00	1
79	0	0		0
80	0	0		0
81	0	0		0
82	0	1	0.00	1
83	0	0		0
84	0	0		0
85	0	0		0
86	0	0		0
87	0	1	0.00	1
88	0	0		0
89	0	0		0
90	0	0		0
91	0	0		0
92	0	0		0
93	0	0		0
94	0	0		0
95	0	0		0
96	0	0		0
97	0	0		0

CHH context (R2)
================
position	count methylated	count unmethylated	% methylation	coverage
1	0	13	0.00	13
2	1	967	0.10	968
3	2	252	0.79	254
4	0	197	0.00	197
5	0	137	0.00	137
6	0	104	0.00	104
7	0	100	0.00	100
8	3	113	2.59	116
9	0	136	0.00	136
10	0	119	0.00	119
11	0	84	0.00	84
12	1	82	1.20	83
13	2	65	2.99	67
14	0	85	0.00	85
15	0	79	0.00	79
16	0	58	0.00	58
17	0	66	0.00	66
18	0	73	0.00	73
19	0	87	0.00	87
20	0	55	0.00	55
21	0	48	0.00	48
22	0	43	0.00	43
23	0	46	0.00	46
24	0	40	0.00	40
25	0	40	0.00	40
26	0	37	0.00	37
27	0	28	0.00	28
28	1	24	4.00	25
29	0	33	0.00	33
30	0	31	0.00	31
31	0	33	0.00	33
32	1	35	2.78	36
33	1	19	5.00	20
34	0	23	0.00	23
35	0	22	0.00	22
36	0	19	0.00	19
37	0	16	0.00	16
38	0	23	0.00	23
39	0	3	0.00	3
40	0	20	0.00	20
41	0	15	0.00	15
42	0	17	0.00	17
43	0	16	0.00	16
44	0	20	0.00	20
45	1	20	4.76	21
46	0	15	0.00	15
47	0	11	0.00	11
48	0	2	0.00	2
49	0	12	0.00	12
50	0	10	0.00	10
51	0	18	0.00	18
52	0	11	0.00	11
53	0	8	0.00	8
54	0	10	0.00	10
55	0	7	0.00	7
56	0	12	0.00	12
57	0	5	0.00	5
58	0	7	0.00	7
59	0	2	0.00	2
60	0	2	0.00	2
61	0	5	0.00	5
62	0	0		0
63	0	0		0
64	0	0		0
65	0	2	0.00	2
66	0	1	0.00	1
67	0	0		0
68	0	5	0.00	5
69	0	1	0.00	1
70	0	1	0.00	1
71	0	1	0.00	1
72	0	0		0
73	0	0		0
74	0	1	0.00	1
75	0	0		0
76	0	0		0
77	0	0		0
78	0	0		0
79	0	1	0.00	1
80	0	0		0
81	0	0		0
82	0	0		0
83	0	0		0
84	0	0		0
85	0	0		0
86	0	0		0
87	0	1	0.00	1
88	0	0		0
89	0	0		0
90	0	0		0
91	0	0		0
92	0	0		0
93	0	1	0.00	1
94	0	0		0
95	0	0		0
96	0	0		0
97	0	0		0

