CpG context (R1)
================
position	count methylated	count unmethylated	% methylation	coverage
1	171	2180	7.27	2351
2	0	17	0.00	17
3	2	17	10.53	19
4	8	167	4.57	175
5	16	228	6.56	244
6	8	268	2.90	276
7	10	222	4.31	232
8	10	304	3.18	314
9	7	263	2.59	270
10	9	251	3.46	260
11	19	251	7.04	270
12	11	300	3.54	311
13	16	263	5.73	279
14	18	245	6.84	263
15	12	250	4.58	262
16	15	308	4.64	323
17	8	227	3.40	235
18	9	247	3.52	256
19	16	311	4.89	327
20	9	226	3.83	235
21	11	223	4.70	234
22	13	298	4.18	311
23	15	250	5.66	265
24	14	227	5.81	241
25	15	298	4.79	313
26	11	291	3.64	302
27	15	266	5.34	281
28	19	270	6.57	289
29	9	279	3.12	288
30	11	287	3.69	298
31	18	283	5.98	301
32	13	284	4.38	297
33	7	224	3.03	231
34	12	273	4.21	285
35	15	266	5.34	281
36	11	215	4.87	226
37	16	244	6.15	260
38	20	255	7.27	275
39	13	231	5.33	244
40	7	280	2.44	287
41	10	260	3.70	270
42	15	290	4.92	305
43	6	233	2.51	239
44	19	225	7.79	244
45	11	290	3.65	301
46	21	225	8.54	246
47	22	260	7.80	282
48	14	277	4.81	291
49	15	220	6.38	235
50	11	237	4.44	248
51	10	252	3.82	262
52	14	266	5.00	280
53	9	224	3.86	233
54	11	217	4.82	228
55	20	297	6.31	317
56	11	209	5.00	220
57	15	242	5.84	257
58	12	226	5.04	238
59	19	254	6.96	273
60	11	231	4.55	242
61	9	223	3.88	232
62	10	235	4.08	245
63	12	199	5.69	211
64	12	241	4.74	253
65	13	259	4.78	272
66	10	242	3.97	252
67	15	217	6.47	232
68	11	200	5.21	211
69	8	202	3.81	210
70	13	219	5.60	232
71	10	254	3.79	264
72	9	228	3.80	237
73	6	218	2.68	224
74	11	183	5.67	194
75	15	175	7.89	190
76	5	181	2.69	186
77	16	216	6.90	232
78	6	161	3.59	167
79	10	194	4.90	204
80	6	178	3.26	184
81	8	167	4.57	175
82	10	199	4.78	209
83	5	140	3.45	145
84	8	173	4.42	181
85	4	197	1.99	201
86	12	155	7.19	167
87	3	158	1.86	161
88	5	119	4.03	124
89	6	136	4.23	142
90	7	133	5.00	140
91	6	133	4.32	139
92	8	143	5.30	151
93	17	124	12.06	141
94	3	123	2.38	126
95	4	99	3.88	103
96	6	99	5.71	105
97	4	122	3.17	126
98	7	89	7.29	96
99	1	53	1.85	54
100	0	12	0.00	12
101	0	9	0.00	9
102	0	5	0.00	5
103	1	3	25.00	4
104	0	6	0.00	6
105	1	4	20.00	5
106	0	6	0.00	6
107	0	2	0.00	2
108	0	3	0.00	3
109	0	9	0.00	9
110	0	4	0.00	4
111	1	1	50.00	2
112	1	3	25.00	4
113	0	5	0.00	5
114	0	3	0.00	3
115	0	7	0.00	7
116	0	4	0.00	4
117	1	6	14.29	7
118	0	3	0.00	3
119	0	5	0.00	5
120	0	1	0.00	1
121	1	3	25.00	4
122	0	1	0.00	1
123	0	2	0.00	2
124	0	1	0.00	1
125	1	2	33.33	3
126	0	2	0.00	2
127	0	1	0.00	1
128	0	1	0.00	1
129	1	3	25.00	4
130	0	1	0.00	1
131	0	1	0.00	1
132	0	0		0
133	0	2	0.00	2
134	0	1	0.00	1
135	0	1	0.00	1
136	0	2	0.00	2
137	0	1	0.00	1
138	1	1	50.00	2
139	0	1	0.00	1
140	0	0		0
141	0	1	0.00	1
142	0	2	0.00	2
143	0	1	0.00	1
144	0	2	0.00	2
145	0	3	0.00	3
146	1	0	100.00	1
147	0	0		0
148	0	0		0
149	0	1	0.00	1

CHG context (R1)
================
position	count methylated	count unmethylated	% methylation	coverage
1	0	17	0.00	17
2	0	31	0.00	31
3	0	16	0.00	16
4	2	150	1.32	152
5	0	198	0.00	198
6	2	229	0.87	231
7	2	236	0.84	238
8	0	220	0.00	220
9	0	217	0.00	217
10	0	194	0.00	194
11	3	257	1.15	260
12	0	202	0.00	202
13	2	202	0.98	204
14	0	198	0.00	198
15	0	264	0.00	264
16	1	207	0.48	208
17	1	223	0.45	224
18	1	270	0.37	271
19	3	211	1.40	214
20	2	176	1.12	178
21	3	206	1.44	209
22	0	228	0.00	228
23	0	223	0.00	223
24	0	182	0.00	182
25	3	233	1.27	236
26	2	242	0.82	244
27	1	228	0.44	229
28	0	229	0.00	229
29	1	154	0.65	155
30	0	216	0.00	216
31	1	231	0.43	232
32	1	204	0.49	205
33	1	241	0.41	242
34	1	231	0.43	232
35	3	225	1.32	228
36	1	214	0.47	215
37	1	221	0.45	222
38	1	181	0.55	182
39	0	204	0.00	204
40	1	213	0.47	214
41	1	269	0.37	270
42	1	201	0.50	202
43	1	205	0.49	206
44	0	261	0.00	261
45	0	214	0.00	214
46	0	235	0.00	235
47	0	208	0.00	208
48	0	198	0.00	198
49	0	223	0.00	223
50	0	213	0.00	213
51	0	218	0.00	218
52	0	230	0.00	230
53	0	207	0.00	207
54	2	199	1.00	201
55	0	182	0.00	182
56	0	201	0.00	201
57	0	229	0.00	229
58	1	209	0.48	210
59	0	197	0.00	197
60	0	138	0.00	138
61	0	213	0.00	213
62	1	172	0.58	173
63	0	175	0.00	175
64	0	218	0.00	218
65	0	197	0.00	197
66	2	182	1.09	184
67	1	168	0.59	169
68	0	183	0.00	183
69	0	196	0.00	196
70	1	188	0.53	189
71	0	188	0.00	188
72	2	183	1.08	185
73	0	148	0.00	148
74	0	173	0.00	173
75	1	139	0.71	140
76	0	201	0.00	201
77	0	179	0.00	179
78	0	142	0.00	142
79	0	149	0.00	149
80	1	155	0.64	156
81	0	170	0.00	170
82	0	113	0.00	113
83	1	143	0.69	144
84	0	133	0.00	133
85	0	115	0.00	115
86	1	140	0.71	141
87	0	117	0.00	117
88	1	136	0.73	137
89	0	113	0.00	113
90	0	103	0.00	103
91	0	134	0.00	134
92	0	111	0.00	111
93	0	90	0.00	90
94	0	102	0.00	102
95	0	104	0.00	104
96	0	105	0.00	105
97	0	93	0.00	93
98	1	102	0.97	103
99	0	47	0.00	47
100	0	5	0.00	5
101	0	7	0.00	7
102	0	5	0.00	5
103	0	7	0.00	7
104	0	5	0.00	5
105	0	4	0.00	4
106	0	9	0.00	9
107	0	3	0.00	3
108	0	4	0.00	4
109	0	6	0.00	6
110	0	3	0.00	3
111	0	4	0.00	4
112	0	8	0.00	8
113	0	0		0
114	0	2	0.00	2
115	0	3	0.00	3
116	0	4	0.00	4
117	0	2	0.00	2
118	0	0		0
119	0	4	0.00	4
120	0	2	0.00	2
121	0	3	0.00	3
122	0	3	0.00	3
123	0	1	0.00	1
124	0	1	0.00	1
125	0	3	0.00	3
126	0	1	0.00	1
127	0	2	0.00	2
128	0	3	0.00	3
129	0	0		0
130	0	0		0
131	0	0		0
132	0	1	0.00	1
133	0	1	0.00	1
134	0	1	0.00	1
135	0	2	0.00	2
136	0	1	0.00	1
137	0	0		0
138	0	0		0
139	0	0		0
140	0	1	0.00	1
141	0	4	0.00	4
142	0	0		0
143	0	1	0.00	1
144	0	0		0
145	0	0		0
146	0	1	0.00	1
147	0	1	0.00	1
148	0	1	0.00	1
149	0	0		0

CHH context (R1)
================
position	count methylated	count unmethylated	% methylation	coverage
1	1	33	2.94	34
2	2	32	5.88	34
3	0	22	0.00	22
4	0	364	0.00	364
5	1	391	0.26	392
6	3	421	0.71	424
7	1	414	0.24	415
8	1	345	0.29	346
9	2	356	0.56	358
10	0	359	0.00	359
11	0	328	0.00	328
12	1	336	0.30	337
13	2	390	0.51	392
14	0	401	0.00	401
15	2	372	0.53	374
16	0	337	0.00	337
17	0	302	0.00	302
18	1	307	0.32	308
19	0	313	0.00	313
20	4	348	1.14	352
21	3	332	0.90	335
22	1	352	0.28	353
23	4	350	1.13	354
24	1	350	0.28	351
25	1	379	0.26	380
26	2	333	0.60	335
27	1	383	0.26	384
28	2	367	0.54	369
29	1	367	0.27	368
30	0	370	0.00	370
31	1	374	0.27	375
32	1	377	0.26	378
33	5	334	1.47	339
34	1	311	0.32	312
35	0	296	0.00	296
36	0	379	0.00	379
37	5	316	1.56	321
38	0	328	0.00	328
39	1	337	0.30	338
40	2	341	0.58	343
41	0	325	0.00	325
42	1	350	0.28	351
43	0	369	0.00	369
44	2	326	0.61	328
45	1	303	0.33	304
46	3	344	0.86	347
47	2	311	0.64	313
48	1	338	0.29	339
49	0	387	0.00	387
50	1	419	0.24	420
51	0	397	0.00	397
52	1	359	0.28	360
53	0	329	0.00	329
54	1	303	0.33	304
55	0	333	0.00	333
56	1	313	0.32	314
57	2	300	0.66	302
58	1	308	0.32	309
59	2	316	0.63	318
60	2	328	0.61	330
61	1	350	0.28	351
62	1	341	0.29	342
63	0	318	0.00	318
64	1	359	0.28	360
65	0	320	0.00	320
66	1	284	0.35	285
67	1	368	0.27	369
68	1	327	0.30	328
69	1	314	0.32	315
70	3	283	1.05	286
71	0	278	0.00	278
72	0	297	0.00	297
73	2	276	0.72	278
74	2	251	0.79	253
75	0	322	0.00	322
76	1	298	0.33	299
77	1	265	0.38	266
78	0	267	0.00	267
79	0	278	0.00	278
80	1	260	0.38	261
81	0	239	0.00	239
82	0	270	0.00	270
83	0	229	0.00	229
84	0	231	0.00	231
85	1	239	0.42	240
86	1	244	0.41	245
87	0	205	0.00	205
88	0	245	0.00	245
89	0	199	0.00	199
90	1	163	0.61	164
91	0	190	0.00	190
92	0	198	0.00	198
93	0	182	0.00	182
94	0	173	0.00	173
95	1	186	0.53	187
96	1	148	0.67	149
97	0	168	0.00	168
98	0	158	0.00	158
99	0	77	0.00	77
100	0	7	0.00	7
101	0	7	0.00	7
102	1	10	9.09	11
103	0	12	0.00	12
104	0	10	0.00	10
105	0	6	0.00	6
106	0	5	0.00	5
107	0	10	0.00	10
108	0	8	0.00	8
109	0	3	0.00	3
110	0	9	0.00	9
111	0	6	0.00	6
112	0	2	0.00	2
113	0	3	0.00	3
114	0	5	0.00	5
115	0	6	0.00	6
116	0	3	0.00	3
117	0	4	0.00	4
118	0	5	0.00	5
119	0	4	0.00	4
120	0	3	0.00	3
121	0	4	0.00	4
122	0	1	0.00	1
123	0	5	0.00	5
124	0	2	0.00	2
125	0	1	0.00	1
126	0	0		0
127	0	2	0.00	2
128	0	1	0.00	1
129	0	1	0.00	1
130	0	2	0.00	2
131	0	3	0.00	3
132	0	2	0.00	2
133	0	2	0.00	2
134	0	1	0.00	1
135	0	2	0.00	2
136	0	0		0
137	0	0		0
138	0	0		0
139	0	1	0.00	1
140	0	0		0
141	0	2	0.00	2
142	0	1	0.00	1
143	0	1	0.00	1
144	0	0		0
145	0	1	0.00	1
146	0	2	0.00	2
147	0	2	0.00	2
148	0	0		0
149	0	3	0.00	3

CpG context (R2)
================
position	count methylated	count unmethylated	% methylation	coverage
1	0	25	0.00	25
2	0	19	0.00	19
3	2	67	2.90	69
4	2	85	2.30	87
5	4	82	4.65	86
6	6	75	7.41	81
7	7	113	5.83	120
8	3	72	4.00	75
9	3	78	3.70	81
10	3	93	3.12	96
11	2	63	3.08	65
12	3	74	3.90	77
13	6	65	8.45	71
14	1	47	2.08	48
15	4	58	6.45	62
16	0	63	0.00	63
17	1	27	3.57	28
18	1	39	2.50	40
19	2	33	5.71	35
20	1	41	2.38	42
21	3	29	9.38	32
22	7	34	17.07	41
23	2	42	4.55	44
24	2	54	3.57	56
25	0	26	0.00	26
26	1	23	4.17	24
27	2	35	5.41	37
28	3	19	13.64	22
29	2	36	5.26	38
30	1	22	4.35	23
31	3	23	11.54	26
32	0	28	0.00	28
33	3	8	27.27	11
34	2	18	10.00	20
35	1	9	10.00	10
36	0	13	0.00	13
37	2	20	9.09	22
38	2	17	10.53	19
39	0	13	0.00	13
40	1	6	14.29	7
41	1	7	12.50	8
42	0	10	0.00	10
43	1	13	7.14	14
44	0	16	0.00	16
45	0	2	0.00	2
46	4	12	25.00	16
47	0	4	0.00	4
48	0	8	0.00	8
49	0	7	0.00	7
50	1	1	50.00	2
51	0	3	0.00	3
52	0	7	0.00	7
53	1	1	50.00	2
54	0	1	0.00	1
55	1	5	16.67	6
56	0	4	0.00	4
57	0	0		0
58	0	5	0.00	5
59	0	2	0.00	2
60	0	0		0
61	0	2	0.00	2
62	0	0		0
63	0	2	0.00	2
64	0	1	0.00	1
65	0	0		0
66	0	1	0.00	1
67	0	0		0
68	0	0		0
69	0	0		0
70	0	1	0.00	1
71	0	2	0.00	2
72	0	1	0.00	1
73	0	0		0
74	0	0		0
75	0	2	0.00	2
76	0	0		0
77	0	2	0.00	2
78	0	0		0
79	0	0		0
80	0	1	0.00	1

CHG context (R2)
================
position	count methylated	count unmethylated	% methylation	coverage
1	14	2138	0.65	2152
2	1	30	3.23	31
3	0	5	0.00	5
4	0	36	0.00	36
5	1	52	1.89	53
6	0	70	0.00	70
7	1	81	1.22	82
8	0	114	0.00	114
9	0	73	0.00	73
10	0	54	0.00	54
11	0	66	0.00	66
12	0	39	0.00	39
13	0	43	0.00	43
14	1	40	2.44	41
15	0	52	0.00	52
16	0	38	0.00	38
17	1	66	1.49	67
18	0	52	0.00	52
19	0	42	0.00	42
20	0	45	0.00	45
21	0	38	0.00	38
22	0	43	0.00	43
23	0	23	0.00	23
24	0	26	0.00	26
25	1	44	2.22	45
26	0	17	0.00	17
27	0	11	0.00	11
28	0	23	0.00	23
29	0	21	0.00	21
30	0	25	0.00	25
31	0	21	0.00	21
32	0	18	0.00	18
33	0	26	0.00	26
34	0	25	0.00	25
35	0	24	0.00	24
36	0	17	0.00	17
37	0	17	0.00	17
38	0	8	0.00	8
39	0	12	0.00	12
40	0	15	0.00	15
41	0	16	0.00	16
42	0	6	0.00	6
43	0	1	0.00	1
44	0	3	0.00	3
45	0	14	0.00	14
46	0	6	0.00	6
47	0	6	0.00	6
48	0	11	0.00	11
49	0	7	0.00	7
50	1	16	5.88	17
51	0	1	0.00	1
52	0	5	0.00	5
53	0	5	0.00	5
54	0	0		0
55	0	2	0.00	2
56	0	6	0.00	6
57	0	0		0
58	0	0		0
59	0	1	0.00	1
60	0	4	0.00	4
61	0	1	0.00	1
62	0	2	0.00	2
63	0	5	0.00	5
64	0	2	0.00	2
65	0	0		0
66	0	0		0
67	0	0		0
68	0	2	0.00	2
69	0	1	0.00	1
70	0	1	0.00	1
71	0	1	0.00	1
72	0	0		0
73	0	2	0.00	2
74	0	0		0
75	0	0		0
76	0	0		0
77	0	1	0.00	1
78	0	0		0
79	0	0		0
80	0	0		0

CHH context (R2)
================
position	count methylated	count unmethylated	% methylation	coverage
1	0	14	0.00	14
2	5	948	0.52	953
3	1	252	0.40	253
4	1	170	0.58	171
5	0	130	0.00	130
6	1	87	1.14	88
7	1	94	1.05	95
8	1	134	0.74	135
9	0	128	0.00	128
10	0	133	0.00	133
11	0	80	0.00	80
12	0	78	0.00	78
13	1	49	2.00	50
14	0	75	0.00	75
15	0	73	0.00	73
16	0	52	0.00	52
17	0	70	0.00	70
18	2	68	2.86	70
19	0	68	0.00	68
20	0	48	0.00	48
21	0	47	0.00	47
22	0	31	0.00	31
23	1	34	2.86	35
24	0	23	0.00	23
25	0	36	0.00	36
26	0	31	0.00	31
27	0	25	0.00	25
28	0	25	0.00	25
29	0	36	0.00	36
30	0	26	0.00	26
31	0	25	0.00	25
32	0	31	0.00	31
33	0	23	0.00	23
34	0	22	0.00	22
35	0	32	0.00	32
36	0	19	0.00	19
37	0	14	0.00	14
38	0	23	0.00	23
39	0	7	0.00	7
40	0	22	0.00	22
41	0	14	0.00	14
42	0	26	0.00	26
43	0	16	0.00	16
44	0	16	0.00	16
45	0	17	0.00	17
46	1	13	7.14	14
47	0	16	0.00	16
48	0	3	0.00	3
49	0	5	0.00	5
50	0	8	0.00	8
51	0	15	0.00	15
52	0	16	0.00	16
53	0	11	0.00	11
54	0	11	0.00	11
55	0	9	0.00	9
56	0	13	0.00	13
57	0	5	0.00	5
58	0	6	0.00	6
59	0	1	0.00	1
60	0	0		0
61	0	0		0
62	0	0		0
63	0	0		0
64	0	0		0
65	0	1	0.00	1
66	0	0		0
67	0	0		0
68	0	6	0.00	6
69	0	2	0.00	2
70	0	0		0
71	0	0		0
72	0	0		0
73	0	0		0
74	0	2	0.00	2
75	0	0		0
76	0	0		0
77	0	0		0
78	0	0		0
79	0	0		0
80	0	0		0

