CpG context (R1)
================
position	count methylated	count unmethylated	% methylation	coverage
1	204	2180	8.56	2384
2	0	18	0.00	18
3	1	17	5.56	18
4	10	168	5.62	178
5	9	179	4.79	188
6	11	261	4.04	272
7	8	214	3.60	222
8	20	264	7.04	284
9	13	248	4.98	261
10	15	240	5.88	255
11	13	260	4.76	273
12	12	285	4.04	297
13	27	279	8.82	306
14	15	259	5.47	274
15	14	262	5.07	276
16	20	263	7.07	283
17	10	234	4.10	244
18	6	237	2.47	243
19	14	320	4.19	334
20	13	215	5.70	228
21	14	217	6.06	231
22	17	313	5.15	330
23	17	257	6.20	274
24	17	238	6.67	255
25	17	291	5.52	308
26	13	312	4.00	325
27	18	261	6.45	279
28	24	292	7.59	316
29	7	272	2.51	279
30	15	283	5.03	298
31	13	301	4.14	314
32	20	243	7.60	263
33	13	249	4.96	262
34	14	250	5.30	264
35	14	256	5.19	270
36	14	235	5.62	249
37	16	250	6.02	266
38	16	221	6.75	237
39	15	226	6.22	241
40	18	269	6.27	287
41	12	235	4.86	247
42	9	281	3.10	290
43	11	250	4.21	261
44	14	257	5.17	271
45	13	282	4.41	295
46	14	200	6.54	214
47	14	278	4.79	292
48	13	265	4.68	278
49	13	210	5.83	223
50	15	243	5.81	258
51	12	243	4.71	255
52	8	230	3.36	238
53	7	209	3.24	216
54	9	218	3.96	227
55	19	246	7.17	265
56	13	205	5.96	218
57	16	221	6.75	237
58	12	240	4.76	252
59	11	274	3.86	285
60	6	229	2.55	235
61	11	210	4.98	221
62	21	231	8.33	252
63	12	223	5.11	235
64	15	225	6.25	240
65	9	238	3.64	247
66	14	237	5.58	251
67	13	211	5.80	224
68	10	202	4.72	212
69	5	204	2.39	209
70	9	233	3.72	242
71	13	224	5.49	237
72	7	222	3.06	229
73	12	199	5.69	211
74	9	204	4.23	213
75	8	166	4.60	174
76	11	223	4.70	234
77	11	206	5.07	217
78	10	214	4.46	224
79	12	204	5.56	216
80	3	185	1.60	188
81	8	158	4.82	166
82	12	214	5.31	226
83	10	139	6.71	149
84	5	171	2.84	176
85	5	198	2.46	203
86	4	153	2.55	157
87	7	160	4.19	167
88	3	121	2.42	124
89	13	155	7.74	168
90	6	126	4.55	132
91	6	125	4.58	131
92	5	135	3.57	140
93	5	133	3.62	138
94	6	103	5.50	109
95	6	98	5.77	104
96	4	118	3.28	122
97	5	127	3.79	132
98	3	109	2.68	112
99	2	49	3.92	51
100	1	9	10.00	10
101	0	10	0.00	10
102	0	4	0.00	4
103	0	7	0.00	7
104	0	7	0.00	7
105	0	4	0.00	4
106	0	5	0.00	5
107	2	2	50.00	4
108	0	8	0.00	8
109	0	6	0.00	6
110	0	3	0.00	3
111	2	2	50.00	4
112	0	5	0.00	5
113	1	2	33.33	3
114	0	3	0.00	3
115	1	3	25.00	4
116	1	3	25.00	4
117	1	1	50.00	2
118	1	2	33.33	3
119	0	3	0.00	3
120	0	2	0.00	2
121	1	3	25.00	4
122	0	0		0
123	0	4	0.00	4
124	0	1	0.00	1
125	0	6	0.00	6
126	0	1	0.00	1
127	0	1	0.00	1
128	0	1	0.00	1
129	0	3	0.00	3
130	0	0		0
131	0	2	0.00	2
132	0	1	0.00	1
133	0	1	0.00	1
134	0	0		0
135	1	0	100.00	1
136	0	0		0
137	0	1	0.00	1
138	0	1	0.00	1
139	0	0		0
140	0	1	0.00	1
141	0	1	0.00	1
142	0	0		0
143	0	1	0.00	1
144	0	0		0
145	0	0		0
146	0	0		0
147	0	0		0
148	0	0		0
149	0	2	0.00	2

CHG context (R1)
================
position	count methylated	count unmethylated	% methylation	coverage
1	0	15	0.00	15
2	0	19	0.00	19
3	0	17	0.00	17
4	0	135	0.00	135
5	1	192	0.52	193
6	0	231	0.00	231
7	2	266	0.75	268
8	0	216	0.00	216
9	0	218	0.00	218
10	1	222	0.45	223
11	0	231	0.00	231
12	1	196	0.51	197
13	0	224	0.00	224
14	0	195	0.00	195
15	0	224	0.00	224
16	2	206	0.96	208
17	1	251	0.40	252
18	0	255	0.00	255
19	0	187	0.00	187
20	0	176	0.00	176
21	2	231	0.86	233
22	2	231	0.86	233
23	0	196	0.00	196
24	0	204	0.00	204
25	0	225	0.00	225
26	1	202	0.49	203
27	0	246	0.00	246
28	0	234	0.00	234
29	0	156	0.00	156
30	0	188	0.00	188
31	1	219	0.45	220
32	2	198	1.00	200
33	1	227	0.44	228
34	0	232	0.00	232
35	1	248	0.40	249
36	2	200	0.99	202
37	1	211	0.47	212
38	0	179	0.00	179
39	1	237	0.42	238
40	0	229	0.00	229
41	1	263	0.38	264
42	1	203	0.49	204
43	1	216	0.46	217
44	2	264	0.75	266
45	2	197	1.01	199
46	0	228	0.00	228
47	0	215	0.00	215
48	0	227	0.00	227
49	1	217	0.46	218
50	0	191	0.00	191
51	0	242	0.00	242
52	0	251	0.00	251
53	1	198	0.50	199
54	0	179	0.00	179
55	0	190	0.00	190
56	2	218	0.91	220
57	0	187	0.00	187
58	1	216	0.46	217
59	0	197	0.00	197
60	0	150	0.00	150
61	1	176	0.56	177
62	0	171	0.00	171
63	0	156	0.00	156
64	1	189	0.53	190
65	0	201	0.00	201
66	1	175	0.57	176
67	1	177	0.56	178
68	0	192	0.00	192
69	0	197	0.00	197
70	2	172	1.15	174
71	0	188	0.00	188
72	0	152	0.00	152
73	0	176	0.00	176
74	0	154	0.00	154
75	1	153	0.65	154
76	0	179	0.00	179
77	0	170	0.00	170
78	0	169	0.00	169
79	0	154	0.00	154
80	1	124	0.80	125
81	0	188	0.00	188
82	0	141	0.00	141
83	0	141	0.00	141
84	1	122	0.81	123
85	0	115	0.00	115
86	0	158	0.00	158
87	0	134	0.00	134
88	1	138	0.72	139
89	0	108	0.00	108
90	1	106	0.93	107
91	0	130	0.00	130
92	0	95	0.00	95
93	1	75	1.32	76
94	1	102	0.97	103
95	3	114	2.56	117
96	0	104	0.00	104
97	0	106	0.00	106
98	0	97	0.00	97
99	0	53	0.00	53
100	0	4	0.00	4
101	0	7	0.00	7
102	0	7	0.00	7
103	0	4	0.00	4
104	0	5	0.00	5
105	0	6	0.00	6
106	0	4	0.00	4
107	0	4	0.00	4
108	0	5	0.00	5
109	0	4	0.00	4
110	0	3	0.00	3
111	0	3	0.00	3
112	0	6	0.00	6
113	0	2	0.00	2
114	0	4	0.00	4
115	0	3	0.00	3
116	0	2	0.00	2
117	0	1	0.00	1
118	0	4	0.00	4
119	0	1	0.00	1
120	0	3	0.00	3
121	0	1	0.00	1
122	0	2	0.00	2
123	0	3	0.00	3
124	0	2	0.00	2
125	0	0		0
126	0	0		0
127	0	1	0.00	1
128	0	2	0.00	2
129	0	1	0.00	1
130	0	0		0
131	0	0		0
132	0	0		0
133	0	0		0
134	0	1	0.00	1
135	0	0		0
136	0	0		0
137	0	0		0
138	0	0		0
139	0	1	0.00	1
140	0	1	0.00	1
141	0	0		0
142	0	0		0
143	0	1	0.00	1
144	0	0		0
145	0	0		0
146	0	0		0
147	0	1	0.00	1
148	0	2	0.00	2
149	0	0		0

CHH context (R1)
================
position	count methylated	count unmethylated	% methylation	coverage
1	1	29	3.33	30
2	0	26	0.00	26
3	0	17	0.00	17
4	2	321	0.62	323
5	1	409	0.24	410
6	0	414	0.00	414
7	0	388	0.00	388
8	0	359	0.00	359
9	2	335	0.59	337
10	1	332	0.30	333
11	1	320	0.31	321
12	2	349	0.57	351
13	1	375	0.27	376
14	1	342	0.29	343
15	2	360	0.55	362
16	0	405	0.00	405
17	1	354	0.28	355
18	1	306	0.33	307
19	0	333	0.00	333
20	1	347	0.29	348
21	1	341	0.29	342
22	0	319	0.00	319
23	1	330	0.30	331
24	1	346	0.29	347
25	1	378	0.26	379
26	2	336	0.59	338
27	1	372	0.27	373
28	2	333	0.60	335
29	0	323	0.00	323
30	0	400	0.00	400
31	1	331	0.30	332
32	0	353	0.00	353
33	4	332	1.19	336
34	0	344	0.00	344
35	1	302	0.33	303
36	0	410	0.00	410
37	4	327	1.21	331
38	0	362	0.00	362
39	0	346	0.00	346
40	2	334	0.60	336
41	2	330	0.60	332
42	0	362	0.00	362
43	1	356	0.28	357
44	1	316	0.32	317
45	1	320	0.31	321
46	5	339	1.45	344
47	1	322	0.31	323
48	1	326	0.31	327
49	3	367	0.81	370
50	0	392	0.00	392
51	1	409	0.24	410
52	0	342	0.00	342
53	3	325	0.91	328
54	1	329	0.30	330
55	0	339	0.00	339
56	0	302	0.00	302
57	3	295	1.01	298
58	0	318	0.00	318
59	3	303	0.98	306
60	2	286	0.69	288
61	0	355	0.00	355
62	0	322	0.00	322
63	2	315	0.63	317
64	5	363	1.36	368
65	1	322	0.31	323
66	0	298	0.00	298
67	1	336	0.30	337
68	2	353	0.56	355
69	0	313	0.00	313
70	2	295	0.67	297
71	0	279	0.00	279
72	2	284	0.70	286
73	1	316	0.32	317
74	1	262	0.38	263
75	0	297	0.00	297
76	2	311	0.64	313
77	1	256	0.39	257
78	2	235	0.84	237
79	0	279	0.00	279
80	1	277	0.36	278
81	2	254	0.78	256
82	4	275	1.43	279
83	0	219	0.00	219
84	0	255	0.00	255
85	1	261	0.38	262
86	3	260	1.14	263
87	1	207	0.48	208
88	0	256	0.00	256
89	0	202	0.00	202
90	0	188	0.00	188
91	1	194	0.51	195
92	0	188	0.00	188
93	0	177	0.00	177
94	0	185	0.00	185
95	1	192	0.52	193
96	1	158	0.63	159
97	0	152	0.00	152
98	1	170	0.58	171
99	0	64	0.00	64
100	0	8	0.00	8
101	0	7	0.00	7
102	0	6	0.00	6
103	0	10	0.00	10
104	0	6	0.00	6
105	0	4	0.00	4
106	0	14	0.00	14
107	0	5	0.00	5
108	0	7	0.00	7
109	0	3	0.00	3
110	0	3	0.00	3
111	0	4	0.00	4
112	0	3	0.00	3
113	0	6	0.00	6
114	0	3	0.00	3
115	0	5	0.00	5
116	0	5	0.00	5
117	0	8	0.00	8
118	0	3	0.00	3
119	0	4	0.00	4
120	0	4	0.00	4
121	0	3	0.00	3
122	0	4	0.00	4
123	0	1	0.00	1
124	0	0		0
125	0	5	0.00	5
126	0	4	0.00	4
127	0	1	0.00	1
128	0	2	0.00	2
129	0	2	0.00	2
130	0	0		0
131	0	1	0.00	1
132	0	3	0.00	3
133	0	1	0.00	1
134	0	0		0
135	0	1	0.00	1
136	0	0		0
137	0	1	0.00	1
138	0	1	0.00	1
139	0	0		0
140	0	0		0
141	0	0		0
142	0	0		0
143	0	1	0.00	1
144	0	0		0
145	0	0		0
146	0	1	0.00	1
147	0	1	0.00	1
148	0	0		0
149	0	0		0

CpG context (R2)
================
position	count methylated	count unmethylated	% methylation	coverage
1	0	23	0.00	23
2	0	11	0.00	11
3	3	59	4.84	62
4	7	67	9.46	74
5	6	94	6.00	100
6	5	88	5.38	93
7	6	125	4.58	131
8	3	86	3.37	89
9	5	75	6.25	80
10	3	94	3.09	97
11	7	71	8.97	78
12	2	61	3.17	63
13	8	74	9.76	82
14	0	39	0.00	39
15	2	59	3.28	61
16	0	55	0.00	55
17	0	30	0.00	30
18	2	37	5.13	39
19	1	33	2.94	34
20	2	29	6.45	31
21	0	37	0.00	37
22	0	42	0.00	42
23	3	30	9.09	33
24	1	64	1.54	65
25	1	25	3.85	26
26	0	29	0.00	29
27	4	29	12.12	33
28	0	22	0.00	22
29	0	37	0.00	37
30	0	26	0.00	26
31	3	27	10.00	30
32	1	22	4.35	23
33	2	18	10.00	20
34	2	12	14.29	14
35	1	18	5.26	19
36	0	16	0.00	16
37	1	17	5.56	18
38	1	22	4.35	23
39	0	11	0.00	11
40	1	10	9.09	11
41	0	9	0.00	9
42	1	9	10.00	10
43	1	10	9.09	11
44	1	11	8.33	12
45	0	4	0.00	4
46	4	20	16.67	24
47	0	9	0.00	9
48	1	5	16.67	6
49	0	3	0.00	3
50	0	6	0.00	6
51	0	3	0.00	3
52	1	9	10.00	10
53	0	4	0.00	4
54	1	11	8.33	12
55	1	2	33.33	3
56	0	3	0.00	3
57	0	0		0
58	1	4	20.00	5
59	0	6	0.00	6
60	0	2	0.00	2
61	0	1	0.00	1
62	0	1	0.00	1
63	0	2	0.00	2
64	0	1	0.00	1
65	0	0		0
66	0	2	0.00	2
67	0	0		0
68	0	2	0.00	2
69	0	0		0
70	0	0		0
71	0	1	0.00	1
72	0	0		0
73	0	0		0
74	0	0		0
75	0	0		0
76	0	0		0
77	0	0		0
78	0	0		0
79	0	0		0
80	0	0		0
81	0	0		0
82	0	1	0.00	1
83	0	0		0
84	0	0		0
85	0	0		0
86	0	0		0
87	0	0		0
88	0	0		0
89	0	0		0
90	0	0		0
91	0	1	0.00	1
92	0	0		0
93	0	0		0
94	0	0		0
95	0	0		0
96	0	0		0
97	0	1	0.00	1

CHG context (R2)
================
position	count methylated	count unmethylated	% methylation	coverage
1	17	2114	0.80	2131
2	1	20	4.76	21
3	0	8	0.00	8
4	0	51	0.00	51
5	0	59	0.00	59
6	0	63	0.00	63
7	0	72	0.00	72
8	0	84	0.00	84
9	0	79	0.00	79
10	1	73	1.35	74
11	2	66	2.94	68
12	0	38	0.00	38
13	0	41	0.00	41
14	0	54	0.00	54
15	0	36	0.00	36
16	0	55	0.00	55
17	0	51	0.00	51
18	0	47	0.00	47
19	0	36	0.00	36
20	0	52	0.00	52
21	0	32	0.00	32
22	0	49	0.00	49
23	0	23	0.00	23
24	0	12	0.00	12
25	0	36	0.00	36
26	0	22	0.00	22
27	0	13	0.00	13
28	0	13	0.00	13
29	0	18	0.00	18
30	0	22	0.00	22
31	0	32	0.00	32
32	0	11	0.00	11
33	0	27	0.00	27
34	0	23	0.00	23
35	0	13	0.00	13
36	0	21	0.00	21
37	0	10	0.00	10
38	0	10	0.00	10
39	0	9	0.00	9
40	0	16	0.00	16
41	0	14	0.00	14
42	0	3	0.00	3
43	0	12	0.00	12
44	0	2	0.00	2
45	0	6	0.00	6
46	0	2	0.00	2
47	0	13	0.00	13
48	0	11	0.00	11
49	0	11	0.00	11
50	0	7	0.00	7
51	0	2	0.00	2
52	0	6	0.00	6
53	0	5	0.00	5
54	0	1	0.00	1
55	0	11	0.00	11
56	0	5	0.00	5
57	0	1	0.00	1
58	0	1	0.00	1
59	0	0		0
60	1	5	16.67	6
61	0	1	0.00	1
62	0	1	0.00	1
63	0	3	0.00	3
64	0	2	0.00	2
65	0	2	0.00	2
66	0	0		0
67	0	2	0.00	2
68	0	0		0
69	0	1	0.00	1
70	0	1	0.00	1
71	0	0		0
72	0	0		0
73	0	1	0.00	1
74	0	0		0
75	0	0		0
76	0	0		0
77	0	0		0
78	0	0		0
79	0	0		0
80	0	1	0.00	1
81	0	0		0
82	0	0		0
83	0	0		0
84	0	0		0
85	0	0		0
86	0	1	0.00	1
87	0	0		0
88	0	0		0
89	0	0		0
90	0	0		0
91	0	0		0
92	0	0		0
93	0	0		0
94	0	0		0
95	0	1	0.00	1
96	0	0		0
97	0	0		0

CHH context (R2)
================
position	count methylated	count unmethylated	% methylation	coverage
1	0	7	0.00	7
2	2	929	0.21	931
3	1	270	0.37	271
4	1	194	0.51	195
5	0	123	0.00	123
6	0	92	0.00	92
7	0	87	0.00	87
8	1	116	0.85	117
9	0	101	0.00	101
10	0	119	0.00	119
11	0	83	0.00	83
12	0	83	0.00	83
13	1	68	1.45	69
14	0	64	0.00	64
15	0	72	0.00	72
16	0	64	0.00	64
17	0	80	0.00	80
18	0	81	0.00	81
19	0	82	0.00	82
20	0	47	0.00	47
21	0	49	0.00	49
22	0	49	0.00	49
23	0	41	0.00	41
24	0	41	0.00	41
25	0	41	0.00	41
26	0	38	0.00	38
27	0	27	0.00	27
28	0	21	0.00	21
29	0	20	0.00	20
30	0	21	0.00	21
31	0	20	0.00	20
32	0	23	0.00	23
33	0	22	0.00	22
34	0	28	0.00	28
35	0	32	0.00	32
36	0	20	0.00	20
37	0	17	0.00	17
38	0	17	0.00	17
39	0	6	0.00	6
40	0	17	0.00	17
41	0	11	0.00	11
42	0	15	0.00	15
43	0	16	0.00	16
44	0	18	0.00	18
45	0	9	0.00	9
46	1	13	7.14	14
47	0	7	0.00	7
48	0	7	0.00	7
49	0	11	0.00	11
50	0	9	0.00	9
51	0	20	0.00	20
52	0	12	0.00	12
53	0	8	0.00	8
54	0	7	0.00	7
55	0	11	0.00	11
56	0	8	0.00	8
57	0	5	0.00	5
58	0	4	0.00	4
59	0	1	0.00	1
60	0	1	0.00	1
61	0	3	0.00	3
62	0	4	0.00	4
63	0	0		0
64	0	1	0.00	1
65	0	1	0.00	1
66	0	2	0.00	2
67	0	0		0
68	0	3	0.00	3
69	0	2	0.00	2
70	0	0		0
71	0	0		0
72	0	0		0
73	0	0		0
74	0	2	0.00	2
75	0	1	0.00	1
76	0	1	0.00	1
77	0	1	0.00	1
78	0	0		0
79	0	0		0
80	0	0		0
81	0	0		0
82	0	0		0
83	0	0		0
84	0	0		0
85	0	0		0
86	0	0		0
87	0	1	0.00	1
88	0	0		0
89	0	0		0
90	0	0		0
91	0	0		0
92	0	0		0
93	0	0		0
94	0	0		0
95	0	0		0
96	0	0		0
97	0	0		0

