CpG context (R1)
================
position	count methylated	count unmethylated	% methylation	coverage
1	194	2175	8.19	2369
2	1	14	6.67	15
3	0	15	0.00	15
4	6	191	3.05	197
5	10	208	4.59	218
6	9	300	2.91	309
7	11	200	5.21	211
8	12	287	4.01	299
9	17	246	6.46	263
10	15	222	6.33	237
11	12	241	4.74	253
12	10	271	3.56	281
13	15	291	4.90	306
14	14	239	5.53	253
15	20	280	6.67	300
16	14	291	4.59	305
17	8	214	3.60	222
18	6	260	2.26	266
19	17	272	5.88	289
20	7	214	3.17	221
21	12	216	5.26	228
22	13	289	4.30	302
23	12	243	4.71	255
24	7	237	2.87	244
25	11	290	3.65	301
26	15	296	4.82	311
27	10	259	3.72	269
28	22	254	7.97	276
29	9	269	3.24	278
30	10	257	3.75	267
31	16	268	5.63	284
32	11	315	3.37	326
33	12	227	5.02	239
34	14	272	4.90	286
35	26	266	8.90	292
36	9	226	3.83	235
37	23	288	7.40	311
38	14	204	6.42	218
39	9	261	3.33	270
40	11	263	4.01	274
41	13	255	4.85	268
42	14	289	4.62	303
43	14	270	4.93	284
44	17	266	6.01	283
45	10	255	3.77	265
46	19	242	7.28	261
47	13	248	4.98	261
48	11	239	4.40	250
49	16	245	6.13	261
50	15	209	6.70	224
51	15	235	6.00	250
52	14	239	5.53	253
53	19	226	7.76	245
54	14	273	4.88	287
55	15	286	4.98	301
56	15	225	6.25	240
57	13	248	4.98	261
58	7	241	2.82	248
59	15	273	5.21	288
60	14	247	5.36	261
61	12	218	5.22	230
62	14	228	5.79	242
63	14	197	6.64	211
64	12	247	4.63	259
65	12	261	4.40	273
66	15	242	5.84	257
67	8	199	3.86	207
68	14	204	6.42	218
69	7	178	3.78	185
70	9	214	4.04	223
71	14	253	5.24	267
72	6	233	2.51	239
73	10	213	4.48	223
74	4	185	2.12	189
75	9	174	4.92	183
76	13	182	6.67	195
77	10	213	4.48	223
78	9	184	4.66	193
79	11	216	4.85	227
80	6	193	3.02	199
81	6	151	3.82	157
82	8	175	4.37	183
83	6	137	4.20	143
84	2	141	1.40	143
85	5	191	2.55	196
86	5	150	3.23	155
87	10	167	5.65	177
88	3	144	2.04	147
89	12	130	8.45	142
90	2	110	1.79	112
91	13	136	8.72	149
92	2	138	1.43	140
93	7	126	5.26	133
94	5	131	3.68	136
95	8	110	6.78	118
96	4	102	3.77	106
97	6	127	4.51	133
98	6	82	6.82	88
99	1	46	2.13	47
100	1	8	11.11	9
101	0	2	0.00	2
102	1	6	14.29	7
103	1	9	10.00	10
104	0	5	0.00	5
105	0	3	0.00	3
106	0	5	0.00	5
107	1	4	20.00	5
108	2	4	33.33	6
109	0	5	0.00	5
110	0	2	0.00	2
111	2	5	28.57	7
112	0	6	0.00	6
113	0	3	0.00	3
114	0	3	0.00	3
115	0	5	0.00	5
116	2	2	50.00	4
117	0	4	0.00	4
118	0	3	0.00	3
119	0	3	0.00	3
120	1	3	25.00	4
121	0	2	0.00	2
122	0	7	0.00	7
123	1	1	50.00	2
124	0	1	0.00	1
125	0	4	0.00	4
126	1	2	33.33	3
127	0	1	0.00	1
128	0	1	0.00	1
129	1	2	33.33	3
130	0	1	0.00	1
131	0	3	0.00	3
132	0	1	0.00	1
133	0	3	0.00	3
134	0	0		0
135	0	4	0.00	4
136	0	1	0.00	1
137	0	2	0.00	2
138	0	5	0.00	5
139	0	0		0
140	0	2	0.00	2
141	0	3	0.00	3
142	0	0		0
143	0	0		0
144	0	0		0
145	0	1	0.00	1
146	0	0		0
147	1	0	100.00	1
148	0	0		0
149	0	3	0.00	3

CHG context (R1)
================
position	count methylated	count unmethylated	% methylation	coverage
1	1	14	6.67	15
2	0	20	0.00	20
3	0	16	0.00	16
4	1	155	0.64	156
5	1	206	0.48	207
6	0	209	0.00	209
7	0	225	0.00	225
8	3	235	1.26	238
9	0	204	0.00	204
10	0	217	0.00	217
11	1	230	0.43	231
12	1	232	0.43	233
13	0	194	0.00	194
14	0	207	0.00	207
15	1	252	0.40	253
16	0	207	0.00	207
17	1	222	0.45	223
18	0	257	0.00	257
19	0	183	0.00	183
20	0	150	0.00	150
21	1	250	0.40	251
22	2	234	0.85	236
23	0	175	0.00	175
24	0	185	0.00	185
25	1	253	0.39	254
26	1	187	0.53	188
27	2	225	0.88	227
28	0	254	0.00	254
29	2	172	1.15	174
30	0	175	0.00	175
31	2	219	0.90	221
32	0	175	0.00	175
33	0	237	0.00	237
34	1	217	0.46	218
35	1	212	0.47	213
36	0	219	0.00	219
37	0	217	0.00	217
38	2	178	1.11	180
39	0	247	0.00	247
40	0	235	0.00	235
41	2	246	0.81	248
42	0	201	0.00	201
43	1	191	0.52	192
44	0	237	0.00	237
45	1	209	0.48	210
46	1	252	0.40	253
47	0	169	0.00	169
48	1	218	0.46	219
49	2	209	0.95	211
50	0	198	0.00	198
51	3	222	1.33	225
52	1	223	0.45	224
53	0	181	0.00	181
54	1	216	0.46	217
55	1	162	0.61	163
56	2	230	0.86	232
57	0	188	0.00	188
58	0	208	0.00	208
59	1	176	0.56	177
60	0	151	0.00	151
61	0	191	0.00	191
62	1	163	0.61	164
63	0	182	0.00	182
64	0	197	0.00	197
65	0	213	0.00	213
66	0	168	0.00	168
67	0	186	0.00	186
68	0	199	0.00	199
69	0	185	0.00	185
70	2	187	1.06	189
71	0	162	0.00	162
72	0	158	0.00	158
73	0	152	0.00	152
74	0	164	0.00	164
75	0	172	0.00	172
76	1	174	0.57	175
77	1	174	0.57	175
78	0	154	0.00	154
79	0	155	0.00	155
80	2	150	1.32	152
81	2	167	1.18	169
82	0	115	0.00	115
83	0	130	0.00	130
84	0	132	0.00	132
85	0	123	0.00	123
86	0	144	0.00	144
87	0	116	0.00	116
88	1	118	0.84	119
89	0	102	0.00	102
90	0	99	0.00	99
91	0	135	0.00	135
92	0	91	0.00	91
93	0	97	0.00	97
94	1	104	0.95	105
95	0	83	0.00	83
96	0	115	0.00	115
97	0	97	0.00	97
98	0	81	0.00	81
99	0	42	0.00	42
100	0	6	0.00	6
101	0	8	0.00	8
102	0	7	0.00	7
103	0	2	0.00	2
104	0	8	0.00	8
105	0	10	0.00	10
106	0	5	0.00	5
107	0	5	0.00	5
108	0	9	0.00	9
109	0	3	0.00	3
110	0	4	0.00	4
111	0	1	0.00	1
112	0	9	0.00	9
113	0	4	0.00	4
114	0	0		0
115	0	2	0.00	2
116	0	0		0
117	0	5	0.00	5
118	0	4	0.00	4
119	0	0		0
120	0	2	0.00	2
121	0	2	0.00	2
122	0	4	0.00	4
123	0	2	0.00	2
124	0	2	0.00	2
125	0	2	0.00	2
126	0	1	0.00	1
127	0	3	0.00	3
128	0	2	0.00	2
129	0	1	0.00	1
130	0	2	0.00	2
131	0	0		0
132	0	3	0.00	3
133	0	0		0
134	0	0		0
135	0	2	0.00	2
136	0	2	0.00	2
137	0	0		0
138	0	0		0
139	0	2	0.00	2
140	0	0		0
141	0	0		0
142	0	0		0
143	0	0		0
144	0	0		0
145	0	0		0
146	0	0		0
147	0	1	0.00	1
148	0	3	0.00	3
149	0	0		0

CHH context (R1)
================
position	count methylated	count unmethylated	% methylation	coverage
1	1	29	3.33	30
2	0	30	0.00	30
3	0	23	0.00	23
4	5	316	1.56	321
5	2	359	0.55	361
6	2	426	0.47	428
7	0	391	0.00	391
8	1	355	0.28	356
9	0	323	0.00	323
10	3	353	0.84	356
11	2	310	0.64	312
12	0	292	0.00	292
13	1	371	0.27	372
14	1	377	0.26	378
15	1	350	0.28	351
16	1	301	0.33	302
17	2	328	0.61	330
18	1	309	0.32	310
19	2	332	0.60	334
20	1	333	0.30	334
21	2	338	0.59	340
22	1	327	0.30	328
23	2	357	0.56	359
24	2	356	0.56	358
25	0	396	0.00	396
26	2	350	0.57	352
27	0	423	0.00	423
28	2	377	0.53	379
29	2	329	0.60	331
30	0	379	0.00	379
31	1	349	0.29	350
32	4	368	1.08	372
33	4	361	1.10	365
34	2	328	0.61	330
35	0	321	0.00	321
36	2	364	0.55	366
37	1	352	0.28	353
38	0	354	0.00	354
39	3	363	0.82	366
40	1	309	0.32	310
41	2	313	0.63	315
42	2	297	0.67	299
43	0	336	0.00	336
44	3	346	0.86	349
45	0	311	0.00	311
46	3	337	0.88	340
47	2	337	0.59	339
48	1	338	0.29	339
49	4	414	0.96	418
50	2	411	0.48	413
51	1	418	0.24	419
52	0	366	0.00	366
53	1	322	0.31	323
54	1	298	0.33	299
55	1	321	0.31	322
56	2	278	0.71	280
57	0	275	0.00	275
58	0	274	0.00	274
59	0	305	0.00	305
60	2	326	0.61	328
61	0	358	0.00	358
62	1	332	0.30	333
63	0	335	0.00	335
64	2	342	0.58	344
65	2	327	0.61	329
66	0	305	0.00	305
67	1	329	0.30	330
68	0	327	0.00	327
69	1	317	0.31	318
70	0	289	0.00	289
71	1	270	0.37	271
72	1	272	0.37	273
73	1	312	0.32	313
74	0	258	0.00	258
75	1	311	0.32	312
76	1	295	0.34	296
77	0	260	0.00	260
78	0	255	0.00	255
79	2	265	0.75	267
80	0	299	0.00	299
81	6	247	2.37	253
82	1	262	0.38	263
83	1	213	0.47	214
84	0	229	0.00	229
85	1	259	0.38	260
86	0	228	0.00	228
87	1	218	0.46	219
88	1	255	0.39	256
89	0	216	0.00	216
90	1	178	0.56	179
91	2	178	1.11	180
92	1	199	0.50	200
93	2	174	1.14	176
94	0	150	0.00	150
95	1	193	0.52	194
96	0	157	0.00	157
97	1	152	0.65	153
98	0	156	0.00	156
99	1	65	1.52	66
100	0	8	0.00	8
101	0	11	0.00	11
102	0	6	0.00	6
103	0	9	0.00	9
104	0	11	0.00	11
105	0	11	0.00	11
106	0	2	0.00	2
107	0	5	0.00	5
108	0	1	0.00	1
109	0	4	0.00	4
110	0	2	0.00	2
111	0	3	0.00	3
112	0	4	0.00	4
113	0	3	0.00	3
114	0	4	0.00	4
115	0	3	0.00	3
116	0	5	0.00	5
117	0	2	0.00	2
118	0	4	0.00	4
119	0	2	0.00	2
120	0	4	0.00	4
121	0	4	0.00	4
122	0	2	0.00	2
123	0	3	0.00	3
124	0	1	0.00	1
125	0	2	0.00	2
126	0	2	0.00	2
127	0	0		0
128	0	2	0.00	2
129	0	4	0.00	4
130	0	0		0
131	0	1	0.00	1
132	0	1	0.00	1
133	0	3	0.00	3
134	0	3	0.00	3
135	0	0		0
136	0	0		0
137	0	1	0.00	1
138	0	1	0.00	1
139	0	0		0
140	0	0		0
141	0	1	0.00	1
142	0	0		0
143	0	0		0
144	0	1	0.00	1
145	0	1	0.00	1
146	0	0		0
147	0	0		0
148	0	0		0
149	0	0		0

CpG context (R2)
================
position	count methylated	count unmethylated	% methylation	coverage
1	0	27	0.00	27
2	0	18	0.00	18
3	4	70	5.41	74
4	5	79	5.95	84
5	3	98	2.97	101
6	4	85	4.49	89
7	1	110	0.90	111
8	4	85	4.49	89
9	1	80	1.23	81
10	7	86	7.53	93
11	2	64	3.03	66
12	1	76	1.30	77
13	4	62	6.06	66
14	2	38	5.00	40
15	4	48	7.69	52
16	2	54	3.57	56
17	0	32	0.00	32
18	1	57	1.72	58
19	2	26	7.14	28
20	0	37	0.00	37
21	1	40	2.44	41
22	1	35	2.78	36
23	5	32	13.51	37
24	3	65	4.41	68
25	0	25	0.00	25
26	3	33	8.33	36
27	3	35	7.89	38
28	0	22	0.00	22
29	0	40	0.00	40
30	3	18	14.29	21
31	2	24	7.69	26
32	1	30	3.23	31
33	5	12	29.41	17
34	5	23	17.86	28
35	3	9	25.00	12
36	0	16	0.00	16
37	2	18	10.00	20
38	3	21	12.50	24
39	0	14	0.00	14
40	0	9	0.00	9
41	3	11	21.43	14
42	1	7	12.50	8
43	2	12	14.29	14
44	3	17	15.00	20
45	1	2	33.33	3
46	5	9	35.71	14
47	0	3	0.00	3
48	0	8	0.00	8
49	0	7	0.00	7
50	0	4	0.00	4
51	2	2	50.00	4
52	2	4	33.33	6
53	2	3	40.00	5
54	0	5	0.00	5
55	0	1	0.00	1
56	0	4	0.00	4
57	0	3	0.00	3
58	0	4	0.00	4
59	0	1	0.00	1
60	0	0		0
61	0	1	0.00	1
62	0	2	0.00	2
63	0	3	0.00	3
64	0	1	0.00	1
65	2	0	100.00	2
66	0	3	0.00	3
67	0	2	0.00	2
68	0	0		0
69	0	1	0.00	1
70	0	1	0.00	1
71	0	1	0.00	1
72	0	2	0.00	2
73	0	1	0.00	1
74	0	1	0.00	1
75	0	2	0.00	2
76	0	2	0.00	2
77	0	1	0.00	1
78	0	1	0.00	1
79	0	0		0
80	0	1	0.00	1
81	0	0		0
82	0	1	0.00	1
83	0	0		0
84	0	0		0
85	0	0		0
86	0	0		0
87	0	1	0.00	1
88	0	0		0
89	0	0		0
90	0	0		0
91	0	1	0.00	1
92	0	0		0
93	0	1	0.00	1

CHG context (R2)
================
position	count methylated	count unmethylated	% methylation	coverage
1	13	2104	0.61	2117
2	1	25	3.85	26
3	0	4	0.00	4
4	0	38	0.00	38
5	0	48	0.00	48
6	1	69	1.43	70
7	0	72	0.00	72
8	0	91	0.00	91
9	0	58	0.00	58
10	0	58	0.00	58
11	2	63	3.08	65
12	0	48	0.00	48
13	0	52	0.00	52
14	0	42	0.00	42
15	0	34	0.00	34
16	0	56	0.00	56
17	0	54	0.00	54
18	0	37	0.00	37
19	0	54	0.00	54
20	0	48	0.00	48
21	0	27	0.00	27
22	0	46	0.00	46
23	0	10	0.00	10
24	0	19	0.00	19
25	0	47	0.00	47
26	0	21	0.00	21
27	0	9	0.00	9
28	0	25	0.00	25
29	0	16	0.00	16
30	0	21	0.00	21
31	0	23	0.00	23
32	0	20	0.00	20
33	0	19	0.00	19
34	0	15	0.00	15
35	0	33	0.00	33
36	0	19	0.00	19
37	0	10	0.00	10
38	0	11	0.00	11
39	0	9	0.00	9
40	0	11	0.00	11
41	0	16	0.00	16
42	0	5	0.00	5
43	0	10	0.00	10
44	0	4	0.00	4
45	0	18	0.00	18
46	0	2	0.00	2
47	0	6	0.00	6
48	0	12	0.00	12
49	0	6	0.00	6
50	0	7	0.00	7
51	0	3	0.00	3
52	0	4	0.00	4
53	0	3	0.00	3
54	0	3	0.00	3
55	0	6	0.00	6
56	0	4	0.00	4
57	0	0		0
58	0	2	0.00	2
59	0	1	0.00	1
60	0	3	0.00	3
61	0	1	0.00	1
62	0	0		0
63	0	2	0.00	2
64	0	2	0.00	2
65	0	0		0
66	0	0		0
67	0	2	0.00	2
68	0	2	0.00	2
69	0	0		0
70	0	1	0.00	1
71	0	1	0.00	1
72	0	0		0
73	0	2	0.00	2
74	0	0		0
75	0	0		0
76	0	0		0
77	0	1	0.00	1
78	0	0		0
79	0	0		0
80	0	0		0
81	0	0		0
82	0	0		0
83	0	0		0
84	0	0		0
85	0	1	0.00	1
86	0	0		0
87	0	0		0
88	0	0		0
89	0	0		0
90	0	0		0
91	0	0		0
92	0	0		0
93	0	0		0

CHH context (R2)
================
position	count methylated	count unmethylated	% methylation	coverage
1	0	14	0.00	14
2	1	940	0.11	941
3	4	253	1.56	257
4	0	176	0.00	176
5	0	127	0.00	127
6	0	105	0.00	105
7	0	92	0.00	92
8	1	104	0.95	105
9	0	108	0.00	108
10	0	127	0.00	127
11	0	74	0.00	74
12	0	82	0.00	82
13	0	59	0.00	59
14	1	90	1.10	91
15	0	73	0.00	73
16	0	57	0.00	57
17	0	58	0.00	58
18	0	76	0.00	76
19	2	77	2.53	79
20	0	59	0.00	59
21	0	49	0.00	49
22	0	45	0.00	45
23	0	45	0.00	45
24	0	42	0.00	42
25	0	41	0.00	41
26	0	32	0.00	32
27	0	30	0.00	30
28	0	23	0.00	23
29	2	33	5.71	35
30	0	30	0.00	30
31	0	25	0.00	25
32	0	35	0.00	35
33	1	19	5.00	20
34	0	16	0.00	16
35	0	18	0.00	18
36	0	26	0.00	26
37	0	18	0.00	18
38	0	22	0.00	22
39	0	4	0.00	4
40	0	10	0.00	10
41	0	9	0.00	9
42	0	22	0.00	22
43	0	20	0.00	20
44	0	25	0.00	25
45	0	12	0.00	12
46	0	18	0.00	18
47	1	18	5.26	19
48	0	4	0.00	4
49	0	13	0.00	13
50	0	5	0.00	5
51	0	12	0.00	12
52	0	15	0.00	15
53	0	11	0.00	11
54	0	10	0.00	10
55	0	12	0.00	12
56	0	9	0.00	9
57	0	5	0.00	5
58	0	2	0.00	2
59	1	0	100.00	1
60	0	1	0.00	1
61	0	3	0.00	3
62	0	4	0.00	4
63	0	1	0.00	1
64	0	0		0
65	0	0		0
66	0	0		0
67	0	1	0.00	1
68	0	4	0.00	4
69	0	1	0.00	1
70	0	0		0
71	0	1	0.00	1
72	0	0		0
73	0	0		0
74	0	1	0.00	1
75	0	1	0.00	1
76	0	0		0
77	0	1	0.00	1
78	0	1	0.00	1
79	0	0		0
80	0	0		0
81	0	0		0
82	0	0		0
83	0	0		0
84	0	0		0
85	0	0		0
86	0	0		0
87	0	0		0
88	0	0		0
89	0	0		0
90	0	0		0
91	0	0		0
92	0	0		0
93	0	0		0

