CpG context (R1)
================
position	count methylated	count unmethylated	% methylation	coverage
1	197	2190	8.25	2387
2	1	18	5.26	19
3	1	15	6.25	16
4	8	174	4.40	182
5	7	213	3.18	220
6	10	291	3.32	301
7	10	242	3.97	252
8	14	283	4.71	297
9	8	256	3.03	264
10	14	208	6.31	222
11	9	281	3.10	290
12	10	249	3.86	259
13	15	291	4.90	306
14	15	244	5.79	259
15	3	227	1.30	230
16	21	274	7.12	295
17	6	228	2.56	234
18	8	247	3.14	255
19	17	294	5.47	311
20	6	210	2.78	216
21	17	222	7.11	239
22	10	288	3.36	298
23	12	234	4.88	246
24	17	260	6.14	277
25	8	276	2.82	284
26	12	285	4.04	297
27	8	250	3.10	258
28	20	277	6.73	297
29	10	279	3.46	289
30	12	248	4.62	260
31	9	306	2.86	315
32	15	285	5.00	300
33	12	205	5.53	217
34	17	246	6.46	263
35	15	285	5.00	300
36	11	234	4.49	245
37	13	283	4.39	296
38	9	250	3.47	259
39	14	240	5.51	254
40	9	253	3.44	262
41	9	243	3.57	252
42	18	268	6.29	286
43	14	233	5.67	247
44	17	244	6.51	261
45	17	248	6.42	265
46	19	227	7.72	246
47	14	277	4.81	291
48	10	253	3.80	263
49	14	220	5.98	234
50	13	247	5.00	260
51	15	208	6.73	223
52	10	238	4.03	248
53	13	233	5.28	246
54	15	248	5.70	263
55	13	272	4.56	285
56	12	237	4.82	249
57	8	239	3.24	247
58	16	228	6.56	244
59	14	257	5.17	271
60	10	238	4.03	248
61	14	239	5.53	253
62	12	226	5.04	238
63	14	181	7.18	195
64	13	246	5.02	259
65	12	271	4.24	283
66	18	243	6.90	261
67	9	210	4.11	219
68	12	191	5.91	203
69	10	210	4.55	220
70	7	216	3.14	223
71	16	249	6.04	265
72	8	238	3.25	246
73	10	192	4.95	202
74	12	234	4.88	246
75	8	167	4.57	175
76	10	195	4.88	205
77	10	194	4.90	204
78	10	171	5.52	181
79	7	233	2.92	240
80	10	188	5.05	198
81	9	183	4.69	192
82	4	163	2.40	167
83	10	135	6.90	145
84	4	166	2.35	170
85	6	186	3.12	192
86	9	153	5.56	162
87	2	180	1.10	182
88	6	116	4.92	122
89	5	136	3.55	141
90	4	115	3.36	119
91	9	130	6.47	139
92	10	132	7.04	142
93	14	137	9.27	151
94	3	118	2.48	121
95	11	104	9.57	115
96	5	108	4.42	113
97	5	125	3.85	130
98	7	102	6.42	109
99	3	50	5.66	53
100	0	7	0.00	7
101	0	2	0.00	2
102	0	6	0.00	6
103	0	7	0.00	7
104	1	5	16.67	6
105	0	5	0.00	5
106	0	3	0.00	3
107	2	3	40.00	5
108	1	5	16.67	6
109	3	5	37.50	8
110	0	1	0.00	1
111	0	1	0.00	1
112	0	5	0.00	5
113	1	2	33.33	3
114	0	7	0.00	7
115	1	1	50.00	2
116	1	2	33.33	3
117	0	2	0.00	2
118	1	0	100.00	1
119	0	3	0.00	3
120	0	3	0.00	3
121	1	0	100.00	1
122	0	3	0.00	3
123	1	2	33.33	3
124	0	1	0.00	1
125	0	1	0.00	1
126	1	2	33.33	3
127	0	0		0
128	1	0	100.00	1
129	0	2	0.00	2
130	0	4	0.00	4
131	1	0	100.00	1
132	1	1	50.00	2
133	0	1	0.00	1
134	1	0	100.00	1
135	0	0		0
136	0	1	0.00	1
137	0	2	0.00	2
138	0	3	0.00	3
139	0	0		0
140	0	0		0
141	0	0		0
142	0	1	0.00	1
143	0	1	0.00	1
144	0	1	0.00	1
145	0	0		0
146	0	1	0.00	1
147	0	0		0
148	0	0		0
149	0	2	0.00	2

CHG context (R1)
================
position	count methylated	count unmethylated	% methylation	coverage
1	0	22	0.00	22
2	0	25	0.00	25
3	0	5	0.00	5
4	0	148	0.00	148
5	3	220	1.35	223
6	0	239	0.00	239
7	1	240	0.41	241
8	2	211	0.94	213
9	0	224	0.00	224
10	2	234	0.85	236
11	1	250	0.40	251
12	0	193	0.00	193
13	0	215	0.00	215
14	0	189	0.00	189
15	1	260	0.38	261
16	0	185	0.00	185
17	0	238	0.00	238
18	4	249	1.58	253
19	1	209	0.48	210
20	0	181	0.00	181
21	0	229	0.00	229
22	2	238	0.83	240
23	3	237	1.25	240
24	1	182	0.55	183
25	0	237	0.00	237
26	0	219	0.00	219
27	0	223	0.00	223
28	1	241	0.41	242
29	2	167	1.18	169
30	0	186	0.00	186
31	1	238	0.42	239
32	2	170	1.16	172
33	1	248	0.40	249
34	2	233	0.85	235
35	1	237	0.42	238
36	0	206	0.00	206
37	0	216	0.00	216
38	1	184	0.54	185
39	0	231	0.00	231
40	2	204	0.97	206
41	2	230	0.86	232
42	2	200	0.99	202
43	1	224	0.44	225
44	0	256	0.00	256
45	1	210	0.47	211
46	1	230	0.43	231
47	0	190	0.00	190
48	0	213	0.00	213
49	1	222	0.45	223
50	1	200	0.50	201
51	0	213	0.00	213
52	0	203	0.00	203
53	1	211	0.47	212
54	0	207	0.00	207
55	1	167	0.60	168
56	0	196	0.00	196
57	0	195	0.00	195
58	0	218	0.00	218
59	0	189	0.00	189
60	2	152	1.30	154
61	0	182	0.00	182
62	2	175	1.13	177
63	1	210	0.47	211
64	0	209	0.00	209
65	0	204	0.00	204
66	0	187	0.00	187
67	0	179	0.00	179
68	0	191	0.00	191
69	1	201	0.50	202
70	1	177	0.56	178
71	2	171	1.16	173
72	0	164	0.00	164
73	0	176	0.00	176
74	0	145	0.00	145
75	0	148	0.00	148
76	0	193	0.00	193
77	0	156	0.00	156
78	1	141	0.70	142
79	0	180	0.00	180
80	0	172	0.00	172
81	0	157	0.00	157
82	0	119	0.00	119
83	0	143	0.00	143
84	0	123	0.00	123
85	1	125	0.79	126
86	0	164	0.00	164
87	0	121	0.00	121
88	1	117	0.85	118
89	0	109	0.00	109
90	0	106	0.00	106
91	1	121	0.82	122
92	1	84	1.18	85
93	0	78	0.00	78
94	0	90	0.00	90
95	0	106	0.00	106
96	0	107	0.00	107
97	0	105	0.00	105
98	0	100	0.00	100
99	1	38	2.56	39
100	0	4	0.00	4
101	0	7	0.00	7
102	0	4	0.00	4
103	0	4	0.00	4
104	0	5	0.00	5
105	0	4	0.00	4
106	0	4	0.00	4
107	0	2	0.00	2
108	0	4	0.00	4
109	0	0		0
110	0	3	0.00	3
111	0	5	0.00	5
112	0	3	0.00	3
113	0	2	0.00	2
114	0	1	0.00	1
115	0	3	0.00	3
116	0	5	0.00	5
117	0	0		0
118	0	0		0
119	0	0		0
120	0	0		0
121	0	1	0.00	1
122	0	1	0.00	1
123	0	0		0
124	0	2	0.00	2
125	0	1	0.00	1
126	0	1	0.00	1
127	0	1	0.00	1
128	0	3	0.00	3
129	0	1	0.00	1
130	0	0		0
131	0	1	0.00	1
132	0	2	0.00	2
133	0	2	0.00	2
134	0	1	0.00	1
135	0	1	0.00	1
136	0	0		0
137	0	0		0
138	0	0		0
139	0	1	0.00	1
140	0	1	0.00	1
141	0	1	0.00	1
142	0	0		0
143	0	0		0
144	0	0		0
145	0	1	0.00	1
146	0	0		0
147	0	0		0
148	0	2	0.00	2
149	0	2	0.00	2

CHH context (R1)
================
position	count methylated	count unmethylated	% methylation	coverage
1	1	25	3.85	26
2	0	18	0.00	18
3	0	16	0.00	16
4	0	338	0.00	338
5	1	384	0.26	385
6	1	413	0.24	414
7	3	386	0.77	389
8	3	357	0.83	360
9	0	360	0.00	360
10	1	329	0.30	330
11	2	313	0.63	315
12	1	306	0.33	307
13	2	378	0.53	380
14	1	397	0.25	398
15	2	347	0.57	349
16	1	315	0.32	316
17	2	325	0.61	327
18	1	313	0.32	314
19	1	305	0.33	306
20	0	338	0.00	338
21	0	366	0.00	366
22	1	349	0.29	350
23	2	351	0.57	353
24	2	356	0.56	358
25	2	379	0.52	381
26	1	375	0.27	376
27	0	378	0.00	378
28	1	352	0.28	353
29	5	329	1.50	334
30	2	380	0.52	382
31	0	333	0.00	333
32	1	360	0.28	361
33	1	334	0.30	335
34	0	296	0.00	296
35	2	293	0.68	295
36	0	377	0.00	377
37	0	342	0.00	342
38	0	356	0.00	356
39	0	324	0.00	324
40	0	334	0.00	334
41	0	324	0.00	324
42	0	352	0.00	352
43	0	343	0.00	343
44	0	340	0.00	340
45	1	297	0.34	298
46	3	326	0.91	329
47	3	322	0.92	325
48	3	325	0.91	328
49	1	370	0.27	371
50	0	411	0.00	411
51	2	396	0.50	398
52	1	360	0.28	361
53	1	347	0.29	348
54	0	307	0.00	307
55	0	328	0.00	328
56	0	292	0.00	292
57	0	292	0.00	292
58	1	281	0.35	282
59	2	304	0.65	306
60	1	334	0.30	335
61	0	345	0.00	345
62	2	373	0.53	375
63	2	330	0.60	332
64	2	331	0.60	333
65	1	301	0.33	302
66	1	280	0.36	281
67	0	331	0.00	331
68	3	335	0.89	338
69	1	297	0.34	298
70	3	296	1.00	299
71	0	294	0.00	294
72	2	291	0.68	293
73	1	303	0.33	304
74	0	263	0.00	263
75	2	305	0.65	307
76	0	297	0.00	297
77	2	263	0.75	265
78	0	261	0.00	261
79	1	240	0.41	241
80	1	274	0.36	275
81	2	243	0.82	245
82	0	265	0.00	265
83	1	241	0.41	242
84	0	233	0.00	233
85	1	259	0.38	260
86	2	238	0.83	240
87	1	187	0.53	188
88	0	238	0.00	238
89	0	186	0.00	186
90	1	178	0.56	179
91	0	181	0.00	181
92	0	185	0.00	185
93	2	178	1.11	180
94	0	176	0.00	176
95	0	211	0.00	211
96	1	164	0.61	165
97	1	161	0.62	162
98	0	164	0.00	164
99	0	52	0.00	52
100	0	11	0.00	11
101	0	8	0.00	8
102	0	9	0.00	9
103	0	7	0.00	7
104	0	7	0.00	7
105	0	7	0.00	7
106	0	9	0.00	9
107	1	5	16.67	6
108	0	2	0.00	2
109	0	3	0.00	3
110	0	2	0.00	2
111	0	6	0.00	6
112	0	4	0.00	4
113	0	2	0.00	2
114	0	9	0.00	9
115	0	2	0.00	2
116	0	5	0.00	5
117	0	4	0.00	4
118	0	4	0.00	4
119	0	3	0.00	3
120	0	2	0.00	2
121	0	3	0.00	3
122	0	3	0.00	3
123	0	4	0.00	4
124	0	1	0.00	1
125	0	0		0
126	0	0		0
127	0	1	0.00	1
128	0	4	0.00	4
129	0	1	0.00	1
130	0	2	0.00	2
131	0	1	0.00	1
132	0	1	0.00	1
133	0	3	0.00	3
134	0	3	0.00	3
135	0	2	0.00	2
136	0	1	0.00	1
137	0	0		0
138	0	0		0
139	0	1	0.00	1
140	0	0		0
141	0	0		0
142	0	0		0
143	0	0		0
144	0	0		0
145	0	0		0
146	0	0		0
147	0	1	0.00	1
148	0	1	0.00	1
149	0	0		0

CpG context (R2)
================
position	count methylated	count unmethylated	% methylation	coverage
1	0	22	0.00	22
2	0	24	0.00	24
3	6	78	7.14	84
4	3	70	4.11	73
5	4	79	4.82	83
6	6	84	6.67	90
7	2	122	1.61	124
8	2	63	3.08	65
9	6	83	6.74	89
10	3	84	3.45	87
11	2	77	2.53	79
12	5	67	6.94	72
13	2	88	2.22	90
14	1	36	2.70	37
15	2	65	2.99	67
16	0	59	0.00	59
17	2	24	7.69	26
18	3	60	4.76	63
19	1	40	2.44	41
20	4	49	7.55	53
21	1	24	4.00	25
22	1	32	3.03	33
23	2	29	6.45	31
24	3	56	5.08	59
25	0	45	0.00	45
26	1	34	2.86	35
27	2	26	7.14	28
28	0	32	0.00	32
29	1	29	3.33	30
30	2	21	8.70	23
31	0	34	0.00	34
32	1	27	3.57	28
33	0	19	0.00	19
34	1	17	5.56	18
35	0	9	0.00	9
36	0	5	0.00	5
37	0	16	0.00	16
38	0	16	0.00	16
39	0	8	0.00	8
40	1	6	14.29	7
41	0	7	0.00	7
42	0	8	0.00	8
43	0	14	0.00	14
44	0	19	0.00	19
45	0	2	0.00	2
46	3	8	27.27	11
47	0	10	0.00	10
48	1	7	12.50	8
49	0	5	0.00	5
50	0	6	0.00	6
51	0	2	0.00	2
52	1	11	8.33	12
53	0	3	0.00	3
54	0	6	0.00	6
55	2	4	33.33	6
56	0	1	0.00	1
57	0	1	0.00	1
58	1	8	11.11	9
59	0	0		0
60	0	3	0.00	3
61	0	1	0.00	1
62	0	2	0.00	2
63	0	2	0.00	2
64	0	1	0.00	1
65	0	2	0.00	2
66	0	0		0
67	0	1	0.00	1
68	1	2	33.33	3
69	0	1	0.00	1
70	0	0		0
71	0	2	0.00	2
72	0	1	0.00	1
73	0	0		0
74	0	0		0
75	0	0		0
76	0	2	0.00	2
77	0	1	0.00	1
78	0	1	0.00	1
79	0	1	0.00	1
80	0	0		0
81	0	1	0.00	1
82	0	1	0.00	1
83	0	1	0.00	1
84	0	0		0
85	0	0		0
86	0	1	0.00	1
87	0	0		0
88	0	0		0
89	0	0		0
90	0	0		0
91	0	1	0.00	1
92	0	0		0
93	0	0		0
94	0	1	0.00	1
95	0	0		0
96	0	1	0.00	1
97	0	1	0.00	1

CHG context (R2)
================
position	count methylated	count unmethylated	% methylation	coverage
1	5	2121	0.24	2126
2	0	30	0.00	30
3	0	2	0.00	2
4	2	46	4.17	48
5	0	61	0.00	61
6	0	82	0.00	82
7	0	83	0.00	83
8	0	95	0.00	95
9	0	59	0.00	59
10	0	65	0.00	65
11	0	80	0.00	80
12	0	31	0.00	31
13	0	42	0.00	42
14	0	52	0.00	52
15	0	47	0.00	47
16	0	51	0.00	51
17	0	59	0.00	59
18	1	51	1.92	52
19	0	57	0.00	57
20	0	52	0.00	52
21	0	34	0.00	34
22	0	40	0.00	40
23	0	24	0.00	24
24	0	20	0.00	20
25	0	36	0.00	36
26	0	18	0.00	18
27	0	8	0.00	8
28	0	18	0.00	18
29	0	30	0.00	30
30	0	21	0.00	21
31	0	22	0.00	22
32	0	19	0.00	19
33	0	12	0.00	12
34	0	18	0.00	18
35	0	20	0.00	20
36	0	19	0.00	19
37	0	7	0.00	7
38	0	7	0.00	7
39	0	17	0.00	17
40	0	8	0.00	8
41	0	12	0.00	12
42	0	7	0.00	7
43	0	7	0.00	7
44	0	1	0.00	1
45	0	11	0.00	11
46	0	3	0.00	3
47	0	6	0.00	6
48	0	7	0.00	7
49	0	10	0.00	10
50	0	14	0.00	14
51	0	3	0.00	3
52	0	2	0.00	2
53	0	5	0.00	5
54	0	0		0
55	0	6	0.00	6
56	0	4	0.00	4
57	0	0		0
58	0	2	0.00	2
59	0	0		0
60	0	0		0
61	0	1	0.00	1
62	0	1	0.00	1
63	0	4	0.00	4
64	0	0		0
65	0	1	0.00	1
66	0	0		0
67	0	0		0
68	0	0		0
69	0	1	0.00	1
70	0	1	0.00	1
71	0	0		0
72	0	0		0
73	0	2	0.00	2
74	0	0		0
75	0	0		0
76	0	0		0
77	0	0		0
78	0	0		0
79	0	1	0.00	1
80	0	1	0.00	1
81	0	0		0
82	0	0		0
83	0	0		0
84	0	0		0
85	0	0		0
86	0	1	0.00	1
87	0	0		0
88	0	0		0
89	0	0		0
90	0	0		0
91	0	0		0
92	0	0		0
93	0	0		0
94	0	0		0
95	0	1	0.00	1
96	0	0		0
97	0	1	0.00	1

CHH context (R2)
================
position	count methylated	count unmethylated	% methylation	coverage
1	0	8	0.00	8
2	3	913	0.33	916
3	1	231	0.43	232
4	0	197	0.00	197
5	1	151	0.66	152
6	0	96	0.00	96
7	0	119	0.00	119
8	2	127	1.55	129
9	0	128	0.00	128
10	0	109	0.00	109
11	0	59	0.00	59
12	0	79	0.00	79
13	0	74	0.00	74
14	0	85	0.00	85
15	0	71	0.00	71
16	0	59	0.00	59
17	0	51	0.00	51
18	0	63	0.00	63
19	0	69	0.00	69
20	0	49	0.00	49
21	0	59	0.00	59
22	0	50	0.00	50
23	0	49	0.00	49
24	0	36	0.00	36
25	1	40	2.44	41
26	0	26	0.00	26
27	0	35	0.00	35
28	0	33	0.00	33
29	0	26	0.00	26
30	0	30	0.00	30
31	0	27	0.00	27
32	0	28	0.00	28
33	0	32	0.00	32
34	0	16	0.00	16
35	0	22	0.00	22
36	0	19	0.00	19
37	0	15	0.00	15
38	0	17	0.00	17
39	0	11	0.00	11
40	0	22	0.00	22
41	0	5	0.00	5
42	0	11	0.00	11
43	0	11	0.00	11
44	0	15	0.00	15
45	0	19	0.00	19
46	0	13	0.00	13
47	0	6	0.00	6
48	0	3	0.00	3
49	0	7	0.00	7
50	0	8	0.00	8
51	0	18	0.00	18
52	1	12	7.69	13
53	0	11	0.00	11
54	0	7	0.00	7
55	1	6	14.29	7
56	0	8	0.00	8
57	0	5	0.00	5
58	0	5	0.00	5
59	0	3	0.00	3
60	0	0		0
61	0	0		0
62	0	1	0.00	1
63	0	0		0
64	0	2	0.00	2
65	0	1	0.00	1
66	0	1	0.00	1
67	0	0		0
68	0	2	0.00	2
69	0	0		0
70	0	0		0
71	0	0		0
72	0	0		0
73	0	0		0
74	0	1	0.00	1
75	0	1	0.00	1
76	0	1	0.00	1
77	0	1	0.00	1
78	0	0		0
79	0	0		0
80	0	0		0
81	0	0		0
82	0	0		0
83	0	0		0
84	0	0		0
85	0	0		0
86	0	0		0
87	0	1	0.00	1
88	0	1	0.00	1
89	0	1	0.00	1
90	0	1	0.00	1
91	0	1	0.00	1
92	0	0		0
93	0	0		0
94	0	0		0
95	0	0		0
96	0	0		0
97	0	0		0

