CpG context (R1)
================
position	count methylated	count unmethylated	% methylation	coverage
1	209	2183	8.74	2392
2	1	19	5.00	20
3	2	14	12.50	16
4	10	177	5.35	187
5	8	203	3.79	211
6	8	301	2.59	309
7	11	237	4.44	248
8	16	277	5.46	293
9	6	276	2.13	282
10	14	247	5.36	261
11	8	245	3.16	253
12	14	245	5.41	259
13	11	309	3.44	320
14	9	232	3.73	241
15	12	261	4.40	273
16	18	295	5.75	313
17	9	217	3.98	226
18	9	239	3.63	248
19	15	316	4.53	331
20	6	208	2.80	214
21	16	226	6.61	242
22	16	286	5.30	302
23	10	247	3.89	257
24	11	230	4.56	241
25	18	293	5.79	311
26	12	283	4.07	295
27	19	241	7.31	260
28	18	255	6.59	273
29	12	273	4.21	285
30	15	256	5.54	271
31	8	272	2.86	280
32	16	249	6.04	265
33	6	235	2.49	241
34	10	261	3.69	271
35	14	293	4.56	307
36	14	233	5.67	247
37	16	263	5.73	279
38	12	246	4.65	258
39	12	240	4.76	252
40	6	274	2.14	280
41	12	237	4.82	249
42	12	267	4.30	279
43	8	268	2.90	276
44	18	251	6.69	269
45	9	263	3.31	272
46	13	244	5.06	257
47	15	286	4.98	301
48	13	252	4.91	265
49	11	235	4.47	246
50	14	268	4.96	282
51	10	224	4.27	234
52	6	237	2.47	243
53	11	244	4.31	255
54	7	247	2.76	254
55	11	272	3.89	283
56	10	244	3.94	254
57	8	244	3.17	252
58	10	230	4.17	240
59	10	266	3.62	276
60	13	234	5.26	247
61	11	237	4.44	248
62	11	247	4.26	258
63	4	195	2.01	199
64	10	251	3.83	261
65	9	243	3.57	252
66	16	251	5.99	267
67	12	228	5.00	240
68	13	206	5.94	219
69	4	194	2.02	198
70	12	220	5.17	232
71	13	245	5.04	258
72	16	234	6.40	250
73	7	236	2.88	243
74	6	185	3.14	191
75	10	173	5.46	183
76	6	216	2.70	222
77	7	226	3.00	233
78	6	191	3.05	197
79	7	219	3.10	226
80	10	187	5.08	197
81	5	184	2.65	189
82	6	198	2.94	204
83	6	143	4.03	149
84	9	162	5.26	171
85	7	197	3.43	204
86	5	181	2.69	186
87	5	188	2.59	193
88	3	116	2.52	119
89	6	144	4.00	150
90	5	109	4.39	114
91	6	141	4.08	147
92	11	139	7.33	150
93	6	121	4.72	127
94	6	131	4.38	137
95	8	130	5.80	138
96	2	104	1.89	106
97	6	129	4.44	135
98	10	100	9.09	110
99	1	43	2.27	44
100	0	7	0.00	7
101	1	6	14.29	7
102	0	5	0.00	5
103	0	10	0.00	10
104	1	6	14.29	7
105	0	6	0.00	6
106	0	5	0.00	5
107	0	5	0.00	5
108	0	6	0.00	6
109	1	7	12.50	8
110	1	6	14.29	7
111	1	5	16.67	6
112	1	5	16.67	6
113	0	4	0.00	4
114	1	6	14.29	7
115	0	6	0.00	6
116	0	4	0.00	4
117	1	2	33.33	3
118	0	5	0.00	5
119	0	1	0.00	1
120	0	5	0.00	5
121	1	6	14.29	7
122	2	3	40.00	5
123	1	4	20.00	5
124	0	2	0.00	2
125	1	1	50.00	2
126	0	1	0.00	1
127	0	2	0.00	2
128	0	0		0
129	0	3	0.00	3
130	0	2	0.00	2
131	0	3	0.00	3
132	2	3	40.00	5
133	0	2	0.00	2
134	2	1	66.67	3
135	0	2	0.00	2
136	0	2	0.00	2
137	0	3	0.00	3
138	0	3	0.00	3
139	0	1	0.00	1
140	1	0	100.00	1
141	0	3	0.00	3
142	0	0		0
143	0	4	0.00	4
144	2	1	66.67	3
145	0	1	0.00	1
146	0	0		0
147	0	1	0.00	1
148	0	1	0.00	1
149	0	2	0.00	2

CHG context (R1)
================
position	count methylated	count unmethylated	% methylation	coverage
1	0	20	0.00	20
2	0	17	0.00	17
3	0	8	0.00	8
4	0	137	0.00	137
5	0	187	0.00	187
6	2	243	0.82	245
7	1	231	0.43	232
8	1	214	0.47	215
9	0	243	0.00	243
10	1	206	0.48	207
11	0	241	0.00	241
12	0	225	0.00	225
13	0	184	0.00	184
14	1	212	0.47	213
15	3	252	1.18	255
16	1	227	0.44	228
17	0	246	0.00	246
18	0	252	0.00	252
19	0	180	0.00	180
20	0	178	0.00	178
21	0	221	0.00	221
22	2	258	0.77	260
23	0	212	0.00	212
24	0	189	0.00	189
25	1	257	0.39	258
26	1	212	0.47	213
27	2	212	0.93	214
28	0	254	0.00	254
29	2	182	1.09	184
30	1	178	0.56	179
31	0	209	0.00	209
32	0	192	0.00	192
33	0	259	0.00	259
34	2	267	0.74	269
35	1	239	0.42	240
36	0	248	0.00	248
37	0	204	0.00	204
38	1	210	0.47	211
39	1	232	0.43	233
40	1	198	0.50	199
41	0	288	0.00	288
42	1	233	0.43	234
43	0	211	0.00	211
44	0	259	0.00	259
45	1	222	0.45	223
46	1	236	0.42	237
47	1	195	0.51	196
48	0	205	0.00	205
49	1	220	0.45	221
50	1	219	0.45	220
51	0	211	0.00	211
52	0	205	0.00	205
53	1	201	0.50	202
54	1	197	0.51	198
55	1	211	0.47	212
56	1	212	0.47	213
57	0	200	0.00	200
58	2	217	0.91	219
59	0	200	0.00	200
60	0	138	0.00	138
61	1	193	0.52	194
62	1	161	0.62	162
63	0	199	0.00	199
64	1	186	0.53	187
65	0	204	0.00	204
66	0	160	0.00	160
67	0	196	0.00	196
68	0	164	0.00	164
69	2	183	1.08	185
70	0	190	0.00	190
71	2	173	1.14	175
72	0	183	0.00	183
73	0	159	0.00	159
74	0	138	0.00	138
75	0	152	0.00	152
76	1	176	0.56	177
77	1	174	0.57	175
78	0	147	0.00	147
79	0	165	0.00	165
80	0	140	0.00	140
81	0	172	0.00	172
82	0	119	0.00	119
83	0	150	0.00	150
84	0	122	0.00	122
85	0	117	0.00	117
86	2	153	1.29	155
87	0	108	0.00	108
88	4	113	3.42	117
89	1	120	0.83	121
90	2	97	2.02	99
91	0	142	0.00	142
92	0	102	0.00	102
93	0	82	0.00	82
94	1	101	0.98	102
95	0	85	0.00	85
96	0	119	0.00	119
97	0	121	0.00	121
98	0	113	0.00	113
99	0	45	0.00	45
100	0	5	0.00	5
101	1	11	8.33	12
102	0	6	0.00	6
103	0	6	0.00	6
104	0	6	0.00	6
105	0	5	0.00	5
106	0	7	0.00	7
107	0	2	0.00	2
108	0	7	0.00	7
109	0	8	0.00	8
110	0	2	0.00	2
111	0	5	0.00	5
112	0	4	0.00	4
113	0	5	0.00	5
114	0	4	0.00	4
115	0	2	0.00	2
116	0	2	0.00	2
117	0	3	0.00	3
118	0	4	0.00	4
119	0	1	0.00	1
120	0	4	0.00	4
121	0	3	0.00	3
122	0	2	0.00	2
123	0	3	0.00	3
124	0	2	0.00	2
125	0	2	0.00	2
126	0	3	0.00	3
127	0	1	0.00	1
128	0	3	0.00	3
129	0	1	0.00	1
130	0	1	0.00	1
131	1	3	25.00	4
132	0	1	0.00	1
133	0	3	0.00	3
134	0	2	0.00	2
135	0	2	0.00	2
136	0	2	0.00	2
137	0	1	0.00	1
138	0	1	0.00	1
139	0	1	0.00	1
140	0	3	0.00	3
141	0	0		0
142	0	1	0.00	1
143	0	1	0.00	1
144	0	1	0.00	1
145	0	0		0
146	0	0		0
147	0	0		0
148	0	4	0.00	4
149	0	2	0.00	2

CHH context (R1)
================
position	count methylated	count unmethylated	% methylation	coverage
1	1	22	4.35	23
2	0	22	0.00	22
3	0	17	0.00	17
4	3	341	0.87	344
5	0	392	0.00	392
6	0	399	0.00	399
7	2	369	0.54	371
8	2	344	0.58	346
9	0	343	0.00	343
10	1	342	0.29	343
11	3	332	0.90	335
12	1	311	0.32	312
13	2	377	0.53	379
14	0	362	0.00	362
15	0	355	0.00	355
16	0	312	0.00	312
17	0	292	0.00	292
18	2	303	0.66	305
19	1	295	0.34	296
20	2	338	0.59	340
21	0	342	0.00	342
22	0	318	0.00	318
23	1	348	0.29	349
24	2	388	0.51	390
25	0	392	0.00	392
26	5	368	1.34	373
27	0	375	0.00	375
28	0	385	0.00	385
29	0	327	0.00	327
30	0	371	0.00	371
31	1	390	0.26	391
32	2	407	0.49	409
33	1	361	0.28	362
34	0	327	0.00	327
35	1	314	0.32	315
36	1	349	0.29	350
37	2	325	0.61	327
38	3	363	0.82	366
39	1	333	0.30	334
40	1	330	0.30	331
41	0	338	0.00	338
42	2	358	0.56	360
43	1	335	0.30	336
44	0	341	0.00	341
45	0	320	0.00	320
46	1	335	0.30	336
47	2	312	0.64	314
48	1	325	0.31	326
49	0	362	0.00	362
50	0	390	0.00	390
51	1	376	0.27	377
52	0	371	0.00	371
53	0	338	0.00	338
54	1	317	0.31	318
55	1	304	0.33	305
56	1	299	0.33	300
57	0	283	0.00	283
58	0	307	0.00	307
59	0	302	0.00	302
60	1	325	0.31	326
61	1	329	0.30	330
62	1	383	0.26	384
63	0	285	0.00	285
64	1	328	0.30	329
65	2	315	0.63	317
66	2	270	0.74	272
67	0	310	0.00	310
68	0	336	0.00	336
69	0	317	0.00	317
70	0	262	0.00	262
71	0	294	0.00	294
72	3	276	1.08	279
73	2	282	0.70	284
74	2	263	0.75	265
75	0	297	0.00	297
76	0	289	0.00	289
77	1	275	0.36	276
78	1	242	0.41	243
79	0	267	0.00	267
80	0	252	0.00	252
81	2	247	0.80	249
82	0	282	0.00	282
83	1	250	0.40	251
84	1	264	0.38	265
85	1	288	0.35	289
86	0	252	0.00	252
87	0	219	0.00	219
88	0	247	0.00	247
89	0	223	0.00	223
90	1	194	0.51	195
91	0	205	0.00	205
92	0	202	0.00	202
93	1	179	0.56	180
94	0	162	0.00	162
95	0	227	0.00	227
96	1	162	0.61	163
97	0	181	0.00	181
98	0	141	0.00	141
99	1	63	1.56	64
100	0	11	0.00	11
101	0	13	0.00	13
102	0	10	0.00	10
103	0	4	0.00	4
104	0	8	0.00	8
105	0	10	0.00	10
106	0	9	0.00	9
107	0	6	0.00	6
108	0	5	0.00	5
109	0	4	0.00	4
110	0	8	0.00	8
111	0	3	0.00	3
112	0	6	0.00	6
113	0	6	0.00	6
114	0	5	0.00	5
115	0	5	0.00	5
116	0	3	0.00	3
117	0	4	0.00	4
118	0	2	0.00	2
119	0	3	0.00	3
120	0	5	0.00	5
121	0	1	0.00	1
122	0	3	0.00	3
123	0	3	0.00	3
124	0	2	0.00	2
125	0	2	0.00	2
126	0	4	0.00	4
127	0	4	0.00	4
128	0	1	0.00	1
129	0	4	0.00	4
130	0	4	0.00	4
131	0	2	0.00	2
132	0	2	0.00	2
133	0	1	0.00	1
134	0	3	0.00	3
135	0	3	0.00	3
136	0	0		0
137	0	0		0
138	0	1	0.00	1
139	0	1	0.00	1
140	0	0		0
141	0	2	0.00	2
142	0	1	0.00	1
143	0	3	0.00	3
144	0	0		0
145	0	0		0
146	0	0		0
147	0	2	0.00	2
148	0	1	0.00	1
149	0	2	0.00	2

CpG context (R2)
================
position	count methylated	count unmethylated	% methylation	coverage
1	2	21	8.70	23
2	0	12	0.00	12
3	4	75	5.06	79
4	2	80	2.44	82
5	5	90	5.26	95
6	4	92	4.17	96
7	4	113	3.42	117
8	4	78	4.88	82
9	4	83	4.60	87
10	7	67	9.46	74
11	2	66	2.94	68
12	5	56	8.20	61
13	1	65	1.52	66
14	0	53	0.00	53
15	2	58	3.33	60
16	2	59	3.28	61
17	1	26	3.70	27
18	8	54	12.90	62
19	0	36	0.00	36
20	0	42	0.00	42
21	2	49	3.92	51
22	1	48	2.04	49
23	3	38	7.32	41
24	1	60	1.64	61
25	1	29	3.33	30
26	1	25	3.85	26
27	3	36	7.69	39
28	4	24	14.29	28
29	3	42	6.67	45
30	1	20	4.76	21
31	1	44	2.22	45
32	0	38	0.00	38
33	3	18	14.29	21
34	1	25	3.85	26
35	0	10	0.00	10
36	1	17	5.56	18
37	1	25	3.85	26
38	2	20	9.09	22
39	0	4	0.00	4
40	0	9	0.00	9
41	1	9	10.00	10
42	1	12	7.69	13
43	1	16	5.88	17
44	0	18	0.00	18
45	0	1	0.00	1
46	1	10	9.09	11
47	0	11	0.00	11
48	1	7	12.50	8
49	1	3	25.00	4
50	2	2	50.00	4
51	0	9	0.00	9
52	0	3	0.00	3
53	0	1	0.00	1
54	1	2	33.33	3
55	0	6	0.00	6
56	0	4	0.00	4
57	2	1	66.67	3
58	0	7	0.00	7
59	1	3	25.00	4
60	1	2	33.33	3
61	0	1	0.00	1
62	0	2	0.00	2
63	2	0	100.00	2
64	0	2	0.00	2
65	0	1	0.00	1
66	1	0	100.00	1
67	0	0		0
68	0	2	0.00	2
69	0	0		0
70	0	0		0
71	2	4	33.33	6
72	0	1	0.00	1
73	0	0		0
74	1	1	50.00	2
75	0	3	0.00	3
76	0	1	0.00	1
77	0	3	0.00	3
78	0	0		0
79	0	0		0
80	0	0		0
81	0	1	0.00	1
82	0	1	0.00	1
83	0	1	0.00	1
84	0	0		0
85	0	0		0
86	0	0		0
87	0	0		0
88	0	0		0
89	0	0		0
90	0	0		0
91	0	1	0.00	1
92	0	0		0
93	0	0		0
94	0	1	0.00	1
95	0	0		0
96	0	1	0.00	1
97	0	1	0.00	1

CHG context (R2)
================
position	count methylated	count unmethylated	% methylation	coverage
1	13	2095	0.62	2108
2	0	24	0.00	24
3	0	2	0.00	2
4	0	42	0.00	42
5	0	56	0.00	56
6	1	66	1.49	67
7	0	73	0.00	73
8	0	77	0.00	77
9	0	62	0.00	62
10	0	60	0.00	60
11	1	62	1.59	63
12	0	45	0.00	45
13	0	41	0.00	41
14	1	43	2.27	44
15	0	53	0.00	53
16	1	41	2.38	42
17	1	50	1.96	51
18	1	35	2.78	36
19	0	42	0.00	42
20	0	44	0.00	44
21	1	29	3.33	30
22	0	60	0.00	60
23	0	18	0.00	18
24	0	22	0.00	22
25	1	51	1.92	52
26	0	22	0.00	22
27	0	19	0.00	19
28	0	22	0.00	22
29	1	18	5.26	19
30	0	23	0.00	23
31	0	23	0.00	23
32	0	22	0.00	22
33	0	16	0.00	16
34	0	28	0.00	28
35	0	25	0.00	25
36	0	17	0.00	17
37	0	19	0.00	19
38	0	8	0.00	8
39	0	11	0.00	11
40	0	7	0.00	7
41	0	23	0.00	23
42	0	7	0.00	7
43	0	7	0.00	7
44	0	4	0.00	4
45	0	11	0.00	11
46	0	3	0.00	3
47	0	11	0.00	11
48	0	4	0.00	4
49	0	7	0.00	7
50	1	8	11.11	9
51	0	2	0.00	2
52	0	10	0.00	10
53	0	3	0.00	3
54	0	0		0
55	0	4	0.00	4
56	0	3	0.00	3
57	0	2	0.00	2
58	0	0		0
59	0	0		0
60	1	7	12.50	8
61	0	2	0.00	2
62	0	1	0.00	1
63	0	2	0.00	2
64	1	1	50.00	2
65	0	1	0.00	1
66	0	0		0
67	0	0		0
68	1	3	25.00	4
69	0	1	0.00	1
70	0	2	0.00	2
71	0	0		0
72	0	2	0.00	2
73	0	3	0.00	3
74	0	0		0
75	0	1	0.00	1
76	0	0		0
77	0	0		0
78	0	0		0
79	0	0		0
80	0	1	0.00	1
81	0	0		0
82	0	0		0
83	0	0		0
84	0	1	0.00	1
85	0	0		0
86	0	1	0.00	1
87	0	0		0
88	0	0		0
89	0	1	0.00	1
90	0	0		0
91	0	0		0
92	0	0		0
93	0	0		0
94	0	0		0
95	0	1	0.00	1
96	0	0		0
97	0	1	0.00	1

CHH context (R2)
================
position	count methylated	count unmethylated	% methylation	coverage
1	0	9	0.00	9
2	3	991	0.30	994
3	2	233	0.85	235
4	0	187	0.00	187
5	0	126	0.00	126
6	0	92	0.00	92
7	0	98	0.00	98
8	0	109	0.00	109
9	2	101	1.94	103
10	0	120	0.00	120
11	0	89	0.00	89
12	0	78	0.00	78
13	2	63	3.08	65
14	0	88	0.00	88
15	1	73	1.35	74
16	0	65	0.00	65
17	0	78	0.00	78
18	1	86	1.15	87
19	0	91	0.00	91
20	0	52	0.00	52
21	0	45	0.00	45
22	0	47	0.00	47
23	0	56	0.00	56
24	0	42	0.00	42
25	0	51	0.00	51
26	0	39	0.00	39
27	0	33	0.00	33
28	0	33	0.00	33
29	0	34	0.00	34
30	1	27	3.57	28
31	0	25	0.00	25
32	0	25	0.00	25
33	0	23	0.00	23
34	0	25	0.00	25
35	0	39	0.00	39
36	0	22	0.00	22
37	0	17	0.00	17
38	0	27	0.00	27
39	1	14	6.67	15
40	0	25	0.00	25
41	0	17	0.00	17
42	0	21	0.00	21
43	0	15	0.00	15
44	0	14	0.00	14
45	0	14	0.00	14
46	0	13	0.00	13
47	0	12	0.00	12
48	0	6	0.00	6
49	0	11	0.00	11
50	0	6	0.00	6
51	0	11	0.00	11
52	0	11	0.00	11
53	0	6	0.00	6
54	0	12	0.00	12
55	0	6	0.00	6
56	0	4	0.00	4
57	0	4	0.00	4
58	0	3	0.00	3
59	0	1	0.00	1
60	0	0		0
61	0	1	0.00	1
62	0	2	0.00	2
63	0	1	0.00	1
64	0	3	0.00	3
65	0	3	0.00	3
66	0	1	0.00	1
67	0	0		0
68	0	3	0.00	3
69	0	4	0.00	4
70	0	0		0
71	0	0		0
72	0	0		0
73	0	0		0
74	0	3	0.00	3
75	0	1	0.00	1
76	0	1	0.00	1
77	0	1	0.00	1
78	0	2	0.00	2
79	0	0		0
80	0	2	0.00	2
81	0	1	0.00	1
82	0	0		0
83	0	0		0
84	0	0		0
85	0	0		0
86	0	0		0
87	0	1	0.00	1
88	0	1	0.00	1
89	0	0		0
90	0	1	0.00	1
91	0	1	0.00	1
92	0	0		0
93	0	0		0
94	0	0		0
95	0	0		0
96	0	0		0
97	0	0		0

