CpG context (R1)
================
position	count methylated	count unmethylated	% methylation	coverage
1	206	2174	8.66	2380
2	0	16	0.00	16
3	0	17	0.00	17
4	11	149	6.88	160
5	9	193	4.46	202
6	18	281	6.02	299
7	6	222	2.63	228
8	8	295	2.64	303
9	7	276	2.47	283
10	18	273	6.19	291
11	12	254	4.51	266
12	14	287	4.65	301
13	21	265	7.34	286
14	13	245	5.04	258
15	13	234	5.26	247
16	8	287	2.71	295
17	13	253	4.89	266
18	4	222	1.77	226
19	22	331	6.23	353
20	8	207	3.72	215
21	12	223	5.11	235
22	17	295	5.45	312
23	18	256	6.57	274
24	19	217	8.05	236
25	15	292	4.89	307
26	9	299	2.92	308
27	11	283	3.74	294
28	24	299	7.43	323
29	7	257	2.65	264
30	15	254	5.58	269
31	19	275	6.46	294
32	17	270	5.92	287
33	13	223	5.51	236
34	15	270	5.26	285
35	20	258	7.19	278
36	9	226	3.83	235
37	15	267	5.32	282
38	11	232	4.53	243
39	13	249	4.96	262
40	9	267	3.26	276
41	11	246	4.28	257
42	13	274	4.53	287
43	10	273	3.53	283
44	18	231	7.23	249
45	8	279	2.79	287
46	15	250	5.66	265
47	17	281	5.70	298
48	12	265	4.33	277
49	15	249	5.68	264
50	9	233	3.72	242
51	13	235	5.24	248
52	14	254	5.22	268
53	11	244	4.31	255
54	10	243	3.95	253
55	5	276	1.78	281
56	16	183	8.04	199
57	9	231	3.75	240
58	13	236	5.22	249
59	13	268	4.63	281
60	13	264	4.69	277
61	12	227	5.02	239
62	11	220	4.76	231
63	10	209	4.57	219
64	10	216	4.42	226
65	10	260	3.70	270
66	17	237	6.69	254
67	12	241	4.74	253
68	12	181	6.22	193
69	8	185	4.15	193
70	13	242	5.10	255
71	12	230	4.96	242
72	6	239	2.45	245
73	7	233	2.92	240
74	13	202	6.05	215
75	9	195	4.41	204
76	15	182	7.61	197
77	10	200	4.76	210
78	10	212	4.50	222
79	6	224	2.61	230
80	7	194	3.48	201
81	4	156	2.50	160
82	9	225	3.85	234
83	6	136	4.23	142
84	3	147	2.00	150
85	8	205	3.76	213
86	7	148	4.52	155
87	7	153	4.38	160
88	2	96	2.04	98
89	8	159	4.79	167
90	6	103	5.50	109
91	5	150	3.23	155
92	10	127	7.30	137
93	7	136	4.90	143
94	4	116	3.33	120
95	7	96	6.80	103
96	7	111	5.93	118
97	3	127	2.31	130
98	6	96	5.88	102
99	3	54	5.26	57
100	1	12	7.69	13
101	0	2	0.00	2
102	1	3	25.00	4
103	1	2	33.33	3
104	0	7	0.00	7
105	0	1	0.00	1
106	1	3	25.00	4
107	1	4	20.00	5
108	0	4	0.00	4
109	1	4	20.00	5
110	0	2	0.00	2
111	0	1	0.00	1
112	0	4	0.00	4
113	0	1	0.00	1
114	0	4	0.00	4
115	1	4	20.00	5
116	0	2	0.00	2
117	1	4	20.00	5
118	0	0		0
119	1	2	33.33	3
120	1	0	100.00	1
121	0	2	0.00	2
122	0	1	0.00	1
123	1	2	33.33	3
124	0	2	0.00	2
125	0	1	0.00	1
126	0	0		0
127	1	2	33.33	3
128	1	1	50.00	2
129	0	7	0.00	7
130	0	3	0.00	3
131	0	0		0
132	0	1	0.00	1
133	0	1	0.00	1
134	1	0	100.00	1
135	0	1	0.00	1
136	0	0		0
137	0	2	0.00	2
138	0	3	0.00	3
139	0	0		0
140	0	0		0
141	0	0		0
142	0	2	0.00	2
143	0	0		0
144	0	0		0
145	0	2	0.00	2
146	0	0		0
147	0	0		0
148	0	0		0
149	0	2	0.00	2

CHG context (R1)
================
position	count methylated	count unmethylated	% methylation	coverage
1	1	18	5.26	19
2	0	17	0.00	17
3	0	12	0.00	12
4	1	115	0.86	116
5	1	193	0.52	194
6	0	277	0.00	277
7	5	268	1.83	273
8	0	245	0.00	245
9	1	235	0.42	236
10	0	214	0.00	214
11	2	244	0.81	246
12	0	209	0.00	209
13	1	215	0.46	216
14	1	200	0.50	201
15	3	267	1.11	270
16	1	241	0.41	242
17	1	216	0.46	217
18	0	272	0.00	272
19	2	196	1.01	198
20	1	175	0.57	176
21	0	218	0.00	218
22	1	239	0.42	240
23	0	202	0.00	202
24	0	203	0.00	203
25	1	247	0.40	248
26	1	216	0.46	217
27	0	236	0.00	236
28	0	252	0.00	252
29	0	167	0.00	167
30	2	213	0.93	215
31	0	243	0.00	243
32	1	200	0.50	201
33	0	223	0.00	223
34	0	240	0.00	240
35	2	228	0.87	230
36	1	233	0.43	234
37	0	218	0.00	218
38	1	198	0.50	199
39	1	242	0.41	243
40	0	213	0.00	213
41	3	250	1.19	253
42	1	220	0.45	221
43	1	208	0.48	209
44	0	229	0.00	229
45	3	224	1.32	227
46	0	225	0.00	225
47	1	173	0.57	174
48	1	239	0.42	240
49	0	210	0.00	210
50	2	226	0.88	228
51	0	228	0.00	228
52	0	224	0.00	224
53	1	198	0.50	199
54	0	193	0.00	193
55	0	189	0.00	189
56	1	227	0.44	228
57	1	217	0.46	218
58	0	225	0.00	225
59	0	178	0.00	178
60	1	138	0.72	139
61	1	182	0.55	183
62	0	154	0.00	154
63	0	186	0.00	186
64	0	202	0.00	202
65	0	212	0.00	212
66	1	170	0.58	171
67	0	177	0.00	177
68	1	179	0.56	180
69	0	199	0.00	199
70	1	222	0.45	223
71	0	153	0.00	153
72	0	159	0.00	159
73	1	166	0.60	167
74	0	161	0.00	161
75	0	147	0.00	147
76	0	173	0.00	173
77	0	187	0.00	187
78	0	157	0.00	157
79	0	157	0.00	157
80	1	131	0.76	132
81	0	185	0.00	185
82	0	117	0.00	117
83	0	129	0.00	129
84	1	146	0.68	147
85	0	132	0.00	132
86	0	156	0.00	156
87	0	131	0.00	131
88	0	130	0.00	130
89	0	103	0.00	103
90	0	115	0.00	115
91	0	130	0.00	130
92	0	114	0.00	114
93	0	93	0.00	93
94	0	96	0.00	96
95	0	86	0.00	86
96	0	95	0.00	95
97	0	99	0.00	99
98	0	85	0.00	85
99	1	45	2.17	46
100	0	1	0.00	1
101	0	3	0.00	3
102	0	6	0.00	6
103	0	6	0.00	6
104	0	2	0.00	2
105	0	3	0.00	3
106	0	6	0.00	6
107	0	2	0.00	2
108	0	2	0.00	2
109	0	3	0.00	3
110	0	1	0.00	1
111	0	0		0
112	0	2	0.00	2
113	0	1	0.00	1
114	0	4	0.00	4
115	0	3	0.00	3
116	0	0		0
117	0	0		0
118	0	1	0.00	1
119	0	0		0
120	0	2	0.00	2
121	0	3	0.00	3
122	0	3	0.00	3
123	0	1	0.00	1
124	0	2	0.00	2
125	0	1	0.00	1
126	0	3	0.00	3
127	0	3	0.00	3
128	0	2	0.00	2
129	0	1	0.00	1
130	0	0		0
131	0	2	0.00	2
132	0	2	0.00	2
133	0	2	0.00	2
134	0	2	0.00	2
135	0	1	0.00	1
136	0	1	0.00	1
137	0	0		0
138	0	0		0
139	0	0		0
140	0	0		0
141	0	1	0.00	1
142	0	0		0
143	0	0		0
144	0	0		0
145	0	0		0
146	0	0		0
147	0	2	0.00	2
148	0	2	0.00	2
149	0	0		0

CHH context (R1)
================
position	count methylated	count unmethylated	% methylation	coverage
1	0	32	0.00	32
2	0	26	0.00	26
3	0	17	0.00	17
4	3	349	0.85	352
5	1	387	0.26	388
6	3	420	0.71	423
7	2	418	0.48	420
8	0	334	0.00	334
9	2	301	0.66	303
10	0	343	0.00	343
11	2	344	0.58	346
12	0	358	0.00	358
13	1	406	0.25	407
14	0	389	0.00	389
15	2	385	0.52	387
16	1	324	0.31	325
17	1	289	0.34	290
18	0	287	0.00	287
19	0	323	0.00	323
20	0	335	0.00	335
21	1	342	0.29	343
22	2	337	0.59	339
23	1	362	0.28	363
24	0	369	0.00	369
25	3	386	0.77	389
26	1	318	0.31	319
27	1	390	0.26	391
28	2	370	0.54	372
29	1	329	0.30	330
30	1	376	0.27	377
31	1	368	0.27	369
32	1	357	0.28	358
33	4	333	1.19	337
34	1	360	0.28	361
35	0	332	0.00	332
36	0	375	0.00	375
37	0	349	0.00	349
38	1	348	0.29	349
39	0	336	0.00	336
40	1	348	0.29	349
41	5	318	1.55	323
42	2	340	0.58	342
43	1	330	0.30	331
44	1	345	0.29	346
45	0	300	0.00	300
46	2	336	0.59	338
47	2	319	0.62	321
48	1	347	0.29	348
49	1	374	0.27	375
50	1	406	0.25	407
51	0	396	0.00	396
52	0	366	0.00	366
53	0	336	0.00	336
54	0	335	0.00	335
55	2	333	0.60	335
56	0	299	0.00	299
57	0	294	0.00	294
58	0	302	0.00	302
59	1	314	0.32	315
60	0	304	0.00	304
61	3	318	0.93	321
62	0	346	0.00	346
63	2	291	0.68	293
64	1	346	0.29	347
65	1	300	0.33	301
66	3	289	1.03	292
67	0	320	0.00	320
68	1	363	0.27	364
69	0	301	0.00	301
70	1	268	0.37	269
71	2	273	0.73	275
72	1	286	0.35	287
73	1	303	0.33	304
74	0	223	0.00	223
75	0	310	0.00	310
76	0	293	0.00	293
77	0	252	0.00	252
78	2	233	0.85	235
79	0	250	0.00	250
80	0	274	0.00	274
81	1	277	0.36	278
82	1	266	0.37	267
83	1	236	0.42	237
84	0	244	0.00	244
85	0	248	0.00	248
86	1	248	0.40	249
87	0	215	0.00	215
88	3	240	1.23	243
89	1	213	0.47	214
90	0	171	0.00	171
91	0	197	0.00	197
92	2	193	1.03	195
93	1	168	0.59	169
94	0	162	0.00	162
95	0	179	0.00	179
96	0	155	0.00	155
97	1	157	0.63	158
98	0	173	0.00	173
99	0	51	0.00	51
100	0	11	0.00	11
101	0	7	0.00	7
102	0	4	0.00	4
103	0	5	0.00	5
104	0	6	0.00	6
105	0	6	0.00	6
106	0	7	0.00	7
107	0	5	0.00	5
108	0	4	0.00	4
109	0	2	0.00	2
110	0	3	0.00	3
111	0	4	0.00	4
112	0	6	0.00	6
113	0	5	0.00	5
114	0	1	0.00	1
115	0	1	0.00	1
116	0	4	0.00	4
117	0	3	0.00	3
118	0	3	0.00	3
119	0	2	0.00	2
120	0	3	0.00	3
121	0	3	0.00	3
122	0	1	0.00	1
123	0	2	0.00	2
124	0	1	0.00	1
125	0	2	0.00	2
126	0	2	0.00	2
127	0	4	0.00	4
128	0	1	0.00	1
129	0	0		0
130	0	0		0
131	0	4	0.00	4
132	0	3	0.00	3
133	0	1	0.00	1
134	0	1	0.00	1
135	0	0		0
136	0	0		0
137	0	1	0.00	1
138	0	1	0.00	1
139	0	2	0.00	2
140	0	2	0.00	2
141	0	0		0
142	0	0		0
143	0	1	0.00	1
144	0	0		0
145	0	1	0.00	1
146	0	0		0
147	0	0		0
148	0	1	0.00	1
149	0	0		0

CpG context (R2)
================
position	count methylated	count unmethylated	% methylation	coverage
1	0	16	0.00	16
2	0	19	0.00	19
3	2	79	2.47	81
4	6	58	9.38	64
5	3	107	2.73	110
6	3	91	3.19	94
7	10	118	7.81	128
8	1	77	1.28	78
9	3	64	4.48	67
10	6	88	6.38	94
11	4	62	6.06	66
12	2	58	3.33	60
13	2	87	2.25	89
14	1	45	2.17	46
15	0	53	0.00	53
16	0	50	0.00	50
17	1	38	2.56	39
18	3	46	6.12	49
19	0	36	0.00	36
20	0	40	0.00	40
21	3	22	12.00	25
22	0	35	0.00	35
23	2	35	5.41	37
24	2	58	3.33	60
25	0	24	0.00	24
26	0	18	0.00	18
27	1	35	2.78	36
28	0	24	0.00	24
29	1	34	2.86	35
30	0	15	0.00	15
31	0	37	0.00	37
32	1	21	4.55	22
33	0	20	0.00	20
34	1	19	5.00	20
35	0	9	0.00	9
36	0	11	0.00	11
37	0	23	0.00	23
38	1	17	5.56	18
39	0	10	0.00	10
40	0	5	0.00	5
41	0	12	0.00	12
42	1	5	16.67	6
43	1	14	6.67	15
44	1	14	6.67	15
45	0	3	0.00	3
46	1	19	5.00	20
47	0	5	0.00	5
48	0	7	0.00	7
49	0	5	0.00	5
50	0	5	0.00	5
51	0	3	0.00	3
52	0	11	0.00	11
53	0	3	0.00	3
54	1	4	20.00	5
55	0	5	0.00	5
56	0	3	0.00	3
57	0	0		0
58	0	2	0.00	2
59	0	4	0.00	4
60	0	0		0
61	0	1	0.00	1
62	0	1	0.00	1
63	0	1	0.00	1
64	0	1	0.00	1
65	0	0		0
66	0	1	0.00	1
67	0	0		0
68	0	1	0.00	1
69	0	0		0
70	0	0		0
71	0	1	0.00	1
72	0	0		0
73	0	1	0.00	1
74	0	0		0
75	0	0		0
76	0	1	0.00	1
77	0	0		0
78	0	0		0
79	0	1	0.00	1
80	0	0		0
81	0	0		0
82	0	0		0
83	0	0		0
84	0	0		0
85	0	0		0
86	0	1	0.00	1
87	0	0		0
88	0	0		0
89	0	0		0
90	0	0		0
91	0	0		0
92	0	0		0
93	0	0		0
94	0	0		0
95	0	1	0.00	1
96	0	0		0
97	0	0		0

CHG context (R2)
================
position	count methylated	count unmethylated	% methylation	coverage
1	13	2118	0.61	2131
2	0	19	0.00	19
3	0	6	0.00	6
4	0	37	0.00	37
5	0	56	0.00	56
6	2	67	2.90	69
7	0	65	0.00	65
8	0	89	0.00	89
9	1	72	1.37	73
10	0	54	0.00	54
11	1	72	1.37	73
12	0	37	0.00	37
13	0	38	0.00	38
14	1	59	1.67	60
15	0	42	0.00	42
16	0	52	0.00	52
17	1	62	1.59	63
18	0	46	0.00	46
19	0	47	0.00	47
20	0	56	0.00	56
21	0	38	0.00	38
22	0	42	0.00	42
23	0	23	0.00	23
24	0	19	0.00	19
25	0	41	0.00	41
26	0	17	0.00	17
27	0	12	0.00	12
28	0	15	0.00	15
29	0	24	0.00	24
30	0	22	0.00	22
31	0	27	0.00	27
32	0	15	0.00	15
33	0	23	0.00	23
34	1	19	5.00	20
35	0	18	0.00	18
36	0	16	0.00	16
37	0	10	0.00	10
38	0	4	0.00	4
39	0	15	0.00	15
40	0	14	0.00	14
41	0	19	0.00	19
42	0	4	0.00	4
43	0	7	0.00	7
44	0	4	0.00	4
45	0	10	0.00	10
46	0	4	0.00	4
47	0	8	0.00	8
48	0	9	0.00	9
49	0	11	0.00	11
50	0	7	0.00	7
51	0	2	0.00	2
52	0	6	0.00	6
53	0	6	0.00	6
54	0	1	0.00	1
55	0	3	0.00	3
56	0	3	0.00	3
57	0	0		0
58	0	2	0.00	2
59	0	1	0.00	1
60	0	6	0.00	6
61	0	0		0
62	0	1	0.00	1
63	0	4	0.00	4
64	0	3	0.00	3
65	0	1	0.00	1
66	0	0		0
67	0	1	0.00	1
68	0	0		0
69	0	1	0.00	1
70	0	0		0
71	0	0		0
72	0	0		0
73	0	0		0
74	0	0		0
75	0	0		0
76	0	0		0
77	0	0		0
78	0	0		0
79	0	1	0.00	1
80	0	0		0
81	0	0		0
82	0	0		0
83	0	0		0
84	0	0		0
85	0	0		0
86	0	0		0
87	0	0		0
88	0	0		0
89	0	0		0
90	0	0		0
91	0	0		0
92	0	0		0
93	0	0		0
94	0	0		0
95	0	0		0
96	0	0		0
97	0	1	0.00	1

CHH context (R2)
================
position	count methylated	count unmethylated	% methylation	coverage
1	0	12	0.00	12
2	3	992	0.30	995
3	1	263	0.38	264
4	0	180	0.00	180
5	0	144	0.00	144
6	1	101	0.98	102
7	0	111	0.00	111
8	0	129	0.00	129
9	0	104	0.00	104
10	0	114	0.00	114
11	0	75	0.00	75
12	1	78	1.27	79
13	0	50	0.00	50
14	0	75	0.00	75
15	0	73	0.00	73
16	0	50	0.00	50
17	0	71	0.00	71
18	0	80	0.00	80
19	1	75	1.32	76
20	0	55	0.00	55
21	0	41	0.00	41
22	0	48	0.00	48
23	0	46	0.00	46
24	0	37	0.00	37
25	0	48	0.00	48
26	0	40	0.00	40
27	0	30	0.00	30
28	0	27	0.00	27
29	0	32	0.00	32
30	0	24	0.00	24
31	0	26	0.00	26
32	0	25	0.00	25
33	1	18	5.26	19
34	0	27	0.00	27
35	0	28	0.00	28
36	0	17	0.00	17
37	0	18	0.00	18
38	0	17	0.00	17
39	0	6	0.00	6
40	0	18	0.00	18
41	0	10	0.00	10
42	0	19	0.00	19
43	0	14	0.00	14
44	0	15	0.00	15
45	0	11	0.00	11
46	2	14	12.50	16
47	0	6	0.00	6
48	0	5	0.00	5
49	0	9	0.00	9
50	0	5	0.00	5
51	0	15	0.00	15
52	0	9	0.00	9
53	0	12	0.00	12
54	0	9	0.00	9
55	0	7	0.00	7
56	0	6	0.00	6
57	0	1	0.00	1
58	0	4	0.00	4
59	0	0		0
60	0	1	0.00	1
61	0	2	0.00	2
62	0	2	0.00	2
63	0	0		0
64	0	0		0
65	0	0		0
66	0	0		0
67	0	0		0
68	0	4	0.00	4
69	0	2	0.00	2
70	0	0		0
71	0	0		0
72	0	1	0.00	1
73	0	0		0
74	0	1	0.00	1
75	0	1	0.00	1
76	0	1	0.00	1
77	0	1	0.00	1
78	0	0		0
79	0	0		0
80	0	0		0
81	0	1	0.00	1
82	0	1	0.00	1
83	0	1	0.00	1
84	0	1	0.00	1
85	0	0		0
86	0	0		0
87	0	0		0
88	0	0		0
89	0	0		0
90	0	0		0
91	0	0		0
92	0	0		0
93	0	0		0
94	0	0		0
95	0	0		0
96	0	0		0
97	0	0		0

