CpG context (R1)
================
position	count methylated	count unmethylated	% methylation	coverage
1	201	2191	8.40	2392
2	0	18	0.00	18
3	0	19	0.00	19
4	12	163	6.86	175
5	20	220	8.33	240
6	11	279	3.79	290
7	11	241	4.37	252
8	13	265	4.68	278
9	14	234	5.65	248
10	16	252	5.97	268
11	7	227	2.99	234
12	11	268	3.94	279
13	16	279	5.42	295
14	17	252	6.32	269
15	10	241	3.98	251
16	19	252	7.01	271
17	13	247	5.00	260
18	5	213	2.29	218
19	16	318	4.79	334
20	9	230	3.77	239
21	9	212	4.07	221
22	13	284	4.38	297
23	17	287	5.59	304
24	19	240	7.34	259
25	16	306	4.97	322
26	10	278	3.47	288
27	15	252	5.62	267
28	27	273	9.00	300
29	7	275	2.48	282
30	8	238	3.25	246
31	15	318	4.50	333
32	19	271	6.55	290
33	9	211	4.09	220
34	18	262	6.43	280
35	11	281	3.77	292
36	11	229	4.58	240
37	29	244	10.62	273
38	9	231	3.75	240
39	15	253	5.60	268
40	7	247	2.76	254
41	7	244	2.79	251
42	7	314	2.18	321
43	9	258	3.37	267
44	13	252	4.91	265
45	15	256	5.54	271
46	19	221	7.92	240
47	20	263	7.07	283
48	16	249	6.04	265
49	12	235	4.86	247
50	10	213	4.48	223
51	12	240	4.76	252
52	12	255	4.49	267
53	10	238	4.03	248
54	6	248	2.36	254
55	9	271	3.21	280
56	9	239	3.63	248
57	15	238	5.93	253
58	12	293	3.93	305
59	1	293	0.34	294
60	8	227	3.40	235
61	11	245	4.30	256
62	9	240	3.61	249
63	18	187	8.78	205
64	16	244	6.15	260
65	12	238	4.80	250
66	13	217	5.65	230
67	20	238	7.75	258
68	6	205	2.84	211
69	8	181	4.23	189
70	12	234	4.88	246
71	13	237	5.20	250
72	12	231	4.94	243
73	12	239	4.78	251
74	7	190	3.55	197
75	12	186	6.06	198
76	8	200	3.85	208
77	11	207	5.05	218
78	11	206	5.07	217
79	7	210	3.23	217
80	10	160	5.88	170
81	8	158	4.82	166
82	6	186	3.12	192
83	9	135	6.25	144
84	7	167	4.02	174
85	9	186	4.62	195
86	11	176	5.88	187
87	10	176	5.38	186
88	9	111	7.50	120
89	8	155	4.91	163
90	2	140	1.41	142
91	7	140	4.76	147
92	7	129	5.15	136
93	5	145	3.33	150
94	7	127	5.22	134
95	7	126	5.26	133
96	6	109	5.22	115
97	8	132	5.71	140
98	7	110	5.98	117
99	3	44	6.38	47
100	1	10	9.09	11
101	0	7	0.00	7
102	3	5	37.50	8
103	0	7	0.00	7
104	0	9	0.00	9
105	0	4	0.00	4
106	0	6	0.00	6
107	2	7	22.22	9
108	1	6	14.29	7
109	2	7	22.22	9
110	0	4	0.00	4
111	1	4	20.00	5
112	0	6	0.00	6
113	0	4	0.00	4
114	0	4	0.00	4
115	0	6	0.00	6
116	0	1	0.00	1
117	1	7	12.50	8
118	0	3	0.00	3
119	0	4	0.00	4
120	1	5	16.67	6
121	2	1	66.67	3
122	0	5	0.00	5
123	4	5	44.44	9
124	0	6	0.00	6
125	0	3	0.00	3
126	0	3	0.00	3
127	0	2	0.00	2
128	2	1	66.67	3
129	1	1	50.00	2
130	0	0		0
131	0	3	0.00	3
132	0	0		0
133	2	0	100.00	2
134	2	0	100.00	2
135	0	3	0.00	3
136	0	0		0
137	0	3	0.00	3
138	0	0		0
139	0	0		0
140	0	0		0
141	0	1	0.00	1
142	0	2	0.00	2
143	0	1	0.00	1
144	0	1	0.00	1
145	0	0		0
146	0	1	0.00	1
147	0	0		0
148	0	0		0
149	0	1	0.00	1

CHG context (R1)
================
position	count methylated	count unmethylated	% methylation	coverage
1	1	14	6.67	15
2	0	21	0.00	21
3	0	7	0.00	7
4	1	125	0.79	126
5	1	211	0.47	212
6	0	244	0.00	244
7	2	231	0.86	233
8	0	221	0.00	221
9	1	238	0.42	239
10	0	201	0.00	201
11	0	259	0.00	259
12	0	219	0.00	219
13	0	219	0.00	219
14	0	208	0.00	208
15	0	253	0.00	253
16	1	220	0.45	221
17	0	239	0.00	239
18	1	264	0.38	265
19	2	210	0.94	212
20	0	166	0.00	166
21	3	194	1.52	197
22	1	244	0.41	245
23	0	208	0.00	208
24	1	210	0.47	211
25	0	228	0.00	228
26	0	214	0.00	214
27	1	233	0.43	234
28	0	268	0.00	268
29	0	181	0.00	181
30	0	189	0.00	189
31	0	247	0.00	247
32	0	204	0.00	204
33	0	235	0.00	235
34	2	229	0.87	231
35	0	239	0.00	239
36	1	229	0.43	230
37	2	198	1.00	200
38	1	203	0.49	204
39	0	211	0.00	211
40	0	203	0.00	203
41	2	284	0.70	286
42	0	189	0.00	189
43	2	213	0.93	215
44	2	234	0.85	236
45	1	192	0.52	193
46	1	221	0.45	222
47	1	191	0.52	192
48	2	206	0.96	208
49	1	213	0.47	214
50	2	220	0.90	222
51	0	194	0.00	194
52	3	194	1.52	197
53	2	190	1.04	192
54	0	199	0.00	199
55	1	162	0.61	163
56	0	201	0.00	201
57	1	209	0.48	210
58	0	202	0.00	202
59	0	151	0.00	151
60	1	158	0.63	159
61	0	193	0.00	193
62	0	144	0.00	144
63	1	182	0.55	183
64	0	205	0.00	205
65	2	200	0.99	202
66	1	174	0.57	175
67	1	178	0.56	179
68	0	156	0.00	156
69	0	182	0.00	182
70	3	215	1.38	218
71	0	167	0.00	167
72	0	152	0.00	152
73	0	174	0.00	174
74	1	160	0.62	161
75	2	154	1.28	156
76	1	160	0.62	161
77	0	148	0.00	148
78	0	174	0.00	174
79	0	179	0.00	179
80	3	119	2.46	122
81	0	201	0.00	201
82	0	109	0.00	109
83	0	134	0.00	134
84	0	126	0.00	126
85	0	101	0.00	101
86	0	180	0.00	180
87	0	109	0.00	109
88	1	117	0.85	118
89	2	139	1.42	141
90	1	115	0.86	116
91	1	111	0.89	112
92	0	102	0.00	102
93	0	97	0.00	97
94	0	111	0.00	111
95	0	93	0.00	93
96	0	120	0.00	120
97	1	129	0.77	130
98	0	87	0.00	87
99	0	41	0.00	41
100	0	2	0.00	2
101	0	8	0.00	8
102	0	8	0.00	8
103	0	7	0.00	7
104	0	8	0.00	8
105	0	7	0.00	7
106	0	6	0.00	6
107	0	0		0
108	0	7	0.00	7
109	0	2	0.00	2
110	0	9	0.00	9
111	0	2	0.00	2
112	0	1	0.00	1
113	0	2	0.00	2
114	0	2	0.00	2
115	0	3	0.00	3
116	0	5	0.00	5
117	0	3	0.00	3
118	0	2	0.00	2
119	0	3	0.00	3
120	0	2	0.00	2
121	0	2	0.00	2
122	0	2	0.00	2
123	0	2	0.00	2
124	0	1	0.00	1
125	0	2	0.00	2
126	0	1	0.00	1
127	0	4	0.00	4
128	0	0		0
129	0	1	0.00	1
130	0	2	0.00	2
131	0	2	0.00	2
132	0	2	0.00	2
133	0	0		0
134	0	4	0.00	4
135	0	1	0.00	1
136	0	0		0
137	0	0		0
138	0	0		0
139	0	0		0
140	0	2	0.00	2
141	0	0		0
142	0	0		0
143	0	1	0.00	1
144	0	0		0
145	0	0		0
146	0	0		0
147	0	2	0.00	2
148	0	2	0.00	2
149	0	2	0.00	2

CHH context (R1)
================
position	count methylated	count unmethylated	% methylation	coverage
1	1	38	2.56	39
2	0	25	0.00	25
3	0	19	0.00	19
4	0	344	0.00	344
5	1	414	0.24	415
6	2	401	0.50	403
7	2	377	0.53	379
8	3	358	0.83	361
9	1	315	0.32	316
10	1	371	0.27	372
11	2	336	0.59	338
12	0	347	0.00	347
13	4	359	1.10	363
14	0	357	0.00	357
15	3	397	0.75	400
16	1	341	0.29	342
17	6	332	1.78	338
18	1	286	0.35	287
19	0	326	0.00	326
20	1	366	0.27	367
21	1	351	0.28	352
22	1	334	0.30	335
23	1	330	0.30	331
24	1	339	0.29	340
25	3	333	0.89	336
26	2	338	0.59	340
27	0	405	0.00	405
28	1	364	0.27	365
29	0	367	0.00	367
30	0	380	0.00	380
31	2	340	0.58	342
32	1	375	0.27	376
33	3	328	0.91	331
34	2	359	0.55	361
35	0	324	0.00	324
36	0	340	0.00	340
37	1	330	0.30	331
38	0	330	0.00	330
39	3	313	0.95	316
40	1	327	0.30	328
41	2	312	0.64	314
42	3	324	0.92	327
43	1	303	0.33	304
44	1	357	0.28	358
45	0	307	0.00	307
46	2	359	0.55	361
47	2	343	0.58	345
48	1	294	0.34	295
49	3	379	0.79	382
50	1	390	0.26	391
51	0	406	0.00	406
52	2	338	0.59	340
53	1	346	0.29	347
54	1	305	0.33	306
55	0	331	0.00	331
56	1	309	0.32	310
57	0	280	0.00	280
58	0	282	0.00	282
59	0	332	0.00	332
60	0	325	0.00	325
61	2	352	0.56	354
62	1	340	0.29	341
63	0	312	0.00	312
64	8	361	2.17	369
65	0	318	0.00	318
66	0	292	0.00	292
67	1	325	0.31	326
68	0	353	0.00	353
69	1	301	0.33	302
70	0	290	0.00	290
71	4	295	1.34	299
72	0	285	0.00	285
73	3	298	1.00	301
74	1	252	0.40	253
75	0	301	0.00	301
76	2	325	0.61	327
77	2	297	0.67	299
78	1	253	0.39	254
79	1	283	0.35	284
80	0	322	0.00	322
81	2	242	0.82	244
82	2	283	0.70	285
83	1	220	0.45	221
84	1	224	0.44	225
85	0	265	0.00	265
86	2	238	0.83	240
87	1	213	0.47	214
88	2	255	0.78	257
89	0	219	0.00	219
90	4	188	2.08	192
91	0	195	0.00	195
92	0	194	0.00	194
93	2	158	1.25	160
94	0	152	0.00	152
95	2	211	0.94	213
96	1	155	0.64	156
97	1	166	0.60	167
98	1	157	0.63	158
99	0	62	0.00	62
100	0	17	0.00	17
101	0	12	0.00	12
102	0	7	0.00	7
103	0	6	0.00	6
104	0	6	0.00	6
105	0	4	0.00	4
106	0	11	0.00	11
107	0	11	0.00	11
108	0	2	0.00	2
109	0	9	0.00	9
110	0	3	0.00	3
111	0	8	0.00	8
112	0	4	0.00	4
113	0	6	0.00	6
114	0	7	0.00	7
115	0	3	0.00	3
116	0	5	0.00	5
117	0	5	0.00	5
118	0	2	0.00	2
119	0	6	0.00	6
120	0	2	0.00	2
121	0	4	0.00	4
122	0	3	0.00	3
123	0	0		0
124	0	1	0.00	1
125	0	2	0.00	2
126	0	3	0.00	3
127	0	5	0.00	5
128	0	1	0.00	1
129	0	2	0.00	2
130	0	2	0.00	2
131	0	7	0.00	7
132	0	0		0
133	0	2	0.00	2
134	0	0		0
135	0	1	0.00	1
136	0	1	0.00	1
137	0	1	0.00	1
138	0	2	0.00	2
139	0	5	0.00	5
140	0	1	0.00	1
141	0	0		0
142	0	0		0
143	0	0		0
144	0	0		0
145	0	0		0
146	0	2	0.00	2
147	0	2	0.00	2
148	0	2	0.00	2
149	0	1	0.00	1

CpG context (R2)
================
position	count methylated	count unmethylated	% methylation	coverage
1	1	15	6.25	16
2	1	18	5.26	19
3	3	77	3.75	80
4	4	76	5.00	80
5	4	106	3.64	110
6	5	92	5.15	97
7	5	151	3.21	156
8	4	76	5.00	80
9	2	88	2.22	90
10	8	81	8.99	89
11	4	70	5.41	74
12	1	73	1.35	74
13	7	76	8.43	83
14	4	51	7.27	55
15	2	62	3.12	64
16	1	58	1.69	59
17	0	36	0.00	36
18	3	47	6.00	50
19	2	28	6.67	30
20	4	47	7.84	51
21	2	28	6.67	30
22	2	36	5.26	38
23	2	50	3.85	52
24	3	60	4.76	63
25	1	28	3.45	29
26	0	35	0.00	35
27	2	30	6.25	32
28	0	25	0.00	25
29	3	36	7.69	39
30	0	25	0.00	25
31	2	33	5.71	35
32	0	21	0.00	21
33	2	16	11.11	18
34	0	30	0.00	30
35	1	18	5.26	19
36	1	17	5.56	18
37	1	31	3.12	32
38	1	22	4.35	23
39	0	11	0.00	11
40	0	10	0.00	10
41	0	12	0.00	12
42	0	7	0.00	7
43	1	12	7.69	13
44	2	18	10.00	20
45	0	5	0.00	5
46	0	13	0.00	13
47	0	8	0.00	8
48	1	7	12.50	8
49	0	5	0.00	5
50	0	6	0.00	6
51	0	4	0.00	4
52	0	7	0.00	7
53	1	7	12.50	8
54	2	2	50.00	4
55	1	2	33.33	3
56	1	6	14.29	7
57	1	1	50.00	2
58	0	2	0.00	2
59	0	2	0.00	2
60	0	1	0.00	1
61	0	0		0
62	1	2	33.33	3
63	0	1	0.00	1
64	0	0		0
65	1	1	50.00	2
66	0	6	0.00	6
67	0	0		0
68	0	0		0
69	0	0		0
70	0	1	0.00	1
71	0	1	0.00	1
72	0	0		0
73	0	1	0.00	1
74	0	0		0
75	0	1	0.00	1
76	0	1	0.00	1
77	0	1	0.00	1
78	0	0		0
79	0	0		0
80	0	0		0
81	0	0		0
82	0	0		0
83	0	0		0
84	0	0		0
85	0	1	0.00	1
86	0	0		0
87	0	0		0
88	0	0		0
89	0	1	0.00	1
90	0	0		0
91	0	0		0
92	0	1	0.00	1
93	0	0		0
94	0	0		0
95	0	1	0.00	1

CHG context (R2)
================
position	count methylated	count unmethylated	% methylation	coverage
1	13	2130	0.61	2143
2	0	17	0.00	17
3	0	4	0.00	4
4	1	57	1.72	58
5	1	57	1.72	58
6	0	70	0.00	70
7	0	76	0.00	76
8	1	93	1.06	94
9	0	73	0.00	73
10	0	72	0.00	72
11	2	77	2.53	79
12	0	32	0.00	32
13	0	43	0.00	43
14	0	66	0.00	66
15	0	42	0.00	42
16	0	52	0.00	52
17	0	61	0.00	61
18	0	62	0.00	62
19	0	44	0.00	44
20	0	53	0.00	53
21	0	40	0.00	40
22	0	44	0.00	44
23	0	30	0.00	30
24	0	25	0.00	25
25	0	47	0.00	47
26	0	16	0.00	16
27	0	17	0.00	17
28	0	23	0.00	23
29	1	27	3.57	28
30	0	31	0.00	31
31	0	23	0.00	23
32	0	20	0.00	20
33	0	26	0.00	26
34	0	24	0.00	24
35	0	25	0.00	25
36	0	17	0.00	17
37	0	9	0.00	9
38	0	10	0.00	10
39	1	11	8.33	12
40	0	18	0.00	18
41	1	14	6.67	15
42	0	11	0.00	11
43	0	4	0.00	4
44	0	3	0.00	3
45	0	9	0.00	9
46	0	3	0.00	3
47	0	5	0.00	5
48	0	5	0.00	5
49	0	10	0.00	10
50	0	15	0.00	15
51	0	2	0.00	2
52	0	9	0.00	9
53	0	4	0.00	4
54	0	7	0.00	7
55	0	3	0.00	3
56	0	6	0.00	6
57	0	0		0
58	0	5	0.00	5
59	0	1	0.00	1
60	0	4	0.00	4
61	0	2	0.00	2
62	0	1	0.00	1
63	0	5	0.00	5
64	0	2	0.00	2
65	0	0		0
66	0	0		0
67	0	6	0.00	6
68	0	1	0.00	1
69	0	0		0
70	0	1	0.00	1
71	0	1	0.00	1
72	0	0		0
73	0	1	0.00	1
74	0	0		0
75	0	0		0
76	0	0		0
77	0	0		0
78	0	0		0
79	0	2	0.00	2
80	0	0		0
81	0	0		0
82	0	0		0
83	0	0		0
84	0	0		0
85	0	0		0
86	0	0		0
87	0	0		0
88	0	0		0
89	0	0		0
90	0	0		0
91	0	0		0
92	0	0		0
93	0	0		0
94	0	0		0
95	0	0		0

CHH context (R2)
================
position	count methylated	count unmethylated	% methylation	coverage
1	0	6	0.00	6
2	6	982	0.61	988
3	0	267	0.00	267
4	0	193	0.00	193
5	0	143	0.00	143
6	0	95	0.00	95
7	1	107	0.93	108
8	0	142	0.00	142
9	0	115	0.00	115
10	0	125	0.00	125
11	0	84	0.00	84
12	0	89	0.00	89
13	0	61	0.00	61
14	0	73	0.00	73
15	0	72	0.00	72
16	0	55	0.00	55
17	1	69	1.43	70
18	0	98	0.00	98
19	1	86	1.15	87
20	1	60	1.64	61
21	0	59	0.00	59
22	0	47	0.00	47
23	0	44	0.00	44
24	0	35	0.00	35
25	0	55	0.00	55
26	0	38	0.00	38
27	0	31	0.00	31
28	0	32	0.00	32
29	0	38	0.00	38
30	0	28	0.00	28
31	0	36	0.00	36
32	0	29	0.00	29
33	1	18	5.26	19
34	0	28	0.00	28
35	0	31	0.00	31
36	0	24	0.00	24
37	1	20	4.76	21
38	0	19	0.00	19
39	0	13	0.00	13
40	0	19	0.00	19
41	0	15	0.00	15
42	0	17	0.00	17
43	0	18	0.00	18
44	0	20	0.00	20
45	0	12	0.00	12
46	1	15	6.25	16
47	0	14	0.00	14
48	0	5	0.00	5
49	0	7	0.00	7
50	0	7	0.00	7
51	0	21	0.00	21
52	0	17	0.00	17
53	0	12	0.00	12
54	0	10	0.00	10
55	0	9	0.00	9
56	0	12	0.00	12
57	0	5	0.00	5
58	0	6	0.00	6
59	0	3	0.00	3
60	1	3	25.00	4
61	0	0		0
62	0	4	0.00	4
63	0	1	0.00	1
64	0	2	0.00	2
65	0	1	0.00	1
66	0	0		0
67	0	0		0
68	0	3	0.00	3
69	0	4	0.00	4
70	0	0		0
71	0	0		0
72	0	1	0.00	1
73	0	1	0.00	1
74	0	1	0.00	1
75	0	1	0.00	1
76	0	0		0
77	0	0		0
78	0	0		0
79	0	0		0
80	0	1	0.00	1
81	0	0		0
82	0	0		0
83	0	0		0
84	0	1	0.00	1
85	0	0		0
86	0	0		0
87	0	0		0
88	0	0		0
89	0	0		0
90	0	0		0
91	0	0		0
92	0	0		0
93	0	0		0
94	0	0		0
95	0	0		0

