CpG context (R1)
================
position	count methylated	count unmethylated	% methylation	coverage
1	213	2155	8.99	2368
2	0	11	0.00	11
3	0	19	0.00	19
4	17	181	8.59	198
5	9	212	4.07	221
6	9	244	3.56	253
7	12	200	5.66	212
8	10	300	3.23	310
9	13	235	5.24	248
10	16	256	5.88	272
11	6	238	2.46	244
12	15	259	5.47	274
13	21	286	6.84	307
14	9	218	3.96	227
15	13	266	4.66	279
16	10	269	3.58	279
17	12	249	4.60	261
18	10	218	4.39	228
19	26	297	8.05	323
20	8	225	3.43	233
21	5	209	2.34	214
22	15	283	5.03	298
23	17	246	6.46	263
24	7	226	3.00	233
25	14	292	4.58	306
26	9	306	2.86	315
27	14	258	5.15	272
28	14	244	5.43	258
29	12	271	4.24	283
30	21	251	7.72	272
31	10	267	3.61	277
32	11	290	3.65	301
33	11	213	4.91	224
34	13	274	4.53	287
35	10	268	3.60	278
36	10	204	4.67	214
37	12	287	4.01	299
38	13	225	5.46	238
39	14	237	5.58	251
40	8	253	3.07	261
41	20	237	7.78	257
42	11	262	4.03	273
43	9	241	3.60	250
44	14	260	5.11	274
45	20	253	7.33	273
46	11	231	4.55	242
47	17	272	5.88	289
48	14	251	5.28	265
49	12	193	5.85	205
50	12	234	4.88	246
51	10	221	4.33	231
52	10	257	3.75	267
53	12	228	5.00	240
54	9	240	3.61	249
55	10	291	3.32	301
56	3	215	1.38	218
57	11	245	4.30	256
58	12	248	4.62	260
59	9	273	3.19	282
60	6	248	2.36	254
61	10	245	3.92	255
62	14	240	5.51	254
63	16	218	6.84	234
64	9	251	3.46	260
65	10	251	3.83	261
66	12	243	4.71	255
67	12	216	5.26	228
68	11	182	5.70	193
69	9	206	4.19	215
70	7	200	3.38	207
71	11	221	4.74	232
72	4	231	1.70	235
73	13	214	5.73	227
74	14	189	6.90	203
75	7	175	3.85	182
76	18	163	9.94	181
77	10	225	4.26	235
78	9	173	4.95	182
79	9	218	3.96	227
80	8	186	4.12	194
81	7	154	4.35	161
82	9	192	4.48	201
83	6	125	4.58	131
84	5	175	2.78	180
85	5	186	2.62	191
86	4	163	2.40	167
87	8	171	4.47	179
88	5	132	3.65	137
89	7	147	4.55	154
90	7	114	5.79	121
91	3	145	2.03	148
92	4	140	2.78	144
93	5	141	3.42	146
94	1	140	0.71	141
95	7	117	5.65	124
96	7	110	5.98	117
97	8	132	5.71	140
98	7	117	5.65	124
99	1	48	2.04	49
100	0	7	0.00	7
101	0	7	0.00	7
102	0	3	0.00	3
103	1	8	11.11	9
104	0	4	0.00	4
105	2	3	40.00	5
106	0	2	0.00	2
107	0	3	0.00	3
108	1	5	16.67	6
109	1	8	11.11	9
110	0	3	0.00	3
111	0	6	0.00	6
112	0	5	0.00	5
113	0	3	0.00	3
114	0	2	0.00	2
115	0	1	0.00	1
116	0	3	0.00	3
117	0	3	0.00	3
118	0	0		0
119	1	4	20.00	5
120	0	4	0.00	4
121	0	0		0
122	0	5	0.00	5
123	0	1	0.00	1
124	0	2	0.00	2
125	0	0		0
126	1	3	25.00	4
127	0	0		0
128	0	4	0.00	4
129	0	1	0.00	1
130	0	2	0.00	2
131	0	3	0.00	3
132	0	0		0
133	0	2	0.00	2
134	0	2	0.00	2
135	0	0		0
136	1	4	20.00	5
137	0	2	0.00	2
138	1	2	33.33	3
139	0	0		0
140	0	2	0.00	2
141	0	1	0.00	1
142	0	1	0.00	1
143	0	0		0
144	0	0		0
145	0	0		0
146	0	0		0
147	0	0		0
148	0	2	0.00	2
149	0	0		0

CHG context (R1)
================
position	count methylated	count unmethylated	% methylation	coverage
1	0	11	0.00	11
2	0	27	0.00	27
3	0	15	0.00	15
4	0	131	0.00	131
5	0	192	0.00	192
6	0	251	0.00	251
7	0	237	0.00	237
8	1	216	0.46	217
9	3	231	1.28	234
10	0	207	0.00	207
11	1	219	0.45	220
12	0	215	0.00	215
13	0	200	0.00	200
14	0	209	0.00	209
15	0	235	0.00	235
16	1	231	0.43	232
17	0	249	0.00	249
18	0	256	0.00	256
19	0	191	0.00	191
20	0	171	0.00	171
21	2	224	0.88	226
22	0	226	0.00	226
23	0	205	0.00	205
24	0	185	0.00	185
25	1	242	0.41	243
26	1	210	0.47	211
27	0	234	0.00	234
28	0	268	0.00	268
29	1	205	0.49	206
30	1	177	0.56	178
31	1	204	0.49	205
32	0	218	0.00	218
33	1	254	0.39	255
34	1	215	0.46	216
35	0	206	0.00	206
36	0	222	0.00	222
37	0	204	0.00	204
38	1	185	0.54	186
39	1	224	0.44	225
40	0	226	0.00	226
41	2	268	0.74	270
42	0	224	0.00	224
43	1	201	0.50	202
44	0	236	0.00	236
45	2	189	1.05	191
46	1	235	0.42	236
47	2	172	1.15	174
48	3	205	1.44	208
49	1	211	0.47	212
50	0	208	0.00	208
51	1	214	0.47	215
52	2	206	0.96	208
53	2	194	1.02	196
54	3	208	1.42	211
55	0	177	0.00	177
56	1	204	0.49	205
57	1	212	0.47	213
58	0	211	0.00	211
59	0	184	0.00	184
60	0	154	0.00	154
61	1	191	0.52	192
62	0	178	0.00	178
63	0	193	0.00	193
64	0	194	0.00	194
65	1	201	0.50	202
66	1	176	0.56	177
67	0	181	0.00	181
68	1	186	0.53	187
69	0	178	0.00	178
70	0	198	0.00	198
71	1	159	0.62	160
72	0	182	0.00	182
73	0	163	0.00	163
74	2	159	1.24	161
75	0	141	0.00	141
76	1	165	0.60	166
77	1	176	0.56	177
78	1	147	0.68	148
79	0	152	0.00	152
80	2	148	1.33	150
81	0	185	0.00	185
82	0	137	0.00	137
83	1	138	0.72	139
84	0	147	0.00	147
85	2	115	1.71	117
86	0	152	0.00	152
87	0	107	0.00	107
88	1	148	0.67	149
89	0	126	0.00	126
90	0	97	0.00	97
91	1	145	0.68	146
92	1	93	1.06	94
93	0	89	0.00	89
94	0	82	0.00	82
95	1	90	1.10	91
96	0	109	0.00	109
97	0	143	0.00	143
98	0	110	0.00	110
99	0	32	0.00	32
100	0	4	0.00	4
101	0	4	0.00	4
102	0	12	0.00	12
103	0	6	0.00	6
104	0	1	0.00	1
105	0	5	0.00	5
106	0	6	0.00	6
107	0	2	0.00	2
108	0	7	0.00	7
109	0	2	0.00	2
110	0	3	0.00	3
111	0	3	0.00	3
112	0	4	0.00	4
113	0	2	0.00	2
114	0	2	0.00	2
115	0	3	0.00	3
116	0	0		0
117	0	0		0
118	0	4	0.00	4
119	0	2	0.00	2
120	0	0		0
121	0	2	0.00	2
122	0	0		0
123	0	1	0.00	1
124	0	1	0.00	1
125	0	0		0
126	0	0		0
127	0	0		0
128	0	4	0.00	4
129	0	1	0.00	1
130	0	2	0.00	2
131	0	0		0
132	0	1	0.00	1
133	0	1	0.00	1
134	0	0		0
135	0	3	0.00	3
136	0	1	0.00	1
137	0	0		0
138	0	0		0
139	0	3	0.00	3
140	0	0		0
141	0	0		0
142	0	2	0.00	2
143	0	0		0
144	0	0		0
145	0	0		0
146	0	0		0
147	0	0		0
148	0	0		0
149	0	3	0.00	3

CHH context (R1)
================
position	count methylated	count unmethylated	% methylation	coverage
1	4	32	11.11	36
2	1	40	2.44	41
3	0	30	0.00	30
4	2	319	0.62	321
5	0	397	0.00	397
6	1	405	0.25	406
7	3	372	0.80	375
8	1	324	0.31	325
9	1	321	0.31	322
10	2	318	0.62	320
11	2	302	0.66	304
12	0	335	0.00	335
13	1	397	0.25	398
14	3	372	0.80	375
15	2	353	0.56	355
16	1	364	0.27	365
17	0	314	0.00	314
18	3	302	0.98	305
19	1	319	0.31	320
20	4	361	1.10	365
21	1	352	0.28	353
22	0	342	0.00	342
23	0	320	0.00	320
24	0	365	0.00	365
25	2	388	0.51	390
26	0	333	0.00	333
27	2	415	0.48	417
28	0	373	0.00	373
29	3	322	0.92	325
30	0	370	0.00	370
31	1	351	0.28	352
32	2	373	0.53	375
33	2	324	0.61	326
34	2	319	0.62	321
35	1	298	0.33	299
36	0	372	0.00	372
37	4	325	1.22	329
38	1	330	0.30	331
39	1	342	0.29	343
40	0	352	0.00	352
41	0	322	0.00	322
42	0	320	0.00	320
43	2	337	0.59	339
44	1	336	0.30	337
45	3	277	1.07	280
46	2	332	0.60	334
47	0	327	0.00	327
48	1	319	0.31	320
49	0	398	0.00	398
50	1	407	0.25	408
51	1	398	0.25	399
52	1	377	0.26	378
53	1	343	0.29	344
54	1	317	0.31	318
55	1	344	0.29	345
56	2	296	0.67	298
57	0	314	0.00	314
58	0	273	0.00	273
59	2	305	0.65	307
60	0	308	0.00	308
61	1	334	0.30	335
62	3	309	0.96	312
63	0	316	0.00	316
64	2	331	0.60	333
65	0	322	0.00	322
66	2	298	0.67	300
67	0	308	0.00	308
68	1	354	0.28	355
69	0	301	0.00	301
70	0	289	0.00	289
71	3	287	1.03	290
72	1	266	0.37	267
73	0	279	0.00	279
74	1	258	0.39	259
75	0	333	0.00	333
76	1	299	0.33	300
77	0	278	0.00	278
78	0	266	0.00	266
79	0	268	0.00	268
80	0	273	0.00	273
81	0	262	0.00	262
82	3	278	1.07	281
83	1	229	0.43	230
84	0	245	0.00	245
85	1	260	0.38	261
86	0	254	0.00	254
87	0	226	0.00	226
88	0	257	0.00	257
89	1	210	0.47	211
90	0	194	0.00	194
91	0	184	0.00	184
92	0	185	0.00	185
93	2	180	1.10	182
94	0	162	0.00	162
95	0	209	0.00	209
96	0	158	0.00	158
97	0	159	0.00	159
98	1	149	0.67	150
99	0	66	0.00	66
100	0	7	0.00	7
101	0	10	0.00	10
102	0	5	0.00	5
103	0	2	0.00	2
104	0	6	0.00	6
105	0	8	0.00	8
106	0	8	0.00	8
107	0	6	0.00	6
108	0	4	0.00	4
109	0	1	0.00	1
110	0	5	0.00	5
111	1	4	20.00	5
112	0	2	0.00	2
113	0	4	0.00	4
114	0	5	0.00	5
115	0	3	0.00	3
116	0	0		0
117	0	4	0.00	4
118	0	3	0.00	3
119	0	2	0.00	2
120	0	1	0.00	1
121	0	2	0.00	2
122	0	3	0.00	3
123	0	1	0.00	1
124	0	3	0.00	3
125	0	1	0.00	1
126	0	2	0.00	2
127	0	1	0.00	1
128	0	1	0.00	1
129	0	0		0
130	0	1	0.00	1
131	0	1	0.00	1
132	0	1	0.00	1
133	0	3	0.00	3
134	0	0		0
135	0	0		0
136	0	0		0
137	0	0		0
138	0	0		0
139	0	1	0.00	1
140	0	0		0
141	0	0		0
142	0	0		0
143	0	0		0
144	0	0		0
145	0	0		0
146	0	0		0
147	0	1	0.00	1
148	0	1	0.00	1
149	0	0		0

CpG context (R2)
================
position	count methylated	count unmethylated	% methylation	coverage
1	0	22	0.00	22
2	1	15	6.25	16
3	2	79	2.47	81
4	4	67	5.63	71
5	2	89	2.20	91
6	4	79	4.82	83
7	8	137	5.52	145
8	1	92	1.08	93
9	5	78	6.02	83
10	7	93	7.00	100
11	4	61	6.15	65
12	8	59	11.94	67
13	0	74	0.00	74
14	0	41	0.00	41
15	6	53	10.17	59
16	1	55	1.79	56
17	1	35	2.78	36
18	3	50	5.66	53
19	1	40	2.44	41
20	0	45	0.00	45
21	5	36	12.20	41
22	0	39	0.00	39
23	1	33	2.94	34
24	2	56	3.45	58
25	2	36	5.26	38
26	1	35	2.78	36
27	3	27	10.00	30
28	0	38	0.00	38
29	2	42	4.55	44
30	1	25	3.85	26
31	1	28	3.45	29
32	1	25	3.85	26
33	1	13	7.14	14
34	1	16	5.88	17
35	0	7	0.00	7
36	0	17	0.00	17
37	0	21	0.00	21
38	0	20	0.00	20
39	0	12	0.00	12
40	0	9	0.00	9
41	0	6	0.00	6
42	0	8	0.00	8
43	1	10	9.09	11
44	1	16	5.88	17
45	0	3	0.00	3
46	1	8	11.11	9
47	0	9	0.00	9
48	1	6	14.29	7
49	1	4	20.00	5
50	1	6	14.29	7
51	0	6	0.00	6
52	1	6	14.29	7
53	0	1	0.00	1
54	0	5	0.00	5
55	0	2	0.00	2
56	0	2	0.00	2
57	0	3	0.00	3
58	1	5	16.67	6
59	0	3	0.00	3
60	0	3	0.00	3
61	0	5	0.00	5
62	0	1	0.00	1
63	0	1	0.00	1
64	0	1	0.00	1
65	0	4	0.00	4
66	0	1	0.00	1
67	0	0		0
68	0	3	0.00	3
69	0	2	0.00	2
70	0	2	0.00	2
71	1	1	50.00	2
72	0	0		0
73	0	0		0
74	0	1	0.00	1
75	0	1	0.00	1
76	0	1	0.00	1
77	0	1	0.00	1
78	1	1	50.00	2
79	0	0		0
80	0	0		0
81	0	0		0
82	1	0	100.00	1
83	0	1	0.00	1
84	0	0		0
85	0	1	0.00	1
86	0	0		0
87	0	0		0
88	0	3	0.00	3
89	0	1	0.00	1
90	0	0		0
91	0	2	0.00	2
92	0	2	0.00	2
93	0	1	0.00	1
94	0	4	0.00	4
95	0	0		0
96	0	2	0.00	2
97	0	1	0.00	1

CHG context (R2)
================
position	count methylated	count unmethylated	% methylation	coverage
1	15	2116	0.70	2131
2	0	24	0.00	24
3	0	8	0.00	8
4	1	42	2.33	43
5	0	54	0.00	54
6	0	80	0.00	80
7	0	67	0.00	67
8	1	103	0.96	104
9	0	65	0.00	65
10	0	60	0.00	60
11	2	74	2.63	76
12	0	34	0.00	34
13	0	50	0.00	50
14	1	50	1.96	51
15	1	40	2.44	41
16	0	48	0.00	48
17	0	61	0.00	61
18	0	48	0.00	48
19	0	60	0.00	60
20	0	60	0.00	60
21	0	31	0.00	31
22	0	65	0.00	65
23	0	20	0.00	20
24	0	20	0.00	20
25	0	35	0.00	35
26	0	23	0.00	23
27	0	16	0.00	16
28	0	16	0.00	16
29	0	46	0.00	46
30	0	34	0.00	34
31	2	26	7.14	28
32	0	22	0.00	22
33	1	28	3.45	29
34	0	30	0.00	30
35	0	21	0.00	21
36	0	20	0.00	20
37	0	8	0.00	8
38	0	11	0.00	11
39	0	10	0.00	10
40	0	14	0.00	14
41	0	13	0.00	13
42	0	6	0.00	6
43	0	7	0.00	7
44	0	7	0.00	7
45	0	8	0.00	8
46	0	6	0.00	6
47	1	5	16.67	6
48	0	14	0.00	14
49	0	8	0.00	8
50	0	9	0.00	9
51	0	1	0.00	1
52	0	10	0.00	10
53	0	1	0.00	1
54	0	1	0.00	1
55	0	4	0.00	4
56	0	1	0.00	1
57	0	0		0
58	0	2	0.00	2
59	0	1	0.00	1
60	0	3	0.00	3
61	0	2	0.00	2
62	0	3	0.00	3
63	1	3	25.00	4
64	0	0		0
65	0	0		0
66	0	0		0
67	0	2	0.00	2
68	0	1	0.00	1
69	0	0		0
70	0	0		0
71	0	0		0
72	0	1	0.00	1
73	0	1	0.00	1
74	0	0		0
75	0	1	0.00	1
76	0	0		0
77	0	0		0
78	0	3	0.00	3
79	0	2	0.00	2
80	0	1	0.00	1
81	0	0		0
82	0	0		0
83	0	0		0
84	0	1	0.00	1
85	0	0		0
86	0	2	0.00	2
87	0	1	0.00	1
88	0	0		0
89	0	3	0.00	3
90	0	0		0
91	0	0		0
92	0	0		0
93	0	0		0
94	0	1	0.00	1
95	0	2	0.00	2
96	0	0		0
97	0	0		0

CHH context (R2)
================
position	count methylated	count unmethylated	% methylation	coverage
1	1	15	6.25	16
2	2	963	0.21	965
3	0	276	0.00	276
4	1	189	0.53	190
5	1	156	0.64	157
6	0	114	0.00	114
7	0	122	0.00	122
8	0	137	0.00	137
9	0	99	0.00	99
10	0	131	0.00	131
11	0	79	0.00	79
12	0	82	0.00	82
13	0	63	0.00	63
14	0	86	0.00	86
15	0	91	0.00	91
16	0	77	0.00	77
17	0	68	0.00	68
18	0	69	0.00	69
19	0	74	0.00	74
20	1	51	1.92	52
21	0	58	0.00	58
22	0	54	0.00	54
23	0	48	0.00	48
24	0	57	0.00	57
25	0	53	0.00	53
26	0	50	0.00	50
27	0	32	0.00	32
28	0	24	0.00	24
29	0	31	0.00	31
30	0	21	0.00	21
31	0	22	0.00	22
32	0	32	0.00	32
33	0	17	0.00	17
34	0	23	0.00	23
35	1	21	4.55	22
36	0	24	0.00	24
37	0	17	0.00	17
38	0	17	0.00	17
39	0	12	0.00	12
40	0	23	0.00	23
41	0	25	0.00	25
42	0	18	0.00	18
43	0	16	0.00	16
44	0	16	0.00	16
45	1	12	7.69	13
46	0	14	0.00	14
47	0	13	0.00	13
48	0	4	0.00	4
49	0	21	0.00	21
50	0	7	0.00	7
51	0	14	0.00	14
52	1	9	10.00	10
53	0	11	0.00	11
54	0	9	0.00	9
55	0	9	0.00	9
56	0	15	0.00	15
57	0	1	0.00	1
58	0	5	0.00	5
59	0	0		0
60	0	2	0.00	2
61	0	4	0.00	4
62	0	4	0.00	4
63	0	0		0
64	0	1	0.00	1
65	0	0		0
66	0	1	0.00	1
67	0	1	0.00	1
68	0	3	0.00	3
69	0	2	0.00	2
70	0	0		0
71	0	0		0
72	0	3	0.00	3
73	0	0		0
74	0	1	0.00	1
75	0	0		0
76	0	1	0.00	1
77	0	0		0
78	0	0		0
79	0	1	0.00	1
80	0	1	0.00	1
81	0	0		0
82	0	0		0
83	0	0		0
84	0	0		0
85	0	0		0
86	0	1	0.00	1
87	0	1	0.00	1
88	0	0		0
89	0	0		0
90	0	1	0.00	1
91	0	0		0
92	0	0		0
93	0	0		0
94	0	0		0
95	0	0		0
96	0	1	0.00	1
97	0	0		0

