CpG context (R1)
================
position	count methylated	count unmethylated	% methylation	coverage
1	197	2192	8.25	2389
2	0	16	0.00	16
3	2	12	14.29	14
4	9	195	4.41	204
5	11	209	5.00	220
6	12	271	4.24	283
7	9	237	3.66	246
8	10	241	3.98	251
9	11	244	4.31	255
10	16	256	5.88	272
11	12	241	4.74	253
12	20	304	6.17	324
13	19	274	6.48	293
14	11	269	3.93	280
15	7	261	2.61	268
16	18	275	6.14	293
17	9	202	4.27	211
18	7	258	2.64	265
19	7	292	2.34	299
20	12	230	4.96	242
21	10	230	4.17	240
22	13	278	4.47	291
23	11	297	3.57	308
24	9	220	3.93	229
25	16	308	4.94	324
26	8	280	2.78	288
27	12	295	3.91	307
28	14	251	5.28	265
29	12	275	4.18	287
30	15	256	5.54	271
31	12	303	3.81	315
32	12	282	4.08	294
33	18	243	6.90	261
34	19	268	6.62	287
35	17	233	6.80	250
36	12	216	5.26	228
37	12	258	4.44	270
38	11	232	4.53	243
39	14	261	5.09	275
40	7	245	2.78	252
41	8	256	3.03	264
42	11	276	3.83	287
43	15	245	5.77	260
44	17	263	6.07	280
45	24	264	8.33	288
46	13	215	5.70	228
47	14	289	4.62	303
48	15	281	5.07	296
49	14	215	6.11	229
50	7	228	2.98	235
51	15	228	6.17	243
52	14	241	5.49	255
53	12	248	4.62	260
54	8	250	3.10	258
55	17	318	5.07	335
56	12	212	5.36	224
57	13	264	4.69	277
58	13	248	4.98	261
59	11	265	3.99	276
60	15	273	5.21	288
61	11	228	4.60	239
62	15	233	6.05	248
63	13	216	5.68	229
64	8	237	3.27	245
65	8	224	3.45	232
66	10	254	3.79	264
67	14	191	6.83	205
68	11	180	5.76	191
69	7	192	3.52	199
70	16	202	7.34	218
71	10	261	3.69	271
72	5	236	2.07	241
73	8	235	3.29	243
74	5	170	2.86	175
75	6	170	3.41	176
76	11	192	5.42	203
77	9	211	4.09	220
78	5	185	2.63	190
79	7	201	3.37	208
80	6	169	3.43	175
81	6	179	3.24	185
82	9	197	4.37	206
83	3	113	2.59	116
84	4	165	2.37	169
85	4	176	2.22	180
86	12	155	7.19	167
87	9	183	4.69	192
88	0	107	0.00	107
89	6	129	4.44	135
90	2	131	1.50	133
91	4	131	2.96	135
92	7	145	4.61	152
93	7	123	5.38	130
94	3	115	2.54	118
95	7	116	5.69	123
96	5	96	4.95	101
97	9	109	7.63	118
98	1	119	0.83	120
99	3	47	6.00	50
100	0	5	0.00	5
101	1	3	25.00	4
102	0	2	0.00	2
103	0	7	0.00	7
104	0	2	0.00	2
105	0	1	0.00	1
106	1	5	16.67	6
107	0	4	0.00	4
108	0	8	0.00	8
109	0	3	0.00	3
110	0	0		0
111	0	4	0.00	4
112	1	5	16.67	6
113	1	1	50.00	2
114	1	0	100.00	1
115	1	4	20.00	5
116	1	2	33.33	3
117	0	6	0.00	6
118	0	2	0.00	2
119	0	0		0
120	0	3	0.00	3
121	0	2	0.00	2
122	0	4	0.00	4
123	0	1	0.00	1
124	0	1	0.00	1
125	0	2	0.00	2
126	1	1	50.00	2
127	0	1	0.00	1
128	2	2	50.00	4
129	0	5	0.00	5
130	1	1	50.00	2
131	0	0		0
132	1	0	100.00	1
133	0	0		0
134	0	2	0.00	2
135	0	0		0
136	0	1	0.00	1
137	0	2	0.00	2
138	0	0		0
139	0	2	0.00	2
140	0	0		0
141	0	0		0
142	0	0		0
143	0	0		0
144	0	2	0.00	2
145	0	0		0
146	0	0		0
147	0	0		0
148	0	0		0
149	0	0		0

CHG context (R1)
================
position	count methylated	count unmethylated	% methylation	coverage
1	0	16	0.00	16
2	0	19	0.00	19
3	0	10	0.00	10
4	2	135	1.46	137
5	0	210	0.00	210
6	0	223	0.00	223
7	3	265	1.12	268
8	2	206	0.96	208
9	0	254	0.00	254
10	1	202	0.49	203
11	1	230	0.43	231
12	0	221	0.00	221
13	0	217	0.00	217
14	0	194	0.00	194
15	1	266	0.37	267
16	1	205	0.49	206
17	1	238	0.42	239
18	0	235	0.00	235
19	2	213	0.93	215
20	1	179	0.56	180
21	2	223	0.89	225
22	2	272	0.73	274
23	0	193	0.00	193
24	0	187	0.00	187
25	0	234	0.00	234
26	2	198	1.00	200
27	1	199	0.50	200
28	1	221	0.45	222
29	1	179	0.56	180
30	1	195	0.51	196
31	1	241	0.41	242
32	1	182	0.55	183
33	2	238	0.83	240
34	2	224	0.88	226
35	0	236	0.00	236
36	0	229	0.00	229
37	1	210	0.47	211
38	0	228	0.00	228
39	2	220	0.90	222
40	1	205	0.49	206
41	1	286	0.35	287
42	1	224	0.44	225
43	0	230	0.00	230
44	0	251	0.00	251
45	1	194	0.51	195
46	0	251	0.00	251
47	2	232	0.85	234
48	0	197	0.00	197
49	1	229	0.43	230
50	0	211	0.00	211
51	0	225	0.00	225
52	1	222	0.45	223
53	2	174	1.14	176
54	0	193	0.00	193
55	1	149	0.67	150
56	0	201	0.00	201
57	0	180	0.00	180
58	1	215	0.46	216
59	0	191	0.00	191
60	2	144	1.37	146
61	0	191	0.00	191
62	0	161	0.00	161
63	0	167	0.00	167
64	1	185	0.54	186
65	1	200	0.50	201
66	2	166	1.19	168
67	1	180	0.55	181
68	0	189	0.00	189
69	0	198	0.00	198
70	1	176	0.56	177
71	0	191	0.00	191
72	0	161	0.00	161
73	0	165	0.00	165
74	0	140	0.00	140
75	1	137	0.72	138
76	0	171	0.00	171
77	0	165	0.00	165
78	1	134	0.74	135
79	0	167	0.00	167
80	0	146	0.00	146
81	0	182	0.00	182
82	0	106	0.00	106
83	0	153	0.00	153
84	0	124	0.00	124
85	0	117	0.00	117
86	1	150	0.66	151
87	0	86	0.00	86
88	2	118	1.67	120
89	0	129	0.00	129
90	4	99	3.88	103
91	0	136	0.00	136
92	0	93	0.00	93
93	0	84	0.00	84
94	1	144	0.69	145
95	0	88	0.00	88
96	0	97	0.00	97
97	0	114	0.00	114
98	0	87	0.00	87
99	2	46	4.17	48
100	0	4	0.00	4
101	0	7	0.00	7
102	0	6	0.00	6
103	0	4	0.00	4
104	0	3	0.00	3
105	0	5	0.00	5
106	0	5	0.00	5
107	0	2	0.00	2
108	0	4	0.00	4
109	0	3	0.00	3
110	0	2	0.00	2
111	0	2	0.00	2
112	0	5	0.00	5
113	0	1	0.00	1
114	0	2	0.00	2
115	0	0		0
116	0	2	0.00	2
117	0	1	0.00	1
118	0	3	0.00	3
119	0	1	0.00	1
120	0	4	0.00	4
121	0	1	0.00	1
122	0	1	0.00	1
123	0	0		0
124	0	0		0
125	0	1	0.00	1
126	0	3	0.00	3
127	0	0		0
128	0	3	0.00	3
129	0	0		0
130	0	0		0
131	0	0		0
132	0	0		0
133	0	1	0.00	1
134	0	0		0
135	0	0		0
136	0	2	0.00	2
137	0	0		0
138	0	0		0
139	0	1	0.00	1
140	0	0		0
141	0	1	0.00	1
142	0	0		0
143	0	1	0.00	1
144	0	0		0
145	0	0		0
146	0	1	0.00	1
147	0	0		0
148	0	0		0
149	0	0		0

CHH context (R1)
================
position	count methylated	count unmethylated	% methylation	coverage
1	0	28	0.00	28
2	0	16	0.00	16
3	0	17	0.00	17
4	1	349	0.29	350
5	1	413	0.24	414
6	3	400	0.74	403
7	2	377	0.53	379
8	2	381	0.52	383
9	3	322	0.92	325
10	2	316	0.63	318
11	2	286	0.69	288
12	1	317	0.31	318
13	1	347	0.29	348
14	2	355	0.56	357
15	2	358	0.56	360
16	1	360	0.28	361
17	1	307	0.32	308
18	2	303	0.66	305
19	1	305	0.33	306
20	2	344	0.58	346
21	1	338	0.29	339
22	0	304	0.00	304
23	1	347	0.29	348
24	1	348	0.29	349
25	1	337	0.30	338
26	1	348	0.29	349
27	0	394	0.00	394
28	4	347	1.14	351
29	0	380	0.00	380
30	0	360	0.00	360
31	1	374	0.27	375
32	0	340	0.00	340
33	1	328	0.30	329
34	1	323	0.31	324
35	2	294	0.68	296
36	3	342	0.87	345
37	1	344	0.29	345
38	0	314	0.00	314
39	3	334	0.89	337
40	1	317	0.31	318
41	1	336	0.30	337
42	2	325	0.61	327
43	0	320	0.00	320
44	0	325	0.00	325
45	0	286	0.00	286
46	0	349	0.00	349
47	0	301	0.00	301
48	0	333	0.00	333
49	1	414	0.24	415
50	1	388	0.26	389
51	0	393	0.00	393
52	1	347	0.29	348
53	0	355	0.00	355
54	0	299	0.00	299
55	0	336	0.00	336
56	0	276	0.00	276
57	1	312	0.32	313
58	0	264	0.00	264
59	1	302	0.33	303
60	0	305	0.00	305
61	1	328	0.30	329
62	1	352	0.28	353
63	1	315	0.32	316
64	2	333	0.60	335
65	1	297	0.34	298
66	1	291	0.34	292
67	0	345	0.00	345
68	1	363	0.27	364
69	0	320	0.00	320
70	2	272	0.73	274
71	1	246	0.40	247
72	0	263	0.00	263
73	0	281	0.00	281
74	0	273	0.00	273
75	1	287	0.35	288
76	1	295	0.34	296
77	1	264	0.38	265
78	1	260	0.38	261
79	2	242	0.82	244
80	0	304	0.00	304
81	1	221	0.45	222
82	2	266	0.75	268
83	0	221	0.00	221
84	3	230	1.29	233
85	1	228	0.44	229
86	0	248	0.00	248
87	1	211	0.47	212
88	2	271	0.73	273
89	0	224	0.00	224
90	1	172	0.58	173
91	0	174	0.00	174
92	1	167	0.60	168
93	1	163	0.61	164
94	1	158	0.63	159
95	1	194	0.51	195
96	0	135	0.00	135
97	1	137	0.72	138
98	0	149	0.00	149
99	1	64	1.54	65
100	0	13	0.00	13
101	0	8	0.00	8
102	0	7	0.00	7
103	0	6	0.00	6
104	0	8	0.00	8
105	0	9	0.00	9
106	0	8	0.00	8
107	0	8	0.00	8
108	0	1	0.00	1
109	0	2	0.00	2
110	0	4	0.00	4
111	0	3	0.00	3
112	0	1	0.00	1
113	0	5	0.00	5
114	0	3	0.00	3
115	0	3	0.00	3
116	0	2	0.00	2
117	0	3	0.00	3
118	0	3	0.00	3
119	0	3	0.00	3
120	0	2	0.00	2
121	0	1	0.00	1
122	0	2	0.00	2
123	0	2	0.00	2
124	0	1	0.00	1
125	0	2	0.00	2
126	0	3	0.00	3
127	0	2	0.00	2
128	0	0		0
129	0	0		0
130	0	2	0.00	2
131	0	2	0.00	2
132	0	2	0.00	2
133	0	1	0.00	1
134	0	0		0
135	0	2	0.00	2
136	0	0		0
137	0	1	0.00	1
138	0	0		0
139	0	0		0
140	0	0		0
141	0	0		0
142	0	0		0
143	0	0		0
144	0	0		0
145	0	1	0.00	1
146	0	1	0.00	1
147	0	1	0.00	1
148	0	0		0
149	0	2	0.00	2

CpG context (R2)
================
position	count methylated	count unmethylated	% methylation	coverage
1	0	19	0.00	19
2	0	12	0.00	12
3	3	64	4.48	67
4	2	83	2.35	85
5	5	93	5.10	98
6	3	98	2.97	101
7	5	118	4.07	123
8	3	57	5.00	60
9	2	78	2.50	80
10	3	76	3.80	79
11	2	54	3.57	56
12	5	63	7.35	68
13	4	65	5.80	69
14	2	38	5.00	40
15	2	55	3.51	57
16	1	49	2.00	50
17	1	30	3.23	31
18	3	58	4.92	61
19	2	35	5.41	37
20	1	66	1.49	67
21	2	27	6.90	29
22	1	36	2.70	37
23	2	50	3.85	52
24	4	49	7.55	53
25	1	33	2.94	34
26	2	27	6.90	29
27	4	33	10.81	37
28	1	23	4.17	24
29	3	40	6.98	43
30	3	15	16.67	18
31	3	37	7.50	40
32	1	21	4.55	22
33	2	17	10.53	19
34	1	16	5.88	17
35	0	12	0.00	12
36	1	16	5.88	17
37	0	22	0.00	22
38	1	23	4.17	24
39	0	11	0.00	11
40	1	16	5.88	17
41	0	9	0.00	9
42	1	11	8.33	12
43	1	8	11.11	9
44	1	17	5.56	18
45	0	3	0.00	3
46	1	11	8.33	12
47	0	6	0.00	6
48	1	7	12.50	8
49	0	5	0.00	5
50	1	4	20.00	5
51	0	6	0.00	6
52	1	6	14.29	7
53	0	4	0.00	4
54	0	4	0.00	4
55	0	2	0.00	2
56	0	6	0.00	6
57	0	3	0.00	3
58	0	4	0.00	4
59	0	1	0.00	1
60	0	4	0.00	4
61	0	2	0.00	2
62	0	1	0.00	1
63	0	1	0.00	1
64	0	1	0.00	1
65	0	1	0.00	1
66	0	1	0.00	1
67	0	1	0.00	1
68	0	2	0.00	2
69	0	2	0.00	2
70	0	0		0
71	1	0	100.00	1
72	0	2	0.00	2
73	0	1	0.00	1
74	0	1	0.00	1
75	0	0		0
76	0	1	0.00	1
77	0	1	0.00	1
78	1	0	100.00	1
79	0	1	0.00	1
80	0	1	0.00	1
81	0	0		0
82	0	2	0.00	2
83	0	0		0
84	0	0		0
85	0	0		0
86	0	2	0.00	2
87	0	1	0.00	1
88	0	0		0
89	0	0		0
90	0	0		0
91	1	2	33.33	3
92	0	0		0
93	0	1	0.00	1
94	0	0		0
95	0	0		0
96	0	0		0
97	0	1	0.00	1

CHG context (R2)
================
position	count methylated	count unmethylated	% methylation	coverage
1	20	2137	0.93	2157
2	1	20	4.76	21
3	0	3	0.00	3
4	0	38	0.00	38
5	0	70	0.00	70
6	0	80	0.00	80
7	0	84	0.00	84
8	1	88	1.12	89
9	0	84	0.00	84
10	0	57	0.00	57
11	0	64	0.00	64
12	0	30	0.00	30
13	1	54	1.82	55
14	1	55	1.79	56
15	0	53	0.00	53
16	0	46	0.00	46
17	0	49	0.00	49
18	0	36	0.00	36
19	0	50	0.00	50
20	0	51	0.00	51
21	0	40	0.00	40
22	0	47	0.00	47
23	0	23	0.00	23
24	0	24	0.00	24
25	1	39	2.50	40
26	0	21	0.00	21
27	0	15	0.00	15
28	0	28	0.00	28
29	0	24	0.00	24
30	0	19	0.00	19
31	0	25	0.00	25
32	0	21	0.00	21
33	0	23	0.00	23
34	0	22	0.00	22
35	1	28	3.45	29
36	0	18	0.00	18
37	0	9	0.00	9
38	0	14	0.00	14
39	0	15	0.00	15
40	0	12	0.00	12
41	0	17	0.00	17
42	0	6	0.00	6
43	0	8	0.00	8
44	0	7	0.00	7
45	1	8	11.11	9
46	0	4	0.00	4
47	0	6	0.00	6
48	0	4	0.00	4
49	0	8	0.00	8
50	0	11	0.00	11
51	0	3	0.00	3
52	0	6	0.00	6
53	0	3	0.00	3
54	0	3	0.00	3
55	0	5	0.00	5
56	0	1	0.00	1
57	0	0		0
58	0	2	0.00	2
59	0	1	0.00	1
60	0	1	0.00	1
61	0	2	0.00	2
62	0	2	0.00	2
63	0	2	0.00	2
64	0	0		0
65	0	1	0.00	1
66	0	3	0.00	3
67	0	1	0.00	1
68	0	0		0
69	0	0		0
70	0	1	0.00	1
71	0	0		0
72	0	1	0.00	1
73	0	1	0.00	1
74	0	0		0
75	0	0		0
76	0	0		0
77	0	1	0.00	1
78	0	0		0
79	0	0		0
80	0	1	0.00	1
81	0	1	0.00	1
82	0	0		0
83	0	0		0
84	0	0		0
85	0	1	0.00	1
86	0	1	0.00	1
87	0	0		0
88	0	0		0
89	0	1	0.00	1
90	0	0		0
91	0	0		0
92	0	0		0
93	0	0		0
94	0	0		0
95	0	1	0.00	1
96	0	0		0
97	0	0		0

CHH context (R2)
================
position	count methylated	count unmethylated	% methylation	coverage
1	0	11	0.00	11
2	3	1008	0.30	1011
3	1	226	0.44	227
4	0	172	0.00	172
5	0	126	0.00	126
6	0	79	0.00	79
7	0	95	0.00	95
8	0	139	0.00	139
9	0	127	0.00	127
10	1	125	0.79	126
11	1	84	1.18	85
12	0	84	0.00	84
13	0	67	0.00	67
14	0	94	0.00	94
15	0	85	0.00	85
16	0	67	0.00	67
17	0	67	0.00	67
18	1	70	1.41	71
19	0	57	0.00	57
20	0	53	0.00	53
21	0	50	0.00	50
22	0	46	0.00	46
23	0	46	0.00	46
24	0	38	0.00	38
25	0	49	0.00	49
26	0	34	0.00	34
27	0	42	0.00	42
28	1	25	3.85	26
29	0	38	0.00	38
30	0	36	0.00	36
31	0	31	0.00	31
32	0	32	0.00	32
33	1	21	4.55	22
34	0	24	0.00	24
35	0	41	0.00	41
36	0	27	0.00	27
37	1	17	5.56	18
38	0	27	0.00	27
39	0	12	0.00	12
40	1	14	6.67	15
41	0	11	0.00	11
42	0	14	0.00	14
43	0	10	0.00	10
44	0	15	0.00	15
45	0	16	0.00	16
46	1	22	4.35	23
47	0	15	0.00	15
48	0	4	0.00	4
49	0	11	0.00	11
50	0	7	0.00	7
51	0	15	0.00	15
52	0	16	0.00	16
53	0	12	0.00	12
54	0	7	0.00	7
55	0	10	0.00	10
56	0	9	0.00	9
57	0	4	0.00	4
58	0	4	0.00	4
59	0	3	0.00	3
60	0	0		0
61	0	2	0.00	2
62	0	3	0.00	3
63	0	2	0.00	2
64	0	3	0.00	3
65	0	2	0.00	2
66	0	1	0.00	1
67	0	2	0.00	2
68	0	1	0.00	1
69	0	2	0.00	2
70	0	0		0
71	0	0		0
72	0	0		0
73	0	0		0
74	0	1	0.00	1
75	0	1	0.00	1
76	0	0		0
77	0	0		0
78	0	0		0
79	0	1	0.00	1
80	0	1	0.00	1
81	0	0		0
82	0	0		0
83	0	0		0
84	0	0		0
85	0	0		0
86	0	0		0
87	0	1	0.00	1
88	0	0		0
89	0	1	0.00	1
90	0	0		0
91	0	0		0
92	0	0		0
93	0	0		0
94	0	1	0.00	1
95	0	0		0
96	0	0		0
97	0	0		0

