CpG context (R1)
================
position	count methylated	count unmethylated	% methylation	coverage
1	216	2172	9.05	2388
2	0	14	0.00	14
3	0	25	0.00	25
4	10	190	5.00	200
5	10	213	4.48	223
6	10	257	3.75	267
7	10	217	4.41	227
8	15	274	5.19	289
9	14	245	5.41	259
10	17	258	6.18	275
11	11	251	4.20	262
12	15	281	5.07	296
13	14	278	4.79	292
14	14	253	5.24	267
15	13	215	5.70	228
16	14	283	4.71	297
17	12	233	4.90	245
18	10	206	4.63	216
19	21	317	6.21	338
20	2	205	0.97	207
21	11	247	4.26	258
22	13	288	4.32	301
23	11	246	4.28	257
24	7	237	2.87	244
25	10	268	3.60	278
26	12	288	4.00	300
27	9	283	3.08	292
28	30	250	10.71	280
29	14	289	4.62	303
30	13	278	4.47	291
31	19	285	6.25	304
32	18	278	6.08	296
33	12	225	5.06	237
34	12	233	4.90	245
35	23	272	7.80	295
36	18	211	7.86	229
37	16	311	4.89	327
38	12	216	5.26	228
39	17	288	5.57	305
40	12	260	4.41	272
41	13	229	5.37	242
42	17	274	5.84	291
43	10	247	3.89	257
44	13	241	5.12	254
45	19	281	6.33	300
46	18	237	7.06	255
47	14	284	4.70	298
48	16	281	5.39	297
49	6	228	2.56	234
50	14	231	5.71	245
51	12	273	4.21	285
52	11	250	4.21	261
53	6	218	2.68	224
54	20	234	7.87	254
55	8	282	2.76	290
56	15	231	6.10	246
57	9	227	3.81	236
58	14	231	5.71	245
59	14	259	5.13	273
60	9	226	3.83	235
61	16	253	5.95	269
62	15	221	6.36	236
63	15	216	6.49	231
64	11	254	4.15	265
65	18	241	6.95	259
66	15	240	5.88	255
67	17	230	6.88	247
68	13	206	5.94	219
69	9	191	4.50	200
70	14	225	5.86	239
71	21	235	8.20	256
72	6	279	2.11	285
73	18	234	7.14	252
74	9	200	4.31	209
75	9	168	5.08	177
76	13	210	5.83	223
77	7	218	3.11	225
78	10	197	4.83	207
79	8	225	3.43	233
80	14	184	7.07	198
81	14	175	7.41	189
82	7	205	3.30	212
83	8	150	5.06	158
84	5	171	2.84	176
85	9	182	4.71	191
86	12	158	7.06	170
87	5	167	2.91	172
88	1	118	0.84	119
89	6	160	3.61	166
90	3	107	2.73	110
91	9	131	6.43	140
92	7	128	5.19	135
93	5	121	3.97	126
94	5	128	3.76	133
95	8	108	6.90	116
96	6	111	5.13	117
97	9	106	7.83	115
98	2	106	1.85	108
99	2	62	3.12	64
100	0	9	0.00	9
101	0	3	0.00	3
102	1	2	33.33	3
103	0	4	0.00	4
104	2	4	33.33	6
105	0	5	0.00	5
106	0	3	0.00	3
107	0	5	0.00	5
108	0	8	0.00	8
109	2	8	20.00	10
110	0	1	0.00	1
111	0	3	0.00	3
112	1	5	16.67	6
113	1	1	50.00	2
114	1	4	20.00	5
115	1	2	33.33	3
116	1	0	100.00	1
117	0	7	0.00	7
118	0	2	0.00	2
119	0	0		0
120	0	3	0.00	3
121	0	1	0.00	1
122	0	1	0.00	1
123	0	1	0.00	1
124	0	0		0
125	1	3	25.00	4
126	0	0		0
127	0	0		0
128	0	4	0.00	4
129	0	4	0.00	4
130	0	2	0.00	2
131	0	0		0
132	0	1	0.00	1
133	0	3	0.00	3
134	0	2	0.00	2
135	0	1	0.00	1
136	0	0		0
137	0	2	0.00	2
138	0	1	0.00	1
139	0	2	0.00	2
140	0	0		0
141	0	3	0.00	3
142	0	0		0
143	0	0		0
144	0	0		0
145	0	1	0.00	1
146	0	0		0
147	0	0		0
148	0	0		0
149	0	1	0.00	1

CHG context (R1)
================
position	count methylated	count unmethylated	% methylation	coverage
1	0	13	0.00	13
2	0	24	0.00	24
3	0	7	0.00	7
4	1	130	0.76	131
5	2	192	1.03	194
6	0	260	0.00	260
7	1	264	0.38	265
8	1	212	0.47	213
9	1	221	0.45	222
10	0	215	0.00	215
11	3	230	1.29	233
12	1	207	0.48	208
13	0	215	0.00	215
14	1	208	0.48	209
15	2	224	0.88	226
16	0	220	0.00	220
17	1	218	0.46	219
18	3	263	1.13	266
19	4	214	1.83	218
20	0	178	0.00	178
21	1	208	0.48	209
22	0	223	0.00	223
23	1	198	0.50	199
24	0	198	0.00	198
25	0	225	0.00	225
26	0	239	0.00	239
27	0	231	0.00	231
28	3	225	1.32	228
29	0	169	0.00	169
30	0	203	0.00	203
31	1	256	0.39	257
32	1	205	0.49	206
33	1	227	0.44	228
34	2	264	0.75	266
35	2	231	0.86	233
36	0	223	0.00	223
37	0	186	0.00	186
38	0	209	0.00	209
39	0	228	0.00	228
40	1	200	0.50	201
41	1	253	0.39	254
42	2	225	0.88	227
43	2	195	1.02	197
44	0	259	0.00	259
45	0	201	0.00	201
46	0	225	0.00	225
47	1	202	0.49	203
48	3	206	1.44	209
49	0	218	0.00	218
50	0	212	0.00	212
51	1	206	0.48	207
52	1	223	0.45	224
53	0	195	0.00	195
54	1	192	0.52	193
55	0	189	0.00	189
56	1	232	0.43	233
57	0	211	0.00	211
58	0	227	0.00	227
59	1	178	0.56	179
60	2	168	1.18	170
61	0	189	0.00	189
62	0	166	0.00	166
63	1	180	0.55	181
64	0	196	0.00	196
65	0	196	0.00	196
66	2	172	1.15	174
67	2	191	1.04	193
68	0	164	0.00	164
69	1	180	0.55	181
70	1	213	0.47	214
71	0	194	0.00	194
72	0	151	0.00	151
73	0	168	0.00	168
74	0	161	0.00	161
75	1	157	0.63	158
76	1	179	0.56	180
77	0	183	0.00	183
78	0	155	0.00	155
79	1	156	0.64	157
80	1	126	0.79	127
81	0	173	0.00	173
82	0	127	0.00	127
83	0	151	0.00	151
84	0	113	0.00	113
85	0	123	0.00	123
86	0	170	0.00	170
87	1	109	0.91	110
88	1	133	0.75	134
89	0	131	0.00	131
90	0	108	0.00	108
91	1	148	0.67	149
92	0	86	0.00	86
93	0	85	0.00	85
94	0	99	0.00	99
95	0	103	0.00	103
96	0	98	0.00	98
97	0	133	0.00	133
98	0	105	0.00	105
99	0	46	0.00	46
100	1	2	33.33	3
101	0	3	0.00	3
102	0	8	0.00	8
103	0	4	0.00	4
104	0	2	0.00	2
105	0	6	0.00	6
106	0	5	0.00	5
107	1	1	50.00	2
108	0	7	0.00	7
109	0	3	0.00	3
110	0	2	0.00	2
111	0	3	0.00	3
112	0	5	0.00	5
113	0	1	0.00	1
114	0	0		0
115	0	0		0
116	0	2	0.00	2
117	0	1	0.00	1
118	0	0		0
119	0	2	0.00	2
120	0	3	0.00	3
121	0	1	0.00	1
122	0	2	0.00	2
123	0	1	0.00	1
124	0	1	0.00	1
125	0	2	0.00	2
126	0	0		0
127	0	2	0.00	2
128	0	3	0.00	3
129	0	0		0
130	0	0		0
131	0	1	0.00	1
132	0	2	0.00	2
133	0	1	0.00	1
134	0	2	0.00	2
135	0	1	0.00	1
136	0	2	0.00	2
137	0	0		0
138	0	0		0
139	0	0		0
140	0	0		0
141	0	0		0
142	0	0		0
143	0	0		0
144	0	0		0
145	0	0		0
146	0	0		0
147	0	2	0.00	2
148	0	1	0.00	1
149	0	0		0

CHH context (R1)
================
position	count methylated	count unmethylated	% methylation	coverage
1	1	30	3.23	31
2	1	28	3.45	29
3	0	13	0.00	13
4	0	353	0.00	353
5	0	391	0.00	391
6	1	433	0.23	434
7	0	390	0.00	390
8	0	367	0.00	367
9	1	332	0.30	333
10	1	311	0.32	312
11	1	326	0.31	327
12	0	309	0.00	309
13	0	378	0.00	378
14	4	368	1.08	372
15	0	370	0.00	370
16	0	367	0.00	367
17	3	360	0.83	363
18	1	306	0.33	307
19	0	295	0.00	295
20	3	331	0.90	334
21	2	361	0.55	363
22	2	364	0.55	366
23	1	354	0.28	355
24	1	363	0.27	364
25	1	389	0.26	390
26	3	359	0.83	362
27	1	403	0.25	404
28	3	358	0.83	361
29	0	331	0.00	331
30	2	351	0.57	353
31	0	337	0.00	337
32	1	337	0.30	338
33	1	298	0.33	299
34	1	314	0.32	315
35	0	308	0.00	308
36	4	354	1.12	358
37	3	333	0.89	336
38	0	351	0.00	351
39	1	352	0.28	353
40	0	323	0.00	323
41	1	315	0.32	316
42	2	335	0.59	337
43	1	351	0.28	352
44	0	323	0.00	323
45	0	287	0.00	287
46	2	306	0.65	308
47	0	301	0.00	301
48	3	325	0.91	328
49	0	372	0.00	372
50	0	363	0.00	363
51	0	388	0.00	388
52	3	351	0.85	354
53	4	324	1.22	328
54	1	304	0.33	305
55	0	318	0.00	318
56	0	275	0.00	275
57	2	274	0.72	276
58	1	279	0.36	280
59	2	308	0.65	310
60	2	257	0.77	259
61	3	348	0.85	351
62	1	324	0.31	325
63	0	305	0.00	305
64	1	363	0.27	364
65	2	301	0.66	303
66	0	279	0.00	279
67	0	332	0.00	332
68	1	342	0.29	343
69	0	317	0.00	317
70	1	297	0.34	298
71	2	256	0.78	258
72	0	284	0.00	284
73	2	271	0.73	273
74	1	271	0.37	272
75	0	321	0.00	321
76	1	311	0.32	312
77	0	240	0.00	240
78	1	247	0.40	248
79	2	268	0.74	270
80	0	287	0.00	287
81	1	246	0.40	247
82	2	265	0.75	267
83	1	219	0.45	220
84	1	232	0.43	233
85	1	262	0.38	263
86	0	252	0.00	252
87	0	236	0.00	236
88	0	233	0.00	233
89	0	217	0.00	217
90	0	194	0.00	194
91	0	185	0.00	185
92	3	191	1.55	194
93	2	186	1.06	188
94	0	163	0.00	163
95	1	189	0.53	190
96	1	160	0.62	161
97	0	151	0.00	151
98	1	168	0.59	169
99	0	68	0.00	68
100	0	6	0.00	6
101	0	7	0.00	7
102	0	11	0.00	11
103	1	6	14.29	7
104	0	4	0.00	4
105	0	4	0.00	4
106	0	6	0.00	6
107	0	4	0.00	4
108	0	2	0.00	2
109	0	1	0.00	1
110	0	3	0.00	3
111	0	1	0.00	1
112	0	0		0
113	0	0		0
114	0	3	0.00	3
115	0	4	0.00	4
116	0	3	0.00	3
117	0	2	0.00	2
118	0	3	0.00	3
119	0	5	0.00	5
120	0	2	0.00	2
121	0	4	0.00	4
122	0	3	0.00	3
123	0	3	0.00	3
124	0	1	0.00	1
125	0	2	0.00	2
126	0	2	0.00	2
127	0	3	0.00	3
128	0	2	0.00	2
129	0	0		0
130	0	1	0.00	1
131	0	3	0.00	3
132	0	2	0.00	2
133	0	3	0.00	3
134	0	1	0.00	1
135	0	1	0.00	1
136	0	0		0
137	0	3	0.00	3
138	0	1	0.00	1
139	0	2	0.00	2
140	0	2	0.00	2
141	0	0		0
142	0	0		0
143	0	0		0
144	0	0		0
145	0	1	0.00	1
146	0	0		0
147	0	0		0
148	0	0		0
149	0	0		0

CpG context (R2)
================
position	count methylated	count unmethylated	% methylation	coverage
1	0	24	0.00	24
2	0	16	0.00	16
3	3	74	3.90	77
4	6	62	8.82	68
5	2	112	1.75	114
6	2	104	1.89	106
7	2	132	1.49	134
8	4	87	4.40	91
9	3	77	3.75	80
10	8	85	8.60	93
11	2	74	2.63	76
12	2	53	3.64	55
13	4	75	5.06	79
14	0	53	0.00	53
15	2	62	3.12	64
16	1	59	1.67	60
17	1	51	1.92	52
18	1	50	1.96	51
19	0	40	0.00	40
20	0	47	0.00	47
21	1	33	2.94	34
22	0	44	0.00	44
23	1	41	2.38	42
24	1	45	2.17	46
25	3	43	6.52	46
26	0	31	0.00	31
27	2	44	4.35	46
28	0	25	0.00	25
29	3	44	6.38	47
30	0	30	0.00	30
31	2	33	5.71	35
32	0	26	0.00	26
33	0	21	0.00	21
34	1	19	5.00	20
35	1	14	6.67	15
36	0	12	0.00	12
37	0	26	0.00	26
38	2	18	10.00	20
39	0	9	0.00	9
40	0	8	0.00	8
41	0	13	0.00	13
42	0	9	0.00	9
43	2	27	6.90	29
44	0	11	0.00	11
45	0	4	0.00	4
46	1	22	4.35	23
47	0	6	0.00	6
48	0	8	0.00	8
49	0	6	0.00	6
50	1	7	12.50	8
51	1	7	12.50	8
52	0	6	0.00	6
53	0	3	0.00	3
54	0	3	0.00	3
55	0	4	0.00	4
56	0	6	0.00	6
57	0	2	0.00	2
58	0	5	0.00	5
59	0	0		0
60	0	2	0.00	2
61	0	5	0.00	5
62	0	1	0.00	1
63	0	1	0.00	1
64	0	1	0.00	1
65	0	1	0.00	1
66	0	3	0.00	3
67	0	1	0.00	1
68	0	1	0.00	1
69	0	1	0.00	1
70	0	1	0.00	1
71	0	1	0.00	1
72	0	2	0.00	2
73	0	0		0
74	0	0		0
75	0	1	0.00	1
76	0	0		0
77	0	2	0.00	2
78	0	0		0
79	0	1	0.00	1
80	0	0		0
81	0	0		0
82	1	0	100.00	1
83	0	0		0
84	0	0		0
85	0	0		0
86	1	0	100.00	1
87	0	0		0
88	0	0		0
89	0	0		0
90	0	0		0
91	0	1	0.00	1
92	0	0		0
93	0	0		0
94	0	1	0.00	1
95	0	0		0
96	0	0		0
97	0	2	0.00	2

CHG context (R2)
================
position	count methylated	count unmethylated	% methylation	coverage
1	15	2153	0.69	2168
2	0	26	0.00	26
3	0	5	0.00	5
4	0	48	0.00	48
5	0	61	0.00	61
6	0	76	0.00	76
7	0	85	0.00	85
8	1	92	1.08	93
9	0	70	0.00	70
10	1	67	1.47	68
11	1	68	1.45	69
12	0	31	0.00	31
13	0	50	0.00	50
14	1	53	1.85	54
15	0	35	0.00	35
16	0	40	0.00	40
17	2	66	2.94	68
18	0	48	0.00	48
19	0	54	0.00	54
20	0	61	0.00	61
21	0	36	0.00	36
22	0	57	0.00	57
23	0	27	0.00	27
24	0	16	0.00	16
25	0	36	0.00	36
26	0	18	0.00	18
27	0	19	0.00	19
28	0	18	0.00	18
29	1	28	3.45	29
30	0	27	0.00	27
31	0	30	0.00	30
32	0	20	0.00	20
33	1	19	5.00	20
34	0	31	0.00	31
35	0	19	0.00	19
36	0	21	0.00	21
37	0	14	0.00	14
38	0	13	0.00	13
39	0	11	0.00	11
40	1	12	7.69	13
41	0	15	0.00	15
42	0	6	0.00	6
43	0	6	0.00	6
44	0	7	0.00	7
45	0	8	0.00	8
46	0	1	0.00	1
47	0	10	0.00	10
48	0	5	0.00	5
49	0	7	0.00	7
50	0	13	0.00	13
51	0	3	0.00	3
52	0	10	0.00	10
53	0	6	0.00	6
54	0	2	0.00	2
55	0	4	0.00	4
56	0	5	0.00	5
57	0	0		0
58	0	3	0.00	3
59	0	1	0.00	1
60	0	3	0.00	3
61	0	1	0.00	1
62	0	0		0
63	0	2	0.00	2
64	1	1	50.00	2
65	0	1	0.00	1
66	0	0		0
67	0	2	0.00	2
68	0	1	0.00	1
69	0	0		0
70	1	1	50.00	2
71	0	1	0.00	1
72	0	1	0.00	1
73	0	2	0.00	2
74	0	0		0
75	0	1	0.00	1
76	0	0		0
77	0	1	0.00	1
78	0	1	0.00	1
79	0	0		0
80	0	1	0.00	1
81	0	0		0
82	0	0		0
83	0	0		0
84	0	0		0
85	0	0		0
86	0	1	0.00	1
87	0	1	0.00	1
88	0	0		0
89	0	0		0
90	0	0		0
91	0	0		0
92	0	0		0
93	0	0		0
94	0	0		0
95	0	1	0.00	1
96	0	0		0
97	0	0		0

CHH context (R2)
================
position	count methylated	count unmethylated	% methylation	coverage
1	0	8	0.00	8
2	5	996	0.50	1001
3	1	274	0.36	275
4	0	187	0.00	187
5	1	141	0.70	142
6	0	88	0.00	88
7	0	91	0.00	91
8	0	133	0.00	133
9	0	122	0.00	122
10	0	118	0.00	118
11	0	89	0.00	89
12	0	97	0.00	97
13	2	52	3.70	54
14	0	80	0.00	80
15	0	78	0.00	78
16	0	67	0.00	67
17	0	58	0.00	58
18	1	73	1.35	74
19	1	75	1.32	76
20	0	48	0.00	48
21	0	48	0.00	48
22	0	38	0.00	38
23	0	51	0.00	51
24	0	37	0.00	37
25	1	49	2.00	50
26	0	33	0.00	33
27	0	32	0.00	32
28	0	26	0.00	26
29	0	26	0.00	26
30	0	31	0.00	31
31	0	29	0.00	29
32	0	25	0.00	25
33	0	20	0.00	20
34	0	28	0.00	28
35	0	31	0.00	31
36	0	22	0.00	22
37	0	13	0.00	13
38	0	15	0.00	15
39	0	8	0.00	8
40	0	21	0.00	21
41	0	17	0.00	17
42	0	16	0.00	16
43	0	11	0.00	11
44	0	21	0.00	21
45	0	10	0.00	10
46	0	15	0.00	15
47	0	12	0.00	12
48	0	7	0.00	7
49	0	7	0.00	7
50	0	7	0.00	7
51	0	16	0.00	16
52	0	13	0.00	13
53	0	15	0.00	15
54	0	10	0.00	10
55	0	11	0.00	11
56	0	11	0.00	11
57	0	7	0.00	7
58	0	4	0.00	4
59	0	2	0.00	2
60	0	3	0.00	3
61	0	2	0.00	2
62	0	6	0.00	6
63	0	1	0.00	1
64	0	3	0.00	3
65	0	3	0.00	3
66	0	1	0.00	1
67	0	1	0.00	1
68	0	2	0.00	2
69	0	3	0.00	3
70	0	0		0
71	0	0		0
72	0	0		0
73	0	0		0
74	0	2	0.00	2
75	0	0		0
76	0	0		0
77	0	0		0
78	0	0		0
79	0	2	0.00	2
80	0	1	0.00	1
81	0	0		0
82	0	0		0
83	0	0		0
84	0	0		0
85	0	0		0
86	0	0		0
87	0	1	0.00	1
88	0	0		0
89	0	1	0.00	1
90	0	0		0
91	0	0		0
92	0	0		0
93	0	0		0
94	0	0		0
95	0	0		0
96	0	0		0
97	0	0		0

