CpG context (R1)
================
position	count methylated	count unmethylated	% methylation	coverage
1	193	2197	8.08	2390
2	0	14	0.00	14
3	1	11	8.33	12
4	9	181	4.74	190
5	15	200	6.98	215
6	13	263	4.71	276
7	10	206	4.63	216
8	12	277	4.15	289
9	10	214	4.46	224
10	9	254	3.42	263
11	6	231	2.53	237
12	16	256	5.88	272
13	21	266	7.32	287
14	14	237	5.58	251
15	13	261	4.74	274
16	18	286	5.92	304
17	7	234	2.90	241
18	4	261	1.51	265
19	17	312	5.17	329
20	7	216	3.14	223
21	13	221	5.56	234
22	12	292	3.95	304
23	20	264	7.04	284
24	11	226	4.64	237
25	7	282	2.42	289
26	17	261	6.12	278
27	10	265	3.64	275
28	11	248	4.25	259
29	8	262	2.96	270
30	6	257	2.28	263
31	17	286	5.61	303
32	11	275	3.85	286
33	7	224	3.03	231
34	13	265	4.68	278
35	12	247	4.63	259
36	4	224	1.75	228
37	15	268	5.30	283
38	13	223	5.51	236
39	9	259	3.36	268
40	13	257	4.81	270
41	14	230	5.74	244
42	13	322	3.88	335
43	10	258	3.73	268
44	11	243	4.33	254
45	13	277	4.48	290
46	8	226	3.42	234
47	13	276	4.50	289
48	19	264	6.71	283
49	17	234	6.77	251
50	7	250	2.72	257
51	13	238	5.18	251
52	8	229	3.38	237
53	9	252	3.45	261
54	6	220	2.65	226
55	19	298	5.99	317
56	8	222	3.48	230
57	17	231	6.85	248
58	8	220	3.51	228
59	14	284	4.70	298
60	13	248	4.98	261
61	12	244	4.69	256
62	18	226	7.38	244
63	13	208	5.88	221
64	10	230	4.17	240
65	10	238	4.03	248
66	13	248	4.98	261
67	16	231	6.48	247
68	10	225	4.26	235
69	13	196	6.22	209
70	12	236	4.84	248
71	12	248	4.62	260
72	4	241	1.63	245
73	9	223	3.88	232
74	9	198	4.35	207
75	13	171	7.07	184
76	12	203	5.58	215
77	6	233	2.51	239
78	7	199	3.40	206
79	7	214	3.17	221
80	8	174	4.40	182
81	3	155	1.90	158
82	6	208	2.80	214
83	5	149	3.25	154
84	5	160	3.03	165
85	7	165	4.07	172
86	7	190	3.55	197
87	7	152	4.40	159
88	3	109	2.68	112
89	10	162	5.81	172
90	5	121	3.97	126
91	3	143	2.05	146
92	8	138	5.48	146
93	8	121	6.20	129
94	2	98	2.00	100
95	9	107	7.76	116
96	8	95	7.77	103
97	6	133	4.32	139
98	4	102	3.77	106
99	3	40	6.98	43
100	0	5	0.00	5
101	0	8	0.00	8
102	0	3	0.00	3
103	0	7	0.00	7
104	0	6	0.00	6
105	1	3	25.00	4
106	1	4	20.00	5
107	1	6	14.29	7
108	1	3	25.00	4
109	1	7	12.50	8
110	0	1	0.00	1
111	1	1	50.00	2
112	0	7	0.00	7
113	0	2	0.00	2
114	0	3	0.00	3
115	0	0		0
116	0	3	0.00	3
117	0	4	0.00	4
118	0	1	0.00	1
119	0	3	0.00	3
120	0	1	0.00	1
121	1	1	50.00	2
122	0	1	0.00	1
123	1	2	33.33	3
124	0	1	0.00	1
125	0	1	0.00	1
126	0	2	0.00	2
127	0	1	0.00	1
128	1	2	33.33	3
129	0	2	0.00	2
130	0	1	0.00	1
131	0	3	0.00	3
132	0	2	0.00	2
133	0	2	0.00	2
134	1	1	50.00	2
135	0	0		0
136	0	0		0
137	0	0		0
138	0	2	0.00	2
139	0	1	0.00	1
140	0	0		0
141	0	0		0
142	0	1	0.00	1
143	0	1	0.00	1
144	0	2	0.00	2
145	0	0		0
146	0	0		0
147	0	1	0.00	1
148	0	0		0
149	0	1	0.00	1

CHG context (R1)
================
position	count methylated	count unmethylated	% methylation	coverage
1	0	14	0.00	14
2	0	12	0.00	12
3	0	16	0.00	16
4	0	128	0.00	128
5	1	211	0.47	212
6	2	227	0.87	229
7	2	267	0.74	269
8	0	211	0.00	211
9	2	237	0.84	239
10	0	205	0.00	205
11	0	235	0.00	235
12	2	221	0.90	223
13	1	213	0.47	214
14	0	198	0.00	198
15	1	264	0.38	265
16	0	208	0.00	208
17	1	262	0.38	263
18	1	217	0.46	218
19	2	224	0.88	226
20	0	172	0.00	172
21	1	202	0.49	203
22	0	242	0.00	242
23	1	187	0.53	188
24	1	193	0.52	194
25	0	241	0.00	241
26	1	228	0.44	229
27	1	218	0.46	219
28	0	243	0.00	243
29	0	183	0.00	183
30	1	179	0.56	180
31	1	234	0.43	235
32	2	195	1.02	197
33	0	244	0.00	244
34	0	210	0.00	210
35	2	243	0.82	245
36	1	235	0.42	236
37	0	202	0.00	202
38	2	199	1.00	201
39	1	236	0.42	237
40	2	196	1.01	198
41	0	278	0.00	278
42	1	222	0.45	223
43	2	201	0.99	203
44	1	263	0.38	264
45	1	193	0.52	194
46	1	209	0.48	210
47	0	203	0.00	203
48	1	167	0.60	168
49	1	214	0.47	215
50	0	220	0.00	220
51	2	203	0.98	205
52	2	222	0.89	224
53	1	206	0.48	207
54	0	185	0.00	185
55	0	174	0.00	174
56	1	222	0.45	223
57	2	219	0.90	221
58	0	228	0.00	228
59	0	175	0.00	175
60	0	164	0.00	164
61	0	188	0.00	188
62	1	164	0.61	165
63	0	200	0.00	200
64	1	186	0.53	187
65	0	192	0.00	192
66	0	171	0.00	171
67	0	166	0.00	166
68	0	191	0.00	191
69	0	197	0.00	197
70	1	216	0.46	217
71	0	169	0.00	169
72	3	150	1.96	153
73	1	153	0.65	154
74	0	184	0.00	184
75	0	165	0.00	165
76	1	179	0.56	180
77	0	159	0.00	159
78	0	155	0.00	155
79	0	172	0.00	172
80	1	145	0.68	146
81	0	173	0.00	173
82	0	118	0.00	118
83	1	143	0.69	144
84	0	125	0.00	125
85	1	131	0.76	132
86	0	160	0.00	160
87	1	108	0.92	109
88	0	129	0.00	129
89	0	116	0.00	116
90	0	92	0.00	92
91	0	145	0.00	145
92	1	97	1.02	98
93	0	77	0.00	77
94	1	112	0.88	113
95	1	116	0.85	117
96	0	108	0.00	108
97	1	120	0.83	121
98	0	95	0.00	95
99	0	37	0.00	37
100	0	4	0.00	4
101	0	7	0.00	7
102	0	6	0.00	6
103	0	2	0.00	2
104	0	4	0.00	4
105	0	6	0.00	6
106	0	4	0.00	4
107	0	2	0.00	2
108	1	4	20.00	5
109	0	4	0.00	4
110	0	2	0.00	2
111	0	5	0.00	5
112	0	3	0.00	3
113	0	1	0.00	1
114	0	0		0
115	0	3	0.00	3
116	0	1	0.00	1
117	0	1	0.00	1
118	0	2	0.00	2
119	0	2	0.00	2
120	0	1	0.00	1
121	0	2	0.00	2
122	0	2	0.00	2
123	0	1	0.00	1
124	0	2	0.00	2
125	0	2	0.00	2
126	0	0		0
127	0	2	0.00	2
128	0	4	0.00	4
129	0	1	0.00	1
130	0	1	0.00	1
131	0	1	0.00	1
132	0	0		0
133	0	0		0
134	0	0		0
135	0	2	0.00	2
136	0	0		0
137	0	0		0
138	0	0		0
139	0	0		0
140	0	1	0.00	1
141	0	0		0
142	0	2	0.00	2
143	0	1	0.00	1
144	0	0		0
145	0	0		0
146	0	1	0.00	1
147	0	0		0
148	0	1	0.00	1
149	0	1	0.00	1

CHH context (R1)
================
position	count methylated	count unmethylated	% methylation	coverage
1	0	27	0.00	27
2	0	33	0.00	33
3	0	16	0.00	16
4	1	339	0.29	340
5	2	420	0.47	422
6	1	399	0.25	400
7	1	376	0.27	377
8	0	354	0.00	354
9	0	291	0.00	291
10	2	326	0.61	328
11	1	302	0.33	303
12	4	332	1.19	336
13	1	400	0.25	401
14	1	408	0.24	409
15	1	366	0.27	367
16	1	334	0.30	335
17	0	310	0.00	310
18	0	299	0.00	299
19	1	317	0.31	318
20	0	360	0.00	360
21	1	355	0.28	356
22	0	326	0.00	326
23	1	334	0.30	335
24	2	372	0.53	374
25	0	417	0.00	417
26	3	352	0.85	355
27	0	426	0.00	426
28	0	387	0.00	387
29	1	358	0.28	359
30	3	399	0.75	402
31	0	373	0.00	373
32	1	388	0.26	389
33	4	346	1.14	350
34	1	362	0.28	363
35	1	335	0.30	336
36	1	382	0.26	383
37	2	329	0.60	331
38	0	322	0.00	322
39	2	323	0.62	325
40	0	313	0.00	313
41	4	332	1.19	336
42	2	334	0.60	336
43	0	317	0.00	317
44	0	342	0.00	342
45	1	276	0.36	277
46	2	319	0.62	321
47	1	307	0.32	308
48	0	315	0.00	315
49	0	401	0.00	401
50	1	392	0.25	393
51	0	378	0.00	378
52	1	360	0.28	361
53	2	346	0.57	348
54	1	315	0.32	316
55	1	329	0.30	330
56	0	296	0.00	296
57	1	284	0.35	285
58	2	282	0.70	284
59	1	294	0.34	295
60	1	312	0.32	313
61	1	354	0.28	355
62	0	356	0.00	356
63	1	307	0.32	308
64	2	361	0.55	363
65	1	311	0.32	312
66	0	286	0.00	286
67	2	352	0.56	354
68	2	327	0.61	329
69	0	302	0.00	302
70	1	263	0.38	264
71	0	270	0.00	270
72	2	276	0.72	278
73	0	300	0.00	300
74	1	276	0.36	277
75	3	312	0.95	315
76	1	312	0.32	313
77	1	248	0.40	249
78	1	271	0.37	272
79	2	251	0.79	253
80	2	301	0.66	303
81	1	252	0.40	253
82	1	274	0.36	275
83	2	253	0.78	255
84	2	282	0.70	284
85	0	265	0.00	265
86	0	278	0.00	278
87	0	202	0.00	202
88	1	265	0.38	266
89	0	216	0.00	216
90	1	186	0.53	187
91	0	204	0.00	204
92	1	184	0.54	185
93	1	187	0.53	188
94	0	181	0.00	181
95	0	200	0.00	200
96	0	167	0.00	167
97	1	170	0.58	171
98	1	173	0.57	174
99	0	79	0.00	79
100	0	6	0.00	6
101	0	8	0.00	8
102	0	7	0.00	7
103	0	8	0.00	8
104	0	9	0.00	9
105	0	9	0.00	9
106	0	5	0.00	5
107	0	8	0.00	8
108	0	4	0.00	4
109	0	4	0.00	4
110	0	7	0.00	7
111	0	2	0.00	2
112	0	0		0
113	0	1	0.00	1
114	0	3	0.00	3
115	0	5	0.00	5
116	0	3	0.00	3
117	0	4	0.00	4
118	0	2	0.00	2
119	0	2	0.00	2
120	0	4	0.00	4
121	0	3	0.00	3
122	0	2	0.00	2
123	0	1	0.00	1
124	0	1	0.00	1
125	0	1	0.00	1
126	0	3	0.00	3
127	0	2	0.00	2
128	0	0		0
129	0	0		0
130	0	1	0.00	1
131	0	0		0
132	0	1	0.00	1
133	0	0		0
134	0	2	0.00	2
135	0	2	0.00	2
136	0	0		0
137	0	0		0
138	0	1	0.00	1
139	0	1	0.00	1
140	0	3	0.00	3
141	0	0		0
142	0	0		0
143	0	1	0.00	1
144	0	0		0
145	0	0		0
146	0	0		0
147	0	1	0.00	1
148	0	1	0.00	1
149	0	1	0.00	1

CpG context (R2)
================
position	count methylated	count unmethylated	% methylation	coverage
1	0	23	0.00	23
2	0	16	0.00	16
3	4	61	6.15	65
4	2	80	2.44	82
5	3	113	2.59	116
6	5	78	6.02	83
7	1	100	0.99	101
8	3	77	3.75	80
9	4	77	4.94	81
10	2	81	2.41	83
11	3	66	4.35	69
12	2	72	2.70	74
13	5	65	7.14	70
14	1	42	2.33	43
15	3	50	5.66	53
16	1	49	2.00	50
17	2	24	7.69	26
18	5	56	8.20	61
19	0	35	0.00	35
20	2	44	4.35	46
21	0	33	0.00	33
22	1	37	2.63	38
23	3	35	7.89	38
24	3	53	5.36	56
25	1	32	3.03	33
26	1	28	3.45	29
27	4	32	11.11	36
28	2	24	7.69	26
29	0	36	0.00	36
30	2	15	11.76	17
31	2	28	6.67	30
32	3	18	14.29	21
33	2	13	13.33	15
34	2	14	12.50	16
35	0	14	0.00	14
36	0	16	0.00	16
37	0	24	0.00	24
38	2	25	7.41	27
39	1	9	10.00	10
40	1	5	16.67	6
41	0	9	0.00	9
42	0	9	0.00	9
43	0	10	0.00	10
44	0	14	0.00	14
45	0	3	0.00	3
46	2	11	15.38	13
47	0	6	0.00	6
48	0	8	0.00	8
49	0	2	0.00	2
50	1	4	20.00	5
51	0	8	0.00	8
52	2	6	25.00	8
53	0	5	0.00	5
54	0	4	0.00	4
55	0	2	0.00	2
56	2	2	50.00	4
57	0	1	0.00	1
58	0	9	0.00	9
59	1	4	20.00	5
60	0	0		0
61	0	5	0.00	5
62	0	1	0.00	1
63	1	1	50.00	2
64	0	0		0
65	0	0		0
66	0	1	0.00	1
67	0	2	0.00	2
68	0	0		0
69	0	2	0.00	2
70	0	0		0
71	0	0		0
72	0	1	0.00	1
73	0	1	0.00	1
74	0	0		0
75	0	0		0
76	0	1	0.00	1
77	0	1	0.00	1
78	0	0		0
79	0	1	0.00	1
80	0	1	0.00	1
81	0	0		0
82	0	0		0
83	0	0		0
84	0	1	0.00	1
85	0	1	0.00	1
86	0	2	0.00	2
87	0	1	0.00	1
88	0	0		0
89	0	0		0
90	0	1	0.00	1
91	0	1	0.00	1
92	0	0		0
93	0	0		0
94	0	0		0
95	0	0		0
96	0	0		0
97	0	1	0.00	1

CHG context (R2)
================
position	count methylated	count unmethylated	% methylation	coverage
1	15	2136	0.70	2151
2	0	23	0.00	23
3	0	6	0.00	6
4	0	50	0.00	50
5	0	43	0.00	43
6	2	76	2.56	78
7	0	65	0.00	65
8	0	85	0.00	85
9	0	69	0.00	69
10	0	65	0.00	65
11	0	59	0.00	59
12	0	39	0.00	39
13	0	40	0.00	40
14	0	39	0.00	39
15	0	50	0.00	50
16	0	48	0.00	48
17	0	53	0.00	53
18	0	38	0.00	38
19	0	43	0.00	43
20	0	46	0.00	46
21	0	33	0.00	33
22	0	50	0.00	50
23	0	21	0.00	21
24	0	17	0.00	17
25	0	33	0.00	33
26	0	24	0.00	24
27	0	13	0.00	13
28	0	18	0.00	18
29	0	18	0.00	18
30	0	25	0.00	25
31	0	36	0.00	36
32	1	10	9.09	11
33	0	20	0.00	20
34	1	19	5.00	20
35	0	19	0.00	19
36	0	13	0.00	13
37	0	8	0.00	8
38	0	8	0.00	8
39	0	10	0.00	10
40	0	27	0.00	27
41	0	14	0.00	14
42	0	4	0.00	4
43	0	12	0.00	12
44	0	7	0.00	7
45	0	6	0.00	6
46	0	1	0.00	1
47	0	6	0.00	6
48	0	3	0.00	3
49	0	11	0.00	11
50	0	8	0.00	8
51	0	5	0.00	5
52	0	14	0.00	14
53	0	4	0.00	4
54	0	0		0
55	0	4	0.00	4
56	0	4	0.00	4
57	0	0		0
58	0	0		0
59	0	2	0.00	2
60	0	3	0.00	3
61	0	0		0
62	0	0		0
63	0	1	0.00	1
64	0	1	0.00	1
65	0	1	0.00	1
66	0	1	0.00	1
67	0	0		0
68	0	0		0
69	0	0		0
70	0	2	0.00	2
71	0	1	0.00	1
72	0	1	0.00	1
73	0	1	0.00	1
74	0	0		0
75	0	0		0
76	0	0		0
77	0	1	0.00	1
78	0	0		0
79	0	0		0
80	0	0		0
81	0	1	0.00	1
82	0	1	0.00	1
83	0	0		0
84	0	0		0
85	0	0		0
86	0	0		0
87	0	0		0
88	0	1	0.00	1
89	0	1	0.00	1
90	0	0		0
91	0	0		0
92	0	0		0
93	0	0		0
94	0	0		0
95	0	0		0
96	0	0		0
97	0	0		0

CHH context (R2)
================
position	count methylated	count unmethylated	% methylation	coverage
1	0	13	0.00	13
2	2	965	0.21	967
3	2	230	0.86	232
4	0	167	0.00	167
5	0	134	0.00	134
6	0	90	0.00	90
7	0	102	0.00	102
8	2	108	1.82	110
9	0	90	0.00	90
10	0	114	0.00	114
11	0	72	0.00	72
12	0	66	0.00	66
13	0	62	0.00	62
14	0	63	0.00	63
15	0	56	0.00	56
16	0	51	0.00	51
17	0	70	0.00	70
18	0	73	0.00	73
19	0	74	0.00	74
20	0	52	0.00	52
21	0	48	0.00	48
22	1	43	2.27	44
23	0	41	0.00	41
24	0	40	0.00	40
25	0	40	0.00	40
26	0	35	0.00	35
27	1	21	4.55	22
28	0	26	0.00	26
29	0	27	0.00	27
30	0	20	0.00	20
31	0	25	0.00	25
32	2	30	6.25	32
33	0	13	0.00	13
34	0	19	0.00	19
35	0	25	0.00	25
36	0	17	0.00	17
37	0	11	0.00	11
38	0	20	0.00	20
39	0	7	0.00	7
40	0	9	0.00	9
41	0	16	0.00	16
42	0	10	0.00	10
43	0	10	0.00	10
44	0	16	0.00	16
45	0	14	0.00	14
46	0	9	0.00	9
47	0	4	0.00	4
48	0	4	0.00	4
49	0	8	0.00	8
50	0	4	0.00	4
51	0	10	0.00	10
52	0	10	0.00	10
53	0	14	0.00	14
54	0	9	0.00	9
55	0	8	0.00	8
56	0	10	0.00	10
57	0	5	0.00	5
58	0	2	0.00	2
59	0	1	0.00	1
60	0	1	0.00	1
61	0	3	0.00	3
62	0	1	0.00	1
63	0	0		0
64	0	1	0.00	1
65	0	2	0.00	2
66	0	1	0.00	1
67	0	0		0
68	0	1	0.00	1
69	0	1	0.00	1
70	0	1	0.00	1
71	0	1	0.00	1
72	0	1	0.00	1
73	0	0		0
74	0	1	0.00	1
75	0	2	0.00	2
76	0	0		0
77	0	0		0
78	0	0		0
79	0	1	0.00	1
80	0	0		0
81	0	0		0
82	0	0		0
83	0	0		0
84	0	0		0
85	0	0		0
86	0	0		0
87	0	1	0.00	1
88	0	0		0
89	0	1	0.00	1
90	0	1	0.00	1
91	0	0		0
92	0	0		0
93	0	1	0.00	1
94	0	1	0.00	1
95	0	0		0
96	0	0		0
97	0	0		0

