CpG context (R1)
================
position	count methylated	count unmethylated	% methylation	coverage
1	221	2168	9.25	2389
2	0	15	0.00	15
3	3	11	21.43	14
4	11	185	5.61	196
5	10	169	5.59	179
6	6	265	2.21	271
7	5	223	2.19	228
8	16	314	4.85	330
9	7	238	2.86	245
10	9	247	3.52	256
11	10	253	3.80	263
12	15	295	4.84	310
13	19	274	6.48	293
14	17	257	6.20	274
15	14	248	5.34	262
16	12	294	3.92	306
17	13	195	6.25	208
18	13	253	4.89	266
19	13	320	3.90	333
20	7	261	2.61	268
21	13	235	5.24	248
22	16	288	5.26	304
23	17	275	5.82	292
24	10	256	3.76	266
25	14	278	4.79	292
26	11	260	4.06	271
27	15	254	5.58	269
28	24	263	8.36	287
29	5	247	1.98	252
30	7	255	2.67	262
31	14	281	4.75	295
32	21	277	7.05	298
33	10	255	3.77	265
34	7	259	2.63	266
35	8	272	2.86	280
36	8	219	3.52	227
37	10	265	3.64	275
38	9	257	3.38	266
39	9	224	3.86	233
40	7	259	2.63	266
41	12	233	4.90	245
42	14	264	5.04	278
43	14	285	4.68	299
44	20	242	7.63	262
45	20	279	6.69	299
46	6	223	2.62	229
47	17	245	6.49	262
48	15	298	4.79	313
49	12	198	5.71	210
50	14	257	5.17	271
51	9	254	3.42	263
52	22	243	8.30	265
53	5	250	1.96	255
54	15	248	5.70	263
55	18	259	6.50	277
56	13	233	5.28	246
57	10	221	4.33	231
58	11	265	3.99	276
59	22	263	7.72	285
60	12	231	4.94	243
61	8	246	3.15	254
62	8	234	3.31	242
63	16	248	6.06	264
64	14	236	5.60	250
65	16	261	5.78	277
66	14	222	5.93	236
67	16	228	6.56	244
68	6	191	3.05	197
69	7	196	3.45	203
70	14	237	5.58	251
71	12	239	4.78	251
72	8	240	3.23	248
73	11	217	4.82	228
74	16	192	7.69	208
75	13	168	7.18	181
76	15	194	7.18	209
77	4	197	1.99	201
78	10	185	5.13	195
79	13	200	6.10	213
80	5	154	3.14	159
81	9	175	4.89	184
82	3	167	1.76	170
83	6	135	4.26	141
84	7	163	4.12	170
85	2	205	0.97	207
86	6	170	3.41	176
87	7	168	4.00	175
88	2	132	1.49	134
89	7	163	4.12	170
90	6	116	4.92	122
91	6	153	3.77	159
92	2	106	1.85	108
93	8	136	5.56	144
94	6	135	4.26	141
95	6	112	5.08	118
96	4	121	3.20	125
97	5	131	3.68	136
98	7	106	6.19	113
99	3	51	5.56	54
100	2	6	25.00	8
101	1	4	20.00	5
102	1	5	16.67	6
103	2	4	33.33	6
104	0	5	0.00	5
105	1	2	33.33	3
106	1	4	20.00	5
107	1	6	14.29	7
108	0	7	0.00	7
109	0	7	0.00	7
110	0	6	0.00	6
111	0	5	0.00	5
112	0	4	0.00	4
113	0	1	0.00	1
114	0	5	0.00	5
115	0	1	0.00	1
116	0	4	0.00	4
117	0	5	0.00	5
118	0	4	0.00	4
119	0	1	0.00	1
120	1	0	100.00	1
121	0	3	0.00	3
122	0	2	0.00	2
123	0	0		0
124	0	1	0.00	1
125	1	3	25.00	4
126	0	2	0.00	2
127	1	0	100.00	1
128	2	3	40.00	5
129	0	2	0.00	2
130	0	1	0.00	1
131	1	3	25.00	4
132	0	2	0.00	2
133	0	0		0
134	0	0		0
135	1	1	50.00	2
136	1	1	50.00	2
137	0	3	0.00	3
138	1	1	50.00	2
139	0	4	0.00	4
140	0	1	0.00	1
141	0	1	0.00	1
142	0	1	0.00	1
143	0	0		0
144	0	0		0
145	0	0		0
146	0	1	0.00	1
147	0	0		0
148	0	0		0
149	0	1	0.00	1

CHG context (R1)
================
position	count methylated	count unmethylated	% methylation	coverage
1	0	15	0.00	15
2	0	21	0.00	21
3	0	7	0.00	7
4	2	137	1.44	139
5	1	205	0.49	206
6	1	232	0.43	233
7	3	272	1.09	275
8	0	231	0.00	231
9	0	234	0.00	234
10	1	203	0.49	204
11	0	258	0.00	258
12	2	201	0.99	203
13	0	187	0.00	187
14	0	190	0.00	190
15	0	250	0.00	250
16	0	210	0.00	210
17	1	272	0.37	273
18	1	245	0.41	246
19	1	196	0.51	197
20	0	207	0.00	207
21	1	200	0.50	201
22	1	223	0.45	224
23	1	231	0.43	232
24	2	192	1.03	194
25	2	234	0.85	236
26	0	203	0.00	203
27	0	214	0.00	214
28	0	227	0.00	227
29	3	193	1.53	196
30	2	171	1.16	173
31	3	220	1.35	223
32	0	213	0.00	213
33	0	246	0.00	246
34	3	223	1.33	226
35	0	230	0.00	230
36	1	202	0.49	203
37	0	214	0.00	214
38	1	184	0.54	185
39	2	219	0.90	221
40	0	232	0.00	232
41	2	240	0.83	242
42	0	210	0.00	210
43	1	200	0.50	201
44	3	256	1.16	259
45	2	187	1.06	189
46	0	212	0.00	212
47	0	174	0.00	174
48	0	190	0.00	190
49	1	233	0.43	234
50	1	213	0.47	214
51	1	224	0.44	225
52	1	195	0.51	196
53	0	216	0.00	216
54	0	193	0.00	193
55	1	181	0.55	182
56	0	223	0.00	223
57	3	196	1.51	199
58	0	230	0.00	230
59	1	181	0.55	182
60	0	162	0.00	162
61	1	179	0.56	180
62	0	180	0.00	180
63	0	201	0.00	201
64	0	191	0.00	191
65	0	199	0.00	199
66	0	163	0.00	163
67	0	165	0.00	165
68	1	190	0.52	191
69	0	217	0.00	217
70	0	191	0.00	191
71	1	159	0.62	160
72	1	188	0.53	189
73	1	158	0.63	159
74	0	188	0.00	188
75	2	143	1.38	145
76	0	162	0.00	162
77	1	162	0.61	163
78	2	193	1.03	195
79	0	161	0.00	161
80	1	167	0.60	168
81	0	181	0.00	181
82	0	112	0.00	112
83	0	144	0.00	144
84	0	152	0.00	152
85	0	120	0.00	120
86	1	137	0.72	138
87	1	114	0.87	115
88	0	122	0.00	122
89	0	120	0.00	120
90	0	100	0.00	100
91	0	109	0.00	109
92	0	91	0.00	91
93	0	90	0.00	90
94	0	97	0.00	97
95	0	104	0.00	104
96	1	109	0.91	110
97	0	112	0.00	112
98	0	110	0.00	110
99	0	53	0.00	53
100	0	5	0.00	5
101	0	10	0.00	10
102	0	6	0.00	6
103	0	3	0.00	3
104	0	3	0.00	3
105	0	3	0.00	3
106	0	11	0.00	11
107	0	4	0.00	4
108	0	4	0.00	4
109	0	1	0.00	1
110	0	1	0.00	1
111	0	5	0.00	5
112	0	4	0.00	4
113	0	1	0.00	1
114	0	1	0.00	1
115	0	0		0
116	0	1	0.00	1
117	0	2	0.00	2
118	0	3	0.00	3
119	0	0		0
120	0	3	0.00	3
121	0	2	0.00	2
122	0	2	0.00	2
123	0	3	0.00	3
124	0	2	0.00	2
125	0	1	0.00	1
126	0	0		0
127	0	2	0.00	2
128	0	2	0.00	2
129	0	0		0
130	0	2	0.00	2
131	0	2	0.00	2
132	0	0		0
133	0	1	0.00	1
134	0	2	0.00	2
135	0	1	0.00	1
136	0	3	0.00	3
137	0	0		0
138	0	1	0.00	1
139	0	2	0.00	2
140	0	0		0
141	0	1	0.00	1
142	0	1	0.00	1
143	0	2	0.00	2
144	0	0		0
145	0	0		0
146	0	0		0
147	0	2	0.00	2
148	0	2	0.00	2
149	0	1	0.00	1

CHH context (R1)
================
position	count methylated	count unmethylated	% methylation	coverage
1	2	21	8.70	23
2	0	18	0.00	18
3	0	23	0.00	23
4	0	348	0.00	348
5	2	406	0.49	408
6	2	423	0.47	425
7	0	374	0.00	374
8	0	333	0.00	333
9	1	331	0.30	332
10	1	348	0.29	349
11	3	329	0.90	332
12	0	320	0.00	320
13	1	395	0.25	396
14	0	403	0.00	403
15	1	357	0.28	358
16	3	361	0.82	364
17	2	348	0.57	350
18	1	310	0.32	311
19	1	322	0.31	323
20	6	363	1.63	369
21	0	299	0.00	299
22	1	387	0.26	388
23	5	379	1.30	384
24	0	365	0.00	365
25	1	423	0.24	424
26	2	385	0.52	387
27	0	394	0.00	394
28	3	383	0.78	386
29	2	348	0.57	350
30	1	366	0.27	367
31	1	346	0.29	347
32	1	391	0.26	392
33	2	326	0.61	328
34	2	336	0.59	338
35	1	316	0.32	317
36	2	377	0.53	379
37	1	331	0.30	332
38	0	351	0.00	351
39	3	364	0.82	367
40	4	355	1.11	359
41	6	336	1.75	342
42	5	365	1.35	370
43	0	326	0.00	326
44	0	320	0.00	320
45	1	287	0.35	288
46	5	357	1.38	362
47	2	343	0.58	345
48	1	357	0.28	358
49	0	396	0.00	396
50	0	417	0.00	417
51	2	411	0.48	413
52	0	359	0.00	359
53	0	324	0.00	324
54	0	333	0.00	333
55	1	310	0.32	311
56	1	298	0.33	299
57	2	316	0.63	318
58	2	303	0.66	305
59	2	291	0.68	293
60	3	293	1.01	296
61	3	354	0.84	357
62	3	340	0.87	343
63	0	307	0.00	307
64	3	369	0.81	372
65	1	335	0.30	336
66	3	296	1.00	299
67	4	383	1.03	387
68	0	342	0.00	342
69	2	311	0.64	313
70	1	276	0.36	277
71	2	294	0.68	296
72	0	249	0.00	249
73	0	279	0.00	279
74	0	267	0.00	267
75	2	310	0.64	312
76	1	297	0.34	298
77	0	247	0.00	247
78	0	272	0.00	272
79	1	276	0.36	277
80	2	257	0.77	259
81	0	277	0.00	277
82	0	259	0.00	259
83	0	262	0.00	262
84	1	245	0.41	246
85	1	245	0.41	246
86	0	256	0.00	256
87	0	231	0.00	231
88	0	236	0.00	236
89	0	201	0.00	201
90	1	181	0.55	182
91	1	182	0.55	183
92	3	210	1.41	213
93	1	193	0.52	194
94	0	169	0.00	169
95	0	165	0.00	165
96	0	161	0.00	161
97	1	165	0.60	166
98	0	154	0.00	154
99	0	66	0.00	66
100	0	8	0.00	8
101	0	10	0.00	10
102	0	6	0.00	6
103	0	4	0.00	4
104	0	12	0.00	12
105	0	10	0.00	10
106	0	9	0.00	9
107	0	4	0.00	4
108	0	0		0
109	0	1	0.00	1
110	0	10	0.00	10
111	0	4	0.00	4
112	0	2	0.00	2
113	0	4	0.00	4
114	0	4	0.00	4
115	0	9	0.00	9
116	0	5	0.00	5
117	0	4	0.00	4
118	0	2	0.00	2
119	0	1	0.00	1
120	0	3	0.00	3
121	0	4	0.00	4
122	0	4	0.00	4
123	0	2	0.00	2
124	0	2	0.00	2
125	0	5	0.00	5
126	0	4	0.00	4
127	0	3	0.00	3
128	0	2	0.00	2
129	0	2	0.00	2
130	0	2	0.00	2
131	0	1	0.00	1
132	0	3	0.00	3
133	0	7	0.00	7
134	0	6	0.00	6
135	0	1	0.00	1
136	0	0		0
137	0	0		0
138	0	1	0.00	1
139	0	0		0
140	0	0		0
141	0	1	0.00	1
142	0	0		0
143	0	1	0.00	1
144	0	0		0
145	0	2	0.00	2
146	0	3	0.00	3
147	0	1	0.00	1
148	0	2	0.00	2
149	0	1	0.00	1

CpG context (R2)
================
position	count methylated	count unmethylated	% methylation	coverage
1	0	28	0.00	28
2	1	19	5.00	20
3	0	62	0.00	62
4	2	64	3.03	66
5	4	97	3.96	101
6	4	80	4.76	84
7	7	101	6.48	108
8	4	81	4.71	85
9	5	76	6.17	81
10	5	78	6.02	83
11	4	73	5.19	77
12	1	57	1.72	58
13	3	67	4.29	70
14	3	37	7.50	40
15	3	51	5.56	54
16	2	49	3.92	51
17	0	37	0.00	37
18	1	48	2.04	49
19	0	42	0.00	42
20	2	44	4.35	46
21	5	36	12.20	41
22	1	33	2.94	34
23	2	46	4.17	48
24	2	51	3.77	53
25	1	24	4.00	25
26	1	24	4.00	25
27	1	28	3.45	29
28	2	14	12.50	16
29	1	29	3.33	30
30	3	19	13.64	22
31	2	30	6.25	32
32	1	21	4.55	22
33	0	9	0.00	9
34	2	28	6.67	30
35	1	12	7.69	13
36	1	15	6.25	16
37	3	24	11.11	27
38	0	25	0.00	25
39	0	15	0.00	15
40	2	9	18.18	11
41	1	14	6.67	15
42	1	9	10.00	10
43	1	23	4.17	24
44	0	19	0.00	19
45	0	3	0.00	3
46	1	15	6.25	16
47	0	5	0.00	5
48	0	7	0.00	7
49	0	4	0.00	4
50	1	5	16.67	6
51	0	2	0.00	2
52	1	7	12.50	8
53	0	2	0.00	2
54	0	2	0.00	2
55	0	3	0.00	3
56	0	4	0.00	4
57	0	0		0
58	0	2	0.00	2
59	0	1	0.00	1
60	0	1	0.00	1
61	0	3	0.00	3
62	0	0		0
63	0	3	0.00	3
64	0	0		0
65	0	0		0
66	0	3	0.00	3
67	0	0		0
68	0	1	0.00	1
69	0	0		0
70	0	0		0
71	0	1	0.00	1
72	0	0		0
73	0	1	0.00	1
74	0	1	0.00	1
75	0	1	0.00	1
76	1	1	50.00	2
77	0	1	0.00	1
78	0	0		0
79	0	0		0
80	0	0		0
81	0	0		0
82	0	2	0.00	2
83	0	0		0
84	0	0		0
85	0	0		0
86	0	0		0
87	0	1	0.00	1
88	0	0		0
89	0	0		0
90	0	0		0
91	1	1	50.00	2
92	0	0		0
93	0	1	0.00	1
94	0	0		0
95	0	0		0
96	0	0		0
97	0	1	0.00	1

CHG context (R2)
================
position	count methylated	count unmethylated	% methylation	coverage
1	13	2107	0.61	2120
2	0	27	0.00	27
3	0	6	0.00	6
4	0	33	0.00	33
5	0	52	0.00	52
6	0	69	0.00	69
7	0	65	0.00	65
8	1	83	1.19	84
9	0	74	0.00	74
10	0	53	0.00	53
11	2	67	2.90	69
12	0	42	0.00	42
13	0	46	0.00	46
14	0	56	0.00	56
15	1	42	2.33	43
16	0	34	0.00	34
17	0	48	0.00	48
18	0	53	0.00	53
19	0	42	0.00	42
20	0	38	0.00	38
21	0	40	0.00	40
22	0	45	0.00	45
23	0	21	0.00	21
24	0	15	0.00	15
25	2	37	5.13	39
26	0	18	0.00	18
27	0	13	0.00	13
28	0	15	0.00	15
29	0	15	0.00	15
30	0	20	0.00	20
31	0	20	0.00	20
32	0	20	0.00	20
33	0	21	0.00	21
34	0	12	0.00	12
35	0	34	0.00	34
36	0	14	0.00	14
37	0	12	0.00	12
38	0	9	0.00	9
39	0	12	0.00	12
40	0	15	0.00	15
41	0	18	0.00	18
42	0	5	0.00	5
43	0	6	0.00	6
44	0	8	0.00	8
45	0	9	0.00	9
46	0	2	0.00	2
47	0	12	0.00	12
48	0	8	0.00	8
49	0	8	0.00	8
50	0	2	0.00	2
51	0	1	0.00	1
52	0	9	0.00	9
53	0	8	0.00	8
54	0	1	0.00	1
55	0	4	0.00	4
56	0	5	0.00	5
57	0	0		0
58	0	2	0.00	2
59	0	0		0
60	0	4	0.00	4
61	0	1	0.00	1
62	0	0		0
63	0	4	0.00	4
64	0	2	0.00	2
65	0	0		0
66	0	0		0
67	0	1	0.00	1
68	0	1	0.00	1
69	0	0		0
70	0	0		0
71	0	2	0.00	2
72	0	0		0
73	0	0		0
74	0	0		0
75	0	0		0
76	0	0		0
77	0	0		0
78	0	0		0
79	0	0		0
80	0	1	0.00	1
81	0	0		0
82	0	0		0
83	0	0		0
84	0	0		0
85	0	1	0.00	1
86	0	1	0.00	1
87	0	0		0
88	0	0		0
89	0	0		0
90	0	0		0
91	0	0		0
92	0	0		0
93	0	0		0
94	0	0		0
95	0	1	0.00	1
96	0	0		0
97	0	0		0

CHH context (R2)
================
position	count methylated	count unmethylated	% methylation	coverage
1	0	8	0.00	8
2	3	1017	0.29	1020
3	0	240	0.00	240
4	0	191	0.00	191
5	0	133	0.00	133
6	0	107	0.00	107
7	0	108	0.00	108
8	0	114	0.00	114
9	1	110	0.90	111
10	0	111	0.00	111
11	0	76	0.00	76
12	1	76	1.30	77
13	0	60	0.00	60
14	1	86	1.15	87
15	1	79	1.25	80
16	0	74	0.00	74
17	0	66	0.00	66
18	0	66	0.00	66
19	1	76	1.30	77
20	0	52	0.00	52
21	0	50	0.00	50
22	0	35	0.00	35
23	0	41	0.00	41
24	0	45	0.00	45
25	0	44	0.00	44
26	0	46	0.00	46
27	0	37	0.00	37
28	0	33	0.00	33
29	0	36	0.00	36
30	0	29	0.00	29
31	0	29	0.00	29
32	1	30	3.23	31
33	0	16	0.00	16
34	0	26	0.00	26
35	0	28	0.00	28
36	0	26	0.00	26
37	0	12	0.00	12
38	0	14	0.00	14
39	0	5	0.00	5
40	0	10	0.00	10
41	0	13	0.00	13
42	0	17	0.00	17
43	0	14	0.00	14
44	0	20	0.00	20
45	0	10	0.00	10
46	0	13	0.00	13
47	1	10	9.09	11
48	0	7	0.00	7
49	0	7	0.00	7
50	0	10	0.00	10
51	0	8	0.00	8
52	0	10	0.00	10
53	0	11	0.00	11
54	0	12	0.00	12
55	0	7	0.00	7
56	0	11	0.00	11
57	0	5	0.00	5
58	0	6	0.00	6
59	0	2	0.00	2
60	0	1	0.00	1
61	0	1	0.00	1
62	0	2	0.00	2
63	0	0		0
64	0	1	0.00	1
65	0	0		0
66	0	1	0.00	1
67	0	0		0
68	0	5	0.00	5
69	0	1	0.00	1
70	0	0		0
71	0	0		0
72	0	0		0
73	0	0		0
74	0	0		0
75	0	0		0
76	0	0		0
77	0	0		0
78	0	0		0
79	0	0		0
80	0	0		0
81	0	0		0
82	0	0		0
83	0	0		0
84	0	0		0
85	0	0		0
86	0	0		0
87	0	1	0.00	1
88	0	0		0
89	0	0		0
90	0	0		0
91	0	0		0
92	0	0		0
93	0	0		0
94	0	0		0
95	0	0		0
96	0	0		0
97	0	0		0

