CpG context (R1)
================
position	count methylated	count unmethylated	% methylation	coverage
1	209	2171	8.78	2380
2	1	12	7.69	13
3	1	19	5.00	20
4	10	163	5.78	173
5	17	211	7.46	228
6	9	244	3.56	253
7	16	246	6.11	262
8	13	291	4.28	304
9	15	245	5.77	260
10	13	234	5.26	247
11	7	240	2.83	247
12	21	284	6.89	305
13	11	272	3.89	283
14	14	253	5.24	267
15	5	232	2.11	237
16	13	289	4.30	302
17	18	214	7.76	232
18	12	252	4.55	264
19	12	285	4.04	297
20	6	230	2.54	236
21	14	223	5.91	237
22	10	259	3.72	269
23	9	241	3.60	250
24	20	222	8.26	242
25	15	278	5.12	293
26	17	289	5.56	306
27	14	289	4.62	303
28	23	260	8.13	283
29	12	263	4.36	275
30	17	286	5.61	303
31	11	296	3.58	307
32	18	282	6.00	300
33	4	248	1.59	252
34	12	259	4.43	271
35	10	254	3.79	264
36	14	218	6.03	232
37	18	275	6.14	293
38	16	272	5.56	288
39	15	227	6.20	242
40	11	280	3.78	291
41	7	243	2.80	250
42	12	274	4.20	286
43	9	256	3.40	265
44	17	238	6.67	255
45	14	266	5.00	280
46	19	253	6.99	272
47	10	270	3.57	280
48	13	255	4.85	268
49	14	234	5.65	248
50	10	265	3.64	275
51	25	238	9.51	263
52	13	248	4.98	261
53	10	232	4.13	242
54	13	248	4.98	261
55	10	269	3.58	279
56	11	246	4.28	257
57	11	241	4.37	252
58	13	245	5.04	258
59	14	236	5.60	250
60	15	240	5.88	255
61	16	242	6.20	258
62	11	245	4.30	256
63	10	233	4.12	243
64	18	230	7.26	248
65	14	226	5.83	240
66	11	258	4.09	269
67	16	200	7.41	216
68	12	206	5.50	218
69	7	180	3.74	187
70	15	227	6.20	242
71	16	253	5.95	269
72	14	221	5.96	235
73	11	248	4.25	259
74	11	189	5.50	200
75	10	166	5.68	176
76	10	222	4.31	232
77	12	201	5.63	213
78	9	191	4.50	200
79	10	241	3.98	251
80	7	169	3.98	176
81	11	192	5.42	203
82	10	195	4.88	205
83	8	139	5.44	147
84	5	182	2.67	187
85	6	163	3.55	169
86	12	162	6.90	174
87	3	173	1.70	176
88	5	126	3.82	131
89	6	151	3.82	157
90	11	129	7.86	140
91	8	155	4.91	163
92	3	138	2.13	141
93	10	130	7.14	140
94	8	132	5.71	140
95	7	98	6.67	105
96	6	98	5.77	104
97	6	118	4.84	124
98	2	107	1.83	109
99	1	44	2.22	45
100	2	7	22.22	9
101	0	2	0.00	2
102	0	3	0.00	3
103	0	6	0.00	6
104	1	2	33.33	3
105	0	1	0.00	1
106	0	4	0.00	4
107	0	6	0.00	6
108	0	2	0.00	2
109	1	2	33.33	3
110	0	4	0.00	4
111	1	2	33.33	3
112	1	4	20.00	5
113	1	2	33.33	3
114	0	0		0
115	0	2	0.00	2
116	0	1	0.00	1
117	0	4	0.00	4
118	0	1	0.00	1
119	0	1	0.00	1
120	0	1	0.00	1
121	1	2	33.33	3
122	1	0	100.00	1
123	0	2	0.00	2
124	1	2	33.33	3
125	0	1	0.00	1
126	0	1	0.00	1
127	0	2	0.00	2
128	0	1	0.00	1
129	0	2	0.00	2
130	1	0	100.00	1
131	0	1	0.00	1
132	0	0		0
133	0	0		0
134	0	1	0.00	1
135	0	0		0
136	0	0		0
137	0	1	0.00	1
138	1	0	100.00	1
139	0	1	0.00	1
140	0	0		0
141	0	0		0
142	0	0		0
143	0	0		0
144	0	0		0
145	0	0		0
146	0	0		0
147	1	0	100.00	1

CHG context (R1)
================
position	count methylated	count unmethylated	% methylation	coverage
1	2	9	18.18	11
2	0	23	0.00	23
3	0	14	0.00	14
4	0	128	0.00	128
5	0	188	0.00	188
6	0	259	0.00	259
7	0	250	0.00	250
8	1	226	0.44	227
9	0	225	0.00	225
10	1	194	0.51	195
11	3	227	1.30	230
12	1	200	0.50	201
13	1	221	0.45	222
14	1	188	0.53	189
15	0	240	0.00	240
16	0	236	0.00	236
17	0	225	0.00	225
18	1	256	0.39	257
19	0	192	0.00	192
20	0	160	0.00	160
21	2	220	0.90	222
22	0	232	0.00	232
23	0	192	0.00	192
24	0	198	0.00	198
25	0	258	0.00	258
26	1	214	0.47	215
27	0	225	0.00	225
28	0	221	0.00	221
29	1	189	0.53	190
30	1	199	0.50	200
31	1	253	0.39	254
32	2	194	1.02	196
33	1	206	0.48	207
34	2	220	0.90	222
35	1	242	0.41	243
36	1	231	0.43	232
37	1	231	0.43	232
38	0	200	0.00	200
39	1	219	0.45	220
40	0	217	0.00	217
41	1	267	0.37	268
42	0	206	0.00	206
43	2	205	0.97	207
44	0	228	0.00	228
45	0	216	0.00	216
46	0	217	0.00	217
47	0	207	0.00	207
48	2	215	0.92	217
49	1	207	0.48	208
50	0	197	0.00	197
51	0	204	0.00	204
52	0	219	0.00	219
53	0	203	0.00	203
54	2	191	1.04	193
55	1	185	0.54	186
56	1	208	0.48	209
57	1	194	0.51	195
58	0	214	0.00	214
59	0	191	0.00	191
60	3	162	1.82	165
61	1	197	0.51	198
62	0	158	0.00	158
63	1	167	0.60	168
64	2	204	0.97	206
65	0	191	0.00	191
66	0	185	0.00	185
67	0	164	0.00	164
68	0	195	0.00	195
69	0	190	0.00	190
70	3	191	1.55	194
71	0	152	0.00	152
72	1	166	0.60	167
73	0	165	0.00	165
74	0	152	0.00	152
75	0	168	0.00	168
76	0	178	0.00	178
77	0	172	0.00	172
78	0	170	0.00	170
79	2	150	1.32	152
80	0	143	0.00	143
81	0	185	0.00	185
82	0	111	0.00	111
83	0	122	0.00	122
84	0	121	0.00	121
85	0	142	0.00	142
86	0	160	0.00	160
87	0	140	0.00	140
88	1	131	0.76	132
89	0	104	0.00	104
90	0	124	0.00	124
91	0	128	0.00	128
92	0	88	0.00	88
93	0	100	0.00	100
94	1	86	1.15	87
95	0	84	0.00	84
96	0	122	0.00	122
97	0	114	0.00	114
98	0	83	0.00	83
99	0	38	0.00	38
100	0	2	0.00	2
101	0	4	0.00	4
102	0	6	0.00	6
103	0	4	0.00	4
104	0	3	0.00	3
105	0	5	0.00	5
106	0	3	0.00	3
107	0	2	0.00	2
108	0	5	0.00	5
109	0	2	0.00	2
110	0	2	0.00	2
111	0	1	0.00	1
112	0	2	0.00	2
113	0	1	0.00	1
114	0	2	0.00	2
115	0	1	0.00	1
116	0	1	0.00	1
117	0	1	0.00	1
118	0	2	0.00	2
119	0	2	0.00	2
120	0	2	0.00	2
121	0	1	0.00	1
122	0	0		0
123	0	2	0.00	2
124	0	2	0.00	2
125	0	1	0.00	1
126	0	1	0.00	1
127	0	1	0.00	1
128	0	0		0
129	0	1	0.00	1
130	0	1	0.00	1
131	0	1	0.00	1
132	0	1	0.00	1
133	0	0		0
134	0	0		0
135	0	0		0
136	0	0		0
137	0	1	0.00	1
138	0	0		0
139	0	0		0
140	0	0		0
141	0	0		0
142	0	0		0
143	0	0		0
144	0	0		0
145	0	0		0
146	0	0		0
147	0	0		0

CHH context (R1)
================
position	count methylated	count unmethylated	% methylation	coverage
1	2	30	6.25	32
2	0	26	0.00	26
3	0	17	0.00	17
4	0	349	0.00	349
5	1	395	0.25	396
6	4	373	1.06	377
7	1	374	0.27	375
8	1	332	0.30	333
9	0	314	0.00	314
10	1	334	0.30	335
11	1	338	0.29	339
12	1	355	0.28	356
13	1	373	0.27	374
14	1	384	0.26	385
15	4	372	1.06	376
16	1	364	0.27	365
17	1	310	0.32	311
18	0	300	0.00	300
19	1	296	0.34	297
20	3	380	0.78	383
21	3	335	0.89	338
22	1	319	0.31	320
23	1	336	0.30	337
24	3	375	0.79	378
25	2	386	0.52	388
26	3	368	0.81	371
27	2	405	0.49	407
28	1	378	0.26	379
29	2	342	0.58	344
30	0	373	0.00	373
31	0	317	0.00	317
32	0	351	0.00	351
33	1	331	0.30	332
34	4	335	1.18	339
35	1	295	0.34	296
36	1	363	0.27	364
37	2	293	0.68	295
38	0	318	0.00	318
39	0	320	0.00	320
40	1	311	0.32	312
41	0	323	0.00	323
42	1	352	0.28	353
43	0	351	0.00	351
44	0	331	0.00	331
45	1	308	0.32	309
46	4	334	1.18	338
47	0	318	0.00	318
48	1	293	0.34	294
49	1	370	0.27	371
50	1	366	0.27	367
51	0	397	0.00	397
52	2	340	0.58	342
53	1	330	0.30	331
54	1	303	0.33	304
55	2	327	0.61	329
56	0	305	0.00	305
57	0	274	0.00	274
58	0	284	0.00	284
59	0	323	0.00	323
60	2	297	0.67	299
61	1	327	0.30	328
62	3	315	0.94	318
63	1	335	0.30	336
64	1	343	0.29	344
65	1	315	0.32	316
66	1	294	0.34	295
67	0	356	0.00	356
68	0	344	0.00	344
69	0	316	0.00	316
70	3	269	1.10	272
71	1	302	0.33	303
72	2	263	0.75	265
73	0	299	0.00	299
74	3	249	1.19	252
75	0	318	0.00	318
76	2	323	0.62	325
77	0	263	0.00	263
78	2	259	0.77	261
79	0	267	0.00	267
80	2	317	0.63	319
81	2	221	0.90	223
82	2	236	0.84	238
83	1	219	0.45	220
84	1	257	0.39	258
85	1	260	0.38	261
86	2	269	0.74	271
87	0	176	0.00	176
88	0	237	0.00	237
89	0	209	0.00	209
90	1	162	0.61	163
91	0	157	0.00	157
92	1	199	0.50	200
93	2	160	1.23	162
94	0	168	0.00	168
95	1	194	0.51	195
96	0	144	0.00	144
97	0	160	0.00	160
98	2	161	1.23	163
99	0	65	0.00	65
100	0	13	0.00	13
101	0	11	0.00	11
102	0	5	0.00	5
103	0	2	0.00	2
104	0	7	0.00	7
105	0	6	0.00	6
106	0	6	0.00	6
107	0	8	0.00	8
108	0	5	0.00	5
109	0	6	0.00	6
110	0	7	0.00	7
111	0	5	0.00	5
112	0	3	0.00	3
113	0	3	0.00	3
114	0	6	0.00	6
115	0	6	0.00	6
116	1	2	33.33	3
117	0	3	0.00	3
118	0	1	0.00	1
119	0	2	0.00	2
120	0	2	0.00	2
121	0	0		0
122	0	3	0.00	3
123	0	2	0.00	2
124	0	1	0.00	1
125	0	3	0.00	3
126	0	2	0.00	2
127	0	1	0.00	1
128	0	0		0
129	0	0		0
130	0	0		0
131	0	3	0.00	3
132	0	0		0
133	0	1	0.00	1
134	0	0		0
135	0	1	0.00	1
136	0	1	0.00	1
137	0	0		0
138	0	0		0
139	0	0		0
140	0	0		0
141	0	0		0
142	0	0		0
143	0	0		0
144	0	0		0
145	0	0		0
146	0	0		0
147	0	0		0

CpG context (R2)
================
position	count methylated	count unmethylated	% methylation	coverage
1	0	26	0.00	26
2	0	14	0.00	14
3	3	79	3.66	82
4	4	56	6.67	60
5	2	111	1.77	113
6	3	72	4.00	75
7	5	135	3.57	140
8	2	79	2.47	81
9	7	72	8.86	79
10	0	91	0.00	91
11	1	72	1.37	73
12	3	62	4.62	65
13	4	78	4.88	82
14	4	34	10.53	38
15	5	51	8.93	56
16	1	53	1.85	54
17	0	34	0.00	34
18	3	50	5.66	53
19	2	33	5.71	35
20	5	43	10.42	48
21	3	34	8.11	37
22	2	33	5.71	35
23	1	32	3.03	33
24	3	48	5.88	51
25	1	26	3.70	27
26	1	26	3.70	27
27	1	33	2.94	34
28	0	32	0.00	32
29	1	37	2.63	38
30	2	19	9.52	21
31	1	30	3.23	31
32	2	28	6.67	30
33	2	12	14.29	14
34	2	16	11.11	18
35	0	11	0.00	11
36	0	19	0.00	19
37	2	20	9.09	22
38	0	19	0.00	19
39	0	7	0.00	7
40	0	11	0.00	11
41	0	9	0.00	9
42	0	5	0.00	5
43	0	15	0.00	15
44	0	10	0.00	10
45	1	4	20.00	5
46	1	13	7.14	14
47	0	3	0.00	3
48	0	8	0.00	8
49	0	8	0.00	8
50	1	6	14.29	7
51	0	5	0.00	5
52	0	2	0.00	2
53	0	3	0.00	3
54	2	2	50.00	4
55	1	2	33.33	3
56	0	5	0.00	5
57	0	4	0.00	4
58	2	4	33.33	6
59	0	1	0.00	1
60	0	3	0.00	3
61	0	4	0.00	4
62	0	0		0
63	0	1	0.00	1
64	0	1	0.00	1
65	0	0		0
66	0	2	0.00	2
67	0	2	0.00	2
68	0	1	0.00	1
69	0	2	0.00	2
70	0	0		0
71	0	1	0.00	1
72	0	2	0.00	2
73	0	1	0.00	1
74	0	0		0
75	0	1	0.00	1
76	0	0		0
77	0	1	0.00	1
78	0	0		0
79	0	0		0
80	0	0		0
81	0	0		0
82	0	1	0.00	1
83	0	0		0
84	0	0		0
85	0	0		0
86	0	0		0
87	0	0		0
88	0	0		0
89	0	0		0
90	0	0		0
91	1	0	100.00	1
92	0	0		0
93	0	0		0
94	0	1	0.00	1
95	0	0		0
96	0	0		0
97	0	1	0.00	1

CHG context (R2)
================
position	count methylated	count unmethylated	% methylation	coverage
1	9	2122	0.42	2131
2	0	22	0.00	22
3	0	4	0.00	4
4	0	44	0.00	44
5	0	65	0.00	65
6	0	70	0.00	70
7	0	70	0.00	70
8	1	90	1.10	91
9	0	77	0.00	77
10	0	54	0.00	54
11	1	59	1.67	60
12	0	41	0.00	41
13	0	44	0.00	44
14	0	53	0.00	53
15	1	42	2.33	43
16	0	43	0.00	43
17	0	53	0.00	53
18	0	52	0.00	52
19	0	42	0.00	42
20	0	54	0.00	54
21	0	38	0.00	38
22	0	48	0.00	48
23	0	30	0.00	30
24	0	17	0.00	17
25	0	32	0.00	32
26	0	13	0.00	13
27	0	13	0.00	13
28	0	16	0.00	16
29	0	25	0.00	25
30	0	25	0.00	25
31	0	25	0.00	25
32	0	27	0.00	27
33	0	19	0.00	19
34	1	14	6.67	15
35	0	22	0.00	22
36	0	21	0.00	21
37	0	9	0.00	9
38	0	10	0.00	10
39	0	15	0.00	15
40	0	15	0.00	15
41	0	13	0.00	13
42	0	8	0.00	8
43	0	4	0.00	4
44	0	6	0.00	6
45	0	10	0.00	10
46	0	2	0.00	2
47	0	5	0.00	5
48	0	9	0.00	9
49	0	9	0.00	9
50	0	13	0.00	13
51	0	4	0.00	4
52	0	11	0.00	11
53	0	3	0.00	3
54	0	1	0.00	1
55	0	2	0.00	2
56	0	4	0.00	4
57	0	1	0.00	1
58	0	2	0.00	2
59	0	0		0
60	0	3	0.00	3
61	0	1	0.00	1
62	0	0		0
63	0	1	0.00	1
64	0	2	0.00	2
65	0	0		0
66	0	0		0
67	0	1	0.00	1
68	0	1	0.00	1
69	0	0		0
70	0	0		0
71	0	1	0.00	1
72	0	1	0.00	1
73	0	2	0.00	2
74	0	0		0
75	0	1	0.00	1
76	0	0		0
77	0	0		0
78	0	1	0.00	1
79	0	0		0
80	0	1	0.00	1
81	0	0		0
82	0	0		0
83	0	0		0
84	0	0		0
85	0	0		0
86	0	1	0.00	1
87	0	1	0.00	1
88	0	0		0
89	0	0		0
90	0	0		0
91	0	0		0
92	0	0		0
93	0	0		0
94	0	0		0
95	0	1	0.00	1
96	0	0		0
97	0	0		0

CHH context (R2)
================
position	count methylated	count unmethylated	% methylation	coverage
1	0	17	0.00	17
2	2	980	0.20	982
3	0	249	0.00	249
4	0	177	0.00	177
5	0	153	0.00	153
6	0	86	0.00	86
7	0	106	0.00	106
8	0	116	0.00	116
9	0	124	0.00	124
10	0	123	0.00	123
11	0	77	0.00	77
12	0	70	0.00	70
13	0	62	0.00	62
14	0	87	0.00	87
15	0	77	0.00	77
16	0	66	0.00	66
17	0	70	0.00	70
18	0	65	0.00	65
19	1	73	1.35	74
20	0	53	0.00	53
21	0	44	0.00	44
22	0	46	0.00	46
23	1	52	1.89	53
24	0	36	0.00	36
25	0	50	0.00	50
26	0	39	0.00	39
27	0	34	0.00	34
28	0	32	0.00	32
29	0	35	0.00	35
30	0	18	0.00	18
31	0	25	0.00	25
32	0	33	0.00	33
33	0	36	0.00	36
34	0	24	0.00	24
35	0	31	0.00	31
36	0	17	0.00	17
37	0	15	0.00	15
38	0	21	0.00	21
39	0	16	0.00	16
40	0	17	0.00	17
41	0	13	0.00	13
42	0	14	0.00	14
43	0	19	0.00	19
44	0	20	0.00	20
45	0	16	0.00	16
46	0	15	0.00	15
47	0	9	0.00	9
48	0	2	0.00	2
49	0	5	0.00	5
50	0	6	0.00	6
51	0	21	0.00	21
52	0	19	0.00	19
53	0	12	0.00	12
54	0	8	0.00	8
55	0	10	0.00	10
56	0	7	0.00	7
57	0	4	0.00	4
58	0	0		0
59	0	0		0
60	0	2	0.00	2
61	0	1	0.00	1
62	0	4	0.00	4
63	0	2	0.00	2
64	0	2	0.00	2
65	0	1	0.00	1
66	0	1	0.00	1
67	0	0		0
68	0	0		0
69	0	2	0.00	2
70	0	0		0
71	0	0		0
72	0	0		0
73	0	0		0
74	0	0		0
75	0	2	0.00	2
76	0	0		0
77	0	2	0.00	2
78	0	1	0.00	1
79	0	1	0.00	1
80	0	0		0
81	0	0		0
82	0	0		0
83	0	0		0
84	0	0		0
85	0	0		0
86	0	0		0
87	0	1	0.00	1
88	0	0		0
89	0	0		0
90	0	0		0
91	0	0		0
92	0	0		0
93	0	0		0
94	0	0		0
95	0	0		0
96	0	0		0
97	0	0		0

