CpG context (R1)
================
position	count methylated	count unmethylated	% methylation	coverage
1	196	2168	8.29	2364
2	0	15	0.00	15
3	1	24	4.00	25
4	12	153	7.27	165
5	11	221	4.74	232
6	10	277	3.48	287
7	11	238	4.42	249
8	16	321	4.75	337
9	7	240	2.83	247
10	8	239	3.24	247
11	9	248	3.50	257
12	17	285	5.63	302
13	15	283	5.03	298
14	11	272	3.89	283
15	9	243	3.57	252
16	17	287	5.59	304
17	9	259	3.36	268
18	14	257	5.17	271
19	17	316	5.11	333
20	11	214	4.89	225
21	11	228	4.60	239
22	16	280	5.41	296
23	14	225	5.86	239
24	11	240	4.38	251
25	12	327	3.54	339
26	18	289	5.86	307
27	10	272	3.55	282
28	18	275	6.14	293
29	8	253	3.07	261
30	16	273	5.54	289
31	7	280	2.44	287
32	5	276	1.78	281
33	8	244	3.17	252
34	17	269	5.94	286
35	14	283	4.71	297
36	9	238	3.64	247
37	16	296	5.13	312
38	10	252	3.82	262
39	15	243	5.81	258
40	8	283	2.75	291
41	10	221	4.33	231
42	12	287	4.01	299
43	13	243	5.08	256
44	21	241	8.02	262
45	10	284	3.40	294
46	9	230	3.77	239
47	11	273	3.87	284
48	21	230	8.37	251
49	13	239	5.16	252
50	10	263	3.66	273
51	13	256	4.83	269
52	15	245	5.77	260
53	5	224	2.18	229
54	7	252	2.70	259
55	11	290	3.65	301
56	8	210	3.67	218
57	23	231	9.06	254
58	9	231	3.75	240
59	14	271	4.91	285
60	9	234	3.70	243
61	16	280	5.41	296
62	9	260	3.35	269
63	17	198	7.91	215
64	13	259	4.78	272
65	19	258	6.86	277
66	15	216	6.49	231
67	16	215	6.93	231
68	15	206	6.79	221
69	14	200	6.54	214
70	8	241	3.21	249
71	14	246	5.38	260
72	8	247	3.14	255
73	14	229	5.76	243
74	11	195	5.34	206
75	6	193	3.02	199
76	19	217	8.05	236
77	9	215	4.02	224
78	15	164	8.38	179
79	10	208	4.59	218
80	6	205	2.84	211
81	3	160	1.84	163
82	7	216	3.14	223
83	4	135	2.88	139
84	5	154	3.14	159
85	6	182	3.19	188
86	12	153	7.27	165
87	4	173	2.26	177
88	3	135	2.17	138
89	9	168	5.08	177
90	7	123	5.38	130
91	9	116	7.20	125
92	8	147	5.16	155
93	5	129	3.73	134
94	7	114	5.79	121
95	8	120	6.25	128
96	8	101	7.34	109
97	3	125	2.34	128
98	6	99	5.71	105
99	1	56	1.75	57
100	0	11	0.00	11
101	0	4	0.00	4
102	1	6	14.29	7
103	0	7	0.00	7
104	0	4	0.00	4
105	0	8	0.00	8
106	0	3	0.00	3
107	0	5	0.00	5
108	1	3	25.00	4
109	0	2	0.00	2
110	0	4	0.00	4
111	0	4	0.00	4
112	0	6	0.00	6
113	1	1	50.00	2
114	0	6	0.00	6
115	0	5	0.00	5
116	0	3	0.00	3
117	0	7	0.00	7
118	0	1	0.00	1
119	0	2	0.00	2
120	0	2	0.00	2
121	0	3	0.00	3
122	0	0		0
123	0	4	0.00	4
124	0	0		0
125	0	3	0.00	3
126	0	3	0.00	3
127	0	1	0.00	1
128	0	2	0.00	2
129	0	3	0.00	3
130	0	1	0.00	1
131	0	0		0
132	0	3	0.00	3
133	0	2	0.00	2
134	0	2	0.00	2
135	0	1	0.00	1
136	0	0		0
137	0	1	0.00	1
138	0	1	0.00	1
139	0	2	0.00	2
140	0	2	0.00	2
141	0	2	0.00	2
142	0	2	0.00	2
143	0	0		0
144	0	2	0.00	2
145	0	0		0
146	0	2	0.00	2
147	0	0		0
148	0	2	0.00	2
149	0	1	0.00	1
150	0	0		0
151	0	0		0
152	0	0		0
153	0	0		0
154	0	1	0.00	1
155	0	0		0
156	0	0		0

CHG context (R1)
================
position	count methylated	count unmethylated	% methylation	coverage
1	1	16	5.88	17
2	0	29	0.00	29
3	0	11	0.00	11
4	0	150	0.00	150
5	0	195	0.00	195
6	2	241	0.82	243
7	2	258	0.77	260
8	3	210	1.41	213
9	0	226	0.00	226
10	0	209	0.00	209
11	0	250	0.00	250
12	0	189	0.00	189
13	2	185	1.07	187
14	2	198	1.00	200
15	3	242	1.22	245
16	1	222	0.45	223
17	3	246	1.20	249
18	0	248	0.00	248
19	0	193	0.00	193
20	1	166	0.60	167
21	0	234	0.00	234
22	0	231	0.00	231
23	0	209	0.00	209
24	0	210	0.00	210
25	1	253	0.39	254
26	1	218	0.46	219
27	1	239	0.42	240
28	1	231	0.43	232
29	1	182	0.55	183
30	1	187	0.53	188
31	1	240	0.41	241
32	0	213	0.00	213
33	0	224	0.00	224
34	0	240	0.00	240
35	1	222	0.45	223
36	0	206	0.00	206
37	0	202	0.00	202
38	0	205	0.00	205
39	0	224	0.00	224
40	1	211	0.47	212
41	0	277	0.00	277
42	0	226	0.00	226
43	1	221	0.45	222
44	0	237	0.00	237
45	1	187	0.53	188
46	0	236	0.00	236
47	0	190	0.00	190
48	0	222	0.00	222
49	0	201	0.00	201
50	0	209	0.00	209
51	2	219	0.90	221
52	1	219	0.45	220
53	0	210	0.00	210
54	1	206	0.48	207
55	0	189	0.00	189
56	1	226	0.44	227
57	1	203	0.49	204
58	0	226	0.00	226
59	0	190	0.00	190
60	1	155	0.64	156
61	0	199	0.00	199
62	2	167	1.18	169
63	0	195	0.00	195
64	2	209	0.95	211
65	1	176	0.56	177
66	1	185	0.54	186
67	0	150	0.00	150
68	1	194	0.51	195
69	1	198	0.50	199
70	0	195	0.00	195
71	0	175	0.00	175
72	0	182	0.00	182
73	0	165	0.00	165
74	0	151	0.00	151
75	0	158	0.00	158
76	0	168	0.00	168
77	2	192	1.03	194
78	0	171	0.00	171
79	0	156	0.00	156
80	1	134	0.74	135
81	1	172	0.58	173
82	0	130	0.00	130
83	0	118	0.00	118
84	0	139	0.00	139
85	0	113	0.00	113
86	0	146	0.00	146
87	1	116	0.85	117
88	1	129	0.77	130
89	0	131	0.00	131
90	1	93	1.06	94
91	0	129	0.00	129
92	0	109	0.00	109
93	1	81	1.22	82
94	3	77	3.75	80
95	0	107	0.00	107
96	0	119	0.00	119
97	0	121	0.00	121
98	0	98	0.00	98
99	0	40	0.00	40
100	0	8	0.00	8
101	0	4	0.00	4
102	0	3	0.00	3
103	0	2	0.00	2
104	0	8	0.00	8
105	0	3	0.00	3
106	0	8	0.00	8
107	0	2	0.00	2
108	0	6	0.00	6
109	0	5	0.00	5
110	0	2	0.00	2
111	0	4	0.00	4
112	0	5	0.00	5
113	0	3	0.00	3
114	0	2	0.00	2
115	0	2	0.00	2
116	0	3	0.00	3
117	0	0		0
118	0	1	0.00	1
119	0	0		0
120	0	3	0.00	3
121	0	1	0.00	1
122	0	2	0.00	2
123	0	2	0.00	2
124	0	4	0.00	4
125	0	1	0.00	1
126	0	1	0.00	1
127	0	2	0.00	2
128	0	0		0
129	0	0		0
130	0	1	0.00	1
131	0	3	0.00	3
132	0	2	0.00	2
133	0	3	0.00	3
134	0	0		0
135	0	0		0
136	0	4	0.00	4
137	0	0		0
138	0	0		0
139	1	2	33.33	3
140	0	0		0
141	0	0		0
142	0	2	0.00	2
143	0	0		0
144	0	0		0
145	0	1	0.00	1
146	0	0		0
147	0	0		0
148	0	2	0.00	2
149	0	1	0.00	1
150	0	0		0
151	0	1	0.00	1
152	0	0		0
153	0	0		0
154	0	0		0
155	0	0		0
156	0	0		0

CHH context (R1)
================
position	count methylated	count unmethylated	% methylation	coverage
1	1	35	2.78	36
2	0	36	0.00	36
3	1	18	5.26	19
4	1	346	0.29	347
5	3	407	0.73	410
6	2	391	0.51	393
7	0	356	0.00	356
8	2	337	0.59	339
9	2	332	0.60	334
10	1	338	0.29	339
11	2	308	0.65	310
12	3	323	0.92	326
13	1	404	0.25	405
14	1	389	0.26	390
15	2	384	0.52	386
16	2	383	0.52	385
17	2	295	0.67	297
18	1	304	0.33	305
19	0	313	0.00	313
20	1	344	0.29	345
21	2	348	0.57	350
22	1	343	0.29	344
23	0	383	0.00	383
24	1	385	0.26	386
25	2	414	0.48	416
26	0	342	0.00	342
27	0	379	0.00	379
28	1	376	0.27	377
29	1	358	0.28	359
30	2	377	0.53	379
31	2	355	0.56	357
32	1	399	0.25	400
33	2	336	0.59	338
34	1	336	0.30	337
35	0	315	0.00	315
36	1	329	0.30	330
37	2	322	0.62	324
38	1	344	0.29	345
39	1	339	0.29	340
40	2	341	0.58	343
41	4	338	1.17	342
42	0	315	0.00	315
43	0	352	0.00	352
44	0	351	0.00	351
45	2	298	0.67	300
46	1	337	0.30	338
47	1	330	0.30	331
48	3	327	0.91	330
49	1	400	0.25	401
50	2	390	0.51	392
51	0	390	0.00	390
52	0	380	0.00	380
53	2	341	0.58	343
54	1	326	0.31	327
55	1	345	0.29	346
56	3	317	0.94	320
57	1	296	0.34	297
58	1	313	0.32	314
59	1	336	0.30	337
60	0	301	0.00	301
61	2	304	0.65	306
62	1	311	0.32	312
63	1	314	0.32	315
64	0	355	0.00	355
65	1	309	0.32	310
66	0	283	0.00	283
67	0	350	0.00	350
68	2	339	0.59	341
69	2	316	0.63	318
70	2	287	0.69	289
71	0	277	0.00	277
72	2	233	0.85	235
73	0	283	0.00	283
74	1	267	0.37	268
75	0	311	0.00	311
76	1	284	0.35	285
77	1	271	0.37	272
78	0	270	0.00	270
79	0	280	0.00	280
80	1	301	0.33	302
81	2	236	0.84	238
82	1	250	0.40	251
83	3	231	1.28	234
84	1	236	0.42	237
85	1	268	0.37	269
86	1	251	0.40	252
87	1	217	0.46	218
88	0	237	0.00	237
89	2	192	1.03	194
90	0	190	0.00	190
91	0	207	0.00	207
92	3	198	1.49	201
93	2	166	1.19	168
94	1	159	0.62	160
95	0	178	0.00	178
96	1	144	0.69	145
97	2	155	1.27	157
98	1	170	0.58	171
99	1	65	1.52	66
100	0	6	0.00	6
101	0	7	0.00	7
102	0	5	0.00	5
103	0	3	0.00	3
104	0	6	0.00	6
105	0	5	0.00	5
106	0	3	0.00	3
107	0	2	0.00	2
108	0	2	0.00	2
109	0	2	0.00	2
110	0	5	0.00	5
111	0	7	0.00	7
112	0	6	0.00	6
113	0	5	0.00	5
114	0	7	0.00	7
115	0	3	0.00	3
116	0	3	0.00	3
117	0	2	0.00	2
118	0	2	0.00	2
119	0	3	0.00	3
120	0	6	0.00	6
121	0	3	0.00	3
122	0	0		0
123	0	3	0.00	3
124	0	0		0
125	0	3	0.00	3
126	0	2	0.00	2
127	0	4	0.00	4
128	0	0		0
129	0	2	0.00	2
130	0	1	0.00	1
131	0	2	0.00	2
132	0	3	0.00	3
133	0	0		0
134	0	2	0.00	2
135	0	4	0.00	4
136	0	2	0.00	2
137	0	1	0.00	1
138	0	1	0.00	1
139	0	0		0
140	0	0		0
141	0	1	0.00	1
142	0	0		0
143	0	0		0
144	0	1	0.00	1
145	0	2	0.00	2
146	0	0		0
147	0	2	0.00	2
148	0	1	0.00	1
149	0	0		0
150	0	0		0
151	0	0		0
152	0	0		0
153	0	0		0
154	0	0		0
155	0	0		0
156	0	1	0.00	1

CpG context (R2)
================
position	count methylated	count unmethylated	% methylation	coverage
1	0	22	0.00	22
2	0	16	0.00	16
3	3	66	4.35	69
4	2	65	2.99	67
5	3	87	3.33	90
6	4	78	4.88	82
7	7	149	4.49	156
8	2	74	2.63	76
9	3	86	3.37	89
10	8	88	8.33	96
11	2	67	2.90	69
12	2	61	3.17	63
13	6	76	7.32	82
14	3	44	6.38	47
15	3	62	4.62	65
16	1	66	1.49	67
17	0	47	0.00	47
18	4	64	5.88	68
19	1	39	2.50	40
20	1	50	1.96	51
21	2	37	5.13	39
22	7	43	14.00	50
23	3	39	7.14	42
24	1	62	1.59	63
25	0	34	0.00	34
26	0	33	0.00	33
27	5	38	11.63	43
28	1	35	2.78	36
29	2	38	5.00	40
30	2	23	8.00	25
31	2	39	4.88	41
32	0	25	0.00	25
33	1	16	5.88	17
34	1	21	4.55	22
35	0	11	0.00	11
36	1	15	6.25	16
37	2	17	10.53	19
38	1	22	4.35	23
39	0	11	0.00	11
40	0	11	0.00	11
41	0	12	0.00	12
42	2	9	18.18	11
43	2	13	13.33	15
44	0	15	0.00	15
45	1	2	33.33	3
46	4	15	21.05	19
47	0	4	0.00	4
48	1	7	12.50	8
49	0	2	0.00	2
50	3	7	30.00	10
51	1	4	20.00	5
52	0	6	0.00	6
53	1	3	25.00	4
54	1	6	14.29	7
55	1	3	25.00	4
56	1	2	33.33	3
57	1	1	50.00	2
58	1	2	33.33	3
59	0	2	0.00	2
60	2	2	50.00	4
61	0	1	0.00	1
62	0	1	0.00	1
63	0	2	0.00	2
64	0	3	0.00	3
65	0	1	0.00	1
66	0	2	0.00	2
67	0	0		0
68	1	1	50.00	2
69	0	0		0
70	0	1	0.00	1
71	0	2	0.00	2
72	0	0		0
73	0	0		0
74	0	0		0
75	0	4	0.00	4
76	0	0		0
77	0	2	0.00	2
78	0	2	0.00	2
79	0	0		0
80	0	0		0
81	0	1	0.00	1
82	1	0	100.00	1
83	0	1	0.00	1
84	0	0		0
85	0	0		0
86	0	0		0
87	0	0		0
88	0	0		0
89	0	0		0
90	0	0		0
91	1	0	100.00	1
92	0	0		0
93	0	0		0
94	0	1	0.00	1
95	0	1	0.00	1
96	0	0		0
97	1	1	50.00	2

CHG context (R2)
================
position	count methylated	count unmethylated	% methylation	coverage
1	12	2119	0.56	2131
2	0	22	0.00	22
3	0	3	0.00	3
4	2	46	4.17	48
5	0	56	0.00	56
6	0	58	0.00	58
7	0	72	0.00	72
8	1	95	1.04	96
9	1	58	1.69	59
10	0	59	0.00	59
11	2	72	2.70	74
12	0	39	0.00	39
13	0	49	0.00	49
14	0	44	0.00	44
15	0	43	0.00	43
16	0	44	0.00	44
17	0	62	0.00	62
18	0	53	0.00	53
19	0	52	0.00	52
20	0	57	0.00	57
21	0	32	0.00	32
22	0	53	0.00	53
23	0	26	0.00	26
24	0	17	0.00	17
25	0	45	0.00	45
26	0	26	0.00	26
27	0	17	0.00	17
28	0	24	0.00	24
29	0	33	0.00	33
30	0	14	0.00	14
31	0	22	0.00	22
32	0	18	0.00	18
33	0	12	0.00	12
34	0	14	0.00	14
35	1	25	3.85	26
36	0	26	0.00	26
37	0	13	0.00	13
38	0	9	0.00	9
39	0	13	0.00	13
40	0	13	0.00	13
41	0	20	0.00	20
42	0	7	0.00	7
43	0	15	0.00	15
44	0	5	0.00	5
45	0	14	0.00	14
46	0	1	0.00	1
47	0	8	0.00	8
48	0	10	0.00	10
49	0	9	0.00	9
50	2	11	15.38	13
51	0	4	0.00	4
52	1	8	11.11	9
53	0	4	0.00	4
54	0	1	0.00	1
55	0	6	0.00	6
56	0	3	0.00	3
57	0	0		0
58	0	2	0.00	2
59	0	0		0
60	0	4	0.00	4
61	0	1	0.00	1
62	0	0		0
63	0	2	0.00	2
64	0	2	0.00	2
65	0	0		0
66	0	0		0
67	0	0		0
68	0	2	0.00	2
69	0	0		0
70	0	2	0.00	2
71	0	1	0.00	1
72	0	1	0.00	1
73	0	0		0
74	0	0		0
75	0	2	0.00	2
76	0	0		0
77	0	0		0
78	0	1	0.00	1
79	0	0		0
80	0	1	0.00	1
81	0	0		0
82	0	0		0
83	0	0		0
84	0	0		0
85	0	0		0
86	0	1	0.00	1
87	0	1	0.00	1
88	0	0		0
89	0	0		0
90	0	0		0
91	0	0		0
92	0	0		0
93	0	0		0
94	0	0		0
95	0	1	0.00	1
96	0	0		0
97	0	0		0

CHH context (R2)
================
position	count methylated	count unmethylated	% methylation	coverage
1	0	9	0.00	9
2	3	939	0.32	942
3	1	260	0.38	261
4	0	195	0.00	195
5	1	136	0.73	137
6	0	112	0.00	112
7	0	95	0.00	95
8	0	125	0.00	125
9	0	113	0.00	113
10	0	121	0.00	121
11	1	91	1.09	92
12	0	80	0.00	80
13	0	66	0.00	66
14	0	77	0.00	77
15	0	69	0.00	69
16	0	58	0.00	58
17	1	68	1.45	69
18	0	78	0.00	78
19	2	87	2.25	89
20	0	60	0.00	60
21	0	59	0.00	59
22	0	53	0.00	53
23	0	61	0.00	61
24	0	42	0.00	42
25	0	35	0.00	35
26	0	32	0.00	32
27	0	28	0.00	28
28	0	26	0.00	26
29	0	35	0.00	35
30	0	32	0.00	32
31	0	30	0.00	30
32	0	33	0.00	33
33	0	23	0.00	23
34	0	23	0.00	23
35	0	22	0.00	22
36	0	17	0.00	17
37	0	17	0.00	17
38	0	27	0.00	27
39	0	14	0.00	14
40	0	18	0.00	18
41	0	16	0.00	16
42	0	11	0.00	11
43	0	18	0.00	18
44	0	24	0.00	24
45	0	14	0.00	14
46	0	14	0.00	14
47	0	15	0.00	15
48	0	5	0.00	5
49	0	4	0.00	4
50	0	7	0.00	7
51	0	15	0.00	15
52	0	9	0.00	9
53	0	7	0.00	7
54	0	4	0.00	4
55	0	9	0.00	9
56	0	12	0.00	12
57	0	3	0.00	3
58	0	1	0.00	1
59	0	2	0.00	2
60	0	2	0.00	2
61	0	3	0.00	3
62	0	3	0.00	3
63	0	0		0
64	0	1	0.00	1
65	0	0		0
66	0	1	0.00	1
67	0	2	0.00	2
68	0	1	0.00	1
69	0	3	0.00	3
70	0	0		0
71	0	2	0.00	2
72	0	1	0.00	1
73	0	0		0
74	0	0		0
75	0	0		0
76	0	0		0
77	0	0		0
78	0	0		0
79	0	1	0.00	1
80	0	0		0
81	0	0		0
82	0	0		0
83	0	0		0
84	0	1	0.00	1
85	0	0		0
86	0	0		0
87	0	1	0.00	1
88	0	0		0
89	0	0		0
90	0	0		0
91	0	0		0
92	0	0		0
93	0	0		0
94	0	0		0
95	0	0		0
96	0	0		0
97	0	0		0

