CpG context (R1)
================
position	count methylated	count unmethylated	% methylation	coverage
1	223	2132	9.47	2355
2	0	22	0.00	22
3	1	19	5.00	20
4	12	161	6.94	173
5	13	197	6.19	210
6	12	228	5.00	240
7	8	219	3.52	227
8	9	324	2.70	333
9	14	216	6.09	230
10	15	269	5.28	284
11	10	235	4.08	245
12	22	288	7.10	310
13	18	275	6.14	293
14	10	260	3.70	270
15	11	232	4.53	243
16	16	294	5.16	310
17	10	219	4.37	229
18	9	252	3.45	261
19	20	300	6.25	320
20	10	217	4.41	227
21	17	234	6.77	251
22	8	296	2.63	304
23	18	253	6.64	271
24	15	231	6.10	246
25	15	302	4.73	317
26	16	297	5.11	313
27	6	250	2.34	256
28	25	239	9.47	264
29	13	262	4.73	275
30	11	259	4.07	270
31	9	292	2.99	301
32	16	288	5.26	304
33	14	230	5.74	244
34	18	256	6.57	274
35	14	259	5.13	273
36	16	209	7.11	225
37	16	263	5.73	279
38	14	243	5.45	257
39	14	208	6.31	222
40	14	305	4.39	319
41	18	232	7.20	250
42	19	275	6.46	294
43	9	282	3.09	291
44	12	269	4.27	281
45	12	245	4.67	257
46	11	232	4.53	243
47	15	256	5.54	271
48	17	249	6.39	266
49	16	241	6.23	257
50	12	215	5.29	227
51	14	253	5.24	267
52	12	234	4.88	246
53	14	233	5.67	247
54	17	228	6.94	245
55	16	251	5.99	267
56	20	258	7.19	278
57	12	228	5.00	240
58	14	253	5.24	267
59	13	236	5.22	249
60	11	241	4.37	252
61	13	248	4.98	261
62	13	231	5.33	244
63	18	220	7.56	238
64	15	234	6.02	249
65	12	261	4.40	273
66	13	236	5.22	249
67	23	197	10.45	220
68	6	204	2.86	210
69	8	209	3.69	217
70	14	219	6.01	233
71	15	223	6.30	238
72	13	227	5.42	240
73	10	227	4.22	237
74	4	195	2.01	199
75	13	176	6.88	189
76	13	188	6.47	201
77	9	209	4.13	218
78	11	212	4.93	223
79	14	221	5.96	235
80	8	178	4.30	186
81	5	149	3.25	154
82	7	185	3.65	192
83	8	131	5.76	139
84	9	178	4.81	187
85	5	189	2.58	194
86	8	185	4.15	193
87	9	171	5.00	180
88	6	129	4.44	135
89	10	158	5.95	168
90	5	106	4.50	111
91	10	139	6.71	149
92	3	147	2.00	150
93	14	137	9.27	151
94	7	126	5.26	133
95	17	114	12.98	131
96	7	126	5.26	133
97	6	130	4.41	136
98	9	102	8.11	111
99	3	56	5.08	59
100	0	5	0.00	5
101	2	4	33.33	6
102	0	5	0.00	5
103	0	10	0.00	10
104	0	3	0.00	3
105	0	4	0.00	4
106	0	2	0.00	2
107	1	1	50.00	2
108	1	4	20.00	5
109	2	7	22.22	9
110	0	1	0.00	1
111	0	2	0.00	2
112	0	5	0.00	5
113	0	2	0.00	2
114	0	2	0.00	2
115	0	2	0.00	2
116	0	0		0
117	2	3	40.00	5
118	0	1	0.00	1
119	1	2	33.33	3
120	0	2	0.00	2
121	0	1	0.00	1
122	0	1	0.00	1
123	0	0		0
124	1	1	50.00	2
125	0	2	0.00	2
126	1	0	100.00	1
127	0	0		0
128	0	1	0.00	1
129	0	1	0.00	1
130	0	0		0
131	0	0		0
132	1	1	50.00	2
133	0	0		0
134	0	0		0
135	1	1	50.00	2
136	0	1	0.00	1
137	0	0		0
138	1	0	100.00	1
139	0	1	0.00	1
140	0	0		0
141	0	0		0
142	0	1	0.00	1
143	0	1	0.00	1
144	0	0		0
145	0	1	0.00	1
146	0	2	0.00	2
147	0	0		0
148	0	1	0.00	1
149	0	1	0.00	1
150	0	0		0
151	0	0		0
152	1	0	100.00	1
153	0	0		0
154	1	0	100.00	1
155	0	0		0
156	0	0		0
157	0	0		0
158	0	0		0
159	0	0		0
160	0	0		0
161	1	0	100.00	1
162	0	0		0
163	0	0		0
164	1	0	100.00	1

CHG context (R1)
================
position	count methylated	count unmethylated	% methylation	coverage
1	2	17	10.53	19
2	0	23	0.00	23
3	1	8	11.11	9
4	0	157	0.00	157
5	1	191	0.52	192
6	1	227	0.44	228
7	1	279	0.36	280
8	0	207	0.00	207
9	0	218	0.00	218
10	0	177	0.00	177
11	3	237	1.25	240
12	0	211	0.00	211
13	0	210	0.00	210
14	1	210	0.47	211
15	1	239	0.42	240
16	1	213	0.47	214
17	0	226	0.00	226
18	2	246	0.81	248
19	2	195	1.02	197
20	3	161	1.83	164
21	2	242	0.82	244
22	2	215	0.92	217
23	0	208	0.00	208
24	1	192	0.52	193
25	1	251	0.40	252
26	1	198	0.50	199
27	0	213	0.00	213
28	0	285	0.00	285
29	0	179	0.00	179
30	0	209	0.00	209
31	3	240	1.23	243
32	0	186	0.00	186
33	2	228	0.87	230
34	0	217	0.00	217
35	1	217	0.46	218
36	0	224	0.00	224
37	0	215	0.00	215
38	0	175	0.00	175
39	0	248	0.00	248
40	1	207	0.48	208
41	1	241	0.41	242
42	0	214	0.00	214
43	0	236	0.00	236
44	0	247	0.00	247
45	0	202	0.00	202
46	0	232	0.00	232
47	0	211	0.00	211
48	0	241	0.00	241
49	1	213	0.47	214
50	0	219	0.00	219
51	0	200	0.00	200
52	1	215	0.46	216
53	0	205	0.00	205
54	0	180	0.00	180
55	1	185	0.54	186
56	0	220	0.00	220
57	1	224	0.44	225
58	0	206	0.00	206
59	1	191	0.52	192
60	1	170	0.58	171
61	1	178	0.56	179
62	1	169	0.59	170
63	0	195	0.00	195
64	3	199	1.49	202
65	0	195	0.00	195
66	1	160	0.62	161
67	1	184	0.54	185
68	0	191	0.00	191
69	0	193	0.00	193
70	0	160	0.00	160
71	0	178	0.00	178
72	0	187	0.00	187
73	0	147	0.00	147
74	0	137	0.00	137
75	0	162	0.00	162
76	1	182	0.55	183
77	0	188	0.00	188
78	0	148	0.00	148
79	0	154	0.00	154
80	0	131	0.00	131
81	1	205	0.49	206
82	0	112	0.00	112
83	0	135	0.00	135
84	0	111	0.00	111
85	0	113	0.00	113
86	0	159	0.00	159
87	1	123	0.81	124
88	1	130	0.76	131
89	0	110	0.00	110
90	0	114	0.00	114
91	1	145	0.68	146
92	0	86	0.00	86
93	0	95	0.00	95
94	1	104	0.95	105
95	0	105	0.00	105
96	0	109	0.00	109
97	0	114	0.00	114
98	0	104	0.00	104
99	0	49	0.00	49
100	0	5	0.00	5
101	0	5	0.00	5
102	0	5	0.00	5
103	0	3	0.00	3
104	0	2	0.00	2
105	0	4	0.00	4
106	0	4	0.00	4
107	0	2	0.00	2
108	0	3	0.00	3
109	0	1	0.00	1
110	0	2	0.00	2
111	0	1	0.00	1
112	0	0		0
113	0	1	0.00	1
114	0	2	0.00	2
115	0	1	0.00	1
116	0	1	0.00	1
117	0	1	0.00	1
118	0	3	0.00	3
119	0	1	0.00	1
120	0	0		0
121	0	2	0.00	2
122	0	2	0.00	2
123	0	1	0.00	1
124	0	1	0.00	1
125	0	1	0.00	1
126	0	0		0
127	0	1	0.00	1
128	0	0		0
129	0	0		0
130	0	1	0.00	1
131	0	0		0
132	0	0		0
133	0	0		0
134	0	0		0
135	0	1	0.00	1
136	0	1	0.00	1
137	0	1	0.00	1
138	0	1	0.00	1
139	1	0	100.00	1
140	0	0		0
141	0	2	0.00	2
142	0	1	0.00	1
143	0	0		0
144	0	1	0.00	1
145	0	1	0.00	1
146	0	1	0.00	1
147	0	1	0.00	1
148	0	1	0.00	1
149	0	0		0
150	0	0		0
151	0	1	0.00	1
152	0	0		0
153	0	0		0
154	0	0		0
155	0	0		0
156	0	0		0
157	0	0		0
158	0	0		0
159	0	0		0
160	0	1	0.00	1
161	0	0		0
162	0	0		0
163	0	1	0.00	1
164	0	0		0

CHH context (R1)
================
position	count methylated	count unmethylated	% methylation	coverage
1	0	31	0.00	31
2	0	31	0.00	31
3	0	29	0.00	29
4	1	297	0.34	298
5	0	414	0.00	414
6	3	459	0.65	462
7	1	394	0.25	395
8	2	355	0.56	357
9	1	298	0.33	299
10	2	362	0.55	364
11	1	332	0.30	333
12	2	369	0.54	371
13	2	365	0.54	367
14	0	376	0.00	376
15	1	345	0.29	346
16	0	353	0.00	353
17	2	306	0.65	308
18	1	277	0.36	278
19	0	338	0.00	338
20	0	372	0.00	372
21	0	328	0.00	328
22	1	338	0.29	339
23	0	331	0.00	331
24	0	345	0.00	345
25	1	364	0.27	365
26	2	358	0.56	360
27	0	412	0.00	412
28	2	367	0.54	369
29	1	324	0.31	325
30	1	362	0.28	363
31	1	328	0.30	329
32	1	390	0.26	391
33	4	312	1.27	316
34	0	307	0.00	307
35	0	312	0.00	312
36	1	357	0.28	358
37	2	322	0.62	324
38	1	340	0.29	341
39	0	326	0.00	326
40	1	304	0.33	305
41	0	335	0.00	335
42	0	323	0.00	323
43	2	329	0.60	331
44	0	336	0.00	336
45	1	336	0.30	337
46	0	380	0.00	380
47	3	340	0.87	343
48	1	332	0.30	333
49	1	377	0.26	378
50	0	382	0.00	382
51	1	421	0.24	422
52	0	342	0.00	342
53	3	338	0.88	341
54	2	300	0.66	302
55	0	336	0.00	336
56	0	294	0.00	294
57	2	296	0.67	298
58	0	305	0.00	305
59	0	335	0.00	335
60	0	311	0.00	311
61	0	296	0.00	296
62	0	335	0.00	335
63	1	291	0.34	292
64	2	357	0.56	359
65	0	315	0.00	315
66	0	294	0.00	294
67	2	331	0.60	333
68	2	359	0.55	361
69	1	288	0.35	289
70	1	303	0.33	304
71	0	295	0.00	295
72	2	267	0.74	269
73	0	284	0.00	284
74	1	226	0.44	227
75	2	318	0.62	320
76	0	285	0.00	285
77	1	237	0.42	238
78	0	247	0.00	247
79	2	250	0.79	252
80	1	272	0.37	273
81	2	246	0.81	248
82	1	283	0.35	284
83	0	234	0.00	234
84	1	252	0.40	253
85	1	281	0.35	282
86	1	270	0.37	271
87	0	197	0.00	197
88	0	251	0.00	251
89	1	202	0.49	203
90	1	205	0.49	206
91	0	188	0.00	188
92	0	202	0.00	202
93	3	171	1.72	174
94	0	161	0.00	161
95	0	194	0.00	194
96	0	162	0.00	162
97	0	182	0.00	182
98	1	177	0.56	178
99	0	60	0.00	60
100	0	8	0.00	8
101	0	7	0.00	7
102	0	4	0.00	4
103	0	2	0.00	2
104	0	4	0.00	4
105	0	5	0.00	5
106	0	1	0.00	1
107	0	4	0.00	4
108	0	2	0.00	2
109	0	2	0.00	2
110	0	4	0.00	4
111	0	3	0.00	3
112	0	7	0.00	7
113	0	6	0.00	6
114	0	6	0.00	6
115	0	1	0.00	1
116	0	2	0.00	2
117	0	3	0.00	3
118	0	0		0
119	0	2	0.00	2
120	0	2	0.00	2
121	0	3	0.00	3
122	0	1	0.00	1
123	0	2	0.00	2
124	0	0		0
125	0	0		0
126	0	1	0.00	1
127	0	2	0.00	2
128	0	1	0.00	1
129	0	3	0.00	3
130	0	1	0.00	1
131	0	1	0.00	1
132	0	1	0.00	1
133	0	1	0.00	1
134	0	0		0
135	0	1	0.00	1
136	0	0		0
137	0	0		0
138	0	1	0.00	1
139	0	0		0
140	0	2	0.00	2
141	0	1	0.00	1
142	0	1	0.00	1
143	0	0		0
144	0	1	0.00	1
145	0	1	0.00	1
146	0	0		0
147	0	1	0.00	1
148	0	0		0
149	0	2	0.00	2
150	0	1	0.00	1
151	0	0		0
152	0	0		0
153	0	0		0
154	0	0		0
155	0	0		0
156	0	0		0
157	0	1	0.00	1
158	0	1	0.00	1
159	0	0		0
160	0	0		0
161	0	0		0
162	0	0		0
163	0	0		0
164	0	0		0

CpG context (R2)
================
position	count methylated	count unmethylated	% methylation	coverage
1	0	22	0.00	22
2	0	12	0.00	12
3	4	58	6.45	62
4	2	71	2.74	73
5	6	108	5.26	114
6	4	97	3.96	101
7	4	111	3.48	115
8	4	86	4.44	90
9	5	91	5.21	96
10	2	92	2.13	94
11	6	62	8.82	68
12	4	70	5.41	74
13	8	78	9.30	86
14	4	45	8.16	49
15	3	65	4.41	68
16	1	59	1.67	60
17	5	37	11.90	42
18	1	57	1.72	58
19	1	39	2.50	40
20	2	45	4.26	47
21	3	43	6.52	46
22	4	45	8.16	49
23	4	49	7.55	53
24	3	54	5.26	57
25	0	41	0.00	41
26	1	25	3.85	26
27	2	28	6.67	30
28	2	19	9.52	21
29	1	38	2.56	39
30	2	23	8.00	25
31	1	30	3.23	31
32	0	27	0.00	27
33	2	13	13.33	15
34	1	24	4.00	25
35	0	13	0.00	13
36	1	18	5.26	19
37	0	22	0.00	22
38	2	28	6.67	30
39	0	7	0.00	7
40	0	10	0.00	10
41	0	17	0.00	17
42	0	11	0.00	11
43	1	16	5.88	17
44	0	20	0.00	20
45	0	4	0.00	4
46	2	15	11.76	17
47	0	10	0.00	10
48	0	10	0.00	10
49	0	9	0.00	9
50	2	6	25.00	8
51	0	4	0.00	4
52	1	5	16.67	6
53	0	4	0.00	4
54	0	7	0.00	7
55	0	4	0.00	4
56	0	6	0.00	6
57	1	3	25.00	4
58	1	9	10.00	10
59	0	2	0.00	2
60	0	3	0.00	3
61	0	5	0.00	5
62	0	0		0
63	1	1	50.00	2
64	0	2	0.00	2
65	1	0	100.00	1
66	0	4	0.00	4
67	0	2	0.00	2
68	0	2	0.00	2
69	0	2	0.00	2
70	0	0		0
71	0	3	0.00	3
72	0	2	0.00	2
73	0	0		0
74	0	0		0
75	0	2	0.00	2
76	0	1	0.00	1
77	0	2	0.00	2
78	0	0		0
79	0	2	0.00	2
80	0	0		0
81	0	1	0.00	1
82	0	3	0.00	3
83	0	0		0
84	0	0		0
85	0	0		0
86	0	0		0
87	0	0		0
88	0	0		0
89	0	0		0
90	0	0		0
91	1	1	50.00	2
92	0	0		0
93	0	0		0
94	0	1	0.00	1
95	0	0		0
96	0	0		0
97	0	2	0.00	2

CHG context (R2)
================
position	count methylated	count unmethylated	% methylation	coverage
1	13	2134	0.61	2147
2	1	22	4.35	23
3	0	5	0.00	5
4	1	51	1.92	52
5	0	39	0.00	39
6	0	73	0.00	73
7	1	79	1.25	80
8	1	70	1.41	71
9	0	65	0.00	65
10	1	73	1.35	74
11	1	75	1.32	76
12	0	36	0.00	36
13	0	55	0.00	55
14	0	54	0.00	54
15	0	41	0.00	41
16	1	64	1.54	65
17	0	54	0.00	54
18	0	44	0.00	44
19	0	54	0.00	54
20	0	64	0.00	64
21	0	39	0.00	39
22	0	54	0.00	54
23	0	26	0.00	26
24	0	18	0.00	18
25	0	33	0.00	33
26	0	23	0.00	23
27	1	13	7.14	14
28	1	23	4.17	24
29	0	25	0.00	25
30	0	24	0.00	24
31	0	29	0.00	29
32	0	23	0.00	23
33	0	22	0.00	22
34	0	21	0.00	21
35	0	25	0.00	25
36	0	23	0.00	23
37	0	9	0.00	9
38	0	13	0.00	13
39	0	19	0.00	19
40	0	13	0.00	13
41	0	19	0.00	19
42	0	8	0.00	8
43	0	10	0.00	10
44	0	7	0.00	7
45	0	12	0.00	12
46	0	1	0.00	1
47	0	6	0.00	6
48	0	8	0.00	8
49	0	10	0.00	10
50	0	12	0.00	12
51	0	4	0.00	4
52	0	11	0.00	11
53	0	3	0.00	3
54	0	4	0.00	4
55	0	4	0.00	4
56	0	5	0.00	5
57	0	0		0
58	0	4	0.00	4
59	0	1	0.00	1
60	0	7	0.00	7
61	0	2	0.00	2
62	0	2	0.00	2
63	0	1	0.00	1
64	0	2	0.00	2
65	0	1	0.00	1
66	0	0		0
67	0	3	0.00	3
68	0	2	0.00	2
69	0	1	0.00	1
70	0	1	0.00	1
71	0	1	0.00	1
72	0	1	0.00	1
73	0	3	0.00	3
74	0	2	0.00	2
75	0	1	0.00	1
76	0	1	0.00	1
77	0	0		0
78	0	1	0.00	1
79	0	0		0
80	0	2	0.00	2
81	0	0		0
82	0	0		0
83	0	1	0.00	1
84	0	0		0
85	0	0		0
86	0	3	0.00	3
87	0	1	0.00	1
88	0	0		0
89	0	0		0
90	0	0		0
91	0	0		0
92	0	1	0.00	1
93	0	0		0
94	0	0		0
95	0	2	0.00	2
96	0	0		0
97	0	0		0

CHH context (R2)
================
position	count methylated	count unmethylated	% methylation	coverage
1	0	24	0.00	24
2	1	988	0.10	989
3	0	297	0.00	297
4	0	210	0.00	210
5	1	137	0.72	138
6	0	103	0.00	103
7	1	109	0.91	110
8	0	132	0.00	132
9	0	101	0.00	101
10	0	121	0.00	121
11	0	82	0.00	82
12	0	88	0.00	88
13	0	49	0.00	49
14	0	71	0.00	71
15	0	72	0.00	72
16	0	58	0.00	58
17	0	67	0.00	67
18	0	79	0.00	79
19	3	73	3.95	76
20	1	69	1.43	70
21	0	66	0.00	66
22	0	42	0.00	42
23	0	48	0.00	48
24	0	39	0.00	39
25	1	42	2.33	43
26	0	40	0.00	40
27	0	31	0.00	31
28	0	27	0.00	27
29	0	28	0.00	28
30	0	22	0.00	22
31	0	29	0.00	29
32	0	34	0.00	34
33	0	19	0.00	19
34	0	26	0.00	26
35	0	30	0.00	30
36	0	21	0.00	21
37	0	16	0.00	16
38	0	15	0.00	15
39	0	11	0.00	11
40	0	17	0.00	17
41	0	10	0.00	10
42	0	16	0.00	16
43	0	19	0.00	19
44	0	20	0.00	20
45	0	18	0.00	18
46	0	19	0.00	19
47	0	15	0.00	15
48	0	5	0.00	5
49	0	6	0.00	6
50	0	7	0.00	7
51	0	17	0.00	17
52	0	18	0.00	18
53	0	12	0.00	12
54	1	11	8.33	12
55	0	12	0.00	12
56	0	10	0.00	10
57	0	4	0.00	4
58	0	1	0.00	1
59	0	0		0
60	0	4	0.00	4
61	0	2	0.00	2
62	0	8	0.00	8
63	0	2	0.00	2
64	0	2	0.00	2
65	0	1	0.00	1
66	0	2	0.00	2
67	0	0		0
68	0	1	0.00	1
69	0	3	0.00	3
70	0	1	0.00	1
71	0	1	0.00	1
72	0	0		0
73	0	1	0.00	1
74	0	1	0.00	1
75	0	2	0.00	2
76	0	0		0
77	0	2	0.00	2
78	0	2	0.00	2
79	0	1	0.00	1
80	0	0		0
81	0	0		0
82	0	0		0
83	0	1	0.00	1
84	0	0		0
85	0	0		0
86	0	0		0
87	0	2	0.00	2
88	0	0		0
89	0	0		0
90	0	0		0
91	0	0		0
92	0	0		0
93	0	1	0.00	1
94	0	1	0.00	1
95	0	0		0
96	0	0		0
97	0	0		0

