CpG context (R1)
================
position	count methylated	count unmethylated	% methylation	coverage
1	222	2140	9.40	2362
2	1	16	5.88	17
3	1	30	3.23	31
4	12	180	6.25	192
5	15	172	8.02	187
6	21	265	7.34	286
7	10	222	4.31	232
8	13	283	4.39	296
9	15	223	6.30	238
10	7	241	2.82	248
11	20	271	6.87	291
12	16	279	5.42	295
13	13	265	4.68	278
14	7	239	2.85	246
15	19	239	7.36	258
16	23	296	7.21	319
17	7	211	3.21	218
18	9	255	3.41	264
19	12	293	3.93	305
20	11	216	4.85	227
21	11	225	4.66	236
22	15	286	4.98	301
23	16	256	5.88	272
24	12	231	4.94	243
25	8	295	2.64	303
26	14	266	5.00	280
27	9	281	3.10	290
28	18	248	6.77	266
29	5	282	1.74	287
30	14	256	5.19	270
31	11	296	3.58	307
32	16	263	5.73	279
33	11	246	4.28	257
34	20	242	7.63	262
35	19	272	6.53	291
36	11	213	4.91	224
37	14	262	5.07	276
38	16	227	6.58	243
39	18	251	6.69	269
40	10	246	3.91	256
41	10	267	3.61	277
42	14	289	4.62	303
43	20	254	7.30	274
44	8	224	3.45	232
45	8	297	2.62	305
46	25	243	9.33	268
47	14	258	5.15	272
48	13	245	5.04	258
49	15	242	5.84	257
50	13	247	5.00	260
51	14	264	5.04	278
52	15	262	5.42	277
53	15	248	5.70	263
54	13	239	5.16	252
55	15	276	5.15	291
56	18	228	7.32	246
57	10	231	4.15	241
58	14	225	5.86	239
59	13	248	4.98	261
60	7	251	2.71	258
61	10	250	3.85	260
62	12	238	4.80	250
63	13	220	5.58	233
64	11	230	4.56	241
65	14	220	5.98	234
66	8	242	3.20	250
67	11	218	4.80	229
68	6	186	3.12	192
69	8	174	4.40	182
70	14	214	6.14	228
71	6	242	2.42	248
72	10	239	4.02	249
73	9	216	4.00	225
74	6	206	2.83	212
75	6	172	3.37	178
76	10	194	4.90	204
77	12	212	5.36	224
78	13	186	6.53	199
79	8	212	3.64	220
80	5	185	2.63	190
81	6	171	3.39	177
82	6	221	2.64	227
83	9	125	6.72	134
84	9	173	4.95	182
85	8	171	4.47	179
86	12	159	7.02	171
87	7	188	3.59	195
88	5	133	3.62	138
89	12	132	8.33	144
90	4	127	3.05	131
91	7	143	4.67	150
92	8	142	5.33	150
93	8	127	5.93	135
94	4	135	2.88	139
95	1	104	0.95	105
96	4	103	3.74	107
97	4	105	3.67	109
98	0	90	0.00	90
99	0	45	0.00	45
100	0	12	0.00	12
101	0	4	0.00	4
102	0	3	0.00	3
103	0	6	0.00	6
104	0	3	0.00	3
105	1	5	16.67	6
106	0	4	0.00	4
107	2	3	40.00	5
108	0	7	0.00	7
109	0	7	0.00	7
110	0	5	0.00	5
111	0	4	0.00	4
112	0	6	0.00	6
113	0	1	0.00	1
114	0	4	0.00	4
115	1	2	33.33	3
116	0	4	0.00	4
117	0	7	0.00	7
118	0	2	0.00	2
119	0	2	0.00	2
120	0	1	0.00	1
121	0	1	0.00	1
122	1	2	33.33	3
123	1	6	14.29	7
124	0	2	0.00	2
125	0	7	0.00	7
126	0	1	0.00	1
127	0	1	0.00	1
128	0	1	0.00	1
129	1	2	33.33	3
130	0	1	0.00	1
131	1	0	100.00	1
132	0	2	0.00	2
133	0	3	0.00	3
134	0	0		0
135	0	3	0.00	3
136	0	1	0.00	1
137	0	1	0.00	1
138	0	2	0.00	2
139	0	1	0.00	1
140	0	0		0
141	0	2	0.00	2
142	0	1	0.00	1
143	0	0		0
144	0	2	0.00	2
145	0	0		0
146	0	2	0.00	2
147	0	0		0
148	0	0		0
149	0	2	0.00	2

CHG context (R1)
================
position	count methylated	count unmethylated	% methylation	coverage
1	1	16	5.88	17
2	0	29	0.00	29
3	0	15	0.00	15
4	0	131	0.00	131
5	1	222	0.45	223
6	1	216	0.46	217
7	1	261	0.38	262
8	2	209	0.95	211
9	0	217	0.00	217
10	1	220	0.45	221
11	1	244	0.41	245
12	0	193	0.00	193
13	2	207	0.96	209
14	0	196	0.00	196
15	1	265	0.38	266
16	3	222	1.33	225
17	0	235	0.00	235
18	1	243	0.41	244
19	0	188	0.00	188
20	2	179	1.10	181
21	2	223	0.89	225
22	0	241	0.00	241
23	1	214	0.47	215
24	0	180	0.00	180
25	0	243	0.00	243
26	1	206	0.48	207
27	0	227	0.00	227
28	0	248	0.00	248
29	0	209	0.00	209
30	1	182	0.55	183
31	0	240	0.00	240
32	1	207	0.48	208
33	2	240	0.83	242
34	1	237	0.42	238
35	1	234	0.43	235
36	0	201	0.00	201
37	0	210	0.00	210
38	2	192	1.03	194
39	0	228	0.00	228
40	0	223	0.00	223
41	3	273	1.09	276
42	1	207	0.48	208
43	1	197	0.51	198
44	1	250	0.40	251
45	0	209	0.00	209
46	0	227	0.00	227
47	0	197	0.00	197
48	3	219	1.35	222
49	1	228	0.44	229
50	1	238	0.42	239
51	1	209	0.48	210
52	0	192	0.00	192
53	0	195	0.00	195
54	0	203	0.00	203
55	0	167	0.00	167
56	0	205	0.00	205
57	1	207	0.48	208
58	1	215	0.46	216
59	0	189	0.00	189
60	0	159	0.00	159
61	0	173	0.00	173
62	1	176	0.56	177
63	1	187	0.53	188
64	1	198	0.50	199
65	0	210	0.00	210
66	1	154	0.65	155
67	0	174	0.00	174
68	0	192	0.00	192
69	0	180	0.00	180
70	1	177	0.56	178
71	1	163	0.61	164
72	0	165	0.00	165
73	0	205	0.00	205
74	0	143	0.00	143
75	1	147	0.68	148
76	0	195	0.00	195
77	0	163	0.00	163
78	0	152	0.00	152
79	0	147	0.00	147
80	2	136	1.45	138
81	0	205	0.00	205
82	0	99	0.00	99
83	1	148	0.67	149
84	0	117	0.00	117
85	0	118	0.00	118
86	1	161	0.62	162
87	0	112	0.00	112
88	1	112	0.88	113
89	0	116	0.00	116
90	1	115	0.86	116
91	1	149	0.67	150
92	0	88	0.00	88
93	0	88	0.00	88
94	0	104	0.00	104
95	1	91	1.09	92
96	0	115	0.00	115
97	0	105	0.00	105
98	1	90	1.10	91
99	0	44	0.00	44
100	0	6	0.00	6
101	0	6	0.00	6
102	0	6	0.00	6
103	0	11	0.00	11
104	0	7	0.00	7
105	0	6	0.00	6
106	0	1	0.00	1
107	0	0		0
108	0	7	0.00	7
109	0	5	0.00	5
110	0	3	0.00	3
111	0	4	0.00	4
112	1	6	14.29	7
113	0	0		0
114	0	3	0.00	3
115	0	1	0.00	1
116	0	0		0
117	0	1	0.00	1
118	0	2	0.00	2
119	0	0		0
120	0	3	0.00	3
121	0	2	0.00	2
122	0	1	0.00	1
123	0	0		0
124	0	5	0.00	5
125	0	1	0.00	1
126	0	1	0.00	1
127	0	1	0.00	1
128	0	2	0.00	2
129	0	0		0
130	0	0		0
131	0	0		0
132	0	5	0.00	5
133	0	2	0.00	2
134	0	1	0.00	1
135	0	1	0.00	1
136	0	0		0
137	0	0		0
138	0	1	0.00	1
139	0	0		0
140	0	1	0.00	1
141	0	1	0.00	1
142	0	0		0
143	0	1	0.00	1
144	0	0		0
145	0	1	0.00	1
146	0	0		0
147	0	2	0.00	2
148	0	2	0.00	2
149	0	0		0

CHH context (R1)
================
position	count methylated	count unmethylated	% methylation	coverage
1	1	40	2.44	41
2	0	31	0.00	31
3	0	21	0.00	21
4	3	357	0.83	360
5	0	393	0.00	393
6	0	388	0.00	388
7	1	380	0.26	381
8	0	340	0.00	340
9	2	325	0.61	327
10	1	354	0.28	355
11	0	314	0.00	314
12	0	325	0.00	325
13	1	390	0.26	391
14	1	391	0.26	392
15	0	374	0.00	374
16	0	332	0.00	332
17	1	291	0.34	292
18	2	304	0.65	306
19	0	336	0.00	336
20	3	362	0.82	365
21	0	336	0.00	336
22	1	325	0.31	326
23	1	348	0.29	349
24	3	369	0.81	372
25	0	394	0.00	394
26	3	366	0.81	369
27	1	417	0.24	418
28	4	375	1.06	379
29	1	345	0.29	346
30	0	362	0.00	362
31	0	349	0.00	349
32	2	366	0.54	368
33	2	295	0.67	297
34	0	322	0.00	322
35	1	310	0.32	311
36	0	349	0.00	349
37	2	369	0.54	371
38	1	361	0.28	362
39	2	313	0.63	315
40	1	298	0.33	299
41	0	317	0.00	317
42	0	317	0.00	317
43	2	329	0.60	331
44	1	325	0.31	326
45	1	310	0.32	311
46	2	327	0.61	329
47	2	338	0.59	340
48	3	329	0.90	332
49	2	392	0.51	394
50	0	353	0.00	353
51	0	377	0.00	377
52	0	335	0.00	335
53	2	353	0.56	355
54	1	317	0.31	318
55	0	336	0.00	336
56	0	299	0.00	299
57	1	303	0.33	304
58	0	294	0.00	294
59	0	318	0.00	318
60	2	321	0.62	323
61	0	339	0.00	339
62	2	332	0.60	334
63	1	299	0.33	300
64	0	336	0.00	336
65	0	306	0.00	306
66	0	273	0.00	273
67	0	323	0.00	323
68	0	336	0.00	336
69	1	305	0.33	306
70	2	276	0.72	278
71	0	309	0.00	309
72	2	300	0.66	302
73	1	275	0.36	276
74	0	271	0.00	271
75	0	281	0.00	281
76	2	302	0.66	304
77	0	276	0.00	276
78	2	263	0.75	265
79	2	289	0.69	291
80	0	305	0.00	305
81	0	238	0.00	238
82	1	272	0.37	273
83	0	238	0.00	238
84	0	263	0.00	263
85	0	266	0.00	266
86	2	278	0.71	280
87	2	193	1.03	195
88	1	253	0.39	254
89	2	201	0.99	203
90	0	176	0.00	176
91	0	163	0.00	163
92	0	199	0.00	199
93	1	175	0.57	176
94	0	179	0.00	179
95	0	187	0.00	187
96	0	152	0.00	152
97	0	152	0.00	152
98	0	157	0.00	157
99	0	71	0.00	71
100	0	15	0.00	15
101	0	9	0.00	9
102	0	13	0.00	13
103	0	6	0.00	6
104	0	11	0.00	11
105	0	5	0.00	5
106	0	9	0.00	9
107	0	10	0.00	10
108	0	9	0.00	9
109	0	8	0.00	8
110	0	9	0.00	9
111	0	6	0.00	6
112	0	5	0.00	5
113	0	6	0.00	6
114	0	6	0.00	6
115	0	6	0.00	6
116	0	3	0.00	3
117	0	3	0.00	3
118	0	3	0.00	3
119	1	3	25.00	4
120	0	1	0.00	1
121	0	5	0.00	5
122	0	2	0.00	2
123	0	4	0.00	4
124	0	1	0.00	1
125	0	2	0.00	2
126	0	5	0.00	5
127	0	1	0.00	1
128	0	2	0.00	2
129	0	1	0.00	1
130	0	1	0.00	1
131	0	6	0.00	6
132	0	3	0.00	3
133	0	2	0.00	2
134	0	1	0.00	1
135	0	2	0.00	2
136	0	0		0
137	0	2	0.00	2
138	0	1	0.00	1
139	0	0		0
140	0	0		0
141	0	1	0.00	1
142	0	0		0
143	0	0		0
144	0	0		0
145	0	0		0
146	0	2	0.00	2
147	0	0		0
148	0	0		0
149	0	1	0.00	1

CpG context (R2)
================
position	count methylated	count unmethylated	% methylation	coverage
1	2	20	9.09	22
2	1	22	4.35	23
3	1	71	1.39	72
4	4	80	4.76	84
5	4	88	4.35	92
6	5	81	5.81	86
7	5	122	3.94	127
8	3	65	4.41	68
9	6	74	7.50	80
10	3	77	3.75	80
11	5	73	6.41	78
12	3	54	5.26	57
13	4	71	5.33	75
14	3	34	8.11	37
15	1	57	1.72	58
16	0	53	0.00	53
17	2	41	4.65	43
18	7	34	17.07	41
19	2	54	3.57	56
20	2	46	4.17	48
21	1	32	3.03	33
22	2	34	5.56	36
23	4	41	8.89	45
24	2	48	4.00	50
25	1	28	3.45	29
26	0	34	0.00	34
27	2	26	7.14	28
28	1	18	5.26	19
29	1	41	2.38	42
30	0	20	0.00	20
31	1	19	5.00	20
32	1	24	4.00	25
33	0	17	0.00	17
34	2	22	8.33	24
35	0	14	0.00	14
36	1	8	11.11	9
37	1	27	3.57	28
38	0	19	0.00	19
39	0	5	0.00	5
40	0	3	0.00	3
41	0	8	0.00	8
42	0	10	0.00	10
43	0	14	0.00	14
44	0	11	0.00	11
45	1	3	25.00	4
46	1	12	7.69	13
47	0	4	0.00	4
48	2	11	15.38	13
49	0	6	0.00	6
50	2	6	25.00	8
51	0	1	0.00	1
52	0	6	0.00	6
53	0	0		0
54	1	4	20.00	5
55	0	4	0.00	4
56	0	5	0.00	5
57	1	2	33.33	3
58	0	6	0.00	6
59	0	1	0.00	1
60	2	2	50.00	4
61	0	4	0.00	4
62	0	1	0.00	1
63	1	6	14.29	7
64	0	0		0
65	0	2	0.00	2
66	0	3	0.00	3
67	0	1	0.00	1
68	0	1	0.00	1
69	0	0		0
70	0	2	0.00	2
71	0	0		0
72	0	0		0
73	0	1	0.00	1
74	0	0		0
75	0	0		0
76	0	0		0
77	0	0		0
78	0	0		0
79	0	0		0
80	0	0		0
81	0	0		0
82	0	0		0
83	0	0		0
84	0	0		0
85	0	0		0
86	0	0		0
87	0	0		0
88	0	0		0
89	0	0		0
90	0	0		0
91	0	0		0
92	0	1	0.00	1
93	0	0		0
94	0	0		0
95	0	0		0
96	0	0		0
97	0	1	0.00	1

CHG context (R2)
================
position	count methylated	count unmethylated	% methylation	coverage
1	9	2100	0.43	2109
2	0	35	0.00	35
3	0	12	0.00	12
4	0	37	0.00	37
5	0	57	0.00	57
6	0	71	0.00	71
7	1	66	1.49	67
8	1	75	1.32	76
9	0	67	0.00	67
10	0	58	0.00	58
11	1	67	1.47	68
12	0	38	0.00	38
13	0	38	0.00	38
14	1	46	2.13	47
15	0	39	0.00	39
16	0	43	0.00	43
17	0	65	0.00	65
18	0	44	0.00	44
19	0	32	0.00	32
20	0	65	0.00	65
21	0	43	0.00	43
22	0	38	0.00	38
23	0	32	0.00	32
24	0	20	0.00	20
25	0	39	0.00	39
26	0	21	0.00	21
27	0	17	0.00	17
28	2	13	13.33	15
29	0	21	0.00	21
30	0	32	0.00	32
31	0	15	0.00	15
32	0	19	0.00	19
33	0	17	0.00	17
34	0	26	0.00	26
35	0	29	0.00	29
36	0	14	0.00	14
37	0	5	0.00	5
38	0	11	0.00	11
39	1	9	10.00	10
40	0	17	0.00	17
41	0	16	0.00	16
42	0	4	0.00	4
43	0	8	0.00	8
44	0	6	0.00	6
45	0	6	0.00	6
46	0	0		0
47	0	10	0.00	10
48	0	7	0.00	7
49	0	9	0.00	9
50	0	8	0.00	8
51	0	2	0.00	2
52	0	6	0.00	6
53	0	8	0.00	8
54	0	1	0.00	1
55	0	4	0.00	4
56	0	4	0.00	4
57	0	0		0
58	0	1	0.00	1
59	0	0		0
60	0	1	0.00	1
61	0	2	0.00	2
62	0	0		0
63	0	2	0.00	2
64	0	4	0.00	4
65	0	1	0.00	1
66	0	1	0.00	1
67	0	0		0
68	0	0		0
69	0	0		0
70	0	0		0
71	0	3	0.00	3
72	0	0		0
73	0	0		0
74	0	0		0
75	0	0		0
76	0	0		0
77	0	0		0
78	0	0		0
79	0	0		0
80	0	0		0
81	0	0		0
82	0	0		0
83	0	0		0
84	0	0		0
85	0	0		0
86	0	0		0
87	0	0		0
88	0	0		0
89	0	0		0
90	0	0		0
91	0	0		0
92	0	0		0
93	0	0		0
94	0	0		0
95	0	0		0
96	0	0		0
97	0	0		0

CHH context (R2)
================
position	count methylated	count unmethylated	% methylation	coverage
1	0	15	0.00	15
2	1	981	0.10	982
3	0	239	0.00	239
4	0	172	0.00	172
5	1	126	0.79	127
6	1	84	1.18	85
7	0	94	0.00	94
8	0	113	0.00	113
9	0	119	0.00	119
10	0	108	0.00	108
11	0	83	0.00	83
12	0	81	0.00	81
13	0	61	0.00	61
14	0	74	0.00	74
15	0	63	0.00	63
16	0	61	0.00	61
17	0	48	0.00	48
18	0	72	0.00	72
19	0	57	0.00	57
20	0	55	0.00	55
21	0	38	0.00	38
22	0	40	0.00	40
23	0	38	0.00	38
24	0	40	0.00	40
25	0	44	0.00	44
26	0	40	0.00	40
27	0	30	0.00	30
28	1	22	4.35	23
29	0	26	0.00	26
30	0	20	0.00	20
31	1	23	4.17	24
32	0	29	0.00	29
33	0	14	0.00	14
34	0	22	0.00	22
35	0	33	0.00	33
36	0	15	0.00	15
37	0	12	0.00	12
38	0	14	0.00	14
39	0	7	0.00	7
40	0	11	0.00	11
41	0	11	0.00	11
42	0	17	0.00	17
43	0	15	0.00	15
44	0	19	0.00	19
45	0	18	0.00	18
46	0	14	0.00	14
47	0	11	0.00	11
48	0	8	0.00	8
49	0	4	0.00	4
50	0	8	0.00	8
51	0	16	0.00	16
52	0	10	0.00	10
53	0	8	0.00	8
54	0	11	0.00	11
55	0	6	0.00	6
56	0	10	0.00	10
57	0	5	0.00	5
58	0	3	0.00	3
59	0	0		0
60	0	0		0
61	1	0	100.00	1
62	0	2	0.00	2
63	0	0		0
64	0	1	0.00	1
65	0	0		0
66	0	0		0
67	0	0		0
68	0	2	0.00	2
69	0	0		0
70	0	0		0
71	0	0		0
72	0	0		0
73	0	1	0.00	1
74	0	1	0.00	1
75	0	0		0
76	0	0		0
77	0	0		0
78	0	0		0
79	0	0		0
80	0	0		0
81	0	0		0
82	0	0		0
83	0	0		0
84	0	0		0
85	0	1	0.00	1
86	0	0		0
87	0	0		0
88	0	0		0
89	0	0		0
90	0	0		0
91	0	0		0
92	0	0		0
93	0	0		0
94	0	0		0
95	0	0		0
96	0	0		0
97	0	0		0

