CpG context (R1)
================
position	count methylated	count unmethylated	% methylation	coverage
1	200	2194	8.35	2394
2	1	10	9.09	11
3	0	14	0.00	14
4	9	156	5.45	165
5	8	238	3.25	246
6	6	259	2.26	265
7	16	257	5.86	273
8	9	294	2.97	303
9	9	218	3.96	227
10	13	246	5.02	259
11	16	238	6.30	254
12	23	273	7.77	296
13	14	292	4.58	306
14	13	237	5.20	250
15	15	253	5.60	268
16	16	298	5.10	314
17	12	220	5.17	232
18	10	249	3.86	259
19	23	284	7.49	307
20	8	244	3.17	252
21	15	213	6.58	228
22	16	274	5.52	290
23	17	241	6.59	258
24	14	242	5.47	256
25	9	312	2.80	321
26	13	298	4.18	311
27	6	264	2.22	270
28	15	266	5.34	281
29	8	241	3.21	249
30	17	266	6.01	283
31	15	262	5.42	277
32	16	289	5.25	305
33	17	239	6.64	256
34	14	261	5.09	275
35	20	286	6.54	306
36	14	221	5.96	235
37	13	251	4.92	264
38	14	242	5.47	256
39	17	252	6.32	269
40	9	254	3.42	263
41	15	255	5.56	270
42	24	265	8.30	289
43	11	272	3.89	283
44	11	257	4.10	268
45	18	298	5.70	316
46	18	233	7.17	251
47	11	274	3.86	285
48	14	262	5.07	276
49	14	208	6.31	222
50	8	221	3.49	229
51	8	210	3.67	218
52	14	226	5.83	240
53	10	252	3.82	262
54	12	255	4.49	267
55	14	278	4.79	292
56	15	238	5.93	253
57	12	232	4.92	244
58	22	233	8.63	255
59	6	299	1.97	305
60	18	247	6.79	265
61	16	230	6.50	246
62	10	246	3.91	256
63	12	227	5.02	239
64	12	232	4.92	244
65	11	240	4.38	251
66	16	232	6.45	248
67	11	214	4.89	225
68	10	207	4.61	217
69	4	215	1.83	219
70	12	233	4.90	245
71	18	224	7.44	242
72	9	246	3.53	255
73	9	227	3.81	236
74	9	187	4.59	196
75	10	186	5.10	196
76	19	199	8.72	218
77	9	221	3.91	230
78	9	207	4.17	216
79	11	224	4.68	235
80	5	179	2.72	184
81	9	181	4.74	190
82	7	193	3.50	200
83	5	144	3.36	149
84	9	154	5.52	163
85	8	179	4.28	187
86	5	182	2.67	187
87	7	171	3.93	178
88	9	122	6.87	131
89	12	153	7.27	165
90	9	107	7.76	116
91	9	133	6.34	142
92	5	120	4.00	125
93	7	105	6.25	112
94	5	133	3.62	138
95	10	120	7.69	130
96	6	116	4.92	122
97	6	140	4.11	146
98	7	90	7.22	97
99	2	38	5.00	40
100	0	5	0.00	5
101	1	3	25.00	4
102	0	1	0.00	1
103	0	4	0.00	4
104	0	5	0.00	5
105	0	6	0.00	6
106	1	2	33.33	3
107	0	4	0.00	4
108	0	7	0.00	7
109	0	8	0.00	8
110	0	3	0.00	3
111	0	4	0.00	4
112	0	4	0.00	4
113	0	2	0.00	2
114	0	5	0.00	5
115	1	2	33.33	3
116	0	1	0.00	1
117	0	4	0.00	4
118	0	1	0.00	1
119	0	3	0.00	3
120	0	2	0.00	2
121	1	2	33.33	3
122	0	2	0.00	2
123	0	0		0
124	0	2	0.00	2
125	0	1	0.00	1
126	0	3	0.00	3
127	0	1	0.00	1
128	0	2	0.00	2
129	0	3	0.00	3
130	0	1	0.00	1
131	0	2	0.00	2
132	0	2	0.00	2
133	0	2	0.00	2
134	1	1	50.00	2
135	0	0		0
136	0	3	0.00	3
137	0	1	0.00	1
138	0	2	0.00	2
139	0	3	0.00	3
140	0	1	0.00	1
141	0	1	0.00	1
142	0	1	0.00	1
143	0	1	0.00	1
144	0	1	0.00	1
145	0	1	0.00	1
146	0	1	0.00	1
147	0	1	0.00	1
148	0	2	0.00	2
149	0	1	0.00	1

CHG context (R1)
================
position	count methylated	count unmethylated	% methylation	coverage
1	0	10	0.00	10
2	0	23	0.00	23
3	0	10	0.00	10
4	0	129	0.00	129
5	1	186	0.53	187
6	1	270	0.37	271
7	1	266	0.37	267
8	0	216	0.00	216
9	0	224	0.00	224
10	0	213	0.00	213
11	0	244	0.00	244
12	1	226	0.44	227
13	1	194	0.51	195
14	1	224	0.44	225
15	0	248	0.00	248
16	3	213	1.39	216
17	1	261	0.38	262
18	2	245	0.81	247
19	1	216	0.46	217
20	1	180	0.55	181
21	3	232	1.28	235
22	0	260	0.00	260
23	0	188	0.00	188
24	1	203	0.49	204
25	2	264	0.75	266
26	0	189	0.00	189
27	1	218	0.46	219
28	0	244	0.00	244
29	1	205	0.49	206
30	1	188	0.53	189
31	0	268	0.00	268
32	0	206	0.00	206
33	0	230	0.00	230
34	0	255	0.00	255
35	0	193	0.00	193
36	1	216	0.46	217
37	3	212	1.40	215
38	0	181	0.00	181
39	1	217	0.46	218
40	2	204	0.97	206
41	0	249	0.00	249
42	1	250	0.40	251
43	0	210	0.00	210
44	1	250	0.40	251
45	2	180	1.10	182
46	2	228	0.87	230
47	0	195	0.00	195
48	1	201	0.50	202
49	1	220	0.45	221
50	1	209	0.48	210
51	1	206	0.48	207
52	0	236	0.00	236
53	1	214	0.47	215
54	0	199	0.00	199
55	0	163	0.00	163
56	0	214	0.00	214
57	1	198	0.50	199
58	1	207	0.48	208
59	0	173	0.00	173
60	0	169	0.00	169
61	0	204	0.00	204
62	2	182	1.09	184
63	0	185	0.00	185
64	0	201	0.00	201
65	1	189	0.53	190
66	1	164	0.61	165
67	0	155	0.00	155
68	0	218	0.00	218
69	0	183	0.00	183
70	0	205	0.00	205
71	0	169	0.00	169
72	0	159	0.00	159
73	0	162	0.00	162
74	2	165	1.20	167
75	1	156	0.64	157
76	0	148	0.00	148
77	3	194	1.52	197
78	0	154	0.00	154
79	1	141	0.70	142
80	1	132	0.75	133
81	0	165	0.00	165
82	0	116	0.00	116
83	1	139	0.71	140
84	0	134	0.00	134
85	0	127	0.00	127
86	0	141	0.00	141
87	1	122	0.81	123
88	0	142	0.00	142
89	0	100	0.00	100
90	1	111	0.89	112
91	1	146	0.68	147
92	0	94	0.00	94
93	1	98	1.01	99
94	0	101	0.00	101
95	0	91	0.00	91
96	0	113	0.00	113
97	1	127	0.78	128
98	0	85	0.00	85
99	0	38	0.00	38
100	0	9	0.00	9
101	0	5	0.00	5
102	0	3	0.00	3
103	0	4	0.00	4
104	0	6	0.00	6
105	0	5	0.00	5
106	0	5	0.00	5
107	0	5	0.00	5
108	0	5	0.00	5
109	0	3	0.00	3
110	0	4	0.00	4
111	0	4	0.00	4
112	1	2	33.33	3
113	0	1	0.00	1
114	0	2	0.00	2
115	0	1	0.00	1
116	0	1	0.00	1
117	0	1	0.00	1
118	0	8	0.00	8
119	0	1	0.00	1
120	0	5	0.00	5
121	0	2	0.00	2
122	0	3	0.00	3
123	0	3	0.00	3
124	0	1	0.00	1
125	0	2	0.00	2
126	0	1	0.00	1
127	0	2	0.00	2
128	0	4	0.00	4
129	0	2	0.00	2
130	0	2	0.00	2
131	0	1	0.00	1
132	0	1	0.00	1
133	0	1	0.00	1
134	0	0		0
135	0	3	0.00	3
136	0	2	0.00	2
137	0	0		0
138	0	1	0.00	1
139	0	2	0.00	2
140	0	0		0
141	0	1	0.00	1
142	0	2	0.00	2
143	0	1	0.00	1
144	0	0		0
145	0	0		0
146	0	1	0.00	1
147	0	1	0.00	1
148	0	1	0.00	1
149	0	1	0.00	1

CHH context (R1)
================
position	count methylated	count unmethylated	% methylation	coverage
1	0	29	0.00	29
2	0	24	0.00	24
3	0	18	0.00	18
4	1	335	0.30	336
5	3	449	0.66	452
6	3	424	0.70	427
7	1	372	0.27	373
8	0	319	0.00	319
9	1	335	0.30	336
10	2	326	0.61	328
11	4	307	1.29	311
12	2	338	0.59	340
13	1	371	0.27	372
14	1	349	0.29	350
15	1	366	0.27	367
16	1	355	0.28	356
17	2	301	0.66	303
18	0	317	0.00	317
19	2	319	0.62	321
20	1	372	0.27	373
21	0	355	0.00	355
22	2	351	0.57	353
23	2	371	0.54	373
24	1	376	0.27	377
25	2	388	0.51	390
26	2	382	0.52	384
27	1	379	0.26	380
28	1	368	0.27	369
29	1	313	0.32	314
30	0	367	0.00	367
31	2	319	0.62	321
32	1	372	0.27	373
33	2	299	0.66	301
34	0	288	0.00	288
35	0	304	0.00	304
36	1	383	0.26	384
37	2	354	0.56	356
38	1	337	0.30	338
39	0	336	0.00	336
40	2	323	0.62	325
41	1	347	0.29	348
42	1	360	0.28	361
43	0	341	0.00	341
44	0	303	0.00	303
45	1	323	0.31	324
46	3	317	0.94	320
47	0	310	0.00	310
48	0	340	0.00	340
49	0	364	0.00	364
50	0	409	0.00	409
51	2	432	0.46	434
52	1	359	0.28	360
53	2	301	0.66	303
54	2	293	0.68	295
55	1	320	0.31	321
56	1	268	0.37	269
57	0	288	0.00	288
58	1	281	0.35	282
59	1	329	0.30	330
60	2	291	0.68	293
61	3	333	0.89	336
62	1	299	0.33	300
63	0	316	0.00	316
64	1	344	0.29	345
65	2	317	0.63	319
66	0	303	0.00	303
67	1	344	0.29	345
68	1	318	0.31	319
69	0	328	0.00	328
70	1	270	0.37	271
71	1	271	0.37	272
72	1	263	0.38	264
73	2	309	0.64	311
74	1	269	0.37	270
75	0	308	0.00	308
76	0	316	0.00	316
77	1	259	0.38	260
78	2	284	0.70	286
79	2	271	0.73	273
80	0	296	0.00	296
81	1	241	0.41	242
82	2	273	0.73	275
83	0	236	0.00	236
84	1	252	0.40	253
85	1	272	0.37	273
86	2	276	0.72	278
87	0	215	0.00	215
88	1	245	0.41	246
89	0	197	0.00	197
90	1	185	0.54	186
91	0	171	0.00	171
92	0	218	0.00	218
93	0	170	0.00	170
94	0	161	0.00	161
95	1	178	0.56	179
96	0	173	0.00	173
97	2	147	1.34	149
98	1	161	0.62	162
99	0	78	0.00	78
100	0	9	0.00	9
101	0	9	0.00	9
102	0	8	0.00	8
103	0	6	0.00	6
104	0	9	0.00	9
105	0	9	0.00	9
106	0	7	0.00	7
107	0	7	0.00	7
108	0	3	0.00	3
109	1	1	50.00	2
110	0	2	0.00	2
111	0	5	0.00	5
112	0	2	0.00	2
113	0	4	0.00	4
114	0	6	0.00	6
115	0	4	0.00	4
116	0	3	0.00	3
117	0	8	0.00	8
118	0	2	0.00	2
119	0	4	0.00	4
120	0	0		0
121	0	3	0.00	3
122	0	3	0.00	3
123	0	2	0.00	2
124	0	4	0.00	4
125	0	2	0.00	2
126	0	3	0.00	3
127	0	3	0.00	3
128	0	1	0.00	1
129	0	1	0.00	1
130	0	2	0.00	2
131	0	3	0.00	3
132	0	3	0.00	3
133	0	2	0.00	2
134	0	4	0.00	4
135	0	2	0.00	2
136	0	0		0
137	0	0		0
138	0	1	0.00	1
139	0	0		0
140	0	1	0.00	1
141	0	0		0
142	0	1	0.00	1
143	0	1	0.00	1
144	0	0		0
145	0	0		0
146	0	0		0
147	0	0		0
148	0	0		0
149	0	1	0.00	1

CpG context (R2)
================
position	count methylated	count unmethylated	% methylation	coverage
1	0	23	0.00	23
2	0	18	0.00	18
3	6	88	6.38	94
4	3	52	5.45	55
5	3	102	2.86	105
6	2	69	2.82	71
7	5	126	3.82	131
8	2	79	2.47	81
9	5	91	5.21	96
10	9	88	9.28	97
11	5	68	6.85	73
12	3	60	4.76	63
13	6	70	7.89	76
14	3	53	5.36	56
15	5	41	10.87	46
16	2	43	4.44	45
17	2	39	4.88	41
18	4	52	7.14	56
19	3	34	8.11	37
20	3	40	6.98	43
21	3	41	6.82	44
22	2	48	4.00	50
23	5	41	10.87	46
24	3	48	5.88	51
25	0	38	0.00	38
26	0	26	0.00	26
27	3	26	10.34	29
28	2	26	7.14	28
29	2	36	5.26	38
30	1	16	5.88	17
31	4	34	10.53	38
32	3	18	14.29	21
33	0	11	0.00	11
34	2	17	10.53	19
35	0	11	0.00	11
36	2	19	9.52	21
37	0	17	0.00	17
38	1	29	3.33	30
39	1	5	16.67	6
40	1	13	7.14	14
41	0	12	0.00	12
42	1	11	8.33	12
43	2	12	14.29	14
44	2	17	10.53	19
45	0	4	0.00	4
46	5	13	27.78	18
47	1	12	7.69	13
48	0	10	0.00	10
49	0	1	0.00	1
50	0	6	0.00	6
51	0	9	0.00	9
52	2	8	20.00	10
53	0	2	0.00	2
54	2	4	33.33	6
55	0	7	0.00	7
56	1	4	20.00	5
57	0	1	0.00	1
58	0	3	0.00	3
59	0	0		0
60	0	2	0.00	2
61	0	2	0.00	2
62	0	0		0
63	0	1	0.00	1
64	0	0		0
65	0	1	0.00	1
66	0	2	0.00	2
67	0	0		0
68	0	1	0.00	1
69	0	2	0.00	2
70	0	0		0
71	0	2	0.00	2
72	1	0	100.00	1
73	0	0		0
74	0	1	0.00	1
75	0	2	0.00	2
76	0	0		0
77	0	1	0.00	1
78	0	0		0
79	1	1	50.00	2
80	0	0		0
81	0	1	0.00	1
82	1	1	50.00	2
83	0	1	0.00	1
84	0	0		0
85	0	0		0
86	0	1	0.00	1
87	0	0		0
88	0	0		0
89	0	0		0
90	0	0		0
91	0	1	0.00	1
92	0	0		0
93	0	0		0
94	0	1	0.00	1
95	0	0		0
96	0	0		0
97	0	1	0.00	1

CHG context (R2)
================
position	count methylated	count unmethylated	% methylation	coverage
1	17	2134	0.79	2151
2	0	26	0.00	26
3	0	4	0.00	4
4	0	47	0.00	47
5	0	56	0.00	56
6	0	75	0.00	75
7	0	81	0.00	81
8	0	87	0.00	87
9	0	69	0.00	69
10	0	68	0.00	68
11	0	75	0.00	75
12	0	45	0.00	45
13	0	47	0.00	47
14	0	46	0.00	46
15	0	56	0.00	56
16	0	41	0.00	41
17	0	63	0.00	63
18	2	39	4.88	41
19	0	47	0.00	47
20	0	47	0.00	47
21	1	40	2.44	41
22	0	50	0.00	50
23	0	24	0.00	24
24	0	19	0.00	19
25	1	40	2.44	41
26	0	23	0.00	23
27	0	19	0.00	19
28	0	16	0.00	16
29	0	22	0.00	22
30	0	22	0.00	22
31	0	19	0.00	19
32	0	18	0.00	18
33	0	18	0.00	18
34	1	26	3.70	27
35	0	22	0.00	22
36	0	17	0.00	17
37	0	10	0.00	10
38	0	22	0.00	22
39	0	20	0.00	20
40	0	5	0.00	5
41	0	10	0.00	10
42	0	9	0.00	9
43	0	13	0.00	13
44	0	5	0.00	5
45	0	6	0.00	6
46	0	3	0.00	3
47	0	14	0.00	14
48	0	8	0.00	8
49	0	14	0.00	14
50	0	10	0.00	10
51	0	1	0.00	1
52	0	4	0.00	4
53	0	5	0.00	5
54	0	2	0.00	2
55	0	7	0.00	7
56	0	6	0.00	6
57	0	1	0.00	1
58	0	2	0.00	2
59	0	0		0
60	0	6	0.00	6
61	0	1	0.00	1
62	0	0		0
63	0	3	0.00	3
64	0	4	0.00	4
65	0	1	0.00	1
66	0	0		0
67	0	1	0.00	1
68	0	1	0.00	1
69	0	0		0
70	0	4	0.00	4
71	0	1	0.00	1
72	0	0		0
73	0	3	0.00	3
74	0	0		0
75	0	0		0
76	0	0		0
77	0	1	0.00	1
78	0	0		0
79	0	0		0
80	0	1	0.00	1
81	0	0		0
82	0	0		0
83	0	0		0
84	0	0		0
85	0	0		0
86	0	1	0.00	1
87	0	1	0.00	1
88	0	0		0
89	0	0		0
90	0	0		0
91	0	0		0
92	0	0		0
93	0	0		0
94	0	0		0
95	0	1	0.00	1
96	0	0		0
97	0	0		0

CHH context (R2)
================
position	count methylated	count unmethylated	% methylation	coverage
1	0	16	0.00	16
2	2	995	0.20	997
3	0	265	0.00	265
4	0	199	0.00	199
5	0	137	0.00	137
6	0	114	0.00	114
7	0	115	0.00	115
8	0	112	0.00	112
9	1	109	0.91	110
10	0	116	0.00	116
11	0	79	0.00	79
12	1	89	1.11	90
13	0	65	0.00	65
14	0	79	0.00	79
15	0	74	0.00	74
16	0	71	0.00	71
17	0	55	0.00	55
18	0	71	0.00	71
19	0	79	0.00	79
20	0	50	0.00	50
21	0	45	0.00	45
22	0	39	0.00	39
23	0	49	0.00	49
24	0	53	0.00	53
25	0	37	0.00	37
26	0	36	0.00	36
27	0	35	0.00	35
28	0	35	0.00	35
29	0	32	0.00	32
30	0	23	0.00	23
31	0	24	0.00	24
32	1	33	2.94	34
33	0	28	0.00	28
34	0	36	0.00	36
35	0	28	0.00	28
36	0	21	0.00	21
37	0	10	0.00	10
38	0	17	0.00	17
39	0	6	0.00	6
40	0	29	0.00	29
41	0	17	0.00	17
42	0	19	0.00	19
43	0	17	0.00	17
44	0	27	0.00	27
45	0	11	0.00	11
46	0	14	0.00	14
47	0	18	0.00	18
48	0	8	0.00	8
49	0	12	0.00	12
50	0	5	0.00	5
51	0	20	0.00	20
52	1	8	11.11	9
53	0	6	0.00	6
54	0	8	0.00	8
55	0	10	0.00	10
56	0	6	0.00	6
57	0	6	0.00	6
58	0	2	0.00	2
59	0	0		0
60	0	2	0.00	2
61	0	1	0.00	1
62	0	3	0.00	3
63	0	1	0.00	1
64	0	2	0.00	2
65	0	3	0.00	3
66	0	2	0.00	2
67	0	0		0
68	0	2	0.00	2
69	0	2	0.00	2
70	0	0		0
71	0	0		0
72	0	0		0
73	0	1	0.00	1
74	0	3	0.00	3
75	0	0		0
76	0	0		0
77	0	0		0
78	0	0		0
79	0	0		0
80	0	0		0
81	0	0		0
82	0	0		0
83	0	0		0
84	0	1	0.00	1
85	0	0		0
86	0	0		0
87	0	1	0.00	1
88	0	1	0.00	1
89	0	0		0
90	0	1	0.00	1
91	0	0		0
92	0	0		0
93	0	0		0
94	0	0		0
95	0	0		0
96	0	0		0
97	0	0		0

