CpG context (R1)
================
position	count methylated	count unmethylated	% methylation	coverage
1	201	2161	8.51	2362
2	1	20	4.76	21
3	0	15	0.00	15
4	9	189	4.55	198
5	11	195	5.34	206
6	11	265	3.99	276
7	12	222	5.13	234
8	14	309	4.33	323
9	10	218	4.39	228
10	16	277	5.46	293
11	8	264	2.94	272
12	16	277	5.46	293
13	17	313	5.15	330
14	10	246	3.91	256
15	12	247	4.63	259
16	12	301	3.83	313
17	12	225	5.06	237
18	10	264	3.65	274
19	22	307	6.69	329
20	14	220	5.98	234
21	11	231	4.55	242
22	13	265	4.68	278
23	9	248	3.50	257
24	20	244	7.58	264
25	11	282	3.75	293
26	13	296	4.21	309
27	10	285	3.39	295
28	18	290	5.84	308
29	7	257	2.65	264
30	22	269	7.56	291
31	10	303	3.19	313
32	20	265	7.02	285
33	6	216	2.70	222
34	10	266	3.62	276
35	11	246	4.28	257
36	9	198	4.35	207
37	12	273	4.21	285
38	14	237	5.58	251
39	9	227	3.81	236
40	17	268	5.96	285
41	16	229	6.53	245
42	15	284	5.02	299
43	9	298	2.93	307
44	8	229	3.38	237
45	13	273	4.55	286
46	16	231	6.48	247
47	14	270	4.93	284
48	14	267	4.98	281
49	18	222	7.50	240
50	9	219	3.95	228
51	21	211	9.05	232
52	6	247	2.37	253
53	11	243	4.33	254
54	13	238	5.18	251
55	12	285	4.04	297
56	11	228	4.60	239
57	15	227	6.20	242
58	18	250	6.72	268
59	9	269	3.24	278
60	15	205	6.82	220
61	16	239	6.27	255
62	11	248	4.25	259
63	7	202	3.35	209
64	11	256	4.12	267
65	20	256	7.25	276
66	5	261	1.88	266
67	12	225	5.06	237
68	9	199	4.33	208
69	6	203	2.87	209
70	13	259	4.78	272
71	16	238	6.30	254
72	6	282	2.08	288
73	13	205	5.96	218
74	5	225	2.17	230
75	13	174	6.95	187
76	12	190	5.94	202
77	7	216	3.14	223
78	5	187	2.60	192
79	8	238	3.25	246
80	5	168	2.89	173
81	11	176	5.88	187
82	6	188	3.09	194
83	9	140	6.04	149
84	6	178	3.26	184
85	8	203	3.79	211
86	9	164	5.20	173
87	7	183	3.68	190
88	1	142	0.70	143
89	9	170	5.03	179
90	6	121	4.72	127
91	4	149	2.61	153
92	7	128	5.19	135
93	8	131	5.76	139
94	3	130	2.26	133
95	6	101	5.61	107
96	4	117	3.31	121
97	4	124	3.12	128
98	5	101	4.72	106
99	3	40	6.98	43
100	1	8	11.11	9
101	0	3	0.00	3
102	0	7	0.00	7
103	1	4	20.00	5
104	0	7	0.00	7
105	1	4	20.00	5
106	0	2	0.00	2
107	1	2	33.33	3
108	0	6	0.00	6
109	1	5	16.67	6
110	0	1	0.00	1
111	0	5	0.00	5
112	0	4	0.00	4
113	0	5	0.00	5
114	0	0		0
115	0	4	0.00	4
116	0	1	0.00	1
117	0	4	0.00	4
118	0	1	0.00	1
119	0	5	0.00	5
120	0	0		0
121	0	2	0.00	2
122	1	0	100.00	1
123	0	2	0.00	2
124	1	4	20.00	5
125	0	1	0.00	1
126	0	5	0.00	5
127	0	1	0.00	1
128	0	2	0.00	2
129	0	0		0
130	0	0		0
131	0	3	0.00	3
132	0	1	0.00	1
133	0	3	0.00	3
134	0	0		0
135	0	0		0
136	1	2	33.33	3
137	0	1	0.00	1
138	1	1	50.00	2
139	0	1	0.00	1
140	0	2	0.00	2
141	0	0		0
142	0	0		0
143	0	0		0
144	0	1	0.00	1
145	0	0		0
146	0	0		0
147	0	0		0
148	0	2	0.00	2
149	0	2	0.00	2

CHG context (R1)
================
position	count methylated	count unmethylated	% methylation	coverage
1	0	18	0.00	18
2	0	18	0.00	18
3	0	16	0.00	16
4	1	132	0.75	133
5	2	204	0.97	206
6	0	219	0.00	219
7	2	263	0.75	265
8	1	217	0.46	218
9	1	249	0.40	250
10	0	207	0.00	207
11	0	226	0.00	226
12	1	223	0.45	224
13	1	187	0.53	188
14	0	187	0.00	187
15	2	248	0.80	250
16	1	217	0.46	218
17	1	226	0.44	227
18	0	266	0.00	266
19	3	189	1.56	192
20	0	189	0.00	189
21	1	206	0.48	207
22	0	220	0.00	220
23	0	217	0.00	217
24	0	201	0.00	201
25	0	247	0.00	247
26	0	208	0.00	208
27	0	218	0.00	218
28	0	237	0.00	237
29	0	185	0.00	185
30	2	205	0.97	207
31	1	234	0.43	235
32	0	207	0.00	207
33	0	235	0.00	235
34	1	220	0.45	221
35	0	231	0.00	231
36	0	236	0.00	236
37	0	213	0.00	213
38	0	180	0.00	180
39	0	254	0.00	254
40	0	205	0.00	205
41	1	264	0.38	265
42	1	247	0.40	248
43	0	196	0.00	196
44	0	241	0.00	241
45	1	224	0.44	225
46	0	228	0.00	228
47	1	189	0.53	190
48	0	225	0.00	225
49	1	222	0.45	223
50	1	222	0.45	223
51	2	214	0.93	216
52	2	210	0.94	212
53	0	188	0.00	188
54	2	203	0.98	205
55	0	178	0.00	178
56	0	223	0.00	223
57	0	200	0.00	200
58	1	219	0.45	220
59	0	195	0.00	195
60	3	154	1.91	157
61	1	193	0.52	194
62	0	181	0.00	181
63	0	184	0.00	184
64	2	171	1.16	173
65	2	193	1.03	195
66	1	175	0.57	176
67	0	165	0.00	165
68	0	195	0.00	195
69	2	184	1.08	186
70	0	203	0.00	203
71	1	168	0.59	169
72	0	129	0.00	129
73	2	198	1.00	200
74	0	149	0.00	149
75	0	149	0.00	149
76	0	163	0.00	163
77	0	158	0.00	158
78	2	151	1.31	153
79	0	146	0.00	146
80	0	137	0.00	137
81	0	192	0.00	192
82	0	133	0.00	133
83	0	131	0.00	131
84	0	124	0.00	124
85	0	113	0.00	113
86	0	147	0.00	147
87	1	117	0.85	118
88	1	137	0.72	138
89	0	101	0.00	101
90	0	110	0.00	110
91	0	141	0.00	141
92	0	88	0.00	88
93	0	73	0.00	73
94	1	89	1.11	90
95	0	105	0.00	105
96	0	108	0.00	108
97	0	119	0.00	119
98	0	97	0.00	97
99	0	33	0.00	33
100	0	8	0.00	8
101	0	7	0.00	7
102	0	7	0.00	7
103	0	5	0.00	5
104	0	3	0.00	3
105	0	3	0.00	3
106	0	5	0.00	5
107	0	2	0.00	2
108	0	6	0.00	6
109	0	2	0.00	2
110	0	2	0.00	2
111	0	2	0.00	2
112	0	2	0.00	2
113	0	2	0.00	2
114	0	2	0.00	2
115	0	1	0.00	1
116	0	2	0.00	2
117	0	1	0.00	1
118	0	3	0.00	3
119	0	2	0.00	2
120	0	3	0.00	3
121	0	3	0.00	3
122	0	0		0
123	0	2	0.00	2
124	0	1	0.00	1
125	0	0		0
126	0	0		0
127	0	0		0
128	0	1	0.00	1
129	0	2	0.00	2
130	0	2	0.00	2
131	0	0		0
132	0	0		0
133	0	0		0
134	0	0		0
135	0	1	0.00	1
136	0	1	0.00	1
137	0	0		0
138	0	0		0
139	0	2	0.00	2
140	0	0		0
141	0	1	0.00	1
142	0	2	0.00	2
143	0	0		0
144	0	0		0
145	0	0		0
146	0	0		0
147	0	0		0
148	0	2	0.00	2
149	0	0		0

CHH context (R1)
================
position	count methylated	count unmethylated	% methylation	coverage
1	0	36	0.00	36
2	0	38	0.00	38
3	0	22	0.00	22
4	3	350	0.85	353
5	1	403	0.25	404
6	1	438	0.23	439
7	0	386	0.00	386
8	0	333	0.00	333
9	0	316	0.00	316
10	0	339	0.00	339
11	0	314	0.00	314
12	0	330	0.00	330
13	1	388	0.26	389
14	2	371	0.54	373
15	1	382	0.26	383
16	0	347	0.00	347
17	1	328	0.30	329
18	3	278	1.07	281
19	0	324	0.00	324
20	0	348	0.00	348
21	0	339	0.00	339
22	1	332	0.30	333
23	0	326	0.00	326
24	2	338	0.59	340
25	3	393	0.76	396
26	2	356	0.56	358
27	0	418	0.00	418
28	1	355	0.28	356
29	1	335	0.30	336
30	0	325	0.00	325
31	0	345	0.00	345
32	0	365	0.00	365
33	3	338	0.88	341
34	0	337	0.00	337
35	1	309	0.32	310
36	0	362	0.00	362
37	2	343	0.58	345
38	0	348	0.00	348
39	1	339	0.29	340
40	0	361	0.00	361
41	0	322	0.00	322
42	0	328	0.00	328
43	1	305	0.33	306
44	1	324	0.31	325
45	0	288	0.00	288
46	1	338	0.29	339
47	0	319	0.00	319
48	0	352	0.00	352
49	2	382	0.52	384
50	1	383	0.26	384
51	1	393	0.25	394
52	2	345	0.58	347
53	1	334	0.30	335
54	0	325	0.00	325
55	3	306	0.97	309
56	0	280	0.00	280
57	2	291	0.68	293
58	3	269	1.10	272
59	0	325	0.00	325
60	1	336	0.30	337
61	0	355	0.00	355
62	4	350	1.13	354
63	0	326	0.00	326
64	1	359	0.28	360
65	1	307	0.32	308
66	0	249	0.00	249
67	2	349	0.57	351
68	2	340	0.58	342
69	0	316	0.00	316
70	1	282	0.35	283
71	1	277	0.36	278
72	0	279	0.00	279
73	0	292	0.00	292
74	2	264	0.75	266
75	1	283	0.35	284
76	2	288	0.69	290
77	0	271	0.00	271
78	1	279	0.36	280
79	1	294	0.34	295
80	1	304	0.33	305
81	1	252	0.40	253
82	3	270	1.10	273
83	0	213	0.00	213
84	0	244	0.00	244
85	1	234	0.43	235
86	0	261	0.00	261
87	1	222	0.45	223
88	1	235	0.42	236
89	0	209	0.00	209
90	0	185	0.00	185
91	0	184	0.00	184
92	0	210	0.00	210
93	2	172	1.15	174
94	0	162	0.00	162
95	1	196	0.51	197
96	4	152	2.56	156
97	1	159	0.62	160
98	1	172	0.58	173
99	0	61	0.00	61
100	0	11	0.00	11
101	0	10	0.00	10
102	0	4	0.00	4
103	0	3	0.00	3
104	0	4	0.00	4
105	0	6	0.00	6
106	0	12	0.00	12
107	0	9	0.00	9
108	0	6	0.00	6
109	0	6	0.00	6
110	0	8	0.00	8
111	0	4	0.00	4
112	0	5	0.00	5
113	0	6	0.00	6
114	0	7	0.00	7
115	0	4	0.00	4
116	0	2	0.00	2
117	0	8	0.00	8
118	0	1	0.00	1
119	0	3	0.00	3
120	0	0		0
121	0	2	0.00	2
122	0	2	0.00	2
123	0	5	0.00	5
124	0	3	0.00	3
125	0	1	0.00	1
126	0	2	0.00	2
127	0	0		0
128	0	2	0.00	2
129	0	1	0.00	1
130	0	1	0.00	1
131	0	2	0.00	2
132	0	2	0.00	2
133	0	2	0.00	2
134	0	2	0.00	2
135	0	2	0.00	2
136	0	1	0.00	1
137	0	0		0
138	0	0		0
139	0	0		0
140	0	0		0
141	0	0		0
142	0	0		0
143	0	1	0.00	1
144	0	0		0
145	0	0		0
146	0	1	0.00	1
147	0	1	0.00	1
148	0	0		0
149	0	1	0.00	1

CpG context (R2)
================
position	count methylated	count unmethylated	% methylation	coverage
1	1	23	4.17	24
2	1	14	6.67	15
3	5	65	7.14	70
4	4	67	5.63	71
5	4	118	3.28	122
6	2	68	2.86	70
7	4	123	3.15	127
8	3	89	3.26	92
9	4	86	4.44	90
10	0	86	0.00	86
11	5	60	7.69	65
12	4	56	6.67	60
13	4	70	5.41	74
14	1	50	1.96	51
15	2	68	2.86	70
16	0	51	0.00	51
17	0	40	0.00	40
18	4	47	7.84	51
19	0	23	0.00	23
20	3	39	7.14	42
21	3	37	7.50	40
22	0	34	0.00	34
23	2	34	5.56	36
24	3	46	6.12	49
25	1	33	2.94	34
26	1	27	3.57	28
27	3	42	6.67	45
28	0	18	0.00	18
29	0	37	0.00	37
30	0	21	0.00	21
31	1	23	4.17	24
32	1	21	4.55	22
33	2	10	16.67	12
34	2	19	9.52	21
35	0	20	0.00	20
36	0	10	0.00	10
37	0	26	0.00	26
38	0	12	0.00	12
39	0	14	0.00	14
40	0	10	0.00	10
41	0	7	0.00	7
42	1	9	10.00	10
43	1	12	7.69	13
44	1	13	7.14	14
45	0	3	0.00	3
46	2	13	13.33	15
47	0	8	0.00	8
48	0	5	0.00	5
49	0	5	0.00	5
50	1	6	14.29	7
51	0	3	0.00	3
52	1	5	16.67	6
53	0	3	0.00	3
54	0	4	0.00	4
55	0	0		0
56	0	1	0.00	1
57	0	2	0.00	2
58	0	4	0.00	4
59	0	2	0.00	2
60	0	1	0.00	1
61	0	2	0.00	2
62	0	1	0.00	1
63	0	1	0.00	1
64	0	0		0
65	0	1	0.00	1
66	0	1	0.00	1
67	0	0		0
68	0	2	0.00	2
69	0	0		0
70	0	1	0.00	1
71	0	0		0
72	0	0		0
73	0	0		0
74	0	0		0
75	0	0		0
76	0	0		0
77	0	0		0
78	0	0		0
79	0	0		0
80	0	0		0
81	0	0		0
82	0	1	0.00	1
83	0	0		0
84	0	0		0
85	0	0		0
86	0	0		0
87	0	0		0
88	0	1	0.00	1
89	0	0		0
90	0	0		0
91	0	1	0.00	1
92	0	1	0.00	1
93	0	0		0
94	0	1	0.00	1
95	0	0		0
96	0	1	0.00	1
97	0	1	0.00	1

CHG context (R2)
================
position	count methylated	count unmethylated	% methylation	coverage
1	10	2161	0.46	2171
2	1	33	2.94	34
3	0	5	0.00	5
4	1	39	2.50	40
5	0	63	0.00	63
6	1	88	1.12	89
7	0	73	0.00	73
8	0	89	0.00	89
9	1	77	1.28	78
10	0	52	0.00	52
11	0	74	0.00	74
12	0	48	0.00	48
13	0	38	0.00	38
14	1	43	2.27	44
15	0	39	0.00	39
16	0	44	0.00	44
17	0	52	0.00	52
18	1	55	1.79	56
19	0	49	0.00	49
20	0	38	0.00	38
21	0	27	0.00	27
22	0	60	0.00	60
23	0	18	0.00	18
24	0	17	0.00	17
25	0	33	0.00	33
26	0	13	0.00	13
27	0	12	0.00	12
28	0	20	0.00	20
29	0	20	0.00	20
30	0	26	0.00	26
31	0	21	0.00	21
32	0	13	0.00	13
33	1	18	5.26	19
34	0	13	0.00	13
35	0	28	0.00	28
36	0	18	0.00	18
37	0	10	0.00	10
38	0	10	0.00	10
39	0	10	0.00	10
40	0	19	0.00	19
41	0	15	0.00	15
42	0	6	0.00	6
43	0	4	0.00	4
44	0	1	0.00	1
45	0	4	0.00	4
46	0	3	0.00	3
47	0	4	0.00	4
48	0	8	0.00	8
49	0	4	0.00	4
50	0	5	0.00	5
51	0	4	0.00	4
52	0	5	0.00	5
53	0	3	0.00	3
54	0	1	0.00	1
55	0	4	0.00	4
56	0	3	0.00	3
57	0	0		0
58	0	1	0.00	1
59	0	0		0
60	0	3	0.00	3
61	0	1	0.00	1
62	0	1	0.00	1
63	0	3	0.00	3
64	0	0		0
65	0	0		0
66	0	0		0
67	0	1	0.00	1
68	0	0		0
69	0	0		0
70	0	0		0
71	0	0		0
72	0	0		0
73	0	0		0
74	0	0		0
75	0	0		0
76	0	0		0
77	0	0		0
78	0	1	0.00	1
79	0	0		0
80	0	1	0.00	1
81	0	0		0
82	0	0		0
83	0	0		0
84	0	0		0
85	0	0		0
86	0	1	0.00	1
87	0	0		0
88	0	0		0
89	0	1	0.00	1
90	0	0		0
91	0	0		0
92	0	0		0
93	0	0		0
94	0	0		0
95	0	1	0.00	1
96	0	0		0
97	0	0		0

CHH context (R2)
================
position	count methylated	count unmethylated	% methylation	coverage
1	0	12	0.00	12
2	3	961	0.31	964
3	2	255	0.78	257
4	0	174	0.00	174
5	0	137	0.00	137
6	1	98	1.01	99
7	0	108	0.00	108
8	0	113	0.00	113
9	0	114	0.00	114
10	2	104	1.89	106
11	1	67	1.47	68
12	0	72	0.00	72
13	1	63	1.56	64
14	0	75	0.00	75
15	0	69	0.00	69
16	0	60	0.00	60
17	1	57	1.72	58
18	0	65	0.00	65
19	0	74	0.00	74
20	0	54	0.00	54
21	1	35	2.78	36
22	0	37	0.00	37
23	0	45	0.00	45
24	1	35	2.78	36
25	0	32	0.00	32
26	0	25	0.00	25
27	0	22	0.00	22
28	0	24	0.00	24
29	0	31	0.00	31
30	0	28	0.00	28
31	0	31	0.00	31
32	0	35	0.00	35
33	1	21	4.55	22
34	0	20	0.00	20
35	0	25	0.00	25
36	0	19	0.00	19
37	0	15	0.00	15
38	0	15	0.00	15
39	0	7	0.00	7
40	0	19	0.00	19
41	0	13	0.00	13
42	0	14	0.00	14
43	0	13	0.00	13
44	0	15	0.00	15
45	0	9	0.00	9
46	0	9	0.00	9
47	0	6	0.00	6
48	0	3	0.00	3
49	0	7	0.00	7
50	0	4	0.00	4
51	0	11	0.00	11
52	0	9	0.00	9
53	0	10	0.00	10
54	0	7	0.00	7
55	1	4	20.00	5
56	0	8	0.00	8
57	0	3	0.00	3
58	0	4	0.00	4
59	0	1	0.00	1
60	0	1	0.00	1
61	0	2	0.00	2
62	0	4	0.00	4
63	0	0		0
64	0	1	0.00	1
65	0	0		0
66	0	1	0.00	1
67	0	0		0
68	0	3	0.00	3
69	0	0		0
70	0	0		0
71	0	0		0
72	0	1	0.00	1
73	0	0		0
74	0	0		0
75	0	0		0
76	0	0		0
77	0	0		0
78	0	0		0
79	0	0		0
80	0	0		0
81	0	0		0
82	0	0		0
83	0	0		0
84	0	0		0
85	0	0		0
86	0	0		0
87	0	1	0.00	1
88	0	0		0
89	0	0		0
90	0	0		0
91	0	0		0
92	0	0		0
93	0	0		0
94	0	0		0
95	0	0		0
96	0	0		0
97	0	0		0

