CpG context (R1)
================
position	count methylated	count unmethylated	% methylation	coverage
1	209	2174	8.77	2383
2	0	13	0.00	13
3	1	20	4.76	21
4	6	177	3.28	183
5	12	210	5.41	222
6	6	249	2.35	255
7	12	240	4.76	252
8	12	305	3.79	317
9	6	259	2.26	265
10	13	239	5.16	252
11	14	248	5.34	262
12	6	290	2.03	296
13	13	274	4.53	287
14	12	258	4.44	270
15	9	255	3.41	264
16	18	293	5.79	311
17	9	207	4.17	216
18	10	237	4.05	247
19	12	320	3.61	332
20	15	208	6.73	223
21	13	224	5.49	237
22	17	281	5.70	298
23	14	260	5.11	274
24	21	250	7.75	271
25	11	289	3.67	300
26	12	285	4.04	297
27	14	233	5.67	247
28	22	243	8.30	265
29	10	267	3.61	277
30	18	248	6.77	266
31	21	254	7.64	275
32	13	261	4.74	274
33	11	252	4.18	263
34	16	252	5.97	268
35	12	262	4.38	274
36	20	219	8.37	239
37	18	257	6.55	275
38	13	250	4.94	263
39	15	248	5.70	263
40	10	257	3.75	267
41	17	246	6.46	263
42	15	266	5.34	281
43	21	230	8.37	251
44	14	248	5.34	262
45	13	285	4.36	298
46	13	199	6.13	212
47	14	304	4.40	318
48	19	260	6.81	279
49	14	236	5.60	250
50	5	263	1.87	268
51	17	218	7.23	235
52	15	241	5.86	256
53	6	219	2.67	225
54	16	244	6.15	260
55	10	277	3.48	287
56	14	237	5.58	251
57	13	236	5.22	249
58	12	263	4.36	275
59	13	267	4.64	280
60	9	247	3.52	256
61	17	214	7.36	231
62	18	227	7.35	245
63	14	216	6.09	230
64	13	240	5.14	253
65	8	264	2.94	272
66	18	238	7.03	256
67	12	202	5.61	214
68	7	200	3.38	207
69	11	210	4.98	221
70	15	208	6.73	223
71	6	247	2.37	253
72	11	238	4.42	249
73	7	236	2.88	243
74	10	192	4.95	202
75	9	178	4.81	187
76	15	192	7.25	207
77	8	207	3.72	215
78	10	182	5.21	192
79	8	201	3.83	209
80	5	200	2.44	205
81	9	163	5.23	172
82	7	195	3.47	202
83	8	122	6.15	130
84	7	169	3.98	176
85	9	199	4.33	208
86	11	151	6.79	162
87	9	183	4.69	192
88	5	121	3.97	126
89	7	146	4.58	153
90	5	116	4.13	121
91	12	119	9.16	131
92	4	172	2.27	176
93	6	119	4.80	125
94	8	137	5.52	145
95	10	126	7.35	136
96	7	100	6.54	107
97	4	137	2.84	141
98	2	72	2.70	74
99	3	42	6.67	45
100	0	13	0.00	13
101	0	9	0.00	9
102	0	6	0.00	6
103	0	11	0.00	11
104	1	6	14.29	7
105	1	3	25.00	4
106	0	4	0.00	4
107	0	3	0.00	3
108	1	4	20.00	5
109	0	7	0.00	7
110	0	1	0.00	1
111	1	3	25.00	4
112	0	4	0.00	4
113	0	8	0.00	8
114	0	1	0.00	1
115	0	6	0.00	6
116	0	0		0
117	0	3	0.00	3
118	0	2	0.00	2
119	0	2	0.00	2
120	1	5	16.67	6
121	0	3	0.00	3
122	0	5	0.00	5
123	0	4	0.00	4
124	1	3	25.00	4
125	0	5	0.00	5
126	2	4	33.33	6
127	1	5	16.67	6
128	0	3	0.00	3
129	0	5	0.00	5
130	0	1	0.00	1
131	1	1	50.00	2
132	0	1	0.00	1
133	0	2	0.00	2
134	0	1	0.00	1
135	1	2	33.33	3
136	0	2	0.00	2
137	0	2	0.00	2
138	1	1	50.00	2
139	0	3	0.00	3
140	0	2	0.00	2
141	2	3	40.00	5
142	0	1	0.00	1
143	1	1	50.00	2
144	0	1	0.00	1
145	0	1	0.00	1
146	0	0		0
147	0	1	0.00	1
148	0	2	0.00	2
149	0	1	0.00	1
150	0	0		0
151	0	0		0
152	0	0		0
153	0	0		0
154	0	0		0
155	1	0	100.00	1

CHG context (R1)
================
position	count methylated	count unmethylated	% methylation	coverage
1	0	11	0.00	11
2	0	16	0.00	16
3	0	18	0.00	18
4	1	117	0.85	118
5	0	208	0.00	208
6	1	232	0.43	233
7	1	247	0.40	248
8	1	201	0.50	202
9	0	231	0.00	231
10	0	202	0.00	202
11	0	229	0.00	229
12	0	211	0.00	211
13	2	198	1.00	200
14	0	210	0.00	210
15	0	232	0.00	232
16	0	207	0.00	207
17	0	249	0.00	249
18	0	306	0.00	306
19	1	207	0.48	208
20	0	175	0.00	175
21	1	215	0.46	216
22	1	238	0.42	239
23	0	206	0.00	206
24	1	164	0.61	165
25	0	249	0.00	249
26	1	213	0.47	214
27	0	240	0.00	240
28	0	224	0.00	224
29	1	203	0.49	204
30	0	190	0.00	190
31	0	220	0.00	220
32	0	190	0.00	190
33	1	249	0.40	250
34	0	223	0.00	223
35	0	258	0.00	258
36	0	216	0.00	216
37	0	205	0.00	205
38	1	210	0.47	211
39	1	221	0.45	222
40	2	210	0.94	212
41	2	249	0.80	251
42	1	202	0.49	203
43	0	202	0.00	202
44	2	236	0.84	238
45	1	193	0.52	194
46	0	245	0.00	245
47	1	185	0.54	186
48	0	204	0.00	204
49	0	249	0.00	249
50	1	223	0.45	224
51	0	206	0.00	206
52	0	215	0.00	215
53	1	213	0.47	214
54	1	203	0.49	204
55	1	158	0.63	159
56	0	211	0.00	211
57	2	227	0.87	229
58	3	203	1.46	206
59	0	170	0.00	170
60	1	140	0.71	141
61	0	188	0.00	188
62	1	144	0.69	145
63	0	199	0.00	199
64	2	199	1.00	201
65	0	208	0.00	208
66	0	187	0.00	187
67	0	185	0.00	185
68	0	192	0.00	192
69	0	193	0.00	193
70	1	190	0.52	191
71	0	164	0.00	164
72	0	174	0.00	174
73	0	161	0.00	161
74	0	156	0.00	156
75	0	161	0.00	161
76	0	163	0.00	163
77	0	185	0.00	185
78	0	140	0.00	140
79	0	158	0.00	158
80	1	129	0.77	130
81	1	166	0.60	167
82	0	102	0.00	102
83	0	131	0.00	131
84	0	133	0.00	133
85	0	122	0.00	122
86	0	166	0.00	166
87	0	120	0.00	120
88	0	110	0.00	110
89	1	110	0.90	111
90	1	113	0.88	114
91	0	143	0.00	143
92	0	102	0.00	102
93	0	83	0.00	83
94	1	111	0.89	112
95	1	92	1.08	93
96	0	107	0.00	107
97	0	96	0.00	96
98	0	99	0.00	99
99	0	46	0.00	46
100	0	6	0.00	6
101	0	2	0.00	2
102	0	8	0.00	8
103	1	9	10.00	10
104	0	5	0.00	5
105	0	10	0.00	10
106	0	4	0.00	4
107	0	2	0.00	2
108	0	10	0.00	10
109	0	4	0.00	4
110	0	8	0.00	8
111	0	4	0.00	4
112	0	3	0.00	3
113	0	0		0
114	0	2	0.00	2
115	0	4	0.00	4
116	0	5	0.00	5
117	0	4	0.00	4
118	0	7	0.00	7
119	0	6	0.00	6
120	0	3	0.00	3
121	0	1	0.00	1
122	0	1	0.00	1
123	0	3	0.00	3
124	0	0		0
125	0	1	0.00	1
126	0	3	0.00	3
127	0	2	0.00	2
128	0	0		0
129	0	1	0.00	1
130	0	3	0.00	3
131	0	1	0.00	1
132	0	2	0.00	2
133	0	0		0
134	0	2	0.00	2
135	0	1	0.00	1
136	0	2	0.00	2
137	0	0		0
138	0	1	0.00	1
139	0	1	0.00	1
140	0	1	0.00	1
141	0	2	0.00	2
142	0	1	0.00	1
143	0	0		0
144	0	0		0
145	0	0		0
146	0	1	0.00	1
147	0	2	0.00	2
148	0	2	0.00	2
149	0	0		0
150	0	0		0
151	0	0		0
152	0	0		0
153	0	0		0
154	0	0		0
155	0	0		0

CHH context (R1)
================
position	count methylated	count unmethylated	% methylation	coverage
1	0	30	0.00	30
2	0	32	0.00	32
3	0	25	0.00	25
4	3	326	0.91	329
5	0	410	0.00	410
6	3	457	0.65	460
7	0	387	0.00	387
8	2	352	0.56	354
9	2	309	0.64	311
10	1	300	0.33	301
11	5	308	1.60	313
12	0	366	0.00	366
13	4	362	1.09	366
14	1	366	0.27	367
15	2	363	0.55	365
16	0	378	0.00	378
17	1	339	0.29	340
18	0	307	0.00	307
19	2	308	0.65	310
20	5	349	1.41	354
21	2	318	0.62	320
22	0	306	0.00	306
23	1	339	0.29	340
24	0	369	0.00	369
25	0	372	0.00	372
26	1	354	0.28	355
27	0	386	0.00	386
28	3	382	0.78	385
29	0	328	0.00	328
30	1	373	0.27	374
31	2	353	0.56	355
32	0	381	0.00	381
33	1	352	0.28	353
34	1	332	0.30	333
35	0	309	0.00	309
36	2	384	0.52	386
37	4	332	1.19	336
38	2	351	0.57	353
39	1	345	0.29	346
40	0	322	0.00	322
41	1	337	0.30	338
42	3	332	0.90	335
43	1	356	0.28	357
44	0	349	0.00	349
45	3	329	0.90	332
46	4	340	1.16	344
47	1	314	0.32	315
48	0	328	0.00	328
49	2	363	0.55	365
50	0	390	0.00	390
51	0	386	0.00	386
52	0	348	0.00	348
53	2	360	0.55	362
54	0	319	0.00	319
55	1	332	0.30	333
56	1	292	0.34	293
57	0	281	0.00	281
58	2	268	0.74	270
59	0	295	0.00	295
60	1	312	0.32	313
61	1	347	0.29	348
62	1	349	0.29	350
63	2	297	0.67	299
64	3	363	0.82	366
65	0	294	0.00	294
66	1	300	0.33	301
67	0	351	0.00	351
68	1	332	0.30	333
69	0	278	0.00	278
70	0	265	0.00	265
71	2	253	0.78	255
72	0	253	0.00	253
73	1	265	0.38	266
74	1	251	0.40	252
75	1	293	0.34	294
76	1	288	0.35	289
77	0	267	0.00	267
78	1	261	0.38	262
79	0	255	0.00	255
80	0	277	0.00	277
81	1	274	0.36	275
82	3	295	1.01	298
83	2	250	0.79	252
84	0	257	0.00	257
85	0	271	0.00	271
86	0	267	0.00	267
87	0	203	0.00	203
88	2	268	0.74	270
89	1	219	0.45	220
90	0	224	0.00	224
91	0	192	0.00	192
92	0	212	0.00	212
93	1	185	0.54	186
94	0	171	0.00	171
95	2	189	1.05	191
96	2	162	1.22	164
97	1	165	0.60	166
98	1	167	0.60	168
99	0	72	0.00	72
100	0	17	0.00	17
101	0	6	0.00	6
102	0	5	0.00	5
103	0	2	0.00	2
104	0	9	0.00	9
105	0	4	0.00	4
106	1	10	9.09	11
107	0	13	0.00	13
108	0	4	0.00	4
109	0	6	0.00	6
110	0	5	0.00	5
111	0	2	0.00	2
112	0	2	0.00	2
113	0	4	0.00	4
114	0	5	0.00	5
115	0	5	0.00	5
116	0	3	0.00	3
117	0	7	0.00	7
118	0	3	0.00	3
119	0	2	0.00	2
120	0	1	0.00	1
121	0	1	0.00	1
122	0	3	0.00	3
123	0	0		0
124	0	3	0.00	3
125	0	0		0
126	0	3	0.00	3
127	0	1	0.00	1
128	0	3	0.00	3
129	0	3	0.00	3
130	0	2	0.00	2
131	0	6	0.00	6
132	0	3	0.00	3
133	0	2	0.00	2
134	0	2	0.00	2
135	0	3	0.00	3
136	0	1	0.00	1
137	0	3	0.00	3
138	0	2	0.00	2
139	0	0		0
140	0	1	0.00	1
141	0	0		0
142	0	0		0
143	0	0		0
144	0	0		0
145	0	0		0
146	0	1	0.00	1
147	0	1	0.00	1
148	0	1	0.00	1
149	0	2	0.00	2
150	0	0		0
151	0	0		0
152	0	0		0
153	0	0		0
154	0	0		0
155	0	0		0

CpG context (R2)
================
position	count methylated	count unmethylated	% methylation	coverage
1	0	25	0.00	25
2	0	9	0.00	9
3	1	70	1.41	71
4	5	76	6.17	81
5	5	101	4.72	106
6	4	94	4.08	98
7	4	135	2.88	139
8	1	90	1.10	91
9	7	80	8.05	87
10	6	93	6.06	99
11	7	75	8.54	82
12	3	61	4.69	64
13	4	78	4.88	82
14	1	43	2.27	44
15	3	58	4.92	61
16	1	60	1.64	61
17	2	41	4.65	43
18	4	50	7.41	54
19	1	28	3.45	29
20	5	44	10.20	49
21	1	35	2.78	36
22	4	32	11.11	36
23	1	30	3.23	31
24	4	55	6.78	59
25	0	36	0.00	36
26	1	32	3.03	33
27	2	41	4.65	43
28	5	32	13.51	37
29	1	32	3.03	33
30	2	25	7.41	27
31	1	31	3.12	32
32	0	29	0.00	29
33	0	18	0.00	18
34	0	26	0.00	26
35	1	13	7.14	14
36	0	13	0.00	13
37	3	31	8.82	34
38	0	17	0.00	17
39	0	8	0.00	8
40	0	11	0.00	11
41	0	10	0.00	10
42	0	9	0.00	9
43	1	18	5.26	19
44	1	11	8.33	12
45	0	4	0.00	4
46	1	11	8.33	12
47	0	9	0.00	9
48	0	5	0.00	5
49	0	2	0.00	2
50	1	9	10.00	10
51	0	5	0.00	5
52	1	8	11.11	9
53	0	4	0.00	4
54	1	6	14.29	7
55	0	4	0.00	4
56	0	3	0.00	3
57	0	2	0.00	2
58	0	7	0.00	7
59	0	1	0.00	1
60	1	4	20.00	5
61	0	3	0.00	3
62	0	2	0.00	2
63	0	2	0.00	2
64	0	0		0
65	0	2	0.00	2
66	0	1	0.00	1
67	0	2	0.00	2
68	0	4	0.00	4
69	0	1	0.00	1
70	0	2	0.00	2
71	0	1	0.00	1
72	0	2	0.00	2
73	0	0		0
74	0	0		0
75	0	2	0.00	2
76	0	0		0
77	0	2	0.00	2
78	0	0		0
79	0	3	0.00	3
80	0	0		0
81	0	0		0
82	0	2	0.00	2
83	0	0		0
84	0	0		0
85	0	0		0
86	0	2	0.00	2
87	0	1	0.00	1
88	0	1	0.00	1
89	0	0		0
90	0	2	0.00	2
91	1	1	50.00	2
92	0	1	0.00	1
93	0	0		0
94	0	2	0.00	2
95	0	0		0
96	0	1	0.00	1
97	0	1	0.00	1
98	0	1	0.00	1

CHG context (R2)
================
position	count methylated	count unmethylated	% methylation	coverage
1	16	2152	0.74	2168
2	0	28	0.00	28
3	0	3	0.00	3
4	0	44	0.00	44
5	0	51	0.00	51
6	0	54	0.00	54
7	0	85	0.00	85
8	0	93	0.00	93
9	0	89	0.00	89
10	1	63	1.56	64
11	1	74	1.33	75
12	0	26	0.00	26
13	0	39	0.00	39
14	0	44	0.00	44
15	0	39	0.00	39
16	1	61	1.61	62
17	0	68	0.00	68
18	0	44	0.00	44
19	0	58	0.00	58
20	1	48	2.04	49
21	0	44	0.00	44
22	0	46	0.00	46
23	0	23	0.00	23
24	0	22	0.00	22
25	0	46	0.00	46
26	0	20	0.00	20
27	0	13	0.00	13
28	0	20	0.00	20
29	0	28	0.00	28
30	0	23	0.00	23
31	0	30	0.00	30
32	0	16	0.00	16
33	1	26	3.70	27
34	0	21	0.00	21
35	0	26	0.00	26
36	0	14	0.00	14
37	0	9	0.00	9
38	0	17	0.00	17
39	0	14	0.00	14
40	0	12	0.00	12
41	0	27	0.00	27
42	0	8	0.00	8
43	0	7	0.00	7
44	0	4	0.00	4
45	0	12	0.00	12
46	0	4	0.00	4
47	0	5	0.00	5
48	0	10	0.00	10
49	0	6	0.00	6
50	0	9	0.00	9
51	0	3	0.00	3
52	0	9	0.00	9
53	0	5	0.00	5
54	0	2	0.00	2
55	0	6	0.00	6
56	0	6	0.00	6
57	0	0		0
58	0	2	0.00	2
59	0	3	0.00	3
60	0	3	0.00	3
61	0	3	0.00	3
62	0	1	0.00	1
63	0	2	0.00	2
64	0	2	0.00	2
65	0	1	0.00	1
66	0	0		0
67	0	1	0.00	1
68	0	1	0.00	1
69	0	0		0
70	0	3	0.00	3
71	0	1	0.00	1
72	0	0		0
73	0	3	0.00	3
74	0	0		0
75	0	0		0
76	0	0		0
77	0	0		0
78	0	1	0.00	1
79	0	0		0
80	0	3	0.00	3
81	0	0		0
82	0	0		0
83	0	1	0.00	1
84	0	0		0
85	0	0		0
86	0	2	0.00	2
87	0	0		0
88	0	0		0
89	0	1	0.00	1
90	0	0		0
91	0	0		0
92	0	0		0
93	0	1	0.00	1
94	0	0		0
95	0	2	0.00	2
96	0	0		0
97	0	2	0.00	2
98	0	0		0

CHH context (R2)
================
position	count methylated	count unmethylated	% methylation	coverage
1	0	9	0.00	9
2	7	1019	0.68	1026
3	2	283	0.70	285
4	0	191	0.00	191
5	1	142	0.70	143
6	0	109	0.00	109
7	0	86	0.00	86
8	0	136	0.00	136
9	0	133	0.00	133
10	1	126	0.79	127
11	1	86	1.15	87
12	0	82	0.00	82
13	0	64	0.00	64
14	0	74	0.00	74
15	0	89	0.00	89
16	0	66	0.00	66
17	0	63	0.00	63
18	1	78	1.27	79
19	0	87	0.00	87
20	0	60	0.00	60
21	1	46	2.13	47
22	1	41	2.38	42
23	1	52	1.89	53
24	1	39	2.50	40
25	0	44	0.00	44
26	0	41	0.00	41
27	0	38	0.00	38
28	0	37	0.00	37
29	0	38	0.00	38
30	0	37	0.00	37
31	0	29	0.00	29
32	0	32	0.00	32
33	0	18	0.00	18
34	0	18	0.00	18
35	0	27	0.00	27
36	0	18	0.00	18
37	0	16	0.00	16
38	0	23	0.00	23
39	0	14	0.00	14
40	0	26	0.00	26
41	0	18	0.00	18
42	0	23	0.00	23
43	0	13	0.00	13
44	0	22	0.00	22
45	0	16	0.00	16
46	0	19	0.00	19
47	0	10	0.00	10
48	0	6	0.00	6
49	0	14	0.00	14
50	0	8	0.00	8
51	0	12	0.00	12
52	0	8	0.00	8
53	0	8	0.00	8
54	0	10	0.00	10
55	0	8	0.00	8
56	0	9	0.00	9
57	0	6	0.00	6
58	0	4	0.00	4
59	0	2	0.00	2
60	0	1	0.00	1
61	0	1	0.00	1
62	0	3	0.00	3
63	0	0		0
64	0	3	0.00	3
65	0	3	0.00	3
66	0	2	0.00	2
67	0	0		0
68	0	1	0.00	1
69	0	2	0.00	2
70	0	0		0
71	0	0		0
72	0	1	0.00	1
73	0	0		0
74	0	3	0.00	3
75	0	0		0
76	0	0		0
77	0	1	0.00	1
78	0	0		0
79	0	0		0
80	0	0		0
81	0	1	0.00	1
82	0	1	0.00	1
83	0	1	0.00	1
84	0	1	0.00	1
85	0	2	0.00	2
86	0	0		0
87	0	2	0.00	2
88	0	0		0
89	0	1	0.00	1
90	0	0		0
91	0	0		0
92	0	0		0
93	0	0		0
94	0	0		0
95	0	0		0
96	0	0		0
97	0	0		0
98	0	1	0.00	1

