CpG context (R1)
================
position	count methylated	count unmethylated	% methylation	coverage
1	218	2168	9.14	2386
2	1	10	9.09	11
3	2	20	9.09	22
4	6	180	3.23	186
5	10	199	4.78	209
6	12	271	4.24	283
7	8	222	3.48	230
8	12	276	4.17	288
9	12	252	4.55	264
10	20	241	7.66	261
11	10	245	3.92	255
12	18	291	5.83	309
13	14	306	4.38	320
14	11	257	4.10	268
15	8	232	3.33	240
16	12	277	4.15	289
17	9	206	4.19	215
18	10	239	4.02	249
19	17	299	5.38	316
20	9	201	4.29	210
21	16	224	6.67	240
22	13	273	4.55	286
23	9	268	3.25	277
24	13	236	5.22	249
25	16	298	5.10	314
26	13	276	4.50	289
27	13	271	4.58	284
28	18	281	6.02	299
29	11	262	4.03	273
30	13	267	4.64	280
31	9	286	3.05	295
32	15	271	5.24	286
33	15	264	5.38	279
34	12	268	4.29	280
35	19	269	6.60	288
36	11	186	5.58	197
37	10	271	3.56	281
38	20	255	7.27	275
39	11	227	4.62	238
40	10	250	3.85	260
41	11	230	4.56	241
42	9	278	3.14	287
43	7	261	2.61	268
44	18	259	6.50	277
45	16	281	5.39	297
46	24	248	8.82	272
47	19	270	6.57	289
48	17	241	6.59	258
49	9	255	3.41	264
50	19	231	7.60	250
51	12	232	4.92	244
52	17	212	7.42	229
53	6	220	2.65	226
54	8	285	2.73	293
55	16	282	5.37	298
56	17	249	6.39	266
57	17	236	6.72	253
58	11	228	4.60	239
59	19	265	6.69	284
60	11	270	3.91	281
61	15	245	5.77	260
62	19	225	7.79	244
63	11	232	4.53	243
64	9	233	3.72	242
65	13	257	4.81	270
66	11	226	4.64	237
67	18	197	8.37	215
68	7	202	3.35	209
69	8	175	4.37	183
70	11	215	4.87	226
71	17	269	5.94	286
72	7	222	3.06	229
73	11	258	4.09	269
74	14	183	7.11	197
75	11	187	5.56	198
76	13	197	6.19	210
77	7	209	3.24	216
78	11	182	5.70	193
79	13	210	5.83	223
80	8	149	5.10	157
81	7	149	4.49	156
82	3	188	1.57	191
83	11	131	7.75	142
84	12	189	5.97	201
85	8	167	4.57	175
86	9	179	4.79	188
87	5	159	3.05	164
88	4	144	2.70	148
89	12	134	8.22	146
90	8	119	6.30	127
91	5	140	3.45	145
92	12	126	8.70	138
93	9	123	6.82	132
94	5	117	4.10	122
95	6	112	5.08	118
96	5	99	4.81	104
97	6	138	4.17	144
98	6	86	6.52	92
99	1	43	2.27	44
100	0	9	0.00	9
101	0	4	0.00	4
102	0	1	0.00	1
103	0	7	0.00	7
104	0	10	0.00	10
105	0	4	0.00	4
106	0	2	0.00	2
107	0	5	0.00	5
108	0	5	0.00	5
109	2	7	22.22	9
110	0	3	0.00	3
111	2	1	66.67	3
112	0	5	0.00	5
113	1	1	50.00	2
114	0	2	0.00	2
115	1	3	25.00	4
116	0	1	0.00	1
117	0	7	0.00	7
118	0	1	0.00	1
119	0	2	0.00	2
120	1	0	100.00	1
121	0	1	0.00	1
122	0	2	0.00	2
123	0	2	0.00	2
124	0	2	0.00	2
125	1	2	33.33	3
126	0	4	0.00	4
127	0	2	0.00	2
128	1	2	33.33	3
129	0	2	0.00	2
130	1	3	25.00	4
131	0	2	0.00	2
132	0	1	0.00	1
133	0	1	0.00	1
134	0	2	0.00	2
135	0	0		0
136	0	1	0.00	1
137	0	4	0.00	4
138	0	2	0.00	2
139	0	4	0.00	4
140	0	1	0.00	1
141	0	1	0.00	1
142	0	0		0
143	0	1	0.00	1
144	0	2	0.00	2
145	1	1	50.00	2
146	0	0		0
147	0	0		0
148	0	0		0
149	0	0		0

CHG context (R1)
================
position	count methylated	count unmethylated	% methylation	coverage
1	0	12	0.00	12
2	0	25	0.00	25
3	0	17	0.00	17
4	1	112	0.88	113
5	0	213	0.00	213
6	3	240	1.23	243
7	1	233	0.43	234
8	1	232	0.43	233
9	0	276	0.00	276
10	1	239	0.42	240
11	2	241	0.82	243
12	0	173	0.00	173
13	0	203	0.00	203
14	0	201	0.00	201
15	1	256	0.39	257
16	2	209	0.95	211
17	1	272	0.37	273
18	0	280	0.00	280
19	1	195	0.51	196
20	0	156	0.00	156
21	0	232	0.00	232
22	1	246	0.40	247
23	0	183	0.00	183
24	1	202	0.49	203
25	0	242	0.00	242
26	2	184	1.08	186
27	1	223	0.45	224
28	0	244	0.00	244
29	0	186	0.00	186
30	0	179	0.00	179
31	1	247	0.40	248
32	1	227	0.44	228
33	0	242	0.00	242
34	3	226	1.31	229
35	0	212	0.00	212
36	0	206	0.00	206
37	1	224	0.44	225
38	0	200	0.00	200
39	1	214	0.47	215
40	3	223	1.33	226
41	1	256	0.39	257
42	4	251	1.57	255
43	0	242	0.00	242
44	1	256	0.39	257
45	3	208	1.42	211
46	1	227	0.44	228
47	1	185	0.54	186
48	2	230	0.86	232
49	0	215	0.00	215
50	0	215	0.00	215
51	2	214	0.93	216
52	2	204	0.97	206
53	1	206	0.48	207
54	0	195	0.00	195
55	1	174	0.57	175
56	0	209	0.00	209
57	2	216	0.92	218
58	0	198	0.00	198
59	0	187	0.00	187
60	1	178	0.56	179
61	0	199	0.00	199
62	2	170	1.16	172
63	1	193	0.52	194
64	0	204	0.00	204
65	0	174	0.00	174
66	2	196	1.01	198
67	0	183	0.00	183
68	0	177	0.00	177
69	0	182	0.00	182
70	1	208	0.48	209
71	0	167	0.00	167
72	1	169	0.59	170
73	2	148	1.33	150
74	0	146	0.00	146
75	0	152	0.00	152
76	0	168	0.00	168
77	0	159	0.00	159
78	0	165	0.00	165
79	0	158	0.00	158
80	0	122	0.00	122
81	0	202	0.00	202
82	0	112	0.00	112
83	1	132	0.75	133
84	0	125	0.00	125
85	1	133	0.75	134
86	1	156	0.64	157
87	2	116	1.69	118
88	1	112	0.88	113
89	0	105	0.00	105
90	0	112	0.00	112
91	0	120	0.00	120
92	0	110	0.00	110
93	1	98	1.01	99
94	0	105	0.00	105
95	3	99	2.94	102
96	0	124	0.00	124
97	0	102	0.00	102
98	0	82	0.00	82
99	0	39	0.00	39
100	0	12	0.00	12
101	0	6	0.00	6
102	0	8	0.00	8
103	0	5	0.00	5
104	0	2	0.00	2
105	0	4	0.00	4
106	0	7	0.00	7
107	0	1	0.00	1
108	0	4	0.00	4
109	0	2	0.00	2
110	0	2	0.00	2
111	0	2	0.00	2
112	0	6	0.00	6
113	0	2	0.00	2
114	0	3	0.00	3
115	0	2	0.00	2
116	0	1	0.00	1
117	0	1	0.00	1
118	0	4	0.00	4
119	0	2	0.00	2
120	0	2	0.00	2
121	0	1	0.00	1
122	0	4	0.00	4
123	0	2	0.00	2
124	0	2	0.00	2
125	0	2	0.00	2
126	0	0		0
127	0	3	0.00	3
128	0	2	0.00	2
129	0	1	0.00	1
130	0	1	0.00	1
131	0	0		0
132	0	0		0
133	0	2	0.00	2
134	0	1	0.00	1
135	0	1	0.00	1
136	0	4	0.00	4
137	0	1	0.00	1
138	0	0		0
139	0	2	0.00	2
140	0	1	0.00	1
141	0	2	0.00	2
142	0	1	0.00	1
143	0	1	0.00	1
144	0	0		0
145	0	0		0
146	0	0		0
147	0	1	0.00	1
148	0	0		0
149	0	4	0.00	4

CHH context (R1)
================
position	count methylated	count unmethylated	% methylation	coverage
1	3	40	6.98	43
2	0	32	0.00	32
3	0	23	0.00	23
4	1	315	0.32	316
5	1	358	0.28	359
6	1	399	0.25	400
7	2	389	0.51	391
8	2	365	0.54	367
9	1	312	0.32	313
10	1	322	0.31	323
11	1	324	0.31	325
12	2	322	0.62	324
13	1	380	0.26	381
14	1	387	0.26	388
15	5	367	1.34	372
16	1	381	0.26	382
17	1	352	0.28	353
18	0	273	0.00	273
19	2	346	0.57	348
20	2	352	0.56	354
21	3	318	0.93	321
22	1	301	0.33	302
23	0	331	0.00	331
24	0	357	0.00	357
25	2	388	0.51	390
26	0	351	0.00	351
27	0	383	0.00	383
28	2	353	0.56	355
29	3	325	0.91	328
30	0	341	0.00	341
31	1	361	0.28	362
32	1	355	0.28	356
33	6	294	2.00	300
34	0	296	0.00	296
35	0	317	0.00	317
36	2	384	0.52	386
37	2	347	0.57	349
38	0	343	0.00	343
39	1	351	0.28	352
40	1	358	0.28	359
41	3	331	0.90	334
42	1	328	0.30	329
43	0	367	0.00	367
44	1	341	0.29	342
45	1	279	0.36	280
46	0	309	0.00	309
47	0	304	0.00	304
48	0	311	0.00	311
49	0	373	0.00	373
50	4	403	0.98	407
51	2	398	0.50	400
52	0	397	0.00	397
53	1	335	0.30	336
54	0	320	0.00	320
55	1	344	0.29	345
56	0	297	0.00	297
57	0	287	0.00	287
58	0	290	0.00	290
59	1	328	0.30	329
60	2	311	0.64	313
61	2	325	0.61	327
62	1	365	0.27	366
63	0	329	0.00	329
64	1	343	0.29	344
65	1	323	0.31	324
66	2	301	0.66	303
67	1	328	0.30	329
68	1	348	0.29	349
69	1	340	0.29	341
70	3	285	1.04	288
71	1	294	0.34	295
72	0	248	0.00	248
73	0	296	0.00	296
74	1	221	0.45	222
75	1	294	0.34	295
76	0	268	0.00	268
77	1	266	0.37	267
78	0	253	0.00	253
79	0	279	0.00	279
80	1	298	0.33	299
81	1	237	0.42	238
82	0	257	0.00	257
83	0	237	0.00	237
84	0	243	0.00	243
85	0	260	0.00	260
86	0	251	0.00	251
87	1	177	0.56	178
88	1	265	0.38	266
89	0	221	0.00	221
90	0	190	0.00	190
91	0	181	0.00	181
92	0	191	0.00	191
93	1	162	0.61	163
94	0	153	0.00	153
95	0	204	0.00	204
96	0	164	0.00	164
97	0	180	0.00	180
98	1	157	0.63	158
99	0	72	0.00	72
100	0	12	0.00	12
101	0	11	0.00	11
102	0	6	0.00	6
103	0	2	0.00	2
104	0	8	0.00	8
105	0	11	0.00	11
106	0	8	0.00	8
107	0	8	0.00	8
108	0	4	0.00	4
109	0	4	0.00	4
110	0	7	0.00	7
111	0	3	0.00	3
112	0	4	0.00	4
113	0	7	0.00	7
114	0	7	0.00	7
115	0	3	0.00	3
116	0	3	0.00	3
117	0	7	0.00	7
118	0	3	0.00	3
119	0	3	0.00	3
120	0	2	0.00	2
121	0	6	0.00	6
122	0	4	0.00	4
123	0	1	0.00	1
124	0	1	0.00	1
125	0	3	0.00	3
126	0	6	0.00	6
127	0	1	0.00	1
128	0	1	0.00	1
129	0	1	0.00	1
130	0	3	0.00	3
131	0	3	0.00	3
132	0	4	0.00	4
133	0	5	0.00	5
134	0	2	0.00	2
135	0	1	0.00	1
136	0	1	0.00	1
137	0	0		0
138	0	0		0
139	0	1	0.00	1
140	0	1	0.00	1
141	0	1	0.00	1
142	0	0		0
143	0	0		0
144	0	0		0
145	0	0		0
146	0	2	0.00	2
147	0	1	0.00	1
148	0	2	0.00	2
149	0	1	0.00	1

CpG context (R2)
================
position	count methylated	count unmethylated	% methylation	coverage
1	0	22	0.00	22
2	0	24	0.00	24
3	2	73	2.67	75
4	2	72	2.70	74
5	10	112	8.20	122
6	3	78	3.70	81
7	5	131	3.68	136
8	3	79	3.66	82
9	3	66	4.35	69
10	5	89	5.32	94
11	6	56	9.68	62
12	2	58	3.33	60
13	7	71	8.97	78
14	0	38	0.00	38
15	3	57	5.00	60
16	1	51	1.92	52
17	4	39	9.30	43
18	4	42	8.70	46
19	3	43	6.52	46
20	1	42	2.33	43
21	3	29	9.38	32
22	3	46	6.12	49
23	4	33	10.81	37
24	3	50	5.66	53
25	2	31	6.06	33
26	2	23	8.00	25
27	2	24	7.69	26
28	1	24	4.00	25
29	1	36	2.70	37
30	3	14	17.65	17
31	5	31	13.89	36
32	1	25	3.85	26
33	1	12	7.69	13
34	4	20	16.67	24
35	1	13	7.14	14
36	0	10	0.00	10
37	1	22	4.35	23
38	1	21	4.55	22
39	1	8	11.11	9
40	0	9	0.00	9
41	0	15	0.00	15
42	1	8	11.11	9
43	1	17	5.56	18
44	1	11	8.33	12
45	0	5	0.00	5
46	4	15	21.05	19
47	0	8	0.00	8
48	0	7	0.00	7
49	0	4	0.00	4
50	0	8	0.00	8
51	0	10	0.00	10
52	2	7	22.22	9
53	0	3	0.00	3
54	1	2	33.33	3
55	1	3	25.00	4
56	2	4	33.33	6
57	0	2	0.00	2
58	0	9	0.00	9
59	2	4	33.33	6
60	0	0		0
61	0	4	0.00	4
62	0	0		0
63	0	2	0.00	2
64	0	1	0.00	1
65	0	0		0
66	0	3	0.00	3
67	0	2	0.00	2
68	0	0		0
69	0	2	0.00	2
70	0	0		0
71	0	2	0.00	2
72	0	2	0.00	2
73	0	1	0.00	1
74	0	0		0
75	0	3	0.00	3
76	0	1	0.00	1
77	0	2	0.00	2
78	0	1	0.00	1
79	0	1	0.00	1

CHG context (R2)
================
position	count methylated	count unmethylated	% methylation	coverage
1	17	2128	0.79	2145
2	0	23	0.00	23
3	0	7	0.00	7
4	0	43	0.00	43
5	0	56	0.00	56
6	0	70	0.00	70
7	0	51	0.00	51
8	0	114	0.00	114
9	0	85	0.00	85
10	0	55	0.00	55
11	1	60	1.64	61
12	0	36	0.00	36
13	0	50	0.00	50
14	0	48	0.00	48
15	0	40	0.00	40
16	0	50	0.00	50
17	0	49	0.00	49
18	0	41	0.00	41
19	0	33	0.00	33
20	0	64	0.00	64
21	1	33	2.94	34
22	0	51	0.00	51
23	0	35	0.00	35
24	0	18	0.00	18
25	0	33	0.00	33
26	0	17	0.00	17
27	0	17	0.00	17
28	0	21	0.00	21
29	0	30	0.00	30
30	0	14	0.00	14
31	0	21	0.00	21
32	0	20	0.00	20
33	2	21	8.70	23
34	0	21	0.00	21
35	0	25	0.00	25
36	0	19	0.00	19
37	0	4	0.00	4
38	1	13	7.14	14
39	0	7	0.00	7
40	0	13	0.00	13
41	0	17	0.00	17
42	0	2	0.00	2
43	0	7	0.00	7
44	0	5	0.00	5
45	0	4	0.00	4
46	0	3	0.00	3
47	0	10	0.00	10
48	0	6	0.00	6
49	0	11	0.00	11
50	1	6	14.29	7
51	0	2	0.00	2
52	0	10	0.00	10
53	0	8	0.00	8
54	0	1	0.00	1
55	0	4	0.00	4
56	0	5	0.00	5
57	0	1	0.00	1
58	0	2	0.00	2
59	0	2	0.00	2
60	1	5	16.67	6
61	0	0		0
62	0	1	0.00	1
63	0	1	0.00	1
64	0	2	0.00	2
65	0	1	0.00	1
66	0	0		0
67	0	2	0.00	2
68	0	2	0.00	2
69	0	0		0
70	0	1	0.00	1
71	0	2	0.00	2
72	0	0		0
73	0	2	0.00	2
74	0	1	0.00	1
75	0	0		0
76	0	0		0
77	0	0		0
78	0	0		0
79	0	0		0

CHH context (R2)
================
position	count methylated	count unmethylated	% methylation	coverage
1	0	10	0.00	10
2	3	978	0.31	981
3	0	236	0.00	236
4	0	182	0.00	182
5	0	141	0.00	141
6	1	99	1.00	100
7	0	85	0.00	85
8	0	109	0.00	109
9	0	117	0.00	117
10	0	127	0.00	127
11	0	82	0.00	82
12	0	95	0.00	95
13	0	51	0.00	51
14	0	88	0.00	88
15	0	76	0.00	76
16	0	61	0.00	61
17	0	62	0.00	62
18	0	63	0.00	63
19	0	77	0.00	77
20	0	53	0.00	53
21	0	38	0.00	38
22	0	37	0.00	37
23	0	50	0.00	50
24	0	45	0.00	45
25	0	47	0.00	47
26	0	37	0.00	37
27	0	26	0.00	26
28	0	29	0.00	29
29	0	41	0.00	41
30	0	29	0.00	29
31	0	25	0.00	25
32	1	26	3.70	27
33	0	13	0.00	13
34	0	26	0.00	26
35	0	27	0.00	27
36	0	19	0.00	19
37	0	16	0.00	16
38	1	17	5.56	18
39	0	5	0.00	5
40	0	19	0.00	19
41	0	13	0.00	13
42	0	22	0.00	22
43	0	17	0.00	17
44	0	23	0.00	23
45	0	11	0.00	11
46	0	9	0.00	9
47	0	11	0.00	11
48	0	8	0.00	8
49	0	8	0.00	8
50	0	8	0.00	8
51	0	10	0.00	10
52	0	7	0.00	7
53	0	10	0.00	10
54	0	12	0.00	12
55	0	8	0.00	8
56	0	4	0.00	4
57	0	6	0.00	6
58	0	4	0.00	4
59	0	2	0.00	2
60	0	1	0.00	1
61	0	1	0.00	1
62	0	3	0.00	3
63	0	2	0.00	2
64	0	0		0
65	0	0		0
66	0	0		0
67	0	1	0.00	1
68	0	1	0.00	1
69	0	3	0.00	3
70	0	1	0.00	1
71	0	1	0.00	1
72	0	0		0
73	0	0		0
74	0	0		0
75	0	2	0.00	2
76	0	0		0
77	0	2	0.00	2
78	0	2	0.00	2
79	0	0		0

