CpG context (R1)
================
position	count methylated	count unmethylated	% methylation	coverage
1	211	2147	8.95	2358
2	0	15	0.00	15
3	0	17	0.00	17
4	14	171	7.57	185
5	13	216	5.68	229
6	8	249	3.11	257
7	14	245	5.41	259
8	18	283	5.98	301
9	9	264	3.30	273
10	17	235	6.75	252
11	7	251	2.71	258
12	11	279	3.79	290
13	25	299	7.72	324
14	14	257	5.17	271
15	19	236	7.45	255
16	15	304	4.70	319
17	15	212	6.61	227
18	6	242	2.42	248
19	20	273	6.83	293
20	8	232	3.33	240
21	11	230	4.56	241
22	19	247	7.14	266
23	9	250	3.47	259
24	20	225	8.16	245
25	17	279	5.74	296
26	12	289	3.99	301
27	11	285	3.72	296
28	13	274	4.53	287
29	9	287	3.04	296
30	11	244	4.31	255
31	17	294	5.47	311
32	15	262	5.42	277
33	7	255	2.67	262
34	13	257	4.81	270
35	12	253	4.53	265
36	9	231	3.75	240
37	23	269	7.88	292
38	16	247	6.08	263
39	11	248	4.25	259
40	11	250	4.21	261
41	10	255	3.77	265
42	9	261	3.33	270
43	14	267	4.98	281
44	15	231	6.10	246
45	17	255	6.25	272
46	17	213	7.39	230
47	20	298	6.29	318
48	13	259	4.78	272
49	10	214	4.46	224
50	14	257	5.17	271
51	19	228	7.69	247
52	14	236	5.60	250
53	15	236	5.98	251
54	8	267	2.91	275
55	9	274	3.18	283
56	20	230	8.00	250
57	11	242	4.35	253
58	16	215	6.93	231
59	15	264	5.38	279
60	9	234	3.70	243
61	14	238	5.56	252
62	16	208	7.14	224
63	14	222	5.93	236
64	13	222	5.53	235
65	8	273	2.85	281
66	10	259	3.72	269
67	13	242	5.10	255
68	8	213	3.62	221
69	9	175	4.89	184
70	12	214	5.31	226
71	19	240	7.34	259
72	7	231	2.94	238
73	12	273	4.21	285
74	7	185	3.65	192
75	13	160	7.51	173
76	13	234	5.26	247
77	11	195	5.34	206
78	7	201	3.37	208
79	10	230	4.17	240
80	7	166	4.05	173
81	8	183	4.19	191
82	3	211	1.40	214
83	8	122	6.15	130
84	9	159	5.36	168
85	6	221	2.64	227
86	14	163	7.91	177
87	13	180	6.74	193
88	4	136	2.86	140
89	9	129	6.52	138
90	9	116	7.20	125
91	4	140	2.78	144
92	5	151	3.21	156
93	4	150	2.60	154
94	5	143	3.38	148
95	6	114	5.00	120
96	8	114	6.56	122
97	2	157	1.26	159
98	7	113	5.83	120
99	3	37	7.50	40
100	1	10	9.09	11
101	0	7	0.00	7
102	0	7	0.00	7
103	0	5	0.00	5
104	0	7	0.00	7
105	0	4	0.00	4
106	0	5	0.00	5
107	1	3	25.00	4
108	1	4	20.00	5
109	0	9	0.00	9
110	0	4	0.00	4
111	1	4	20.00	5
112	0	3	0.00	3
113	1	4	20.00	5
114	0	4	0.00	4
115	1	5	16.67	6
116	0	3	0.00	3
117	0	2	0.00	2
118	0	5	0.00	5
119	0	1	0.00	1
120	0	4	0.00	4
121	0	0		0
122	0	2	0.00	2
123	1	2	33.33	3
124	0	4	0.00	4
125	0	3	0.00	3
126	1	4	20.00	5
127	0	1	0.00	1
128	0	1	0.00	1
129	0	4	0.00	4
130	0	1	0.00	1
131	0	1	0.00	1
132	0	4	0.00	4
133	0	0		0
134	0	2	0.00	2
135	0	2	0.00	2
136	0	0		0
137	0	2	0.00	2
138	0	0		0
139	0	3	0.00	3
140	0	0		0
141	0	1	0.00	1
142	0	2	0.00	2
143	0	1	0.00	1
144	0	0		0
145	0	2	0.00	2
146	0	0		0
147	0	0		0
148	0	2	0.00	2
149	0	1	0.00	1

CHG context (R1)
================
position	count methylated	count unmethylated	% methylation	coverage
1	0	11	0.00	11
2	0	21	0.00	21
3	0	17	0.00	17
4	0	120	0.00	120
5	2	209	0.95	211
6	2	264	0.75	266
7	0	233	0.00	233
8	1	182	0.55	183
9	2	252	0.79	254
10	0	197	0.00	197
11	0	248	0.00	248
12	0	214	0.00	214
13	1	181	0.55	182
14	0	175	0.00	175
15	0	258	0.00	258
16	0	212	0.00	212
17	0	212	0.00	212
18	0	247	0.00	247
19	2	207	0.96	209
20	2	168	1.18	170
21	1	234	0.43	235
22	0	231	0.00	231
23	1	211	0.47	212
24	1	200	0.50	201
25	0	245	0.00	245
26	1	190	0.52	191
27	1	236	0.42	237
28	0	267	0.00	267
29	0	170	0.00	170
30	1	215	0.46	216
31	0	240	0.00	240
32	0	210	0.00	210
33	0	236	0.00	236
34	1	228	0.44	229
35	0	225	0.00	225
36	0	209	0.00	209
37	0	205	0.00	205
38	0	207	0.00	207
39	1	216	0.46	217
40	3	204	1.45	207
41	1	270	0.37	271
42	0	245	0.00	245
43	2	199	1.00	201
44	0	260	0.00	260
45	0	193	0.00	193
46	1	234	0.43	235
47	0	202	0.00	202
48	0	181	0.00	181
49	1	229	0.43	230
50	1	214	0.47	215
51	3	222	1.33	225
52	0	207	0.00	207
53	2	207	0.96	209
54	2	202	0.98	204
55	0	162	0.00	162
56	0	238	0.00	238
57	2	157	1.26	159
58	0	207	0.00	207
59	0	217	0.00	217
60	2	160	1.23	162
61	0	210	0.00	210
62	0	162	0.00	162
63	1	192	0.52	193
64	1	198	0.50	199
65	0	214	0.00	214
66	3	184	1.60	187
67	1	168	0.59	169
68	0	189	0.00	189
69	0	181	0.00	181
70	1	203	0.49	204
71	0	175	0.00	175
72	0	150	0.00	150
73	0	172	0.00	172
74	1	155	0.64	156
75	1	169	0.59	170
76	0	187	0.00	187
77	0	146	0.00	146
78	1	160	0.62	161
79	0	142	0.00	142
80	1	142	0.70	143
81	1	196	0.51	197
82	0	118	0.00	118
83	1	147	0.68	148
84	0	125	0.00	125
85	0	114	0.00	114
86	1	160	0.62	161
87	1	111	0.89	112
88	0	122	0.00	122
89	0	113	0.00	113
90	0	113	0.00	113
91	0	158	0.00	158
92	0	97	0.00	97
93	1	85	1.16	86
94	1	95	1.04	96
95	0	99	0.00	99
96	0	120	0.00	120
97	0	110	0.00	110
98	0	75	0.00	75
99	0	46	0.00	46
100	0	9	0.00	9
101	0	5	0.00	5
102	0	5	0.00	5
103	0	6	0.00	6
104	0	4	0.00	4
105	0	4	0.00	4
106	0	5	0.00	5
107	0	3	0.00	3
108	0	6	0.00	6
109	0	4	0.00	4
110	0	5	0.00	5
111	0	1	0.00	1
112	0	3	0.00	3
113	0	4	0.00	4
114	0	2	0.00	2
115	0	0		0
116	0	1	0.00	1
117	0	0		0
118	0	3	0.00	3
119	0	2	0.00	2
120	0	3	0.00	3
121	0	1	0.00	1
122	0	2	0.00	2
123	0	3	0.00	3
124	0	3	0.00	3
125	0	1	0.00	1
126	0	0		0
127	0	2	0.00	2
128	0	1	0.00	1
129	0	1	0.00	1
130	0	1	0.00	1
131	1	2	33.33	3
132	0	1	0.00	1
133	0	0		0
134	0	2	0.00	2
135	0	3	0.00	3
136	0	1	0.00	1
137	0	0		0
138	0	0		0
139	0	0		0
140	0	0		0
141	0	0		0
142	0	1	0.00	1
143	0	0		0
144	0	0		0
145	0	0		0
146	0	0		0
147	0	2	0.00	2
148	0	2	0.00	2
149	0	0		0

CHH context (R1)
================
position	count methylated	count unmethylated	% methylation	coverage
1	1	29	3.33	30
2	0	36	0.00	36
3	1	26	3.70	27
4	0	359	0.00	359
5	0	420	0.00	420
6	2	419	0.48	421
7	1	377	0.26	378
8	2	347	0.57	349
9	2	314	0.63	316
10	0	331	0.00	331
11	2	313	0.63	315
12	1	344	0.29	345
13	0	361	0.00	361
14	2	349	0.57	351
15	1	363	0.27	364
16	0	369	0.00	369
17	1	325	0.31	326
18	1	333	0.30	334
19	0	333	0.00	333
20	1	350	0.28	351
21	1	344	0.29	345
22	1	315	0.32	316
23	1	372	0.27	373
24	0	372	0.00	372
25	2	353	0.56	355
26	1	349	0.29	350
27	1	388	0.26	389
28	1	342	0.29	343
29	0	307	0.00	307
30	1	373	0.27	374
31	2	348	0.57	350
32	2	377	0.53	379
33	1	335	0.30	336
34	0	324	0.00	324
35	1	309	0.32	310
36	5	396	1.25	401
37	3	355	0.84	358
38	1	386	0.26	387
39	1	363	0.27	364
40	0	353	0.00	353
41	1	355	0.28	356
42	2	330	0.60	332
43	1	332	0.30	333
44	1	333	0.30	334
45	0	318	0.00	318
46	0	346	0.00	346
47	1	312	0.32	313
48	1	343	0.29	344
49	1	411	0.24	412
50	0	404	0.00	404
51	0	403	0.00	403
52	1	343	0.29	344
53	4	324	1.22	328
54	1	312	0.32	313
55	0	311	0.00	311
56	1	298	0.33	299
57	1	328	0.30	329
58	0	301	0.00	301
59	0	317	0.00	317
60	1	317	0.31	318
61	0	319	0.00	319
62	1	317	0.31	318
63	3	319	0.93	322
64	2	325	0.61	327
65	1	276	0.36	277
66	1	280	0.36	281
67	0	310	0.00	310
68	0	328	0.00	328
69	0	315	0.00	315
70	4	284	1.39	288
71	0	276	0.00	276
72	0	252	0.00	252
73	0	280	0.00	280
74	1	251	0.40	252
75	2	293	0.68	295
76	0	300	0.00	300
77	0	291	0.00	291
78	0	264	0.00	264
79	0	300	0.00	300
80	0	312	0.00	312
81	4	252	1.56	256
82	1	256	0.39	257
83	0	225	0.00	225
84	3	229	1.29	232
85	1	234	0.43	235
86	0	238	0.00	238
87	0	208	0.00	208
88	2	274	0.72	276
89	0	224	0.00	224
90	1	193	0.52	194
91	0	182	0.00	182
92	0	186	0.00	186
93	1	171	0.58	172
94	0	172	0.00	172
95	0	215	0.00	215
96	0	150	0.00	150
97	1	146	0.68	147
98	0	160	0.00	160
99	0	63	0.00	63
100	0	10	0.00	10
101	0	13	0.00	13
102	0	6	0.00	6
103	0	5	0.00	5
104	0	7	0.00	7
105	0	4	0.00	4
106	1	11	8.33	12
107	0	11	0.00	11
108	0	6	0.00	6
109	0	3	0.00	3
110	0	4	0.00	4
111	0	6	0.00	6
112	0	6	0.00	6
113	0	4	0.00	4
114	0	5	0.00	5
115	0	4	0.00	4
116	0	4	0.00	4
117	0	7	0.00	7
118	0	3	0.00	3
119	0	7	0.00	7
120	0	3	0.00	3
121	0	4	0.00	4
122	0	9	0.00	9
123	0	5	0.00	5
124	0	1	0.00	1
125	0	1	0.00	1
126	0	2	0.00	2
127	0	5	0.00	5
128	0	4	0.00	4
129	0	2	0.00	2
130	0	0		0
131	0	1	0.00	1
132	0	1	0.00	1
133	0	0		0
134	0	4	0.00	4
135	0	1	0.00	1
136	0	0		0
137	0	0		0
138	0	0		0
139	0	1	0.00	1
140	0	0		0
141	0	0		0
142	0	0		0
143	0	0		0
144	0	0		0
145	0	0		0
146	0	0		0
147	0	0		0
148	0	0		0
149	0	0		0

CpG context (R2)
================
position	count methylated	count unmethylated	% methylation	coverage
1	0	30	0.00	30
2	0	23	0.00	23
3	3	76	3.80	79
4	3	89	3.26	92
5	4	127	3.05	131
6	4	86	4.44	90
7	5	155	3.12	160
8	2	68	2.86	70
9	8	84	8.70	92
10	2	97	2.02	99
11	5	63	7.35	68
12	4	59	6.35	63
13	4	85	4.49	89
14	1	37	2.63	38
15	4	62	6.06	66
16	0	62	0.00	62
17	4	49	7.55	53
18	3	50	5.66	53
19	1	49	2.00	50
20	2	52	3.70	54
21	5	45	10.00	50
22	1	36	2.70	37
23	5	35	12.50	40
24	5	61	7.58	66
25	0	30	0.00	30
26	5	34	12.82	39
27	0	33	0.00	33
28	2	20	9.09	22
29	0	38	0.00	38
30	1	20	4.76	21
31	6	36	14.29	42
32	0	38	0.00	38
33	3	23	11.54	26
34	1	27	3.57	28
35	0	15	0.00	15
36	1	13	7.14	14
37	0	23	0.00	23
38	0	24	0.00	24
39	0	13	0.00	13
40	0	3	0.00	3
41	1	11	8.33	12
42	0	12	0.00	12
43	0	16	0.00	16
44	0	9	0.00	9
45	0	3	0.00	3
46	2	14	12.50	16
47	0	3	0.00	3
48	1	7	12.50	8
49	1	7	12.50	8
50	2	2	50.00	4
51	0	3	0.00	3
52	1	9	10.00	10
53	0	2	0.00	2
54	2	7	22.22	9
55	1	7	12.50	8
56	0	4	0.00	4
57	1	4	20.00	5
58	1	8	11.11	9
59	0	4	0.00	4
60	1	3	25.00	4
61	0	4	0.00	4
62	0	1	0.00	1
63	0	6	0.00	6
64	0	1	0.00	1
65	0	1	0.00	1
66	0	2	0.00	2
67	0	2	0.00	2
68	0	1	0.00	1
69	0	2	0.00	2
70	0	0		0
71	0	2	0.00	2
72	0	2	0.00	2
73	0	1	0.00	1
74	0	0		0
75	0	1	0.00	1
76	0	0		0
77	0	2	0.00	2
78	0	0		0
79	0	2	0.00	2
80	0	0		0
81	0	0		0
82	0	0		0
83	0	0		0
84	0	0		0
85	0	0		0
86	0	2	0.00	2
87	0	0		0
88	0	0		0
89	0	0		0
90	0	0		0
91	0	0		0
92	0	0		0
93	0	0		0
94	0	0		0
95	0	0		0
96	0	0		0
97	0	0		0

CHG context (R2)
================
position	count methylated	count unmethylated	% methylation	coverage
1	16	2115	0.75	2131
2	0	31	0.00	31
3	0	4	0.00	4
4	0	42	0.00	42
5	0	63	0.00	63
6	1	79	1.25	80
7	0	74	0.00	74
8	0	104	0.00	104
9	0	63	0.00	63
10	1	63	1.56	64
11	1	70	1.41	71
12	1	26	3.70	27
13	0	52	0.00	52
14	2	58	3.33	60
15	0	35	0.00	35
16	0	50	0.00	50
17	0	42	0.00	42
18	1	54	1.82	55
19	0	47	0.00	47
20	0	67	0.00	67
21	0	33	0.00	33
22	0	54	0.00	54
23	0	38	0.00	38
24	0	15	0.00	15
25	0	43	0.00	43
26	0	21	0.00	21
27	0	17	0.00	17
28	0	13	0.00	13
29	0	24	0.00	24
30	0	25	0.00	25
31	0	22	0.00	22
32	1	24	4.00	25
33	0	21	0.00	21
34	0	12	0.00	12
35	0	25	0.00	25
36	0	15	0.00	15
37	0	10	0.00	10
38	0	6	0.00	6
39	0	12	0.00	12
40	0	19	0.00	19
41	0	21	0.00	21
42	0	8	0.00	8
43	0	4	0.00	4
44	0	6	0.00	6
45	0	8	0.00	8
46	0	3	0.00	3
47	0	10	0.00	10
48	0	7	0.00	7
49	0	6	0.00	6
50	0	13	0.00	13
51	0	0		0
52	0	9	0.00	9
53	0	9	0.00	9
54	0	1	0.00	1
55	0	9	0.00	9
56	0	6	0.00	6
57	0	0		0
58	0	2	0.00	2
59	0	3	0.00	3
60	0	7	0.00	7
61	0	1	0.00	1
62	0	2	0.00	2
63	0	1	0.00	1
64	0	4	0.00	4
65	0	1	0.00	1
66	0	0		0
67	0	0		0
68	0	2	0.00	2
69	0	1	0.00	1
70	0	2	0.00	2
71	0	2	0.00	2
72	0	0		0
73	0	3	0.00	3
74	0	1	0.00	1
75	0	0		0
76	0	0		0
77	0	0		0
78	0	0		0
79	0	0		0
80	0	0		0
81	0	0		0
82	0	0		0
83	0	0		0
84	0	0		0
85	0	0		0
86	0	0		0
87	0	0		0
88	0	0		0
89	0	0		0
90	0	0		0
91	0	0		0
92	0	0		0
93	0	0		0
94	0	0		0
95	0	0		0
96	0	0		0
97	0	1	0.00	1

CHH context (R2)
================
position	count methylated	count unmethylated	% methylation	coverage
1	0	8	0.00	8
2	4	992	0.40	996
3	0	271	0.00	271
4	0	185	0.00	185
5	0	126	0.00	126
6	0	83	0.00	83
7	0	104	0.00	104
8	1	134	0.74	135
9	0	119	0.00	119
10	0	118	0.00	118
11	0	91	0.00	91
12	0	88	0.00	88
13	0	72	0.00	72
14	0	86	0.00	86
15	0	80	0.00	80
16	0	59	0.00	59
17	0	65	0.00	65
18	0	68	0.00	68
19	1	70	1.41	71
20	1	64	1.54	65
21	0	56	0.00	56
22	1	47	2.08	48
23	0	51	0.00	51
24	0	56	0.00	56
25	0	47	0.00	47
26	0	40	0.00	40
27	0	40	0.00	40
28	0	35	0.00	35
29	0	43	0.00	43
30	0	43	0.00	43
31	0	30	0.00	30
32	0	25	0.00	25
33	0	22	0.00	22
34	0	33	0.00	33
35	0	34	0.00	34
36	1	30	3.23	31
37	0	21	0.00	21
38	0	22	0.00	22
39	0	10	0.00	10
40	0	14	0.00	14
41	0	11	0.00	11
42	0	23	0.00	23
43	0	25	0.00	25
44	0	27	0.00	27
45	1	22	4.35	23
46	0	18	0.00	18
47	0	14	0.00	14
48	0	7	0.00	7
49	0	11	0.00	11
50	0	12	0.00	12
51	1	12	7.69	13
52	1	11	8.33	12
53	0	10	0.00	10
54	0	12	0.00	12
55	0	9	0.00	9
56	0	9	0.00	9
57	0	4	0.00	4
58	0	4	0.00	4
59	0	2	0.00	2
60	0	1	0.00	1
61	0	0		0
62	0	2	0.00	2
63	0	2	0.00	2
64	0	1	0.00	1
65	0	2	0.00	2
66	0	0		0
67	0	0		0
68	0	0		0
69	0	2	0.00	2
70	0	0		0
71	0	1	0.00	1
72	0	0		0
73	0	0		0
74	0	2	0.00	2
75	0	2	0.00	2
76	0	1	0.00	1
77	0	2	0.00	2
78	0	1	0.00	1
79	0	0		0
80	0	0		0
81	0	1	0.00	1
82	0	1	0.00	1
83	0	1	0.00	1
84	0	0		0
85	0	0		0
86	0	0		0
87	0	0		0
88	0	0		0
89	0	1	0.00	1
90	0	0		0
91	0	0		0
92	0	0		0
93	0	0		0
94	0	0		0
95	0	0		0
96	0	0		0
97	0	0		0

