CpG context (R1)
================
position	count methylated	count unmethylated	% methylation	coverage
1	212	2160	8.94	2372
2	0	15	0.00	15
3	0	17	0.00	17
4	17	167	9.24	184
5	10	196	4.85	206
6	6	264	2.22	270
7	7	238	2.86	245
8	12	283	4.07	295
9	14	224	5.88	238
10	18	250	6.72	268
11	10	225	4.26	235
12	25	271	8.45	296
13	22	272	7.48	294
14	12	234	4.88	246
15	11	240	4.38	251
16	16	289	5.25	305
17	11	252	4.18	263
18	12	265	4.33	277
19	17	289	5.56	306
20	10	206	4.63	216
21	11	210	4.98	221
22	17	255	6.25	272
23	13	249	4.96	262
24	14	242	5.47	256
25	13	324	3.86	337
26	11	276	3.83	287
27	7	234	2.90	241
28	21	261	7.45	282
29	14	269	4.95	283
30	8	237	3.27	245
31	24	290	7.64	314
32	15	270	5.26	285
33	8	244	3.17	252
34	17	262	6.09	279
35	9	264	3.30	273
36	12	222	5.13	234
37	16	281	5.39	297
38	14	238	5.56	252
39	19	243	7.25	262
40	9	248	3.50	257
41	13	228	5.39	241
42	11	304	3.49	315
43	14	245	5.41	259
44	14	249	5.32	263
45	12	239	4.78	251
46	19	242	7.28	261
47	12	251	4.56	263
48	12	236	4.84	248
49	11	238	4.42	249
50	5	237	2.07	242
51	12	224	5.08	236
52	11	263	4.01	274
53	11	215	4.87	226
54	13	261	4.74	274
55	19	277	6.42	296
56	10	234	4.10	244
57	11	236	4.45	247
58	11	262	4.03	273
59	14	266	5.00	280
60	5	257	1.91	262
61	5	244	2.01	249
62	22	244	8.27	266
63	8	214	3.60	222
64	12	263	4.36	275
65	17	249	6.39	266
66	20	236	7.81	256
67	20	218	8.40	238
68	15	205	6.82	220
69	4	182	2.15	186
70	10	201	4.74	211
71	12	253	4.53	265
72	12	236	4.84	248
73	10	221	4.33	231
74	4	186	2.11	190
75	7	179	3.76	186
76	9	200	4.31	209
77	7	210	3.23	217
78	10	186	5.10	196
79	12	207	5.48	219
80	9	171	5.00	180
81	5	160	3.03	165
82	7	198	3.41	205
83	8	123	6.11	131
84	7	160	4.19	167
85	6	166	3.49	172
86	9	171	5.00	180
87	7	170	3.95	177
88	2	119	1.65	121
89	9	132	6.38	141
90	4	124	3.12	128
91	6	133	4.32	139
92	6	140	4.11	146
93	7	118	5.60	125
94	6	124	4.62	130
95	5	118	4.07	123
96	8	103	7.21	111
97	8	120	6.25	128
98	9	99	8.33	108
99	6	47	11.32	53
100	0	10	0.00	10
101	0	6	0.00	6
102	0	3	0.00	3
103	1	15	6.25	16
104	0	1	0.00	1
105	1	4	20.00	5
106	0	6	0.00	6
107	0	6	0.00	6
108	1	6	14.29	7
109	0	8	0.00	8
110	1	3	25.00	4
111	1	2	33.33	3
112	0	9	0.00	9
113	0	2	0.00	2
114	0	3	0.00	3
115	0	4	0.00	4
116	1	4	20.00	5
117	0	3	0.00	3
118	0	2	0.00	2
119	0	3	0.00	3
120	0	2	0.00	2
121	0	2	0.00	2
122	0	0		0
123	0	3	0.00	3
124	0	4	0.00	4
125	0	4	0.00	4
126	0	3	0.00	3
127	0	2	0.00	2
128	0	0		0
129	0	5	0.00	5
130	0	1	0.00	1
131	0	1	0.00	1
132	1	3	25.00	4
133	0	0		0
134	1	0	100.00	1
135	0	1	0.00	1
136	0	1	0.00	1
137	0	2	0.00	2
138	1	1	50.00	2
139	0	1	0.00	1
140	0	0		0
141	0	0		0
142	0	3	0.00	3
143	0	0		0
144	1	1	50.00	2
145	0	1	0.00	1
146	0	0		0
147	0	0		0
148	0	0		0
149	0	0		0

CHG context (R1)
================
position	count methylated	count unmethylated	% methylation	coverage
1	0	12	0.00	12
2	0	20	0.00	20
3	0	10	0.00	10
4	0	123	0.00	123
5	0	189	0.00	189
6	1	222	0.45	223
7	3	261	1.14	264
8	0	214	0.00	214
9	0	245	0.00	245
10	2	185	1.07	187
11	0	231	0.00	231
12	0	223	0.00	223
13	0	191	0.00	191
14	1	188	0.53	189
15	1	255	0.39	256
16	1	215	0.46	216
17	1	237	0.42	238
18	1	243	0.41	244
19	1	190	0.52	191
20	0	168	0.00	168
21	0	213	0.00	213
22	1	230	0.43	231
23	1	213	0.47	214
24	0	197	0.00	197
25	2	229	0.87	231
26	1	187	0.53	188
27	0	225	0.00	225
28	0	261	0.00	261
29	0	186	0.00	186
30	0	183	0.00	183
31	0	238	0.00	238
32	1	186	0.53	187
33	2	252	0.79	254
34	0	223	0.00	223
35	1	221	0.45	222
36	0	232	0.00	232
37	0	213	0.00	213
38	1	173	0.57	174
39	1	218	0.46	219
40	0	204	0.00	204
41	1	274	0.36	275
42	0	218	0.00	218
43	1	238	0.42	239
44	1	234	0.43	235
45	2	186	1.06	188
46	0	209	0.00	209
47	0	196	0.00	196
48	1	217	0.46	218
49	1	199	0.50	200
50	1	210	0.47	211
51	2	217	0.91	219
52	0	222	0.00	222
53	0	217	0.00	217
54	1	192	0.52	193
55	1	173	0.57	174
56	0	202	0.00	202
57	2	185	1.07	187
58	0	214	0.00	214
59	0	190	0.00	190
60	1	142	0.70	143
61	1	210	0.47	211
62	1	167	0.60	168
63	0	167	0.00	167
64	0	202	0.00	202
65	1	202	0.49	203
66	1	186	0.53	187
67	1	161	0.62	162
68	1	191	0.52	192
69	1	196	0.51	197
70	0	209	0.00	209
71	0	169	0.00	169
72	2	159	1.24	161
73	0	149	0.00	149
74	1	172	0.58	173
75	0	153	0.00	153
76	0	151	0.00	151
77	0	161	0.00	161
78	0	135	0.00	135
79	0	142	0.00	142
80	1	137	0.72	138
81	0	175	0.00	175
82	1	124	0.80	125
83	0	128	0.00	128
84	2	127	1.55	129
85	1	116	0.85	117
86	0	167	0.00	167
87	1	101	0.98	102
88	0	114	0.00	114
89	0	104	0.00	104
90	1	105	0.94	106
91	0	139	0.00	139
92	0	89	0.00	89
93	0	86	0.00	86
94	1	91	1.09	92
95	0	85	0.00	85
96	0	107	0.00	107
97	0	122	0.00	122
98	0	86	0.00	86
99	0	35	0.00	35
100	0	13	0.00	13
101	0	11	0.00	11
102	0	5	0.00	5
103	0	2	0.00	2
104	0	5	0.00	5
105	0	5	0.00	5
106	0	5	0.00	5
107	0	5	0.00	5
108	0	5	0.00	5
109	0	4	0.00	4
110	0	2	0.00	2
111	0	2	0.00	2
112	0	3	0.00	3
113	0	3	0.00	3
114	0	3	0.00	3
115	0	3	0.00	3
116	0	1	0.00	1
117	0	1	0.00	1
118	0	3	0.00	3
119	0	4	0.00	4
120	0	4	0.00	4
121	0	0		0
122	0	3	0.00	3
123	0	2	0.00	2
124	0	3	0.00	3
125	0	1	0.00	1
126	0	1	0.00	1
127	0	2	0.00	2
128	0	1	0.00	1
129	0	2	0.00	2
130	0	3	0.00	3
131	0	1	0.00	1
132	0	1	0.00	1
133	0	0		0
134	0	0		0
135	0	1	0.00	1
136	0	2	0.00	2
137	0	0		0
138	0	0		0
139	0	1	0.00	1
140	0	0		0
141	0	2	0.00	2
142	0	0		0
143	0	0		0
144	0	0		0
145	0	0		0
146	0	0		0
147	0	2	0.00	2
148	0	1	0.00	1
149	0	1	0.00	1

CHH context (R1)
================
position	count methylated	count unmethylated	% methylation	coverage
1	0	25	0.00	25
2	1	33	2.94	34
3	0	23	0.00	23
4	0	345	0.00	345
5	2	431	0.46	433
6	2	400	0.50	402
7	0	396	0.00	396
8	0	366	0.00	366
9	2	296	0.67	298
10	1	302	0.33	303
11	0	312	0.00	312
12	1	304	0.33	305
13	3	389	0.77	392
14	1	406	0.25	407
15	2	389	0.51	391
16	1	368	0.27	369
17	1	310	0.32	311
18	0	311	0.00	311
19	1	319	0.31	320
20	2	367	0.54	369
21	1	355	0.28	356
22	0	360	0.00	360
23	2	334	0.60	336
24	1	369	0.27	370
25	0	385	0.00	385
26	2	386	0.52	388
27	1	401	0.25	402
28	1	379	0.26	380
29	0	356	0.00	356
30	1	366	0.27	367
31	0	370	0.00	370
32	6	353	1.67	359
33	1	311	0.32	312
34	0	319	0.00	319
35	1	325	0.31	326
36	2	376	0.53	378
37	0	350	0.00	350
38	0	316	0.00	316
39	1	328	0.30	329
40	2	374	0.53	376
41	1	338	0.29	339
42	0	329	0.00	329
43	1	334	0.30	335
44	1	315	0.32	316
45	0	306	0.00	306
46	2	347	0.57	349
47	1	344	0.29	345
48	6	347	1.70	353
49	0	382	0.00	382
50	0	374	0.00	374
51	1	412	0.24	413
52	3	368	0.81	371
53	2	333	0.60	335
54	1	293	0.34	294
55	2	321	0.62	323
56	0	322	0.00	322
57	1	315	0.32	316
58	3	288	1.03	291
59	2	292	0.68	294
60	1	315	0.32	316
61	2	295	0.67	297
62	1	338	0.29	339
63	1	289	0.34	290
64	3	361	0.82	364
65	0	303	0.00	303
66	1	283	0.35	284
67	0	327	0.00	327
68	2	345	0.58	347
69	1	314	0.32	315
70	3	263	1.13	266
71	2	313	0.63	315
72	0	272	0.00	272
73	1	318	0.31	319
74	1	235	0.42	236
75	0	291	0.00	291
76	1	294	0.34	295
77	1	276	0.36	277
78	1	261	0.38	262
79	1	264	0.38	265
80	0	284	0.00	284
81	3	225	1.32	228
82	1	255	0.39	256
83	0	205	0.00	205
84	2	228	0.87	230
85	1	240	0.41	241
86	0	239	0.00	239
87	1	171	0.58	172
88	0	240	0.00	240
89	2	190	1.04	192
90	1	177	0.56	178
91	0	169	0.00	169
92	1	185	0.54	186
93	2	167	1.18	169
94	0	150	0.00	150
95	1	182	0.55	183
96	0	161	0.00	161
97	0	160	0.00	160
98	2	146	1.35	148
99	0	72	0.00	72
100	0	13	0.00	13
101	0	6	0.00	6
102	0	3	0.00	3
103	0	6	0.00	6
104	0	3	0.00	3
105	0	8	0.00	8
106	0	6	0.00	6
107	0	4	0.00	4
108	0	2	0.00	2
109	0	4	0.00	4
110	0	6	0.00	6
111	0	3	0.00	3
112	0	7	0.00	7
113	0	3	0.00	3
114	0	8	0.00	8
115	0	6	0.00	6
116	0	7	0.00	7
117	0	9	0.00	9
118	0	2	0.00	2
119	0	2	0.00	2
120	0	2	0.00	2
121	0	5	0.00	5
122	0	3	0.00	3
123	0	4	0.00	4
124	0	4	0.00	4
125	0	2	0.00	2
126	0	4	0.00	4
127	0	3	0.00	3
128	0	0		0
129	0	2	0.00	2
130	0	0		0
131	0	3	0.00	3
132	0	0		0
133	0	1	0.00	1
134	0	2	0.00	2
135	0	3	0.00	3
136	0	0		0
137	0	0		0
138	0	0		0
139	0	0		0
140	0	0		0
141	0	0		0
142	0	0		0
143	0	1	0.00	1
144	0	0		0
145	0	2	0.00	2
146	0	2	0.00	2
147	0	2	0.00	2
148	0	0		0
149	0	0		0

CpG context (R2)
================
position	count methylated	count unmethylated	% methylation	coverage
1	0	28	0.00	28
2	0	18	0.00	18
3	7	68	9.33	75
4	2	77	2.53	79
5	3	93	3.12	96
6	3	81	3.57	84
7	5	111	4.31	116
8	2	67	2.90	69
9	2	85	2.30	87
10	2	74	2.63	76
11	4	84	4.55	88
12	2	49	3.92	51
13	7	84	7.69	91
14	2	39	4.88	41
15	2	60	3.23	62
16	1	53	1.85	54
17	1	34	2.86	35
18	4	36	10.00	40
19	0	34	0.00	34
20	2	39	4.88	41
21	5	33	13.16	38
22	2	44	4.35	46
23	2	42	4.55	44
24	1	48	2.04	49
25	2	27	6.90	29
26	1	26	3.70	27
27	2	29	6.45	31
28	0	20	0.00	20
29	2	29	6.45	31
30	1	22	4.35	23
31	1	27	3.57	28
32	1	22	4.35	23
33	2	13	13.33	15
34	1	22	4.35	23
35	0	15	0.00	15
36	0	17	0.00	17
37	1	21	4.55	22
38	2	20	9.09	22
39	0	9	0.00	9
40	0	14	0.00	14
41	0	12	0.00	12
42	2	13	13.33	15
43	1	11	8.33	12
44	1	15	6.25	16
45	0	3	0.00	3
46	2	11	15.38	13
47	0	4	0.00	4
48	1	6	14.29	7
49	0	6	0.00	6
50	1	7	12.50	8
51	0	3	0.00	3
52	0	10	0.00	10
53	0	3	0.00	3
54	1	4	20.00	5
55	1	2	33.33	3
56	0	6	0.00	6
57	2	1	66.67	3
58	2	5	28.57	7
59	0	2	0.00	2
60	2	1	66.67	3
61	0	4	0.00	4
62	0	3	0.00	3
63	0	2	0.00	2
64	0	0		0
65	1	2	33.33	3
66	0	1	0.00	1
67	0	2	0.00	2
68	1	2	33.33	3
69	0	2	0.00	2
70	0	1	0.00	1
71	0	1	0.00	1
72	0	2	0.00	2
73	0	0		0
74	0	0		0
75	0	1	0.00	1
76	0	0		0
77	0	3	0.00	3
78	0	0		0
79	0	2	0.00	2
80	0	0		0
81	0	0		0
82	0	1	0.00	1
83	0	0		0
84	0	0		0
85	0	0		0
86	0	2	0.00	2
87	0	0		0
88	0	1	0.00	1
89	0	0		0
90	0	0		0
91	0	1	0.00	1
92	0	1	0.00	1
93	0	0		0
94	0	1	0.00	1
95	0	0		0
96	0	1	0.00	1
97	0	1	0.00	1

CHG context (R2)
================
position	count methylated	count unmethylated	% methylation	coverage
1	16	2116	0.75	2132
2	0	26	0.00	26
3	0	4	0.00	4
4	0	45	0.00	45
5	0	54	0.00	54
6	0	67	0.00	67
7	0	88	0.00	88
8	0	81	0.00	81
9	0	78	0.00	78
10	0	52	0.00	52
11	0	69	0.00	69
12	0	37	0.00	37
13	0	43	0.00	43
14	0	52	0.00	52
15	0	42	0.00	42
16	0	39	0.00	39
17	1	56	1.75	57
18	0	55	0.00	55
19	0	46	0.00	46
20	0	50	0.00	50
21	0	39	0.00	39
22	0	42	0.00	42
23	0	20	0.00	20
24	0	18	0.00	18
25	0	37	0.00	37
26	0	22	0.00	22
27	1	15	6.25	16
28	0	18	0.00	18
29	0	24	0.00	24
30	0	24	0.00	24
31	0	28	0.00	28
32	0	19	0.00	19
33	1	21	4.55	22
34	0	13	0.00	13
35	0	30	0.00	30
36	0	15	0.00	15
37	0	8	0.00	8
38	0	17	0.00	17
39	0	8	0.00	8
40	0	19	0.00	19
41	0	14	0.00	14
42	0	9	0.00	9
43	0	4	0.00	4
44	0	4	0.00	4
45	0	12	0.00	12
46	0	1	0.00	1
47	1	7	12.50	8
48	0	10	0.00	10
49	0	5	0.00	5
50	0	13	0.00	13
51	0	2	0.00	2
52	0	10	0.00	10
53	0	4	0.00	4
54	0	1	0.00	1
55	0	5	0.00	5
56	0	5	0.00	5
57	0	1	0.00	1
58	0	2	0.00	2
59	0	0		0
60	0	1	0.00	1
61	0	1	0.00	1
62	0	2	0.00	2
63	0	5	0.00	5
64	0	0		0
65	0	1	0.00	1
66	0	1	0.00	1
67	0	1	0.00	1
68	0	1	0.00	1
69	0	0		0
70	0	2	0.00	2
71	0	0		0
72	0	0		0
73	0	2	0.00	2
74	0	0		0
75	0	0		0
76	0	0		0
77	0	0		0
78	0	1	0.00	1
79	0	0		0
80	0	1	0.00	1
81	0	0		0
82	0	0		0
83	0	0		0
84	0	0		0
85	0	0		0
86	0	1	0.00	1
87	0	0		0
88	0	0		0
89	0	1	0.00	1
90	0	0		0
91	0	0		0
92	0	0		0
93	0	0		0
94	0	0		0
95	0	1	0.00	1
96	0	0		0
97	0	0		0

CHH context (R2)
================
position	count methylated	count unmethylated	% methylation	coverage
1	0	15	0.00	15
2	1	950	0.11	951
3	1	233	0.43	234
4	0	164	0.00	164
5	1	115	0.86	116
6	1	99	1.00	100
7	0	107	0.00	107
8	0	152	0.00	152
9	0	115	0.00	115
10	0	115	0.00	115
11	0	90	0.00	90
12	0	76	0.00	76
13	0	68	0.00	68
14	0	80	0.00	80
15	0	75	0.00	75
16	0	60	0.00	60
17	0	65	0.00	65
18	2	69	2.82	71
19	0	68	0.00	68
20	0	63	0.00	63
21	0	44	0.00	44
22	0	49	0.00	49
23	0	46	0.00	46
24	0	51	0.00	51
25	0	51	0.00	51
26	0	37	0.00	37
27	0	30	0.00	30
28	0	30	0.00	30
29	0	45	0.00	45
30	0	30	0.00	30
31	0	34	0.00	34
32	0	33	0.00	33
33	0	25	0.00	25
34	0	24	0.00	24
35	0	20	0.00	20
36	0	22	0.00	22
37	0	12	0.00	12
38	0	18	0.00	18
39	0	8	0.00	8
40	0	13	0.00	13
41	0	13	0.00	13
42	0	15	0.00	15
43	0	15	0.00	15
44	0	27	0.00	27
45	0	16	0.00	16
46	0	18	0.00	18
47	0	14	0.00	14
48	0	4	0.00	4
49	0	5	0.00	5
50	0	5	0.00	5
51	0	11	0.00	11
52	0	12	0.00	12
53	0	9	0.00	9
54	0	9	0.00	9
55	0	8	0.00	8
56	0	17	0.00	17
57	0	4	0.00	4
58	0	7	0.00	7
59	0	3	0.00	3
60	0	1	0.00	1
61	0	0		0
62	0	2	0.00	2
63	0	1	0.00	1
64	0	3	0.00	3
65	0	2	0.00	2
66	0	1	0.00	1
67	0	0		0
68	0	4	0.00	4
69	0	1	0.00	1
70	0	0		0
71	0	0		0
72	0	1	0.00	1
73	0	0		0
74	0	0		0
75	0	0		0
76	0	0		0
77	0	0		0
78	0	0		0
79	0	0		0
80	0	0		0
81	0	0		0
82	0	0		0
83	0	0		0
84	0	0		0
85	0	0		0
86	0	0		0
87	0	1	0.00	1
88	0	0		0
89	0	2	0.00	2
90	0	0		0
91	0	0		0
92	0	0		0
93	0	0		0
94	0	0		0
95	0	0		0
96	0	0		0
97	0	0		0

