CpG context (R1)
================
position	count methylated	count unmethylated	% methylation	coverage
1	228	2150	9.59	2378
2	1	17	5.56	18
3	0	15	0.00	15
4	11	169	6.11	180
5	12	198	5.71	210
6	12	246	4.65	258
7	17	212	7.42	229
8	14	281	4.75	295
9	11	254	4.15	265
10	17	221	7.14	238
11	10	256	3.76	266
12	13	259	4.78	272
13	21	272	7.17	293
14	14	250	5.30	264
15	16	211	7.05	227
16	20	280	6.67	300
17	11	228	4.60	239
18	11	242	4.35	253
19	16	284	5.33	300
20	5	238	2.06	243
21	18	238	7.03	256
22	14	271	4.91	285
23	13	247	5.00	260
24	17	255	6.25	272
25	15	262	5.42	277
26	17	289	5.56	306
27	15	253	5.60	268
28	26	249	9.45	275
29	11	273	3.87	284
30	8	248	3.12	256
31	13	269	4.61	282
32	20	269	6.92	289
33	9	250	3.47	259
34	9	244	3.56	253
35	19	275	6.46	294
36	11	233	4.51	244
37	13	254	4.87	267
38	20	246	7.52	266
39	7	263	2.59	270
40	8	252	3.08	260
41	16	225	6.64	241
42	17	261	6.12	278
43	9	265	3.28	274
44	9	243	3.57	252
45	20	264	7.04	284
46	22	230	8.73	252
47	18	252	6.67	270
48	16	228	6.56	244
49	16	233	6.43	249
50	13	243	5.08	256
51	15	201	6.94	216
52	16	251	5.99	267
53	10	244	3.94	254
54	16	239	6.27	255
55	15	275	5.17	290
56	8	230	3.36	238
57	19	226	7.76	245
58	12	240	4.76	252
59	14	239	5.53	253
60	14	222	5.93	236
61	8	234	3.31	242
62	14	220	5.98	234
63	16	217	6.87	233
64	14	243	5.45	257
65	6	245	2.39	251
66	15	241	5.86	256
67	17	222	7.11	239
68	7	195	3.47	202
69	9	199	4.33	208
70	8	202	3.81	210
71	8	262	2.96	270
72	7	224	3.03	231
73	8	213	3.62	221
74	10	188	5.05	198
75	9	189	4.55	198
76	19	200	8.68	219
77	9	190	4.52	199
78	8	199	3.86	207
79	8	212	3.64	220
80	7	201	3.37	208
81	6	185	3.14	191
82	3	184	1.60	187
83	7	143	4.67	150
84	5	174	2.79	179
85	8	181	4.23	189
86	5	171	2.84	176
87	10	173	5.46	183
88	2	132	1.49	134
89	7	156	4.29	163
90	5	115	4.17	120
91	6	143	4.03	149
92	3	134	2.19	137
93	3	124	2.36	127
94	4	121	3.20	125
95	8	109	6.84	117
96	5	100	4.76	105
97	5	143	3.38	148
98	5	109	4.39	114
99	3	44	6.38	47
100	0	3	0.00	3
101	1	5	16.67	6
102	0	4	0.00	4
103	1	7	12.50	8
104	1	3	25.00	4
105	0	4	0.00	4
106	0	7	0.00	7
107	0	4	0.00	4
108	0	4	0.00	4
109	1	6	14.29	7
110	0	3	0.00	3
111	0	4	0.00	4
112	0	2	0.00	2
113	0	5	0.00	5
114	0	1	0.00	1
115	0	10	0.00	10
116	1	1	50.00	2
117	0	5	0.00	5
118	0	1	0.00	1
119	0	1	0.00	1
120	0	0		0
121	0	0		0
122	0	1	0.00	1
123	0	0		0
124	0	3	0.00	3
125	0	4	0.00	4
126	0	3	0.00	3
127	0	1	0.00	1
128	0	1	0.00	1
129	0	2	0.00	2
130	0	2	0.00	2
131	0	0		0
132	0	0		0
133	0	5	0.00	5
134	0	0		0
135	0	2	0.00	2
136	0	2	0.00	2
137	0	2	0.00	2
138	0	4	0.00	4
139	0	1	0.00	1
140	0	0		0
141	0	2	0.00	2
142	0	1	0.00	1
143	0	2	0.00	2
144	0	0		0
145	0	1	0.00	1
146	1	0	100.00	1
147	0	0		0
148	0	0		0
149	0	3	0.00	3

CHG context (R1)
================
position	count methylated	count unmethylated	% methylation	coverage
1	0	15	0.00	15
2	0	25	0.00	25
3	0	7	0.00	7
4	0	145	0.00	145
5	1	205	0.49	206
6	0	228	0.00	228
7	1	261	0.38	262
8	1	231	0.43	232
9	1	214	0.47	215
10	1	208	0.48	209
11	0	241	0.00	241
12	1	182	0.55	183
13	1	222	0.45	223
14	0	191	0.00	191
15	0	223	0.00	223
16	0	213	0.00	213
17	0	237	0.00	237
18	2	262	0.76	264
19	1	207	0.48	208
20	3	175	1.69	178
21	1	211	0.47	212
22	1	214	0.47	215
23	1	220	0.45	221
24	2	170	1.16	172
25	1	238	0.42	239
26	0	206	0.00	206
27	1	240	0.41	241
28	0	263	0.00	263
29	0	176	0.00	176
30	1	196	0.51	197
31	3	228	1.30	231
32	1	187	0.53	188
33	0	227	0.00	227
34	0	217	0.00	217
35	2	224	0.88	226
36	0	213	0.00	213
37	2	209	0.95	211
38	0	206	0.00	206
39	0	210	0.00	210
40	2	209	0.95	211
41	2	259	0.77	261
42	1	207	0.48	208
43	0	197	0.00	197
44	2	236	0.84	238
45	0	190	0.00	190
46	1	246	0.40	247
47	0	184	0.00	184
48	1	218	0.46	219
49	1	215	0.46	216
50	2	199	1.00	201
51	2	207	0.96	209
52	0	224	0.00	224
53	4	179	2.19	183
54	0	220	0.00	220
55	2	167	1.18	169
56	0	208	0.00	208
57	0	215	0.00	215
58	0	208	0.00	208
59	1	184	0.54	185
60	2	138	1.43	140
61	0	185	0.00	185
62	1	177	0.56	178
63	0	198	0.00	198
64	2	194	1.02	196
65	1	185	0.54	186
66	2	186	1.06	188
67	0	177	0.00	177
68	1	182	0.55	183
69	0	181	0.00	181
70	2	196	1.01	198
71	0	174	0.00	174
72	1	173	0.57	174
73	1	156	0.64	157
74	0	152	0.00	152
75	0	163	0.00	163
76	0	178	0.00	178
77	0	181	0.00	181
78	0	153	0.00	153
79	0	150	0.00	150
80	0	162	0.00	162
81	1	170	0.58	171
82	0	114	0.00	114
83	0	149	0.00	149
84	0	133	0.00	133
85	0	150	0.00	150
86	1	145	0.68	146
87	1	120	0.83	121
88	0	143	0.00	143
89	0	110	0.00	110
90	1	119	0.83	120
91	2	117	1.68	119
92	0	104	0.00	104
93	0	86	0.00	86
94	0	98	0.00	98
95	0	87	0.00	87
96	0	127	0.00	127
97	0	120	0.00	120
98	0	96	0.00	96
99	0	47	0.00	47
100	0	7	0.00	7
101	0	7	0.00	7
102	0	4	0.00	4
103	0	6	0.00	6
104	0	4	0.00	4
105	0	5	0.00	5
106	0	8	0.00	8
107	0	2	0.00	2
108	0	7	0.00	7
109	0	2	0.00	2
110	0	2	0.00	2
111	0	2	0.00	2
112	1	8	11.11	9
113	0	2	0.00	2
114	0	2	0.00	2
115	0	0		0
116	0	1	0.00	1
117	0	2	0.00	2
118	0	2	0.00	2
119	0	0		0
120	0	3	0.00	3
121	0	1	0.00	1
122	0	1	0.00	1
123	0	6	0.00	6
124	0	1	0.00	1
125	0	1	0.00	1
126	0	0		0
127	0	0		0
128	0	3	0.00	3
129	0	2	0.00	2
130	0	3	0.00	3
131	0	0		0
132	0	2	0.00	2
133	0	0		0
134	0	2	0.00	2
135	0	3	0.00	3
136	0	1	0.00	1
137	0	2	0.00	2
138	0	0		0
139	0	1	0.00	1
140	0	0		0
141	0	1	0.00	1
142	0	0		0
143	0	0		0
144	0	0		0
145	0	1	0.00	1
146	0	0		0
147	0	0		0
148	0	3	0.00	3
149	0	1	0.00	1

CHH context (R1)
================
position	count methylated	count unmethylated	% methylation	coverage
1	1	35	2.78	36
2	0	26	0.00	26
3	0	17	0.00	17
4	2	337	0.59	339
5	3	372	0.80	375
6	2	438	0.45	440
7	1	395	0.25	396
8	1	339	0.29	340
9	0	355	0.00	355
10	2	336	0.59	338
11	1	352	0.28	353
12	0	337	0.00	337
13	1	369	0.27	370
14	3	375	0.79	378
15	5	366	1.35	371
16	0	350	0.00	350
17	3	350	0.85	353
18	4	297	1.33	301
19	0	316	0.00	316
20	2	321	0.62	323
21	1	320	0.31	321
22	3	333	0.89	336
23	2	340	0.58	342
24	1	389	0.26	390
25	1	395	0.25	396
26	5	378	1.31	383
27	2	382	0.52	384
28	1	363	0.27	364
29	1	334	0.30	335
30	2	349	0.57	351
31	0	359	0.00	359
32	0	364	0.00	364
33	2	335	0.59	337
34	0	332	0.00	332
35	0	335	0.00	335
36	2	383	0.52	385
37	1	347	0.29	348
38	1	316	0.32	317
39	1	313	0.32	314
40	3	323	0.92	326
41	0	346	0.00	346
42	0	347	0.00	347
43	0	341	0.00	341
44	3	327	0.91	330
45	3	328	0.91	331
46	2	350	0.57	352
47	3	316	0.94	319
48	1	323	0.31	324
49	1	392	0.25	393
50	1	414	0.24	415
51	1	423	0.24	424
52	0	367	0.00	367
53	1	365	0.27	366
54	1	302	0.33	303
55	1	325	0.31	326
56	2	318	0.62	320
57	1	300	0.33	301
58	0	279	0.00	279
59	0	326	0.00	326
60	1	310	0.32	311
61	2	343	0.58	345
62	2	343	0.58	345
63	0	312	0.00	312
64	2	365	0.54	367
65	0	330	0.00	330
66	2	284	0.70	286
67	0	327	0.00	327
68	0	350	0.00	350
69	1	324	0.31	325
70	1	299	0.33	300
71	0	298	0.00	298
72	0	247	0.00	247
73	2	287	0.69	289
74	2	291	0.68	293
75	0	308	0.00	308
76	1	305	0.33	306
77	1	256	0.39	257
78	0	284	0.00	284
79	0	289	0.00	289
80	0	295	0.00	295
81	1	249	0.40	250
82	2	275	0.72	277
83	1	215	0.46	216
84	2	248	0.80	250
85	2	256	0.78	258
86	1	254	0.39	255
87	0	218	0.00	218
88	0	252	0.00	252
89	1	217	0.46	218
90	0	183	0.00	183
91	0	180	0.00	180
92	2	197	1.01	199
93	2	156	1.27	158
94	0	156	0.00	156
95	1	213	0.47	214
96	0	152	0.00	152
97	0	163	0.00	163
98	2	143	1.38	145
99	0	67	0.00	67
100	0	9	0.00	9
101	0	7	0.00	7
102	0	5	0.00	5
103	0	6	0.00	6
104	0	7	0.00	7
105	0	9	0.00	9
106	0	7	0.00	7
107	0	6	0.00	6
108	0	3	0.00	3
109	0	4	0.00	4
110	0	6	0.00	6
111	0	8	0.00	8
112	0	5	0.00	5
113	0	4	0.00	4
114	0	4	0.00	4
115	0	4	0.00	4
116	0	1	0.00	1
117	0	6	0.00	6
118	0	2	0.00	2
119	0	5	0.00	5
120	0	2	0.00	2
121	0	9	0.00	9
122	0	7	0.00	7
123	0	2	0.00	2
124	0	2	0.00	2
125	0	1	0.00	1
126	0	4	0.00	4
127	0	2	0.00	2
128	0	4	0.00	4
129	0	2	0.00	2
130	0	0		0
131	0	2	0.00	2
132	0	3	0.00	3
133	0	3	0.00	3
134	0	2	0.00	2
135	0	4	0.00	4
136	0	2	0.00	2
137	0	0		0
138	0	1	0.00	1
139	0	0		0
140	0	1	0.00	1
141	0	0		0
142	0	0		0
143	0	1	0.00	1
144	0	0		0
145	0	0		0
146	0	0		0
147	0	0		0
148	0	0		0
149	0	0		0

CpG context (R2)
================
position	count methylated	count unmethylated	% methylation	coverage
1	0	22	0.00	22
2	0	15	0.00	15
3	1	73	1.35	74
4	2	72	2.70	74
5	6	93	6.06	99
6	8	86	8.51	94
7	10	120	7.69	130
8	2	77	2.53	79
9	5	72	6.49	77
10	4	89	4.30	93
11	7	70	9.09	77
12	3	51	5.56	54
13	2	85	2.30	87
14	3	39	7.14	42
15	9	64	12.33	73
16	0	55	0.00	55
17	3	29	9.38	32
18	4	53	7.02	57
19	0	31	0.00	31
20	2	46	4.17	48
21	4	35	10.26	39
22	4	44	8.33	48
23	7	43	14.00	50
24	2	56	3.45	58
25	0	24	0.00	24
26	4	25	13.79	29
27	1	32	3.03	33
28	1	26	3.70	27
29	2	43	4.44	45
30	1	18	5.26	19
31	2	27	6.90	29
32	0	18	0.00	18
33	0	13	0.00	13
34	1	27	3.57	28
35	1	11	8.33	12
36	1	13	7.14	14
37	0	20	0.00	20
38	0	18	0.00	18
39	0	8	0.00	8
40	0	9	0.00	9
41	0	7	0.00	7
42	0	6	0.00	6
43	1	12	7.69	13
44	1	10	9.09	11
45	0	2	0.00	2
46	4	8	33.33	12
47	0	11	0.00	11
48	1	9	10.00	10
49	0	1	0.00	1
50	0	4	0.00	4
51	1	3	25.00	4
52	2	8	20.00	10
53	0	2	0.00	2
54	0	10	0.00	10
55	0	2	0.00	2
56	0	6	0.00	6
57	1	2	33.33	3
58	0	5	0.00	5
59	1	3	25.00	4
60	0	1	0.00	1
61	0	0		0
62	0	0		0
63	1	1	50.00	2
64	0	0		0
65	0	0		0
66	0	0		0
67	0	1	0.00	1
68	0	0		0
69	0	1	0.00	1
70	0	0		0
71	1	1	50.00	2
72	0	1	0.00	1
73	0	0		0
74	1	0	100.00	1
75	0	1	0.00	1
76	0	0		0
77	0	1	0.00	1
78	0	0		0
79	0	1	0.00	1
80	0	0		0
81	0	0		0
82	0	1	0.00	1
83	0	0		0
84	0	0		0
85	0	0		0
86	0	0		0

CHG context (R2)
================
position	count methylated	count unmethylated	% methylation	coverage
1	18	2089	0.85	2107
2	0	21	0.00	21
3	0	4	0.00	4
4	0	32	0.00	32
5	0	70	0.00	70
6	0	72	0.00	72
7	0	62	0.00	62
8	1	71	1.39	72
9	0	81	0.00	81
10	0	70	0.00	70
11	0	78	0.00	78
12	0	29	0.00	29
13	0	48	0.00	48
14	0	40	0.00	40
15	0	42	0.00	42
16	0	54	0.00	54
17	1	49	2.00	50
18	0	50	0.00	50
19	0	49	0.00	49
20	0	54	0.00	54
21	0	46	0.00	46
22	0	58	0.00	58
23	0	26	0.00	26
24	0	16	0.00	16
25	0	41	0.00	41
26	0	14	0.00	14
27	0	20	0.00	20
28	0	17	0.00	17
29	0	28	0.00	28
30	0	15	0.00	15
31	0	19	0.00	19
32	0	16	0.00	16
33	0	14	0.00	14
34	0	18	0.00	18
35	0	21	0.00	21
36	0	26	0.00	26
37	0	10	0.00	10
38	0	15	0.00	15
39	0	7	0.00	7
40	0	8	0.00	8
41	1	15	6.25	16
42	0	9	0.00	9
43	0	9	0.00	9
44	0	2	0.00	2
45	0	3	0.00	3
46	0	3	0.00	3
47	0	8	0.00	8
48	0	6	0.00	6
49	0	11	0.00	11
50	1	6	14.29	7
51	0	2	0.00	2
52	1	5	16.67	6
53	0	1	0.00	1
54	0	0		0
55	0	9	0.00	9
56	0	6	0.00	6
57	0	0		0
58	0	0		0
59	0	1	0.00	1
60	0	9	0.00	9
61	0	0		0
62	0	0		0
63	0	3	0.00	3
64	0	2	0.00	2
65	0	0		0
66	0	0		0
67	0	0		0
68	0	1	0.00	1
69	0	1	0.00	1
70	0	2	0.00	2
71	0	0		0
72	0	1	0.00	1
73	0	3	0.00	3
74	0	0		0
75	0	1	0.00	1
76	0	1	0.00	1
77	0	0		0
78	0	0		0
79	0	0		0
80	0	0		0
81	0	0		0
82	0	0		0
83	0	1	0.00	1
84	0	0		0
85	0	0		0
86	0	1	0.00	1

CHH context (R2)
================
position	count methylated	count unmethylated	% methylation	coverage
1	0	13	0.00	13
2	2	966	0.21	968
3	0	240	0.00	240
4	1	193	0.52	194
5	0	142	0.00	142
6	1	101	0.98	102
7	0	96	0.00	96
8	0	123	0.00	123
9	0	92	0.00	92
10	1	106	0.93	107
11	0	82	0.00	82
12	0	78	0.00	78
13	0	70	0.00	70
14	0	91	0.00	91
15	0	89	0.00	89
16	0	61	0.00	61
17	1	56	1.75	57
18	0	65	0.00	65
19	2	70	2.78	72
20	0	51	0.00	51
21	0	40	0.00	40
22	0	35	0.00	35
23	0	37	0.00	37
24	0	37	0.00	37
25	0	38	0.00	38
26	0	38	0.00	38
27	0	24	0.00	24
28	0	25	0.00	25
29	0	27	0.00	27
30	0	15	0.00	15
31	0	32	0.00	32
32	0	28	0.00	28
33	1	23	4.17	24
34	0	22	0.00	22
35	0	21	0.00	21
36	0	13	0.00	13
37	0	18	0.00	18
38	0	15	0.00	15
39	0	5	0.00	5
40	0	13	0.00	13
41	0	14	0.00	14
42	0	11	0.00	11
43	0	16	0.00	16
44	0	15	0.00	15
45	0	8	0.00	8
46	0	5	0.00	5
47	0	11	0.00	11
48	0	3	0.00	3
49	0	9	0.00	9
50	0	10	0.00	10
51	0	12	0.00	12
52	0	10	0.00	10
53	0	2	0.00	2
54	0	9	0.00	9
55	0	3	0.00	3
56	0	5	0.00	5
57	0	6	0.00	6
58	0	5	0.00	5
59	0	2	0.00	2
60	0	0		0
61	0	3	0.00	3
62	0	3	0.00	3
63	0	1	0.00	1
64	0	0		0
65	0	2	0.00	2
66	0	0		0
67	0	0		0
68	0	4	0.00	4
69	0	2	0.00	2
70	0	1	0.00	1
71	0	1	0.00	1
72	0	0		0
73	0	1	0.00	1
74	0	2	0.00	2
75	0	1	0.00	1
76	0	0		0
77	0	1	0.00	1
78	0	2	0.00	2
79	0	0		0
80	0	1	0.00	1
81	0	0		0
82	0	0		0
83	0	0		0
84	0	0		0
85	0	0		0
86	0	0		0

