CpG context (R1)
================
position	count methylated	count unmethylated	% methylation	coverage
1	217	2152	9.16	2369
2	1	16	5.88	17
3	1	24	4.00	25
4	9	171	5.00	180
5	7	221	3.07	228
6	12	253	4.53	265
7	12	215	5.29	227
8	17	291	5.52	308
9	10	256	3.76	266
10	17	245	6.49	262
11	9	251	3.46	260
12	16	271	5.57	287
13	14	264	5.04	278
14	13	263	4.71	276
15	11	236	4.45	247
16	14	275	4.84	289
17	8	217	3.56	225
18	9	247	3.52	256
19	13	309	4.04	322
20	18	222	7.50	240
21	12	217	5.24	229
22	12	295	3.91	307
23	14	286	4.67	300
24	13	242	5.10	255
25	10	279	3.46	289
26	9	298	2.93	307
27	11	271	3.90	282
28	19	262	6.76	281
29	13	274	4.53	287
30	17	272	5.88	289
31	18	263	6.41	281
32	10	275	3.51	285
33	15	230	6.12	245
34	20	273	6.83	293
35	16	274	5.52	290
36	10	197	4.83	207
37	15	298	4.79	313
38	20	217	8.44	237
39	5	263	1.87	268
40	14	242	5.47	256
41	13	236	5.22	249
42	9	271	3.21	280
43	13	258	4.80	271
44	15	228	6.17	243
45	7	241	2.82	248
46	15	237	5.95	252
47	18	265	6.36	283
48	15	251	5.64	266
49	20	211	8.66	231
50	10	245	3.92	255
51	16	240	6.25	256
52	8	239	3.24	247
53	13	223	5.51	236
54	13	229	5.37	242
55	14	285	4.68	299
56	9	232	3.73	241
57	11	242	4.35	253
58	16	242	6.20	258
59	13	239	5.16	252
60	21	244	7.92	265
61	8	211	3.65	219
62	13	246	5.02	259
63	4	203	1.93	207
64	7	239	2.85	246
65	14	247	5.36	261
66	11	250	4.21	261
67	18	195	8.45	213
68	7	201	3.37	208
69	7	197	3.43	204
70	12	219	5.19	231
71	16	250	6.02	266
72	4	237	1.66	241
73	16	220	6.78	236
74	10	211	4.52	221
75	9	173	4.95	182
76	15	200	6.98	215
77	4	219	1.79	223
78	9	197	4.37	206
79	9	220	3.93	229
80	9	199	4.33	208
81	10	170	5.56	180
82	4	184	2.13	188
83	9	143	5.92	152
84	2	152	1.30	154
85	8	192	4.00	200
86	9	148	5.73	157
87	7	196	3.45	203
88	2	125	1.57	127
89	9	155	5.49	164
90	6	114	5.00	120
91	7	161	4.17	168
92	6	142	4.05	148
93	12	127	8.63	139
94	4	117	3.31	121
95	6	123	4.65	129
96	4	91	4.21	95
97	4	143	2.72	147
98	8	87	8.42	95
99	2	54	3.57	56
100	0	9	0.00	9
101	0	4	0.00	4
102	0	3	0.00	3
103	0	7	0.00	7
104	0	4	0.00	4
105	1	6	14.29	7
106	0	5	0.00	5
107	0	4	0.00	4
108	0	6	0.00	6
109	0	3	0.00	3
110	0	6	0.00	6
111	0	1	0.00	1
112	0	5	0.00	5
113	1	0	100.00	1
114	0	3	0.00	3
115	0	1	0.00	1
116	1	5	16.67	6
117	0	3	0.00	3
118	0	4	0.00	4
119	0	1	0.00	1
120	0	3	0.00	3
121	0	0		0
122	0	0		0
123	1	1	50.00	2
124	0	2	0.00	2
125	0	3	0.00	3
126	0	3	0.00	3
127	0	1	0.00	1
128	0	1	0.00	1
129	0	1	0.00	1
130	0	1	0.00	1
131	0	3	0.00	3
132	0	0		0
133	0	1	0.00	1
134	0	0		0
135	0	2	0.00	2
136	0	0		0
137	1	2	33.33	3
138	0	2	0.00	2
139	0	2	0.00	2
140	0	2	0.00	2
141	0	2	0.00	2
142	0	1	0.00	1
143	0	1	0.00	1
144	0	2	0.00	2
145	0	0		0
146	0	0		0
147	0	0		0
148	1	0	100.00	1
149	0	2	0.00	2

CHG context (R1)
================
position	count methylated	count unmethylated	% methylation	coverage
1	0	11	0.00	11
2	0	18	0.00	18
3	0	7	0.00	7
4	0	139	0.00	139
5	0	206	0.00	206
6	1	247	0.40	248
7	2	260	0.76	262
8	0	218	0.00	218
9	1	228	0.44	229
10	1	232	0.43	233
11	2	259	0.77	261
12	0	204	0.00	204
13	1	191	0.52	192
14	0	194	0.00	194
15	1	238	0.42	239
16	0	219	0.00	219
17	2	255	0.78	257
18	0	257	0.00	257
19	1	209	0.48	210
20	0	160	0.00	160
21	2	200	0.99	202
22	0	245	0.00	245
23	2	202	0.98	204
24	1	189	0.53	190
25	0	248	0.00	248
26	0	199	0.00	199
27	1	223	0.45	224
28	1	240	0.41	241
29	0	191	0.00	191
30	0	190	0.00	190
31	1	256	0.39	257
32	1	206	0.48	207
33	1	259	0.38	260
34	1	235	0.42	236
35	0	234	0.00	234
36	2	232	0.85	234
37	3	186	1.59	189
38	2	200	0.99	202
39	1	231	0.43	232
40	1	224	0.44	225
41	0	274	0.00	274
42	3	209	1.42	212
43	2	199	1.00	201
44	1	236	0.42	237
45	1	194	0.51	195
46	0	227	0.00	227
47	0	211	0.00	211
48	4	206	1.90	210
49	1	205	0.49	206
50	0	228	0.00	228
51	1	231	0.43	232
52	0	202	0.00	202
53	0	204	0.00	204
54	0	204	0.00	204
55	1	170	0.58	171
56	0	203	0.00	203
57	0	223	0.00	223
58	0	205	0.00	205
59	1	189	0.53	190
60	1	150	0.66	151
61	1	192	0.52	193
62	0	181	0.00	181
63	0	192	0.00	192
64	0	210	0.00	210
65	0	194	0.00	194
66	2	166	1.19	168
67	0	184	0.00	184
68	0	192	0.00	192
69	0	183	0.00	183
70	1	198	0.50	199
71	0	177	0.00	177
72	1	176	0.56	177
73	1	156	0.64	157
74	0	140	0.00	140
75	0	154	0.00	154
76	1	183	0.54	184
77	0	166	0.00	166
78	0	141	0.00	141
79	1	155	0.64	156
80	1	157	0.63	158
81	0	188	0.00	188
82	2	141	1.40	143
83	0	112	0.00	112
84	0	154	0.00	154
85	0	133	0.00	133
86	1	161	0.62	162
87	0	111	0.00	111
88	1	144	0.69	145
89	0	107	0.00	107
90	0	118	0.00	118
91	1	136	0.73	137
92	0	91	0.00	91
93	0	77	0.00	77
94	0	98	0.00	98
95	0	100	0.00	100
96	0	105	0.00	105
97	0	139	0.00	139
98	0	91	0.00	91
99	1	46	2.13	47
100	0	4	0.00	4
101	0	3	0.00	3
102	0	8	0.00	8
103	0	4	0.00	4
104	0	5	0.00	5
105	0	4	0.00	4
106	0	6	0.00	6
107	0	3	0.00	3
108	1	5	16.67	6
109	0	3	0.00	3
110	0	2	0.00	2
111	0	4	0.00	4
112	0	4	0.00	4
113	0	3	0.00	3
114	0	2	0.00	2
115	0	3	0.00	3
116	0	1	0.00	1
117	0	1	0.00	1
118	0	4	0.00	4
119	0	0		0
120	0	2	0.00	2
121	0	2	0.00	2
122	0	2	0.00	2
123	0	2	0.00	2
124	0	1	0.00	1
125	0	0		0
126	0	0		0
127	0	2	0.00	2
128	0	0		0
129	0	0		0
130	0	2	0.00	2
131	0	0		0
132	0	1	0.00	1
133	0	1	0.00	1
134	0	1	0.00	1
135	0	0		0
136	0	2	0.00	2
137	0	0		0
138	0	0		0
139	0	1	0.00	1
140	0	0		0
141	0	2	0.00	2
142	0	0		0
143	0	1	0.00	1
144	0	0		0
145	0	0		0
146	0	0		0
147	0	1	0.00	1
148	0	2	0.00	2
149	0	0		0

CHH context (R1)
================
position	count methylated	count unmethylated	% methylation	coverage
1	1	34	2.86	35
2	0	38	0.00	38
3	0	27	0.00	27
4	2	345	0.58	347
5	1	424	0.24	425
6	1	433	0.23	434
7	1	404	0.25	405
8	0	369	0.00	369
9	0	339	0.00	339
10	4	321	1.23	325
11	1	308	0.32	309
12	0	314	0.00	314
13	1	366	0.27	367
14	0	401	0.00	401
15	0	383	0.00	383
16	0	371	0.00	371
17	1	319	0.31	320
18	2	319	0.62	321
19	0	309	0.00	309
20	2	352	0.56	354
21	0	343	0.00	343
22	0	358	0.00	358
23	1	308	0.32	309
24	0	367	0.00	367
25	0	404	0.00	404
26	0	355	0.00	355
27	0	381	0.00	381
28	1	352	0.28	353
29	1	332	0.30	333
30	2	379	0.52	381
31	0	355	0.00	355
32	0	358	0.00	358
33	0	312	0.00	312
34	5	316	1.56	321
35	1	302	0.33	303
36	1	350	0.28	351
37	1	326	0.31	327
38	1	345	0.29	346
39	1	331	0.30	332
40	0	344	0.00	344
41	1	314	0.32	315
42	1	345	0.29	346
43	2	333	0.60	335
44	0	351	0.00	351
45	0	316	0.00	316
46	0	348	0.00	348
47	1	317	0.31	318
48	2	349	0.57	351
49	0	383	0.00	383
50	2	366	0.54	368
51	0	395	0.00	395
52	2	337	0.59	339
53	0	347	0.00	347
54	1	304	0.33	305
55	0	334	0.00	334
56	1	272	0.37	273
57	2	306	0.65	308
58	2	273	0.73	275
59	2	318	0.62	320
60	1	304	0.33	305
61	1	329	0.30	330
62	0	324	0.00	324
63	0	315	0.00	315
64	1	338	0.29	339
65	2	318	0.62	320
66	0	302	0.00	302
67	0	319	0.00	319
68	1	361	0.28	362
69	0	319	0.00	319
70	2	281	0.71	283
71	1	273	0.36	274
72	2	269	0.74	271
73	0	282	0.00	282
74	1	263	0.38	264
75	1	321	0.31	322
76	1	309	0.32	310
77	1	287	0.35	288
78	0	260	0.00	260
79	0	274	0.00	274
80	1	282	0.35	283
81	2	245	0.81	247
82	1	286	0.35	287
83	0	242	0.00	242
84	2	256	0.78	258
85	0	293	0.00	293
86	0	251	0.00	251
87	0	212	0.00	212
88	1	249	0.40	250
89	2	210	0.94	212
90	1	169	0.59	170
91	0	180	0.00	180
92	1	187	0.53	188
93	4	157	2.48	161
94	0	160	0.00	160
95	1	209	0.48	210
96	1	167	0.60	168
97	0	144	0.00	144
98	1	151	0.66	152
99	0	62	0.00	62
100	0	10	0.00	10
101	0	9	0.00	9
102	0	7	0.00	7
103	0	8	0.00	8
104	0	6	0.00	6
105	0	4	0.00	4
106	0	5	0.00	5
107	0	3	0.00	3
108	0	3	0.00	3
109	0	4	0.00	4
110	0	4	0.00	4
111	0	2	0.00	2
112	0	8	0.00	8
113	0	7	0.00	7
114	0	4	0.00	4
115	0	3	0.00	3
116	0	1	0.00	1
117	0	5	0.00	5
118	0	2	0.00	2
119	0	2	0.00	2
120	0	2	0.00	2
121	0	5	0.00	5
122	0	5	0.00	5
123	0	1	0.00	1
124	0	0		0
125	0	1	0.00	1
126	0	3	0.00	3
127	0	0		0
128	0	1	0.00	1
129	0	2	0.00	2
130	0	2	0.00	2
131	0	2	0.00	2
132	0	2	0.00	2
133	0	2	0.00	2
134	0	0		0
135	0	2	0.00	2
136	0	0		0
137	0	1	0.00	1
138	0	2	0.00	2
139	0	1	0.00	1
140	0	1	0.00	1
141	0	0		0
142	0	0		0
143	0	1	0.00	1
144	0	0		0
145	0	0		0
146	0	2	0.00	2
147	0	2	0.00	2
148	0	1	0.00	1
149	0	1	0.00	1

CpG context (R2)
================
position	count methylated	count unmethylated	% methylation	coverage
1	0	18	0.00	18
2	0	22	0.00	22
3	2	73	2.67	75
4	3	75	3.85	78
5	0	95	0.00	95
6	6	76	7.32	82
7	2	131	1.50	133
8	4	76	5.00	80
9	4	87	4.40	91
10	3	69	4.17	72
11	3	67	4.29	70
12	4	55	6.78	59
13	1	79	1.25	80
14	1	42	2.33	43
15	1	57	1.72	58
16	0	65	0.00	65
17	2	37	5.13	39
18	4	49	7.55	53
19	1	28	3.45	29
20	4	56	6.67	60
21	0	22	0.00	22
22	1	37	2.63	38
23	3	27	10.00	30
24	3	64	4.48	67
25	1	36	2.70	37
26	3	40	6.98	43
27	3	31	8.82	34
28	3	24	11.11	27
29	0	43	0.00	43
30	0	21	0.00	21
31	4	24	14.29	28
32	1	21	4.55	22
33	2	17	10.53	19
34	0	18	0.00	18
35	1	13	7.14	14
36	0	15	0.00	15
37	1	18	5.26	19
38	0	20	0.00	20
39	1	9	10.00	10
40	0	5	0.00	5
41	1	16	5.88	17
42	1	10	9.09	11
43	2	11	15.38	13
44	3	13	18.75	16
45	0	2	0.00	2
46	3	11	21.43	14
47	0	8	0.00	8
48	0	7	0.00	7
49	0	5	0.00	5
50	1	11	8.33	12
51	1	5	16.67	6
52	2	3	40.00	5
53	1	3	25.00	4
54	1	4	20.00	5
55	0	7	0.00	7
56	0	6	0.00	6
57	0	2	0.00	2
58	1	7	12.50	8
59	0	1	0.00	1
60	0	1	0.00	1
61	0	3	0.00	3
62	0	2	0.00	2
63	0	4	0.00	4
64	0	4	0.00	4
65	1	0	100.00	1
66	0	3	0.00	3
67	0	1	0.00	1
68	0	1	0.00	1
69	0	1	0.00	1
70	0	0		0
71	0	2	0.00	2
72	0	0		0
73	0	0		0
74	0	0		0
75	0	2	0.00	2
76	0	0		0
77	0	1	0.00	1
78	0	1	0.00	1
79	0	0		0
80	0	0		0
81	0	0		0
82	0	0		0
83	0	0		0
84	0	0		0
85	0	0		0
86	0	0		0
87	0	0		0
88	0	0		0
89	0	0		0
90	0	0		0
91	0	0		0
92	0	0		0
93	0	0		0
94	0	1	0.00	1
95	0	0		0
96	0	0		0
97	0	1	0.00	1

CHG context (R2)
================
position	count methylated	count unmethylated	% methylation	coverage
1	15	2123	0.70	2138
2	0	19	0.00	19
3	0	8	0.00	8
4	0	56	0.00	56
5	0	50	0.00	50
6	0	71	0.00	71
7	1	79	1.25	80
8	1	90	1.10	91
9	0	62	0.00	62
10	0	65	0.00	65
11	1	60	1.64	61
12	0	39	0.00	39
13	0	51	0.00	51
14	0	37	0.00	37
15	0	45	0.00	45
16	0	52	0.00	52
17	1	60	1.64	61
18	0	40	0.00	40
19	0	45	0.00	45
20	0	58	0.00	58
21	1	42	2.33	43
22	0	44	0.00	44
23	0	37	0.00	37
24	0	26	0.00	26
25	0	40	0.00	40
26	0	16	0.00	16
27	0	15	0.00	15
28	0	19	0.00	19
29	0	22	0.00	22
30	0	28	0.00	28
31	0	19	0.00	19
32	0	13	0.00	13
33	0	18	0.00	18
34	0	22	0.00	22
35	0	25	0.00	25
36	0	19	0.00	19
37	0	12	0.00	12
38	0	14	0.00	14
39	0	11	0.00	11
40	0	12	0.00	12
41	0	13	0.00	13
42	0	6	0.00	6
43	0	7	0.00	7
44	0	5	0.00	5
45	0	13	0.00	13
46	0	3	0.00	3
47	0	13	0.00	13
48	0	5	0.00	5
49	1	6	14.29	7
50	0	12	0.00	12
51	0	3	0.00	3
52	0	6	0.00	6
53	0	6	0.00	6
54	0	1	0.00	1
55	0	4	0.00	4
56	0	5	0.00	5
57	0	1	0.00	1
58	0	1	0.00	1
59	0	0		0
60	0	2	0.00	2
61	0	1	0.00	1
62	0	0		0
63	0	2	0.00	2
64	0	4	0.00	4
65	0	1	0.00	1
66	0	0		0
67	0	0		0
68	0	1	0.00	1
69	0	0		0
70	0	2	0.00	2
71	0	2	0.00	2
72	0	1	0.00	1
73	0	0		0
74	0	0		0
75	0	1	0.00	1
76	0	0		0
77	0	0		0
78	0	1	0.00	1
79	0	0		0
80	0	1	0.00	1
81	0	0		0
82	0	0		0
83	0	1	0.00	1
84	0	0		0
85	0	0		0
86	0	0		0
87	0	1	0.00	1
88	0	0		0
89	0	0		0
90	0	0		0
91	0	0		0
92	0	0		0
93	0	0		0
94	0	0		0
95	0	0		0
96	0	0		0
97	0	0		0

CHH context (R2)
================
position	count methylated	count unmethylated	% methylation	coverage
1	0	7	0.00	7
2	3	960	0.31	963
3	0	230	0.00	230
4	0	158	0.00	158
5	0	121	0.00	121
6	0	106	0.00	106
7	0	94	0.00	94
8	1	121	0.82	122
9	1	126	0.79	127
10	1	104	0.95	105
11	1	71	1.39	72
12	0	71	0.00	71
13	0	56	0.00	56
14	1	85	1.16	86
15	0	62	0.00	62
16	1	66	1.49	67
17	0	66	0.00	66
18	0	62	0.00	62
19	0	62	0.00	62
20	0	57	0.00	57
21	0	42	0.00	42
22	0	47	0.00	47
23	0	42	0.00	42
24	0	51	0.00	51
25	0	42	0.00	42
26	0	24	0.00	24
27	0	33	0.00	33
28	0	28	0.00	28
29	2	26	7.14	28
30	0	25	0.00	25
31	0	36	0.00	36
32	0	37	0.00	37
33	0	19	0.00	19
34	0	19	0.00	19
35	0	17	0.00	17
36	0	14	0.00	14
37	0	19	0.00	19
38	0	20	0.00	20
39	0	4	0.00	4
40	0	13	0.00	13
41	0	9	0.00	9
42	0	14	0.00	14
43	0	14	0.00	14
44	0	23	0.00	23
45	0	8	0.00	8
46	0	16	0.00	16
47	0	14	0.00	14
48	0	10	0.00	10
49	0	12	0.00	12
50	0	11	0.00	11
51	0	11	0.00	11
52	0	12	0.00	12
53	0	7	0.00	7
54	0	8	0.00	8
55	0	6	0.00	6
56	0	7	0.00	7
57	0	9	0.00	9
58	0	5	0.00	5
59	0	3	0.00	3
60	0	1	0.00	1
61	0	2	0.00	2
62	0	1	0.00	1
63	0	0		0
64	0	0		0
65	0	0		0
66	0	0		0
67	0	1	0.00	1
68	0	1	0.00	1
69	0	1	0.00	1
70	0	0		0
71	1	0	100.00	1
72	0	0		0
73	0	0		0
74	0	0		0
75	0	0		0
76	0	0		0
77	0	0		0
78	0	0		0
79	0	1	0.00	1
80	0	0		0
81	0	0		0
82	0	0		0
83	0	0		0
84	0	1	0.00	1
85	0	0		0
86	0	0		0
87	0	0		0
88	0	0		0
89	0	0		0
90	0	0		0
91	0	0		0
92	0	0		0
93	0	0		0
94	0	0		0
95	0	0		0
96	0	0		0
97	0	0		0

