CpG context (R1)
================
position	count methylated	count unmethylated	% methylation	coverage
1	206	2169	8.67	2375
2	0	17	0.00	17
3	0	18	0.00	18
4	8	169	4.52	177
5	12	229	4.98	241
6	10	260	3.70	270
7	13	239	5.16	252
8	14	284	4.70	298
9	12	240	4.76	252
10	9	263	3.31	272
11	10	231	4.15	241
12	13	274	4.53	287
13	14	300	4.46	314
14	14	254	5.22	268
15	8	233	3.32	241
16	11	309	3.44	320
17	15	239	5.91	254
18	12	276	4.17	288
19	13	277	4.48	290
20	15	225	6.25	240
21	18	227	7.35	245
22	9	290	3.01	299
23	9	283	3.08	292
24	12	219	5.19	231
25	17	287	5.59	304
26	10	267	3.61	277
27	17	270	5.92	287
28	26	265	8.93	291
29	13	274	4.53	287
30	10	270	3.57	280
31	20	303	6.19	323
32	14	295	4.53	309
33	9	219	3.95	228
34	13	276	4.50	289
35	16	277	5.46	293
36	11	221	4.74	232
37	12	272	4.23	284
38	18	235	7.11	253
39	20	217	8.44	237
40	12	249	4.60	261
41	16	267	5.65	283
42	8	272	2.86	280
43	12	275	4.18	287
44	16	254	5.93	270
45	19	277	6.42	296
46	17	231	6.85	248
47	21	270	7.22	291
48	16	256	5.88	272
49	13	234	5.26	247
50	13	237	5.20	250
51	9	232	3.73	241
52	10	235	4.08	245
53	11	246	4.28	257
54	11	245	4.30	256
55	11	289	3.67	300
56	8	232	3.33	240
57	19	235	7.48	254
58	8	235	3.29	243
59	13	286	4.35	299
60	12	237	4.82	249
61	10	237	4.05	247
62	11	231	4.55	242
63	20	222	8.26	242
64	16	269	5.61	285
65	10	279	3.46	289
66	15	236	5.98	251
67	15	211	6.64	226
68	12	204	5.56	216
69	8	206	3.74	214
70	13	237	5.20	250
71	8	256	3.03	264
72	8	271	2.87	279
73	7	205	3.30	212
74	12	209	5.43	221
75	6	176	3.30	182
76	9	202	4.27	211
77	9	219	3.95	228
78	5	211	2.31	216
79	14	221	5.96	235
80	11	189	5.50	200
81	13	184	6.60	197
82	5	199	2.45	204
83	8	142	5.33	150
84	6	169	3.43	175
85	7	176	3.83	183
86	4	170	2.30	174
87	8	167	4.57	175
88	10	136	6.85	146
89	7	169	3.98	176
90	7	132	5.04	139
91	4	135	2.88	139
92	5	140	3.45	145
93	10	130	7.14	140
94	4	135	2.88	139
95	7	123	5.38	130
96	4	91	4.21	95
97	2	149	1.32	151
98	6	96	5.88	102
99	3	59	4.84	62
100	0	10	0.00	10
101	1	5	16.67	6
102	0	3	0.00	3
103	1	12	7.69	13
104	0	4	0.00	4
105	1	4	20.00	5
106	0	8	0.00	8
107	0	3	0.00	3
108	1	2	33.33	3
109	0	9	0.00	9
110	0	2	0.00	2
111	0	5	0.00	5
112	0	7	0.00	7
113	0	3	0.00	3
114	0	3	0.00	3
115	1	1	50.00	2
116	1	1	50.00	2
117	0	4	0.00	4
118	0	3	0.00	3
119	0	2	0.00	2
120	1	4	20.00	5
121	0	3	0.00	3
122	0	3	0.00	3
123	1	1	50.00	2
124	0	0		0
125	0	3	0.00	3
126	1	5	16.67	6
127	1	0	100.00	1
128	0	6	0.00	6
129	0	2	0.00	2
130	0	1	0.00	1
131	1	7	12.50	8
132	1	2	33.33	3
133	0	2	0.00	2
134	0	1	0.00	1
135	0	2	0.00	2
136	0	2	0.00	2
137	0	3	0.00	3
138	1	1	50.00	2
139	0	2	0.00	2
140	0	0		0
141	0	3	0.00	3
142	0	0		0
143	0	3	0.00	3
144	0	0		0
145	0	0		0
146	0	1	0.00	1
147	0	1	0.00	1
148	0	0		0
149	0	2	0.00	2

CHG context (R1)
================
position	count methylated	count unmethylated	% methylation	coverage
1	0	18	0.00	18
2	0	22	0.00	22
3	0	11	0.00	11
4	2	161	1.23	163
5	0	211	0.00	211
6	2	231	0.86	233
7	0	268	0.00	268
8	1	203	0.49	204
9	1	243	0.41	244
10	1	203	0.49	204
11	0	220	0.00	220
12	0	221	0.00	221
13	1	177	0.56	178
14	0	193	0.00	193
15	2	252	0.79	254
16	1	226	0.44	227
17	1	261	0.38	262
18	1	251	0.40	252
19	1	192	0.52	193
20	3	165	1.79	168
21	0	203	0.00	203
22	0	261	0.00	261
23	0	186	0.00	186
24	1	198	0.50	199
25	2	272	0.73	274
26	0	208	0.00	208
27	0	222	0.00	222
28	0	254	0.00	254
29	0	196	0.00	196
30	2	183	1.08	185
31	1	239	0.42	240
32	0	192	0.00	192
33	2	239	0.83	241
34	0	229	0.00	229
35	1	235	0.42	236
36	0	216	0.00	216
37	1	189	0.53	190
38	1	212	0.47	213
39	0	181	0.00	181
40	0	209	0.00	209
41	1	262	0.38	263
42	1	227	0.44	228
43	2	198	1.00	200
44	2	260	0.76	262
45	0	212	0.00	212
46	1	199	0.50	200
47	0	196	0.00	196
48	1	198	0.50	199
49	0	233	0.00	233
50	1	180	0.55	181
51	1	210	0.47	211
52	2	188	1.05	190
53	2	217	0.91	219
54	2	195	1.02	197
55	1	155	0.64	156
56	1	207	0.48	208
57	1	213	0.47	214
58	1	228	0.44	229
59	1	173	0.57	174
60	0	133	0.00	133
61	3	208	1.42	211
62	1	175	0.57	176
63	1	179	0.56	180
64	0	210	0.00	210
65	0	186	0.00	186
66	0	179	0.00	179
67	0	191	0.00	191
68	0	174	0.00	174
69	0	215	0.00	215
70	0	184	0.00	184
71	0	180	0.00	180
72	0	177	0.00	177
73	0	195	0.00	195
74	2	156	1.27	158
75	0	150	0.00	150
76	0	151	0.00	151
77	2	167	1.18	169
78	1	185	0.54	186
79	0	153	0.00	153
80	0	141	0.00	141
81	0	183	0.00	183
82	0	124	0.00	124
83	0	133	0.00	133
84	0	127	0.00	127
85	0	122	0.00	122
86	1	162	0.61	163
87	0	119	0.00	119
88	2	142	1.39	144
89	0	123	0.00	123
90	1	109	0.91	110
91	1	132	0.75	133
92	0	91	0.00	91
93	1	83	1.19	84
94	1	139	0.71	140
95	0	88	0.00	88
96	0	120	0.00	120
97	0	140	0.00	140
98	1	84	1.18	85
99	0	37	0.00	37
100	0	9	0.00	9
101	0	4	0.00	4
102	0	5	0.00	5
103	0	4	0.00	4
104	0	5	0.00	5
105	0	7	0.00	7
106	0	9	0.00	9
107	0	1	0.00	1
108	0	6	0.00	6
109	0	4	0.00	4
110	0	2	0.00	2
111	1	4	20.00	5
112	1	2	33.33	3
113	0	3	0.00	3
114	0	2	0.00	2
115	0	4	0.00	4
116	0	2	0.00	2
117	0	3	0.00	3
118	0	1	0.00	1
119	0	2	0.00	2
120	0	2	0.00	2
121	0	3	0.00	3
122	0	2	0.00	2
123	0	0		0
124	0	1	0.00	1
125	0	6	0.00	6
126	0	0		0
127	0	2	0.00	2
128	0	1	0.00	1
129	0	0		0
130	0	7	0.00	7
131	0	0		0
132	0	1	0.00	1
133	0	1	0.00	1
134	0	0		0
135	0	3	0.00	3
136	0	3	0.00	3
137	0	0		0
138	0	0		0
139	0	2	0.00	2
140	0	1	0.00	1
141	0	0		0
142	0	2	0.00	2
143	0	0		0
144	0	0		0
145	0	1	0.00	1
146	0	0		0
147	0	0		0
148	0	4	0.00	4
149	0	0		0

CHH context (R1)
================
position	count methylated	count unmethylated	% methylation	coverage
1	2	32	5.88	34
2	0	31	0.00	31
3	0	21	0.00	21
4	0	315	0.00	315
5	3	398	0.75	401
6	4	398	1.00	402
7	3	369	0.81	372
8	2	380	0.52	382
9	0	329	0.00	329
10	0	329	0.00	329
11	0	366	0.00	366
12	0	365	0.00	365
13	3	381	0.78	384
14	1	376	0.27	377
15	3	401	0.74	404
16	1	387	0.26	388
17	1	311	0.32	312
18	2	286	0.69	288
19	1	305	0.33	306
20	0	350	0.00	350
21	1	318	0.31	319
22	1	290	0.34	291
23	2	318	0.62	320
24	1	363	0.27	364
25	1	362	0.28	363
26	0	353	0.00	353
27	0	383	0.00	383
28	0	372	0.00	372
29	0	326	0.00	326
30	1	374	0.27	375
31	0	344	0.00	344
32	1	367	0.27	368
33	0	324	0.00	324
34	1	311	0.32	312
35	1	291	0.34	292
36	0	356	0.00	356
37	1	345	0.29	346
38	0	358	0.00	358
39	2	328	0.61	330
40	0	317	0.00	317
41	1	361	0.28	362
42	0	355	0.00	355
43	1	327	0.30	328
44	2	323	0.62	325
45	0	280	0.00	280
46	1	321	0.31	322
47	0	289	0.00	289
48	1	322	0.31	323
49	2	367	0.54	369
50	0	364	0.00	364
51	1	386	0.26	387
52	0	337	0.00	337
53	2	358	0.56	360
54	1	328	0.30	329
55	0	323	0.00	323
56	1	300	0.33	301
57	1	304	0.33	305
58	1	273	0.36	274
59	1	309	0.32	310
60	2	303	0.66	305
61	1	327	0.30	328
62	2	312	0.64	314
63	0	301	0.00	301
64	1	357	0.28	358
65	1	354	0.28	355
66	1	306	0.33	307
67	0	356	0.00	356
68	5	386	1.28	391
69	0	293	0.00	293
70	2	301	0.66	303
71	3	284	1.05	287
72	2	251	0.79	253
73	0	291	0.00	291
74	1	281	0.35	282
75	0	313	0.00	313
76	2	316	0.63	318
77	1	290	0.34	291
78	1	281	0.35	282
79	0	271	0.00	271
80	0	304	0.00	304
81	1	265	0.38	266
82	0	286	0.00	286
83	1	251	0.40	252
84	2	254	0.78	256
85	3	302	0.98	305
86	1	274	0.36	275
87	1	215	0.46	216
88	1	277	0.36	278
89	0	222	0.00	222
90	2	197	1.01	199
91	2	196	1.01	198
92	0	226	0.00	226
93	1	178	0.56	179
94	0	177	0.00	177
95	1	213	0.47	214
96	0	157	0.00	157
97	1	159	0.62	160
98	1	155	0.64	156
99	0	73	0.00	73
100	0	9	0.00	9
101	0	12	0.00	12
102	0	3	0.00	3
103	0	6	0.00	6
104	0	6	0.00	6
105	0	10	0.00	10
106	0	7	0.00	7
107	0	7	0.00	7
108	0	9	0.00	9
109	0	7	0.00	7
110	0	5	0.00	5
111	0	2	0.00	2
112	0	4	0.00	4
113	0	2	0.00	2
114	0	6	0.00	6
115	0	5	0.00	5
116	0	3	0.00	3
117	0	5	0.00	5
118	0	7	0.00	7
119	0	7	0.00	7
120	0	7	0.00	7
121	0	3	0.00	3
122	0	5	0.00	5
123	0	5	0.00	5
124	0	4	0.00	4
125	0	3	0.00	3
126	0	3	0.00	3
127	0	3	0.00	3
128	0	2	0.00	2
129	0	3	0.00	3
130	0	1	0.00	1
131	0	2	0.00	2
132	0	1	0.00	1
133	0	2	0.00	2
134	0	2	0.00	2
135	0	2	0.00	2
136	0	0		0
137	0	0		0
138	0	1	0.00	1
139	0	1	0.00	1
140	0	1	0.00	1
141	0	0		0
142	0	0		0
143	0	1	0.00	1
144	0	1	0.00	1
145	0	1	0.00	1
146	0	1	0.00	1
147	0	2	0.00	2
148	0	1	0.00	1
149	0	0		0

CpG context (R2)
================
position	count methylated	count unmethylated	% methylation	coverage
1	1	14	6.67	15
2	0	12	0.00	12
3	2	72	2.70	74
4	7	77	8.33	84
5	4	121	3.20	125
6	5	79	5.95	84
7	3	142	2.07	145
8	6	73	7.59	79
9	3	78	3.70	81
10	5	89	5.32	94
11	4	93	4.12	97
12	2	74	2.63	76
13	4	71	5.33	75
14	2	48	4.00	50
15	1	62	1.59	63
16	2	58	3.33	60
17	1	43	2.27	44
18	2	59	3.28	61
19	3	34	8.11	37
20	1	53	1.85	54
21	5	41	10.87	46
22	4	46	8.00	50
23	3	34	8.11	37
24	3	60	4.76	63
25	1	38	2.56	39
26	1	33	2.94	34
27	2	46	4.17	48
28	5	22	18.52	27
29	0	42	0.00	42
30	0	24	0.00	24
31	1	36	2.70	37
32	1	31	3.12	32
33	3	17	15.00	20
34	2	31	6.06	33
35	0	14	0.00	14
36	0	16	0.00	16
37	0	30	0.00	30
38	1	20	4.76	21
39	0	5	0.00	5
40	1	11	8.33	12
41	0	15	0.00	15
42	0	11	0.00	11
43	1	16	5.88	17
44	0	14	0.00	14
45	1	6	14.29	7
46	4	13	23.53	17
47	1	6	14.29	7
48	0	5	0.00	5
49	1	8	11.11	9
50	0	4	0.00	4
51	0	6	0.00	6
52	1	7	12.50	8
53	0	0		0
54	0	5	0.00	5
55	0	4	0.00	4
56	1	4	20.00	5
57	0	2	0.00	2
58	0	6	0.00	6
59	0	2	0.00	2
60	1	0	100.00	1
61	0	3	0.00	3
62	0	1	0.00	1
63	0	0		0
64	1	3	25.00	4
65	0	0		0
66	0	1	0.00	1
67	0	2	0.00	2
68	0	0		0
69	0	2	0.00	2
70	0	0		0
71	0	1	0.00	1
72	0	2	0.00	2
73	0	0		0
74	0	0		0
75	0	4	0.00	4
76	0	0		0
77	0	1	0.00	1
78	0	3	0.00	3
79	0	1	0.00	1

CHG context (R2)
================
position	count methylated	count unmethylated	% methylation	coverage
1	13	2137	0.60	2150
2	0	22	0.00	22
3	0	4	0.00	4
4	0	42	0.00	42
5	0	63	0.00	63
6	1	81	1.22	82
7	0	75	0.00	75
8	1	98	1.01	99
9	0	90	0.00	90
10	1	72	1.37	73
11	1	64	1.54	65
12	0	39	0.00	39
13	0	47	0.00	47
14	0	44	0.00	44
15	1	40	2.44	41
16	0	51	0.00	51
17	0	60	0.00	60
18	1	50	1.96	51
19	0	49	0.00	49
20	0	52	0.00	52
21	0	42	0.00	42
22	0	48	0.00	48
23	0	34	0.00	34
24	0	25	0.00	25
25	0	57	0.00	57
26	0	12	0.00	12
27	1	18	5.26	19
28	0	28	0.00	28
29	0	29	0.00	29
30	0	24	0.00	24
31	1	30	3.23	31
32	0	28	0.00	28
33	0	29	0.00	29
34	1	20	4.76	21
35	0	31	0.00	31
36	1	17	5.56	18
37	0	17	0.00	17
38	0	12	0.00	12
39	0	10	0.00	10
40	0	16	0.00	16
41	1	19	5.00	20
42	0	1	0.00	1
43	0	9	0.00	9
44	0	5	0.00	5
45	0	8	0.00	8
46	0	4	0.00	4
47	0	10	0.00	10
48	0	6	0.00	6
49	0	10	0.00	10
50	0	11	0.00	11
51	0	0		0
52	0	11	0.00	11
53	0	3	0.00	3
54	0	0		0
55	0	10	0.00	10
56	0	3	0.00	3
57	0	1	0.00	1
58	0	0		0
59	0	0		0
60	0	11	0.00	11
61	0	1	0.00	1
62	0	1	0.00	1
63	0	2	0.00	2
64	0	0		0
65	0	0		0
66	0	0		0
67	0	1	0.00	1
68	0	1	0.00	1
69	0	0		0
70	0	3	0.00	3
71	0	0		0
72	0	0		0
73	0	2	0.00	2
74	0	1	0.00	1
75	0	0		0
76	0	0		0
77	0	0		0
78	0	0		0
79	0	0		0

CHH context (R2)
================
position	count methylated	count unmethylated	% methylation	coverage
1	0	9	0.00	9
2	0	1016	0.00	1016
3	1	262	0.38	263
4	0	190	0.00	190
5	3	144	2.04	147
6	0	106	0.00	106
7	0	126	0.00	126
8	0	145	0.00	145
9	0	120	0.00	120
10	0	137	0.00	137
11	2	93	2.11	95
12	0	88	0.00	88
13	1	64	1.54	65
14	0	98	0.00	98
15	0	75	0.00	75
16	0	69	0.00	69
17	0	69	0.00	69
18	0	88	0.00	88
19	0	79	0.00	79
20	1	49	2.00	50
21	0	40	0.00	40
22	0	46	0.00	46
23	0	52	0.00	52
24	1	48	2.04	49
25	0	66	0.00	66
26	0	53	0.00	53
27	0	34	0.00	34
28	0	41	0.00	41
29	0	42	0.00	42
30	0	34	0.00	34
31	0	35	0.00	35
32	0	29	0.00	29
33	0	21	0.00	21
34	1	32	3.03	33
35	0	28	0.00	28
36	0	26	0.00	26
37	0	27	0.00	27
38	0	20	0.00	20
39	0	19	0.00	19
40	0	18	0.00	18
41	0	21	0.00	21
42	0	15	0.00	15
43	0	19	0.00	19
44	0	26	0.00	26
45	0	16	0.00	16
46	0	18	0.00	18
47	0	14	0.00	14
48	0	9	0.00	9
49	0	11	0.00	11
50	0	5	0.00	5
51	0	19	0.00	19
52	0	16	0.00	16
53	0	13	0.00	13
54	0	10	0.00	10
55	0	9	0.00	9
56	0	8	0.00	8
57	0	1	0.00	1
58	0	3	0.00	3
59	0	3	0.00	3
60	0	0		0
61	0	3	0.00	3
62	0	3	0.00	3
63	0	2	0.00	2
64	0	1	0.00	1
65	0	1	0.00	1
66	0	0		0
67	0	3	0.00	3
68	0	3	0.00	3
69	0	1	0.00	1
70	0	0		0
71	0	3	0.00	3
72	0	0		0
73	0	0		0
74	0	0		0
75	0	2	0.00	2
76	0	0		0
77	0	2	0.00	2
78	0	2	0.00	2
79	0	0		0

