CpG context (R1)
================
position	count methylated	count unmethylated	% methylation	coverage
1	215	2154	9.08	2369
2	1	17	5.56	18
3	1	15	6.25	16
4	10	172	5.49	182
5	19	202	8.60	221
6	15	239	5.91	254
7	15	223	6.30	238
8	10	265	3.64	275
9	21	235	8.20	256
10	17	234	6.77	251
11	17	244	6.51	261
12	16	273	5.54	289
13	17	276	5.80	293
14	19	259	6.83	278
15	15	256	5.54	271
16	16	303	5.02	319
17	8	225	3.43	233
18	10	253	3.80	263
19	19	298	5.99	317
20	9	225	3.85	234
21	8	213	3.62	221
22	17	265	6.03	282
23	12	268	4.29	280
24	14	261	5.09	275
25	8	308	2.53	316
26	12	297	3.88	309
27	13	276	4.50	289
28	27	252	9.68	279
29	10	264	3.65	274
30	16	246	6.11	262
31	8	279	2.79	287
32	14	308	4.35	322
33	13	231	5.33	244
34	11	274	3.86	285
35	15	234	6.02	249
36	10	187	5.08	197
37	14	292	4.58	306
38	14	252	5.26	266
39	10	232	4.13	242
40	6	275	2.14	281
41	11	251	4.20	262
42	11	282	3.75	293
43	8	257	3.02	265
44	14	249	5.32	263
45	16	251	5.99	267
46	13	231	5.33	244
47	11	271	3.90	282
48	15	255	5.56	270
49	12	203	5.58	215
50	13	233	5.28	246
51	12	222	5.13	234
52	6	224	2.61	230
53	10	258	3.73	268
54	11	247	4.26	258
55	14	280	4.76	294
56	5	232	2.11	237
57	17	227	6.97	244
58	7	219	3.10	226
59	13	242	5.10	255
60	9	248	3.50	257
61	13	251	4.92	264
62	8	212	3.64	220
63	11	235	4.47	246
64	13	247	5.00	260
65	15	256	5.54	271
66	16	238	6.30	254
67	14	217	6.06	231
68	9	198	4.35	207
69	11	200	5.21	211
70	7	238	2.86	245
71	16	240	6.25	256
72	5	241	2.03	246
73	9	187	4.59	196
74	9	191	4.50	200
75	12	162	6.90	174
76	9	195	4.41	204
77	7	225	3.02	232
78	8	168	4.55	176
79	10	212	4.50	222
80	4	161	2.42	165
81	6	136	4.23	142
82	6	199	2.93	205
83	4	119	3.25	123
84	4	168	2.33	172
85	9	159	5.36	168
86	4	176	2.22	180
87	10	132	7.04	142
88	7	126	5.26	133
89	3	155	1.90	158
90	5	123	3.91	128
91	9	124	6.77	133
92	7	136	4.90	143
93	7	131	5.07	138
94	6	105	5.41	111
95	5	121	3.97	126
96	6	115	4.96	121
97	7	125	5.30	132
98	1	84	1.18	85
99	1	59	1.67	60
100	0	9	0.00	9
101	1	5	16.67	6
102	0	1	0.00	1
103	0	5	0.00	5
104	1	4	20.00	5
105	0	4	0.00	4
106	0	9	0.00	9
107	0	2	0.00	2
108	0	5	0.00	5
109	0	8	0.00	8
110	1	2	33.33	3
111	1	4	20.00	5
112	0	5	0.00	5
113	0	1	0.00	1
114	1	1	50.00	2
115	0	5	0.00	5
116	1	0	100.00	1
117	2	4	33.33	6
118	0	1	0.00	1
119	0	2	0.00	2
120	0	2	0.00	2
121	1	2	33.33	3
122	0	1	0.00	1
123	0	2	0.00	2
124	0	2	0.00	2
125	0	4	0.00	4
126	0	2	0.00	2
127	0	0		0
128	0	4	0.00	4
129	0	5	0.00	5
130	0	1	0.00	1
131	0	2	0.00	2
132	0	0		0
133	0	1	0.00	1
134	0	2	0.00	2
135	0	1	0.00	1
136	0	1	0.00	1
137	0	2	0.00	2
138	0	2	0.00	2
139	0	3	0.00	3
140	0	1	0.00	1
141	0	1	0.00	1
142	0	0		0
143	0	0		0
144	0	0		0
145	0	1	0.00	1
146	0	0		0
147	0	0		0
148	0	1	0.00	1
149	0	0		0

CHG context (R1)
================
position	count methylated	count unmethylated	% methylation	coverage
1	1	17	5.56	18
2	0	21	0.00	21
3	0	12	0.00	12
4	0	148	0.00	148
5	0	193	0.00	193
6	2	246	0.81	248
7	0	261	0.00	261
8	1	204	0.49	205
9	2	224	0.88	226
10	2	199	1.00	201
11	0	214	0.00	214
12	1	222	0.45	223
13	1	211	0.47	212
14	2	203	0.98	205
15	3	230	1.29	233
16	0	208	0.00	208
17	0	260	0.00	260
18	2	250	0.79	252
19	2	176	1.12	178
20	2	175	1.13	177
21	1	220	0.45	221
22	0	245	0.00	245
23	0	202	0.00	202
24	1	173	0.57	174
25	0	246	0.00	246
26	0	201	0.00	201
27	0	226	0.00	226
28	1	242	0.41	243
29	1	201	0.50	202
30	0	182	0.00	182
31	0	257	0.00	257
32	1	201	0.50	202
33	0	232	0.00	232
34	0	226	0.00	226
35	0	219	0.00	219
36	0	224	0.00	224
37	1	232	0.43	233
38	1	183	0.54	184
39	2	230	0.86	232
40	1	228	0.44	229
41	1	312	0.32	313
42	2	211	0.94	213
43	1	229	0.43	230
44	0	238	0.00	238
45	0	196	0.00	196
46	1	242	0.41	243
47	0	196	0.00	196
48	0	192	0.00	192
49	0	212	0.00	212
50	1	226	0.44	227
51	1	206	0.48	207
52	0	232	0.00	232
53	2	215	0.92	217
54	2	203	0.98	205
55	0	146	0.00	146
56	1	207	0.48	208
57	1	192	0.52	193
58	0	206	0.00	206
59	0	202	0.00	202
60	1	166	0.60	167
61	0	162	0.00	162
62	1	164	0.61	165
63	1	186	0.53	187
64	1	213	0.47	214
65	1	174	0.57	175
66	0	183	0.00	183
67	2	185	1.07	187
68	0	190	0.00	190
69	0	178	0.00	178
70	0	179	0.00	179
71	0	162	0.00	162
72	1	140	0.71	141
73	0	157	0.00	157
74	1	141	0.70	142
75	1	156	0.64	157
76	0	167	0.00	167
77	0	173	0.00	173
78	1	158	0.63	159
79	0	148	0.00	148
80	0	113	0.00	113
81	1	171	0.58	172
82	0	107	0.00	107
83	0	150	0.00	150
84	0	122	0.00	122
85	0	127	0.00	127
86	0	134	0.00	134
87	0	121	0.00	121
88	0	129	0.00	129
89	0	104	0.00	104
90	1	106	0.93	107
91	1	129	0.77	130
92	0	111	0.00	111
93	0	79	0.00	79
94	0	118	0.00	118
95	1	117	0.85	118
96	0	119	0.00	119
97	1	96	1.03	97
98	0	99	0.00	99
99	0	34	0.00	34
100	0	9	0.00	9
101	0	4	0.00	4
102	0	7	0.00	7
103	0	6	0.00	6
104	0	6	0.00	6
105	0	7	0.00	7
106	0	6	0.00	6
107	0	5	0.00	5
108	0	5	0.00	5
109	0	3	0.00	3
110	0	2	0.00	2
111	0	4	0.00	4
112	0	5	0.00	5
113	0	4	0.00	4
114	0	3	0.00	3
115	0	2	0.00	2
116	0	5	0.00	5
117	0	2	0.00	2
118	0	3	0.00	3
119	0	1	0.00	1
120	0	1	0.00	1
121	0	0		0
122	0	3	0.00	3
123	0	4	0.00	4
124	0	2	0.00	2
125	0	1	0.00	1
126	0	0		0
127	0	3	0.00	3
128	0	5	0.00	5
129	0	0		0
130	0	2	0.00	2
131	0	2	0.00	2
132	0	2	0.00	2
133	0	1	0.00	1
134	0	1	0.00	1
135	0	2	0.00	2
136	0	2	0.00	2
137	0	0		0
138	0	0		0
139	0	1	0.00	1
140	0	1	0.00	1
141	0	1	0.00	1
142	0	0		0
143	0	0		0
144	0	0		0
145	0	0		0
146	0	0		0
147	0	1	0.00	1
148	0	0		0
149	1	2	33.33	3

CHH context (R1)
================
position	count methylated	count unmethylated	% methylation	coverage
1	4	28	12.50	32
2	0	40	0.00	40
3	0	25	0.00	25
4	1	333	0.30	334
5	0	407	0.00	407
6	0	383	0.00	383
7	0	406	0.00	406
8	0	347	0.00	347
9	1	343	0.29	344
10	1	334	0.30	335
11	1	314	0.32	315
12	4	322	1.23	326
13	0	385	0.00	385
14	1	398	0.25	399
15	1	352	0.28	353
16	0	340	0.00	340
17	0	294	0.00	294
18	1	263	0.38	264
19	0	335	0.00	335
20	3	361	0.82	364
21	0	340	0.00	340
22	1	326	0.31	327
23	2	354	0.56	356
24	1	346	0.29	347
25	2	365	0.54	367
26	0	342	0.00	342
27	2	369	0.54	371
28	3	346	0.86	349
29	0	330	0.00	330
30	0	363	0.00	363
31	0	335	0.00	335
32	4	346	1.14	350
33	0	318	0.00	318
34	2	315	0.63	317
35	1	356	0.28	357
36	0	396	0.00	396
37	1	355	0.28	356
38	2	349	0.57	351
39	1	323	0.31	324
40	0	320	0.00	320
41	1	316	0.32	317
42	0	330	0.00	330
43	0	313	0.00	313
44	0	355	0.00	355
45	0	301	0.00	301
46	0	351	0.00	351
47	0	324	0.00	324
48	1	333	0.30	334
49	0	395	0.00	395
50	1	381	0.26	382
51	0	401	0.00	401
52	2	357	0.56	359
53	0	330	0.00	330
54	2	284	0.70	286
55	1	310	0.32	311
56	1	303	0.33	304
57	3	298	1.00	301
58	0	314	0.00	314
59	1	326	0.31	327
60	0	310	0.00	310
61	1	322	0.31	323
62	0	335	0.00	335
63	0	307	0.00	307
64	0	324	0.00	324
65	0	309	0.00	309
66	0	280	0.00	280
67	2	331	0.60	333
68	0	342	0.00	342
69	1	298	0.33	299
70	1	277	0.36	278
71	0	257	0.00	257
72	0	277	0.00	277
73	0	285	0.00	285
74	0	256	0.00	256
75	1	302	0.33	303
76	1	303	0.33	304
77	0	279	0.00	279
78	2	282	0.70	284
79	2	263	0.75	265
80	1	285	0.35	286
81	1	253	0.39	254
82	0	298	0.00	298
83	0	239	0.00	239
84	1	259	0.38	260
85	1	254	0.39	255
86	2	257	0.77	259
87	3	208	1.42	211
88	0	273	0.00	273
89	1	193	0.52	194
90	0	193	0.00	193
91	0	179	0.00	179
92	2	172	1.15	174
93	1	171	0.58	172
94	0	178	0.00	178
95	2	180	1.10	182
96	0	143	0.00	143
97	0	162	0.00	162
98	0	160	0.00	160
99	0	66	0.00	66
100	0	8	0.00	8
101	0	11	0.00	11
102	0	6	0.00	6
103	0	5	0.00	5
104	0	4	0.00	4
105	0	6	0.00	6
106	0	7	0.00	7
107	0	8	0.00	8
108	0	4	0.00	4
109	0	2	0.00	2
110	0	6	0.00	6
111	0	3	0.00	3
112	0	4	0.00	4
113	0	6	0.00	6
114	0	6	0.00	6
115	0	6	0.00	6
116	0	1	0.00	1
117	0	4	0.00	4
118	0	4	0.00	4
119	0	7	0.00	7
120	0	3	0.00	3
121	0	5	0.00	5
122	0	4	0.00	4
123	0	3	0.00	3
124	0	1	0.00	1
125	0	3	0.00	3
126	0	4	0.00	4
127	0	3	0.00	3
128	0	1	0.00	1
129	0	1	0.00	1
130	0	1	0.00	1
131	0	3	0.00	3
132	0	2	0.00	2
133	0	3	0.00	3
134	0	2	0.00	2
135	0	1	0.00	1
136	0	1	0.00	1
137	0	0		0
138	0	1	0.00	1
139	0	1	0.00	1
140	0	1	0.00	1
141	0	0		0
142	0	0		0
143	0	0		0
144	0	0		0
145	0	1	0.00	1
146	0	0		0
147	0	1	0.00	1
148	1	0	100.00	1
149	0	0		0

CpG context (R2)
================
position	count methylated	count unmethylated	% methylation	coverage
1	0	23	0.00	23
2	0	19	0.00	19
3	1	63	1.56	64
4	2	74	2.63	76
5	5	106	4.50	111
6	0	95	0.00	95
7	4	128	3.03	132
8	1	93	1.06	94
9	5	60	7.69	65
10	4	93	4.12	97
11	5	61	7.58	66
12	2	72	2.70	74
13	3	61	4.69	64
14	5	40	11.11	45
15	5	66	7.04	71
16	0	57	0.00	57
17	1	27	3.57	28
18	4	39	9.30	43
19	1	38	2.56	39
20	1	47	2.08	48
21	3	40	6.98	43
22	1	37	2.63	38
23	0	36	0.00	36
24	2	51	3.77	53
25	0	41	0.00	41
26	0	29	0.00	29
27	1	26	3.70	27
28	0	27	0.00	27
29	1	39	2.50	40
30	4	16	20.00	20
31	2	36	5.26	38
32	3	28	9.68	31
33	0	16	0.00	16
34	2	18	10.00	20
35	0	13	0.00	13
36	1	14	6.67	15
37	1	24	4.00	25
38	2	29	6.45	31
39	0	11	0.00	11
40	1	9	10.00	10
41	1	14	6.67	15
42	1	8	11.11	9
43	1	12	7.69	13
44	1	19	5.00	20
45	0	3	0.00	3
46	3	12	20.00	15
47	0	7	0.00	7
48	0	14	0.00	14
49	0	4	0.00	4
50	1	9	10.00	10
51	0	4	0.00	4
52	0	4	0.00	4
53	1	6	14.29	7
54	1	3	25.00	4
55	0	4	0.00	4
56	0	4	0.00	4
57	0	2	0.00	2
58	0	3	0.00	3
59	0	3	0.00	3
60	0	3	0.00	3
61	0	2	0.00	2
62	0	2	0.00	2
63	0	3	0.00	3
64	0	3	0.00	3
65	0	0		0
66	0	2	0.00	2
67	0	2	0.00	2
68	1	2	33.33	3
69	0	1	0.00	1
70	0	0		0
71	0	1	0.00	1
72	0	2	0.00	2
73	0	0		0
74	0	1	0.00	1
75	0	0		0
76	0	0		0
77	0	1	0.00	1
78	0	0		0
79	0	1	0.00	1
80	0	0		0
81	0	1	0.00	1
82	0	2	0.00	2
83	0	0		0
84	0	0		0
85	0	0		0
86	1	0	100.00	1
87	0	0		0
88	0	0		0
89	0	0		0
90	0	0		0
91	0	2	0.00	2
92	0	0		0
93	0	0		0
94	0	0		0
95	0	0		0
96	0	0		0
97	0	2	0.00	2

CHG context (R2)
================
position	count methylated	count unmethylated	% methylation	coverage
1	16	2169	0.73	2185
2	0	22	0.00	22
3	0	8	0.00	8
4	0	33	0.00	33
5	0	55	0.00	55
6	0	77	0.00	77
7	0	90	0.00	90
8	1	99	1.00	100
9	0	79	0.00	79
10	1	56	1.75	57
11	0	59	0.00	59
12	0	34	0.00	34
13	0	50	0.00	50
14	2	47	4.08	49
15	0	45	0.00	45
16	0	45	0.00	45
17	0	67	0.00	67
18	0	39	0.00	39
19	0	48	0.00	48
20	0	41	0.00	41
21	0	34	0.00	34
22	0	54	0.00	54
23	0	23	0.00	23
24	0	19	0.00	19
25	1	27	3.57	28
26	0	24	0.00	24
27	0	19	0.00	19
28	0	19	0.00	19
29	0	21	0.00	21
30	0	22	0.00	22
31	0	24	0.00	24
32	0	22	0.00	22
33	0	18	0.00	18
34	0	20	0.00	20
35	0	30	0.00	30
36	0	24	0.00	24
37	0	13	0.00	13
38	0	8	0.00	8
39	1	14	6.67	15
40	0	17	0.00	17
41	0	18	0.00	18
42	0	5	0.00	5
43	0	4	0.00	4
44	0	5	0.00	5
45	0	8	0.00	8
46	0	3	0.00	3
47	0	7	0.00	7
48	0	5	0.00	5
49	0	5	0.00	5
50	0	8	0.00	8
51	1	5	16.67	6
52	0	8	0.00	8
53	0	5	0.00	5
54	0	0		0
55	0	5	0.00	5
56	0	9	0.00	9
57	0	0		0
58	0	2	0.00	2
59	0	2	0.00	2
60	0	4	0.00	4
61	0	5	0.00	5
62	0	1	0.00	1
63	0	0		0
64	0	3	0.00	3
65	0	1	0.00	1
66	0	0		0
67	0	0		0
68	0	1	0.00	1
69	0	1	0.00	1
70	1	1	50.00	2
71	0	1	0.00	1
72	0	0		0
73	0	2	0.00	2
74	0	1	0.00	1
75	0	0		0
76	0	0		0
77	0	1	0.00	1
78	0	0		0
79	0	0		0
80	0	2	0.00	2
81	0	0		0
82	0	1	0.00	1
83	0	0		0
84	0	1	0.00	1
85	0	1	0.00	1
86	0	2	0.00	2
87	0	0		0
88	0	0		0
89	0	1	0.00	1
90	0	0		0
91	0	0		0
92	0	0		0
93	0	0		0
94	0	0		0
95	0	2	0.00	2
96	0	0		0
97	0	0		0

CHH context (R2)
================
position	count methylated	count unmethylated	% methylation	coverage
1	0	5	0.00	5
2	1	1000	0.10	1001
3	3	248	1.20	251
4	1	172	0.58	173
5	0	130	0.00	130
6	1	90	1.10	91
7	0	100	0.00	100
8	0	136	0.00	136
9	0	129	0.00	129
10	2	131	1.50	133
11	0	83	0.00	83
12	0	83	0.00	83
13	1	57	1.72	58
14	0	83	0.00	83
15	0	84	0.00	84
16	0	64	0.00	64
17	0	68	0.00	68
18	1	82	1.20	83
19	0	86	0.00	86
20	0	65	0.00	65
21	0	52	0.00	52
22	0	54	0.00	54
23	0	41	0.00	41
24	0	35	0.00	35
25	0	49	0.00	49
26	0	31	0.00	31
27	0	35	0.00	35
28	0	32	0.00	32
29	0	40	0.00	40
30	0	32	0.00	32
31	0	30	0.00	30
32	0	30	0.00	30
33	0	27	0.00	27
34	0	28	0.00	28
35	0	35	0.00	35
36	0	21	0.00	21
37	0	14	0.00	14
38	0	17	0.00	17
39	0	9	0.00	9
40	0	22	0.00	22
41	0	17	0.00	17
42	0	15	0.00	15
43	0	18	0.00	18
44	0	17	0.00	17
45	0	16	0.00	16
46	0	20	0.00	20
47	0	15	0.00	15
48	0	4	0.00	4
49	0	9	0.00	9
50	0	9	0.00	9
51	0	8	0.00	8
52	1	10	9.09	11
53	0	12	0.00	12
54	0	7	0.00	7
55	0	9	0.00	9
56	0	8	0.00	8
57	0	7	0.00	7
58	0	2	0.00	2
59	0	1	0.00	1
60	0	0		0
61	0	2	0.00	2
62	0	4	0.00	4
63	0	0		0
64	0	3	0.00	3
65	0	2	0.00	2
66	0	2	0.00	2
67	0	0		0
68	0	0		0
69	0	1	0.00	1
70	0	1	0.00	1
71	0	0		0
72	0	0		0
73	0	0		0
74	0	2	0.00	2
75	0	1	0.00	1
76	0	1	0.00	1
77	0	1	0.00	1
78	0	2	0.00	2
79	0	0		0
80	0	1	0.00	1
81	0	1	0.00	1
82	0	0		0
83	0	0		0
84	0	0		0
85	0	0		0
86	0	0		0
87	0	2	0.00	2
88	0	0		0
89	0	1	0.00	1
90	0	0		0
91	0	0		0
92	0	0		0
93	0	0		0
94	0	0		0
95	0	0		0
96	0	0		0
97	0	0		0

