CpG context (R1)
================
position	count methylated	count unmethylated	% methylation	coverage
1	198	2178	8.33	2376
2	0	12	0.00	12
3	3	10	23.08	13
4	5	202	2.42	207
5	9	192	4.48	201
6	8	269	2.89	277
7	16	216	6.90	232
8	13	305	4.09	318
9	20	245	7.55	265
10	16	244	6.15	260
11	9	255	3.41	264
12	10	291	3.32	301
13	18	281	6.02	299
14	9	250	3.47	259
15	9	229	3.78	238
16	19	285	6.25	304
17	12	248	4.62	260
18	4	246	1.60	250
19	13	301	4.14	314
20	12	244	4.69	256
21	12	219	5.19	231
22	15	263	5.40	278
23	15	264	5.38	279
24	14	243	5.45	257
25	14	316	4.24	330
26	12	288	4.00	300
27	10	296	3.27	306
28	22	251	8.06	273
29	12	273	4.21	285
30	12	266	4.32	278
31	11	265	3.99	276
32	13	277	4.48	290
33	8	224	3.45	232
34	7	245	2.78	252
35	15	279	5.10	294
36	16	210	7.08	226
37	7	287	2.38	294
38	18	213	7.79	231
39	12	242	4.72	254
40	11	262	4.03	273
41	14	273	4.88	287
42	14	263	5.05	277
43	13	237	5.20	250
44	17	248	6.42	265
45	15	260	5.45	275
46	20	240	7.69	260
47	19	255	6.93	274
48	9	240	3.61	249
49	27	243	10.00	270
50	14	239	5.53	253
51	12	236	4.84	248
52	18	205	8.07	223
53	16	210	7.08	226
54	17	236	6.72	253
55	14	307	4.36	321
56	13	237	5.20	250
57	15	234	6.02	249
58	9	269	3.24	278
59	15	238	5.93	253
60	8	267	2.91	275
61	15	249	5.68	264
62	10	222	4.31	232
63	12	224	5.08	236
64	12	268	4.29	280
65	8	247	3.14	255
66	12	262	4.38	274
67	12	241	4.74	253
68	15	191	7.28	206
69	5	209	2.34	214
70	4	243	1.62	247
71	17	224	7.05	241
72	6	236	2.48	242
73	12	207	5.48	219
74	10	207	4.61	217
75	15	190	7.32	205
76	10	200	4.76	210
77	9	195	4.41	204
78	11	177	5.85	188
79	19	186	9.27	205
80	3	189	1.56	192
81	5	189	2.58	194
82	7	190	3.55	197
83	4	160	2.44	164
84	7	165	4.07	172
85	4	201	1.95	205
86	11	169	6.11	180
87	8	149	5.10	157
88	2	115	1.71	117
89	5	142	3.40	147
90	2	104	1.89	106
91	5	118	4.07	123
92	7	141	4.73	148
93	5	122	3.94	127
94	9	124	6.77	133
95	8	95	7.77	103
96	7	107	6.14	114
97	9	126	6.67	135
98	8	94	7.84	102
99	3	58	4.92	61
100	1	13	7.14	14
101	0	4	0.00	4
102	0	7	0.00	7
103	0	8	0.00	8
104	1	5	16.67	6
105	0	6	0.00	6
106	0	6	0.00	6
107	0	6	0.00	6
108	0	5	0.00	5
109	1	5	16.67	6
110	0	2	0.00	2
111	0	7	0.00	7
112	1	7	12.50	8
113	0	1	0.00	1
114	0	4	0.00	4
115	0	3	0.00	3
116	0	3	0.00	3
117	0	3	0.00	3
118	0	4	0.00	4
119	0	2	0.00	2
120	0	1	0.00	1
121	0	1	0.00	1
122	0	1	0.00	1
123	0	1	0.00	1
124	0	2	0.00	2
125	0	5	0.00	5
126	0	1	0.00	1
127	0	2	0.00	2
128	0	2	0.00	2
129	0	2	0.00	2
130	0	1	0.00	1
131	0	1	0.00	1
132	0	1	0.00	1
133	0	1	0.00	1
134	0	2	0.00	2
135	0	1	0.00	1
136	0	0		0
137	0	2	0.00	2
138	0	0		0
139	0	0		0
140	0	1	0.00	1
141	0	1	0.00	1
142	0	0		0
143	0	2	0.00	2
144	0	2	0.00	2
145	0	0		0
146	0	0		0
147	0	0		0
148	0	0		0
149	0	1	0.00	1

CHG context (R1)
================
position	count methylated	count unmethylated	% methylation	coverage
1	2	9	18.18	11
2	0	26	0.00	26
3	0	8	0.00	8
4	1	132	0.75	133
5	0	217	0.00	217
6	1	220	0.45	221
7	2	265	0.75	267
8	0	220	0.00	220
9	1	234	0.43	235
10	0	226	0.00	226
11	1	219	0.45	220
12	0	195	0.00	195
13	1	220	0.45	221
14	0	218	0.00	218
15	0	232	0.00	232
16	0	216	0.00	216
17	0	268	0.00	268
18	1	250	0.40	251
19	2	217	0.91	219
20	0	176	0.00	176
21	1	208	0.48	209
22	0	239	0.00	239
23	1	224	0.44	225
24	2	202	0.98	204
25	0	233	0.00	233
26	1	201	0.50	202
27	1	233	0.43	234
28	1	264	0.38	265
29	0	175	0.00	175
30	1	163	0.61	164
31	2	222	0.89	224
32	0	205	0.00	205
33	0	228	0.00	228
34	0	251	0.00	251
35	0	230	0.00	230
36	0	225	0.00	225
37	0	202	0.00	202
38	0	198	0.00	198
39	0	229	0.00	229
40	1	191	0.52	192
41	2	264	0.75	266
42	1	212	0.47	213
43	1	211	0.47	212
44	0	250	0.00	250
45	1	211	0.47	212
46	2	233	0.85	235
47	0	186	0.00	186
48	1	233	0.43	234
49	0	203	0.00	203
50	0	221	0.00	221
51	2	216	0.92	218
52	0	204	0.00	204
53	0	198	0.00	198
54	1	201	0.50	202
55	0	167	0.00	167
56	0	205	0.00	205
57	0	189	0.00	189
58	0	205	0.00	205
59	0	204	0.00	204
60	1	174	0.57	175
61	0	169	0.00	169
62	0	148	0.00	148
63	0	187	0.00	187
64	1	191	0.52	192
65	0	188	0.00	188
66	1	199	0.50	200
67	0	167	0.00	167
68	0	168	0.00	168
69	0	177	0.00	177
70	0	175	0.00	175
71	1	156	0.64	157
72	0	169	0.00	169
73	0	175	0.00	175
74	0	161	0.00	161
75	2	153	1.29	155
76	0	157	0.00	157
77	1	173	0.57	174
78	1	133	0.75	134
79	0	166	0.00	166
80	0	137	0.00	137
81	1	152	0.65	153
82	1	115	0.86	116
83	0	124	0.00	124
84	0	115	0.00	115
85	1	106	0.93	107
86	0	134	0.00	134
87	0	103	0.00	103
88	0	149	0.00	149
89	0	111	0.00	111
90	0	98	0.00	98
91	0	147	0.00	147
92	0	82	0.00	82
93	1	77	1.28	78
94	2	111	1.77	113
95	0	104	0.00	104
96	0	110	0.00	110
97	0	116	0.00	116
98	0	87	0.00	87
99	0	45	0.00	45
100	0	11	0.00	11
101	0	6	0.00	6
102	0	3	0.00	3
103	0	5	0.00	5
104	0	6	0.00	6
105	0	3	0.00	3
106	0	4	0.00	4
107	0	2	0.00	2
108	0	8	0.00	8
109	0	3	0.00	3
110	0	1	0.00	1
111	0	3	0.00	3
112	0	4	0.00	4
113	0	3	0.00	3
114	0	2	0.00	2
115	0	0		0
116	0	0		0
117	0	1	0.00	1
118	0	1	0.00	1
119	0	1	0.00	1
120	0	2	0.00	2
121	0	4	0.00	4
122	0	3	0.00	3
123	0	1	0.00	1
124	0	3	0.00	3
125	0	2	0.00	2
126	0	0		0
127	0	3	0.00	3
128	0	3	0.00	3
129	0	2	0.00	2
130	0	0		0
131	0	2	0.00	2
132	0	0		0
133	0	2	0.00	2
134	0	1	0.00	1
135	0	0		0
136	0	1	0.00	1
137	0	0		0
138	0	0		0
139	0	1	0.00	1
140	0	2	0.00	2
141	0	0		0
142	0	1	0.00	1
143	0	2	0.00	2
144	0	0		0
145	0	0		0
146	0	1	0.00	1
147	0	1	0.00	1
148	0	1	0.00	1
149	0	1	0.00	1

CHH context (R1)
================
position	count methylated	count unmethylated	% methylation	coverage
1	3	23	11.54	26
2	0	22	0.00	22
3	0	18	0.00	18
4	2	313	0.63	315
5	1	370	0.27	371
6	0	420	0.00	420
7	2	364	0.55	366
8	0	353	0.00	353
9	1	323	0.31	324
10	1	312	0.32	313
11	1	312	0.32	313
12	1	319	0.31	320
13	3	387	0.77	390
14	2	375	0.53	377
15	3	383	0.78	386
16	0	340	0.00	340
17	2	308	0.65	310
18	4	290	1.36	294
19	1	309	0.32	310
20	2	347	0.57	349
21	4	334	1.18	338
22	1	352	0.28	353
23	1	369	0.27	370
24	3	356	0.84	359
25	2	381	0.52	383
26	1	344	0.29	345
27	1	397	0.25	398
28	0	365	0.00	365
29	2	324	0.61	326
30	1	376	0.27	377
31	1	345	0.29	346
32	2	394	0.51	396
33	1	315	0.32	316
34	1	320	0.31	321
35	3	306	0.97	309
36	0	359	0.00	359
37	2	336	0.59	338
38	3	335	0.89	338
39	0	326	0.00	326
40	2	314	0.63	316
41	1	345	0.29	346
42	0	373	0.00	373
43	1	349	0.29	350
44	1	366	0.27	367
45	3	281	1.06	284
46	2	336	0.59	338
47	0	293	0.00	293
48	0	318	0.00	318
49	0	395	0.00	395
50	2	385	0.52	387
51	1	392	0.25	393
52	4	336	1.18	340
53	1	337	0.30	338
54	0	295	0.00	295
55	1	328	0.30	329
56	2	280	0.71	282
57	0	292	0.00	292
58	0	283	0.00	283
59	1	323	0.31	324
60	0	313	0.00	313
61	1	351	0.28	352
62	3	342	0.87	345
63	0	330	0.00	330
64	3	345	0.86	348
65	0	301	0.00	301
66	1	268	0.37	269
67	2	292	0.68	294
68	2	304	0.65	306
69	0	300	0.00	300
70	1	267	0.37	268
71	0	270	0.00	270
72	1	307	0.32	308
73	1	306	0.33	307
74	0	220	0.00	220
75	1	252	0.40	253
76	1	293	0.34	294
77	4	259	1.52	263
78	2	278	0.71	280
79	1	281	0.35	282
80	0	265	0.00	265
81	0	247	0.00	247
82	1	225	0.44	226
83	0	201	0.00	201
84	1	220	0.45	221
85	0	248	0.00	248
86	0	256	0.00	256
87	2	211	0.94	213
88	0	231	0.00	231
89	1	207	0.48	208
90	0	202	0.00	202
91	1	171	0.58	172
92	0	189	0.00	189
93	3	187	1.58	190
94	1	162	0.61	163
95	0	201	0.00	201
96	1	154	0.65	155
97	3	143	2.05	146
98	0	168	0.00	168
99	1	71	1.39	72
100	0	7	0.00	7
101	0	14	0.00	14
102	1	8	11.11	9
103	0	6	0.00	6
104	0	11	0.00	11
105	0	8	0.00	8
106	0	8	0.00	8
107	0	5	0.00	5
108	0	4	0.00	4
109	0	2	0.00	2
110	0	3	0.00	3
111	0	4	0.00	4
112	0	1	0.00	1
113	0	2	0.00	2
114	0	6	0.00	6
115	0	10	0.00	10
116	0	7	0.00	7
117	0	5	0.00	5
118	0	4	0.00	4
119	0	4	0.00	4
120	0	6	0.00	6
121	0	5	0.00	5
122	0	2	0.00	2
123	0	1	0.00	1
124	0	1	0.00	1
125	0	1	0.00	1
126	0	2	0.00	2
127	0	1	0.00	1
128	0	3	0.00	3
129	0	0		0
130	0	1	0.00	1
131	0	1	0.00	1
132	0	5	0.00	5
133	0	2	0.00	2
134	0	4	0.00	4
135	0	4	0.00	4
136	0	1	0.00	1
137	0	1	0.00	1
138	0	1	0.00	1
139	0	0		0
140	0	0		0
141	0	0		0
142	0	0		0
143	0	0		0
144	0	0		0
145	0	0		0
146	0	1	0.00	1
147	0	2	0.00	2
148	0	1	0.00	1
149	0	1	0.00	1

CpG context (R2)
================
position	count methylated	count unmethylated	% methylation	coverage
1	0	21	0.00	21
2	0	19	0.00	19
3	1	75	1.32	76
4	1	75	1.32	76
5	5	98	4.85	103
6	3	69	4.17	72
7	4	126	3.08	130
8	1	81	1.22	82
9	3	78	3.70	81
10	3	105	2.78	108
11	6	76	7.32	82
12	2	66	2.94	68
13	4	84	4.55	88
14	1	42	2.33	43
15	1	55	1.79	56
16	3	69	4.17	72
17	1	44	2.22	45
18	4	47	7.84	51
19	4	54	6.90	58
20	1	39	2.50	40
21	1	30	3.23	31
22	0	38	0.00	38
23	2	39	4.88	41
24	3	59	4.84	62
25	0	29	0.00	29
26	2	28	6.67	30
27	4	38	9.52	42
28	0	21	0.00	21
29	3	48	5.88	51
30	2	24	7.69	26
31	2	19	9.52	21
32	1	25	3.85	26
33	1	12	7.69	13
34	6	13	31.58	19
35	0	12	0.00	12
36	2	15	11.76	17
37	1	18	5.26	19
38	2	22	8.33	24
39	0	12	0.00	12
40	2	6	25.00	8
41	0	14	0.00	14
42	1	5	16.67	6
43	2	19	9.52	21
44	0	13	0.00	13
45	2	5	28.57	7
46	2	15	11.76	17
47	0	6	0.00	6
48	0	8	0.00	8
49	0	9	0.00	9
50	1	5	16.67	6
51	0	5	0.00	5
52	0	6	0.00	6
53	0	2	0.00	2
54	0	2	0.00	2
55	1	2	33.33	3
56	1	1	50.00	2
57	0	2	0.00	2
58	1	7	12.50	8
59	0	0		0
60	0	3	0.00	3
61	0	6	0.00	6
62	0	1	0.00	1
63	0	4	0.00	4
64	0	2	0.00	2
65	0	1	0.00	1
66	0	1	0.00	1
67	0	3	0.00	3
68	1	1	50.00	2
69	0	3	0.00	3
70	0	1	0.00	1
71	0	0		0
72	0	2	0.00	2
73	0	0		0
74	0	1	0.00	1
75	0	0		0
76	0	1	0.00	1
77	0	1	0.00	1
78	0	0		0
79	0	1	0.00	1
80	0	1	0.00	1
81	0	0		0
82	1	0	100.00	1
83	0	0		0
84	0	0		0
85	0	0		0
86	1	1	50.00	2
87	0	0		0
88	0	1	0.00	1
89	0	0		0
90	0	0		0
91	1	1	50.00	2
92	0	1	0.00	1
93	0	0		0
94	0	1	0.00	1
95	0	1	0.00	1
96	0	1	0.00	1
97	1	0	100.00	1

CHG context (R2)
================
position	count methylated	count unmethylated	% methylation	coverage
1	10	2156	0.46	2166
2	0	22	0.00	22
3	0	7	0.00	7
4	0	49	0.00	49
5	1	69	1.43	70
6	0	81	0.00	81
7	0	67	0.00	67
8	0	83	0.00	83
9	0	55	0.00	55
10	0	61	0.00	61
11	1	84	1.18	85
12	0	43	0.00	43
13	0	54	0.00	54
14	2	49	3.92	51
15	0	41	0.00	41
16	0	43	0.00	43
17	1	58	1.69	59
18	0	36	0.00	36
19	0	50	0.00	50
20	0	58	0.00	58
21	0	40	0.00	40
22	0	42	0.00	42
23	0	28	0.00	28
24	0	19	0.00	19
25	0	42	0.00	42
26	0	25	0.00	25
27	0	21	0.00	21
28	0	20	0.00	20
29	0	25	0.00	25
30	0	31	0.00	31
31	0	23	0.00	23
32	1	12	7.69	13
33	0	20	0.00	20
34	0	18	0.00	18
35	0	23	0.00	23
36	0	33	0.00	33
37	0	18	0.00	18
38	1	4	20.00	5
39	0	8	0.00	8
40	0	12	0.00	12
41	0	21	0.00	21
42	0	6	0.00	6
43	0	5	0.00	5
44	0	7	0.00	7
45	0	15	0.00	15
46	0	1	0.00	1
47	0	2	0.00	2
48	0	12	0.00	12
49	0	18	0.00	18
50	0	5	0.00	5
51	0	5	0.00	5
52	0	10	0.00	10
53	0	2	0.00	2
54	0	0		0
55	0	1	0.00	1
56	0	4	0.00	4
57	0	0		0
58	0	0		0
59	0	0		0
60	0	4	0.00	4
61	0	1	0.00	1
62	0	1	0.00	1
63	0	3	0.00	3
64	0	3	0.00	3
65	0	0		0
66	0	1	0.00	1
67	0	0		0
68	0	0		0
69	0	0		0
70	1	1	50.00	2
71	0	1	0.00	1
72	0	1	0.00	1
73	0	2	0.00	2
74	0	0		0
75	0	0		0
76	0	0		0
77	0	0		0
78	0	1	0.00	1
79	0	0		0
80	0	2	0.00	2
81	0	1	0.00	1
82	0	0		0
83	0	1	0.00	1
84	0	0		0
85	0	0		0
86	0	1	0.00	1
87	0	0		0
88	0	0		0
89	0	2	0.00	2
90	0	0		0
91	0	0		0
92	0	0		0
93	0	0		0
94	0	0		0
95	0	1	0.00	1
96	0	0		0
97	0	0		0

CHH context (R2)
================
position	count methylated	count unmethylated	% methylation	coverage
1	0	7	0.00	7
2	2	948	0.21	950
3	1	266	0.37	267
4	0	171	0.00	171
5	0	132	0.00	132
6	0	108	0.00	108
7	1	122	0.81	123
8	0	136	0.00	136
9	1	106	0.93	107
10	1	95	1.04	96
11	0	70	0.00	70
12	0	93	0.00	93
13	2	56	3.45	58
14	0	107	0.00	107
15	0	80	0.00	80
16	0	63	0.00	63
17	0	62	0.00	62
18	0	73	0.00	73
19	0	68	0.00	68
20	0	52	0.00	52
21	0	53	0.00	53
22	0	38	0.00	38
23	0	47	0.00	47
24	0	41	0.00	41
25	0	40	0.00	40
26	0	21	0.00	21
27	1	21	4.55	22
28	0	13	0.00	13
29	0	31	0.00	31
30	0	28	0.00	28
31	0	34	0.00	34
32	0	33	0.00	33
33	0	11	0.00	11
34	0	27	0.00	27
35	0	27	0.00	27
36	0	20	0.00	20
37	0	21	0.00	21
38	0	20	0.00	20
39	0	6	0.00	6
40	0	12	0.00	12
41	0	12	0.00	12
42	0	18	0.00	18
43	0	17	0.00	17
44	0	19	0.00	19
45	0	10	0.00	10
46	0	10	0.00	10
47	0	6	0.00	6
48	0	1	0.00	1
49	0	8	0.00	8
50	0	6	0.00	6
51	0	15	0.00	15
52	0	14	0.00	14
53	0	14	0.00	14
54	0	6	0.00	6
55	0	9	0.00	9
56	0	7	0.00	7
57	0	5	0.00	5
58	0	4	0.00	4
59	0	2	0.00	2
60	0	0		0
61	0	1	0.00	1
62	0	2	0.00	2
63	0	1	0.00	1
64	0	3	0.00	3
65	0	2	0.00	2
66	0	1	0.00	1
67	0	0		0
68	0	3	0.00	3
69	0	2	0.00	2
70	0	0		0
71	0	0		0
72	0	2	0.00	2
73	0	0		0
74	0	0		0
75	0	2	0.00	2
76	0	0		0
77	0	1	0.00	1
78	0	1	0.00	1
79	0	0		0
80	0	0		0
81	0	0		0
82	0	0		0
83	0	0		0
84	0	2	0.00	2
85	0	0		0
86	0	0		0
87	0	1	0.00	1
88	0	0		0
89	0	1	0.00	1
90	0	0		0
91	0	0		0
92	0	0		0
93	0	0		0
94	0	1	0.00	1
95	0	0		0
96	0	0		0
97	0	0		0

