CpG context (R1)
================
position	count methylated	count unmethylated	% methylation	coverage
1	191	2185	8.04	2376
2	0	19	0.00	19
3	0	15	0.00	15
4	13	187	6.50	200
5	11	202	5.16	213
6	13	237	5.20	250
7	8	215	3.59	223
8	13	285	4.36	298
9	16	226	6.61	242
10	9	235	3.69	244
11	14	269	4.95	283
12	17	232	6.83	249
13	24	298	7.45	322
14	17	270	5.92	287
15	12	238	4.80	250
16	16	290	5.23	306
17	8	228	3.39	236
18	16	251	5.99	267
19	15	290	4.92	305
20	13	237	5.20	250
21	10	236	4.07	246
22	15	295	4.84	310
23	11	271	3.90	282
24	24	219	9.88	243
25	8	285	2.73	293
26	17	287	5.59	304
27	9	273	3.19	282
28	19	240	7.34	259
29	10	270	3.57	280
30	10	267	3.61	277
31	13	271	4.58	284
32	9	275	3.17	284
33	13	239	5.16	252
34	13	249	4.96	262
35	9	255	3.41	264
36	8	210	3.67	218
37	17	262	6.09	279
38	12	224	5.08	236
39	15	248	5.70	263
40	13	262	4.73	275
41	12	251	4.56	263
42	20	285	6.56	305
43	5	258	1.90	263
44	10	260	3.70	270
45	11	278	3.81	289
46	22	242	8.33	264
47	17	270	5.92	287
48	11	259	4.07	270
49	9	235	3.69	244
50	13	232	5.31	245
51	14	227	5.81	241
52	13	225	5.46	238
53	5	230	2.13	235
54	16	231	6.48	247
55	11	309	3.44	320
56	15	240	5.88	255
57	16	250	6.02	266
58	15	229	6.15	244
59	14	254	5.22	268
60	12	227	5.02	239
61	9	225	3.85	234
62	17	235	6.75	252
63	10	200	4.76	210
64	11	248	4.25	259
65	13	234	5.26	247
66	9	232	3.73	241
67	15	222	6.33	237
68	9	201	4.29	210
69	8	191	4.02	199
70	16	223	6.69	239
71	14	216	6.09	230
72	17	241	6.59	258
73	12	180	6.25	192
74	3	201	1.47	204
75	14	155	8.28	169
76	13	200	6.10	213
77	9	235	3.69	244
78	13	192	6.34	205
79	11	217	4.82	228
80	10	161	5.85	171
81	6	168	3.45	174
82	7	165	4.07	172
83	14	127	9.93	141
84	5	166	2.92	171
85	12	185	6.09	197
86	8	158	4.82	166
87	4	152	2.56	156
88	3	146	2.01	149
89	9	124	6.77	133
90	5	136	3.55	141
91	5	125	3.85	130
92	4	138	2.82	142
93	7	139	4.79	146
94	3	139	2.11	142
95	3	94	3.09	97
96	4	98	3.92	102
97	4	133	2.92	137
98	3	100	2.91	103
99	1	47	2.08	48
100	2	11	15.38	13
101	1	6	14.29	7
102	1	7	12.50	8
103	0	11	0.00	11
104	1	5	16.67	6
105	1	3	25.00	4
106	0	3	0.00	3
107	1	5	16.67	6
108	0	8	0.00	8
109	0	6	0.00	6
110	0	3	0.00	3
111	0	4	0.00	4
112	0	4	0.00	4
113	0	2	0.00	2
114	1	2	33.33	3
115	0	5	0.00	5
116	0	1	0.00	1
117	0	3	0.00	3
118	0	2	0.00	2
119	0	1	0.00	1
120	0	3	0.00	3
121	0	1	0.00	1
122	1	3	25.00	4
123	0	4	0.00	4
124	1	1	50.00	2
125	0	4	0.00	4
126	0	1	0.00	1
127	0	1	0.00	1
128	0	3	0.00	3
129	0	5	0.00	5
130	0	1	0.00	1
131	0	4	0.00	4
132	0	0		0
133	0	0		0
134	0	2	0.00	2
135	0	0		0
136	0	1	0.00	1
137	1	1	50.00	2
138	0	0		0
139	1	2	33.33	3
140	0	0		0
141	0	2	0.00	2
142	0	3	0.00	3
143	0	0		0
144	1	1	50.00	2
145	0	0		0
146	0	1	0.00	1
147	0	0		0
148	0	0		0
149	0	0		0

CHG context (R1)
================
position	count methylated	count unmethylated	% methylation	coverage
1	0	16	0.00	16
2	0	29	0.00	29
3	0	11	0.00	11
4	1	127	0.78	128
5	0	214	0.00	214
6	1	251	0.40	252
7	3	245	1.21	248
8	0	203	0.00	203
9	1	222	0.45	223
10	0	215	0.00	215
11	1	230	0.43	231
12	0	195	0.00	195
13	0	199	0.00	199
14	0	190	0.00	190
15	2	238	0.83	240
16	2	223	0.89	225
17	0	234	0.00	234
18	1	241	0.41	242
19	1	203	0.49	204
20	1	165	0.60	166
21	0	223	0.00	223
22	0	222	0.00	222
23	0	210	0.00	210
24	2	173	1.14	175
25	1	227	0.44	228
26	0	208	0.00	208
27	1	223	0.45	224
28	0	233	0.00	233
29	1	156	0.64	157
30	1	202	0.49	203
31	1	240	0.41	241
32	0	180	0.00	180
33	0	258	0.00	258
34	1	257	0.39	258
35	0	215	0.00	215
36	0	217	0.00	217
37	0	183	0.00	183
38	0	191	0.00	191
39	0	251	0.00	251
40	0	197	0.00	197
41	0	248	0.00	248
42	2	212	0.93	214
43	1	204	0.49	205
44	3	258	1.15	261
45	1	207	0.48	208
46	0	242	0.00	242
47	3	196	1.51	199
48	0	189	0.00	189
49	1	211	0.47	212
50	1	214	0.47	215
51	3	210	1.41	213
52	1	219	0.45	220
53	0	205	0.00	205
54	1	187	0.53	188
55	1	176	0.56	177
56	1	224	0.44	225
57	2	192	1.03	194
58	1	196	0.51	197
59	0	205	0.00	205
60	0	138	0.00	138
61	0	203	0.00	203
62	0	193	0.00	193
63	1	174	0.57	175
64	3	185	1.60	188
65	0	207	0.00	207
66	2	194	1.02	196
67	1	187	0.53	188
68	1	165	0.60	166
69	1	204	0.49	205
70	0	177	0.00	177
71	2	190	1.04	192
72	1	174	0.57	175
73	0	177	0.00	177
74	2	174	1.14	176
75	0	130	0.00	130
76	0	203	0.00	203
77	0	161	0.00	161
78	1	156	0.64	157
79	1	137	0.72	138
80	1	168	0.59	169
81	0	184	0.00	184
82	0	127	0.00	127
83	0	144	0.00	144
84	2	116	1.69	118
85	2	117	1.68	119
86	2	164	1.20	166
87	0	108	0.00	108
88	3	107	2.73	110
89	0	139	0.00	139
90	0	124	0.00	124
91	0	123	0.00	123
92	0	109	0.00	109
93	0	85	0.00	85
94	0	100	0.00	100
95	1	86	1.15	87
96	0	98	0.00	98
97	0	109	0.00	109
98	0	85	0.00	85
99	0	39	0.00	39
100	0	1	0.00	1
101	0	8	0.00	8
102	0	4	0.00	4
103	0	5	0.00	5
104	0	3	0.00	3
105	0	3	0.00	3
106	0	5	0.00	5
107	0	2	0.00	2
108	0	6	0.00	6
109	0	2	0.00	2
110	0	5	0.00	5
111	0	2	0.00	2
112	0	4	0.00	4
113	0	2	0.00	2
114	0	2	0.00	2
115	0	3	0.00	3
116	0	4	0.00	4
117	0	1	0.00	1
118	0	2	0.00	2
119	0	4	0.00	4
120	0	2	0.00	2
121	0	1	0.00	1
122	0	1	0.00	1
123	0	0		0
124	0	1	0.00	1
125	0	3	0.00	3
126	0	1	0.00	1
127	0	2	0.00	2
128	0	2	0.00	2
129	0	0		0
130	0	2	0.00	2
131	0	0		0
132	0	1	0.00	1
133	0	1	0.00	1
134	0	0		0
135	0	2	0.00	2
136	0	0		0
137	0	0		0
138	0	1	0.00	1
139	0	0		0
140	0	0		0
141	0	1	0.00	1
142	0	0		0
143	0	0		0
144	0	0		0
145	0	0		0
146	0	0		0
147	1	1	50.00	2
148	0	0		0
149	0	2	0.00	2

CHH context (R1)
================
position	count methylated	count unmethylated	% methylation	coverage
1	2	33	5.71	35
2	0	28	0.00	28
3	0	15	0.00	15
4	7	380	1.81	387
5	0	377	0.00	377
6	0	412	0.00	412
7	2	368	0.54	370
8	1	379	0.26	380
9	1	335	0.30	336
10	1	351	0.28	352
11	0	305	0.00	305
12	0	336	0.00	336
13	4	381	1.04	385
14	3	325	0.91	328
15	2	347	0.57	349
16	3	348	0.85	351
17	1	303	0.33	304
18	1	278	0.36	279
19	1	359	0.28	360
20	0	369	0.00	369
21	0	339	0.00	339
22	1	362	0.28	363
23	0	358	0.00	358
24	0	370	0.00	370
25	5	430	1.15	435
26	3	388	0.77	391
27	0	387	0.00	387
28	1	387	0.26	388
29	2	317	0.63	319
30	1	342	0.29	343
31	2	343	0.58	345
32	1	345	0.29	346
33	4	312	1.27	316
34	0	301	0.00	301
35	0	303	0.00	303
36	0	330	0.00	330
37	2	343	0.58	345
38	0	387	0.00	387
39	1	347	0.29	348
40	3	363	0.82	366
41	2	328	0.61	330
42	0	351	0.00	351
43	0	330	0.00	330
44	1	317	0.31	318
45	0	297	0.00	297
46	0	311	0.00	311
47	1	294	0.34	295
48	3	337	0.88	340
49	2	390	0.51	392
50	1	376	0.27	377
51	3	406	0.73	409
52	2	351	0.57	353
53	2	353	0.56	355
54	1	290	0.34	291
55	1	307	0.32	308
56	0	294	0.00	294
57	2	274	0.72	276
58	0	294	0.00	294
59	0	339	0.00	339
60	2	321	0.62	323
61	0	320	0.00	320
62	1	308	0.32	309
63	0	302	0.00	302
64	0	362	0.00	362
65	1	338	0.29	339
66	1	277	0.36	278
67	0	333	0.00	333
68	0	333	0.00	333
69	1	318	0.31	319
70	0	308	0.00	308
71	1	310	0.32	311
72	2	278	0.71	280
73	1	298	0.33	299
74	1	281	0.35	282
75	0	312	0.00	312
76	2	297	0.67	299
77	1	265	0.38	266
78	0	253	0.00	253
79	2	274	0.72	276
80	1	282	0.35	283
81	1	270	0.37	271
82	1	260	0.38	261
83	2	235	0.84	237
84	1	229	0.43	230
85	2	261	0.76	263
86	3	261	1.14	264
87	1	198	0.50	199
88	1	257	0.39	258
89	1	210	0.47	211
90	0	170	0.00	170
91	0	193	0.00	193
92	1	172	0.58	173
93	0	176	0.00	176
94	1	131	0.76	132
95	0	179	0.00	179
96	0	167	0.00	167
97	0	151	0.00	151
98	0	154	0.00	154
99	0	65	0.00	65
100	0	11	0.00	11
101	0	5	0.00	5
102	0	2	0.00	2
103	0	4	0.00	4
104	0	11	0.00	11
105	0	10	0.00	10
106	0	10	0.00	10
107	0	3	0.00	3
108	0	6	0.00	6
109	0	6	0.00	6
110	1	9	10.00	10
111	0	6	0.00	6
112	0	5	0.00	5
113	0	4	0.00	4
114	0	6	0.00	6
115	0	6	0.00	6
116	0	2	0.00	2
117	0	4	0.00	4
118	0	1	0.00	1
119	0	5	0.00	5
120	0	2	0.00	2
121	0	1	0.00	1
122	0	1	0.00	1
123	0	1	0.00	1
124	0	1	0.00	1
125	0	3	0.00	3
126	0	6	0.00	6
127	0	2	0.00	2
128	0	0		0
129	0	2	0.00	2
130	0	0		0
131	0	5	0.00	5
132	1	2	33.33	3
133	0	2	0.00	2
134	0	3	0.00	3
135	0	1	0.00	1
136	0	2	0.00	2
137	0	2	0.00	2
138	0	1	0.00	1
139	0	1	0.00	1
140	0	0		0
141	0	0		0
142	0	0		0
143	0	0		0
144	0	1	0.00	1
145	0	0		0
146	0	2	0.00	2
147	0	0		0
148	0	1	0.00	1
149	0	1	0.00	1

CpG context (R2)
================
position	count methylated	count unmethylated	% methylation	coverage
1	0	21	0.00	21
2	0	17	0.00	17
3	4	71	5.33	75
4	2	62	3.12	64
5	2	108	1.82	110
6	9	97	8.49	106
7	6	110	5.17	116
8	2	65	2.99	67
9	5	81	5.81	86
10	4	87	4.40	91
11	6	68	8.11	74
12	3	48	5.88	51
13	2	90	2.17	92
14	5	41	10.87	46
15	1	64	1.54	65
16	0	61	0.00	61
17	1	48	2.04	49
18	1	57	1.72	58
19	2	38	5.00	40
20	3	44	6.38	47
21	2	29	6.45	31
22	3	42	6.67	45
23	3	27	10.00	30
24	2	58	3.33	60
25	2	29	6.45	31
26	1	32	3.03	33
27	4	25	13.79	29
28	0	21	0.00	21
29	3	41	6.82	44
30	0	20	0.00	20
31	4	36	10.00	40
32	0	15	0.00	15
33	2	8	20.00	10
34	2	20	9.09	22
35	0	10	0.00	10
36	0	14	0.00	14
37	0	23	0.00	23
38	1	20	4.76	21
39	0	9	0.00	9
40	0	11	0.00	11
41	0	6	0.00	6
42	0	9	0.00	9
43	3	8	27.27	11
44	0	16	0.00	16
45	0	3	0.00	3
46	4	17	19.05	21
47	0	9	0.00	9
48	0	10	0.00	10
49	0	3	0.00	3
50	1	6	14.29	7
51	0	7	0.00	7
52	4	8	33.33	12
53	0	3	0.00	3
54	3	4	42.86	7
55	0	3	0.00	3
56	1	1	50.00	2
57	0	1	0.00	1
58	0	7	0.00	7
59	1	2	33.33	3
60	0	0		0
61	0	1	0.00	1
62	0	2	0.00	2
63	0	0		0
64	0	0		0
65	0	0		0
66	0	0		0
67	0	0		0
68	0	0		0
69	0	0		0
70	0	1	0.00	1
71	0	0		0
72	0	0		0
73	0	1	0.00	1
74	0	0		0
75	0	0		0
76	0	1	0.00	1
77	0	0		0
78	0	0		0
79	0	0		0
80	0	0		0
81	0	0		0
82	0	0		0
83	0	0		0
84	0	0		0
85	0	1	0.00	1
86	0	0		0
87	0	0		0
88	0	0		0
89	0	1	0.00	1
90	0	0		0
91	0	0		0
92	0	1	0.00	1

CHG context (R2)
================
position	count methylated	count unmethylated	% methylation	coverage
1	13	2153	0.60	2166
2	0	20	0.00	20
3	0	6	0.00	6
4	0	44	0.00	44
5	0	53	0.00	53
6	2	54	3.57	56
7	2	77	2.53	79
8	0	83	0.00	83
9	0	82	0.00	82
10	0	57	0.00	57
11	1	66	1.49	67
12	0	39	0.00	39
13	0	38	0.00	38
14	0	51	0.00	51
15	0	43	0.00	43
16	0	45	0.00	45
17	0	63	0.00	63
18	0	50	0.00	50
19	0	50	0.00	50
20	0	54	0.00	54
21	0	35	0.00	35
22	0	43	0.00	43
23	0	30	0.00	30
24	0	13	0.00	13
25	0	44	0.00	44
26	0	17	0.00	17
27	0	19	0.00	19
28	0	21	0.00	21
29	0	19	0.00	19
30	0	29	0.00	29
31	0	27	0.00	27
32	0	18	0.00	18
33	0	15	0.00	15
34	1	15	6.25	16
35	0	19	0.00	19
36	0	20	0.00	20
37	0	12	0.00	12
38	0	9	0.00	9
39	0	19	0.00	19
40	0	12	0.00	12
41	0	13	0.00	13
42	0	3	0.00	3
43	0	15	0.00	15
44	0	4	0.00	4
45	0	5	0.00	5
46	0	3	0.00	3
47	0	12	0.00	12
48	0	9	0.00	9
49	0	16	0.00	16
50	0	9	0.00	9
51	0	4	0.00	4
52	0	8	0.00	8
53	0	6	0.00	6
54	0	2	0.00	2
55	0	6	0.00	6
56	0	6	0.00	6
57	0	0		0
58	0	2	0.00	2
59	0	2	0.00	2
60	0	4	0.00	4
61	0	1	0.00	1
62	0	1	0.00	1
63	0	1	0.00	1
64	0	1	0.00	1
65	0	0		0
66	0	0		0
67	0	1	0.00	1
68	0	0		0
69	0	0		0
70	0	0		0
71	0	1	0.00	1
72	0	0		0
73	0	0		0
74	0	0		0
75	0	0		0
76	0	0		0
77	0	0		0
78	0	0		0
79	0	2	0.00	2
80	0	0		0
81	0	0		0
82	0	0		0
83	0	0		0
84	0	0		0
85	0	0		0
86	0	0		0
87	0	0		0
88	0	0		0
89	0	0		0
90	0	0		0
91	0	0		0
92	0	0		0

CHH context (R2)
================
position	count methylated	count unmethylated	% methylation	coverage
1	0	17	0.00	17
2	2	962	0.21	964
3	2	266	0.75	268
4	0	172	0.00	172
5	1	143	0.69	144
6	1	102	0.97	103
7	0	91	0.00	91
8	0	131	0.00	131
9	0	126	0.00	126
10	0	119	0.00	119
11	0	94	0.00	94
12	0	86	0.00	86
13	1	59	1.67	60
14	0	69	0.00	69
15	0	68	0.00	68
16	0	57	0.00	57
17	0	63	0.00	63
18	1	72	1.37	73
19	1	73	1.35	74
20	0	82	0.00	82
21	0	65	0.00	65
22	0	61	0.00	61
23	0	56	0.00	56
24	0	54	0.00	54
25	0	42	0.00	42
26	0	31	0.00	31
27	0	37	0.00	37
28	0	28	0.00	28
29	0	42	0.00	42
30	0	35	0.00	35
31	0	26	0.00	26
32	0	35	0.00	35
33	0	21	0.00	21
34	0	26	0.00	26
35	0	25	0.00	25
36	0	26	0.00	26
37	1	13	7.14	14
38	0	23	0.00	23
39	0	12	0.00	12
40	0	18	0.00	18
41	0	15	0.00	15
42	0	12	0.00	12
43	0	12	0.00	12
44	0	25	0.00	25
45	0	13	0.00	13
46	0	9	0.00	9
47	0	5	0.00	5
48	0	5	0.00	5
49	0	14	0.00	14
50	0	9	0.00	9
51	0	14	0.00	14
52	0	10	0.00	10
53	0	9	0.00	9
54	0	8	0.00	8
55	0	6	0.00	6
56	0	7	0.00	7
57	0	5	0.00	5
58	0	3	0.00	3
59	0	2	0.00	2
60	0	0		0
61	0	1	0.00	1
62	0	0		0
63	0	2	0.00	2
64	0	1	0.00	1
65	0	0		0
66	0	0		0
67	0	0		0
68	0	1	0.00	1
69	0	0		0
70	0	0		0
71	0	0		0
72	0	0		0
73	0	1	0.00	1
74	0	0		0
75	0	1	0.00	1
76	0	0		0
77	0	0		0
78	0	0		0
79	0	0		0
80	0	1	0.00	1
81	0	0		0
82	0	0		0
83	0	0		0
84	0	0		0
85	0	0		0
86	0	0		0
87	0	0		0
88	0	0		0
89	0	0		0
90	0	0		0
91	0	0		0
92	0	0		0

