CpG context (R1)
================
position	count methylated	count unmethylated	% methylation	coverage
1	203	2155	8.61	2358
2	0	16	0.00	16
3	1	14	6.67	15
4	7	179	3.76	186
5	13	213	5.75	226
6	13	278	4.47	291
7	18	238	7.03	256
8	13	284	4.38	297
9	7	233	2.92	240
10	18	238	7.03	256
11	9	257	3.38	266
12	14	262	5.07	276
13	16	290	5.23	306
14	10	262	3.68	272
15	11	255	4.14	266
16	23	284	7.49	307
17	9	232	3.73	241
18	11	228	4.60	239
19	15	313	4.57	328
20	14	205	6.39	219
21	20	241	7.66	261
22	8	251	3.09	259
23	16	260	5.80	276
24	13	225	5.46	238
25	15	316	4.53	331
26	11	285	3.72	296
27	21	276	7.07	297
28	20	247	7.49	267
29	8	287	2.71	295
30	11	254	4.15	265
31	17	291	5.52	308
32	18	318	5.36	336
33	6	242	2.42	248
34	15	271	5.24	286
35	16	260	5.80	276
36	15	225	6.25	240
37	8	265	2.93	273
38	14	230	5.74	244
39	18	241	6.95	259
40	6	241	2.43	247
41	13	258	4.80	271
42	12	272	4.23	284
43	14	246	5.38	260
44	15	250	5.66	265
45	18	283	5.98	301
46	17	220	7.17	237
47	24	290	7.64	314
48	12	247	4.63	259
49	14	228	5.79	242
50	12	249	4.60	261
51	10	216	4.42	226
52	13	261	4.74	274
53	15	227	6.20	242
54	12	281	4.10	293
55	17	286	5.61	303
56	11	242	4.35	253
57	13	224	5.49	237
58	10	268	3.60	278
59	14	253	5.24	267
60	13	241	5.12	254
61	13	236	5.22	249
62	21	233	8.27	254
63	12	198	5.71	210
64	11	236	4.45	247
65	8	256	3.03	264
66	14	259	5.13	273
67	13	196	6.22	209
68	4	220	1.79	224
69	8	187	4.10	195
70	13	230	5.35	243
71	13	245	5.04	258
72	12	239	4.78	251
73	11	225	4.66	236
74	10	177	5.35	187
75	8	187	4.10	195
76	13	184	6.60	197
77	10	215	4.44	225
78	7	191	3.54	198
79	4	218	1.80	222
80	11	192	5.42	203
81	7	154	4.35	161
82	4	195	2.01	199
83	5	139	3.47	144
84	8	174	4.40	182
85	7	181	3.72	188
86	8	162	4.71	170
87	4	175	2.23	179
88	4	138	2.82	142
89	9	144	5.88	153
90	1	118	0.84	119
91	10	139	6.71	149
92	2	131	1.50	133
93	5	137	3.52	142
94	5	134	3.60	139
95	8	124	6.06	132
96	3	108	2.70	111
97	5	137	3.52	142
98	3	103	2.83	106
99	4	67	5.63	71
100	2	9	18.18	11
101	1	3	25.00	4
102	1	8	11.11	9
103	1	3	25.00	4
104	0	6	0.00	6
105	1	3	25.00	4
106	0	2	0.00	2
107	1	2	33.33	3
108	0	5	0.00	5
109	2	12	14.29	14
110	0	2	0.00	2
111	1	7	12.50	8
112	0	6	0.00	6
113	0	6	0.00	6
114	0	4	0.00	4
115	0	4	0.00	4
116	0	5	0.00	5
117	1	1	50.00	2
118	0	2	0.00	2
119	0	2	0.00	2
120	0	3	0.00	3
121	0	2	0.00	2
122	0	2	0.00	2
123	1	2	33.33	3
124	0	5	0.00	5
125	0	2	0.00	2
126	0	0		0
127	0	4	0.00	4
128	1	3	25.00	4
129	0	3	0.00	3
130	0	0		0
131	0	1	0.00	1
132	2	1	66.67	3
133	0	1	0.00	1
134	0	3	0.00	3
135	0	0		0
136	0	1	0.00	1
137	0	1	0.00	1
138	0	0		0
139	0	3	0.00	3
140	0	0		0
141	0	1	0.00	1
142	0	0		0
143	0	0		0
144	1	1	50.00	2
145	1	0	100.00	1
146	0	2	0.00	2
147	0	0		0
148	0	1	0.00	1
149	0	0		0

CHG context (R1)
================
position	count methylated	count unmethylated	% methylation	coverage
1	0	16	0.00	16
2	0	18	0.00	18
3	0	12	0.00	12
4	0	155	0.00	155
5	0	193	0.00	193
6	1	218	0.46	219
7	0	266	0.00	266
8	0	235	0.00	235
9	1	244	0.41	245
10	0	205	0.00	205
11	1	256	0.39	257
12	0	208	0.00	208
13	0	203	0.00	203
14	0	188	0.00	188
15	1	230	0.43	231
16	1	213	0.47	214
17	2	233	0.85	235
18	1	264	0.38	265
19	2	236	0.84	238
20	1	166	0.60	167
21	3	185	1.60	188
22	1	244	0.41	245
23	1	227	0.44	228
24	2	174	1.14	176
25	0	243	0.00	243
26	2	228	0.87	230
27	0	215	0.00	215
28	0	258	0.00	258
29	0	192	0.00	192
30	0	168	0.00	168
31	0	246	0.00	246
32	0	177	0.00	177
33	1	256	0.39	257
34	0	254	0.00	254
35	1	233	0.43	234
36	0	226	0.00	226
37	1	206	0.48	207
38	0	193	0.00	193
39	0	219	0.00	219
40	2	205	0.97	207
41	2	268	0.74	270
42	0	216	0.00	216
43	1	211	0.47	212
44	1	253	0.39	254
45	0	200	0.00	200
46	3	243	1.22	246
47	0	177	0.00	177
48	0	199	0.00	199
49	1	201	0.50	202
50	0	219	0.00	219
51	1	245	0.41	246
52	0	212	0.00	212
53	0	204	0.00	204
54	1	195	0.51	196
55	1	169	0.59	170
56	0	200	0.00	200
57	1	229	0.43	230
58	0	222	0.00	222
59	0	170	0.00	170
60	0	150	0.00	150
61	0	195	0.00	195
62	1	165	0.60	166
63	0	175	0.00	175
64	1	191	0.52	192
65	0	190	0.00	190
66	0	195	0.00	195
67	0	180	0.00	180
68	0	179	0.00	179
69	0	207	0.00	207
70	0	198	0.00	198
71	0	149	0.00	149
72	0	138	0.00	138
73	0	170	0.00	170
74	0	141	0.00	141
75	3	157	1.88	160
76	1	172	0.58	173
77	0	182	0.00	182
78	0	148	0.00	148
79	0	133	0.00	133
80	0	129	0.00	129
81	0	184	0.00	184
82	0	127	0.00	127
83	0	132	0.00	132
84	0	139	0.00	139
85	0	127	0.00	127
86	0	145	0.00	145
87	0	125	0.00	125
88	0	131	0.00	131
89	1	112	0.88	113
90	1	115	0.86	116
91	1	145	0.68	146
92	0	94	0.00	94
93	0	84	0.00	84
94	0	96	0.00	96
95	0	83	0.00	83
96	0	123	0.00	123
97	0	108	0.00	108
98	0	86	0.00	86
99	1	34	2.86	35
100	0	6	0.00	6
101	0	7	0.00	7
102	0	6	0.00	6
103	0	4	0.00	4
104	0	3	0.00	3
105	0	7	0.00	7
106	0	6	0.00	6
107	0	2	0.00	2
108	0	10	0.00	10
109	0	3	0.00	3
110	0	5	0.00	5
111	0	6	0.00	6
112	0	3	0.00	3
113	0	0		0
114	0	1	0.00	1
115	0	6	0.00	6
116	0	3	0.00	3
117	0	3	0.00	3
118	0	1	0.00	1
119	0	1	0.00	1
120	0	5	0.00	5
121	0	1	0.00	1
122	0	1	0.00	1
123	0	2	0.00	2
124	0	0		0
125	0	2	0.00	2
126	0	3	0.00	3
127	0	3	0.00	3
128	0	0		0
129	0	2	0.00	2
130	0	1	0.00	1
131	0	2	0.00	2
132	0	0		0
133	0	2	0.00	2
134	0	0		0
135	0	2	0.00	2
136	0	1	0.00	1
137	0	1	0.00	1
138	0	1	0.00	1
139	0	1	0.00	1
140	0	1	0.00	1
141	0	1	0.00	1
142	0	0		0
143	0	0		0
144	0	0		0
145	0	0		0
146	0	0		0
147	0	1	0.00	1
148	0	1	0.00	1
149	0	1	0.00	1

CHH context (R1)
================
position	count methylated	count unmethylated	% methylation	coverage
1	1	40	2.44	41
2	0	39	0.00	39
3	0	29	0.00	29
4	0	327	0.00	327
5	0	381	0.00	381
6	0	402	0.00	402
7	2	355	0.56	357
8	0	368	0.00	368
9	1	317	0.31	318
10	2	337	0.59	339
11	2	305	0.65	307
12	1	321	0.31	322
13	1	362	0.28	363
14	1	412	0.24	413
15	0	386	0.00	386
16	0	339	0.00	339
17	1	337	0.30	338
18	1	304	0.33	305
19	0	271	0.00	271
20	0	340	0.00	340
21	3	351	0.85	354
22	2	325	0.61	327
23	2	339	0.59	341
24	0	362	0.00	362
25	1	377	0.26	378
26	1	361	0.28	362
27	0	381	0.00	381
28	0	347	0.00	347
29	2	340	0.58	342
30	1	391	0.26	392
31	4	359	1.10	363
32	1	375	0.27	376
33	1	335	0.30	336
34	2	313	0.63	315
35	0	282	0.00	282
36	2	352	0.56	354
37	2	344	0.58	346
38	0	341	0.00	341
39	2	334	0.60	336
40	0	301	0.00	301
41	1	322	0.31	323
42	0	358	0.00	358
43	1	315	0.32	316
44	0	324	0.00	324
45	1	295	0.34	296
46	1	307	0.32	308
47	0	288	0.00	288
48	0	312	0.00	312
49	0	375	0.00	375
50	1	367	0.27	368
51	0	374	0.00	374
52	0	358	0.00	358
53	1	289	0.34	290
54	2	303	0.66	305
55	0	298	0.00	298
56	1	280	0.36	281
57	0	305	0.00	305
58	0	287	0.00	287
59	0	328	0.00	328
60	0	314	0.00	314
61	0	342	0.00	342
62	0	352	0.00	352
63	1	329	0.30	330
64	1	346	0.29	347
65	1	336	0.30	337
66	2	306	0.65	308
67	2	320	0.62	322
68	1	345	0.29	346
69	0	306	0.00	306
70	1	277	0.36	278
71	3	256	1.16	259
72	1	280	0.36	281
73	2	280	0.71	282
74	0	248	0.00	248
75	0	324	0.00	324
76	2	302	0.66	304
77	1	263	0.38	264
78	0	265	0.00	265
79	1	288	0.35	289
80	0	284	0.00	284
81	0	251	0.00	251
82	1	281	0.35	282
83	0	235	0.00	235
84	0	252	0.00	252
85	0	284	0.00	284
86	0	261	0.00	261
87	1	219	0.45	220
88	0	261	0.00	261
89	0	192	0.00	192
90	4	203	1.93	207
91	0	191	0.00	191
92	1	218	0.46	219
93	0	186	0.00	186
94	0	183	0.00	183
95	0	192	0.00	192
96	0	160	0.00	160
97	0	172	0.00	172
98	1	178	0.56	179
99	0	59	0.00	59
100	0	11	0.00	11
101	0	11	0.00	11
102	0	9	0.00	9
103	0	6	0.00	6
104	0	14	0.00	14
105	0	6	0.00	6
106	0	8	0.00	8
107	0	8	0.00	8
108	0	3	0.00	3
109	0	6	0.00	6
110	0	3	0.00	3
111	0	3	0.00	3
112	0	2	0.00	2
113	0	3	0.00	3
114	1	2	33.33	3
115	0	4	0.00	4
116	0	1	0.00	1
117	0	4	0.00	4
118	0	4	0.00	4
119	0	3	0.00	3
120	0	3	0.00	3
121	0	1	0.00	1
122	0	3	0.00	3
123	0	1	0.00	1
124	0	2	0.00	2
125	0	3	0.00	3
126	0	4	0.00	4
127	0	1	0.00	1
128	0	2	0.00	2
129	0	3	0.00	3
130	0	3	0.00	3
131	0	3	0.00	3
132	0	4	0.00	4
133	0	1	0.00	1
134	0	4	0.00	4
135	0	2	0.00	2
136	0	1	0.00	1
137	0	1	0.00	1
138	0	1	0.00	1
139	0	1	0.00	1
140	0	0		0
141	0	0		0
142	0	0		0
143	0	0		0
144	0	0		0
145	0	0		0
146	0	0		0
147	0	1	0.00	1
148	0	1	0.00	1
149	0	1	0.00	1

CpG context (R2)
================
position	count methylated	count unmethylated	% methylation	coverage
1	1	30	3.23	31
2	0	15	0.00	15
3	2	83	2.35	85
4	2	89	2.20	91
5	3	103	2.83	106
6	3	90	3.23	93
7	6	142	4.05	148
8	3	70	4.11	73
9	2	81	2.41	83
10	1	77	1.28	78
11	4	59	6.35	63
12	3	54	5.26	57
13	4	71	5.33	75
14	3	44	6.38	47
15	5	62	7.46	67
16	1	66	1.49	67
17	1	33	2.94	34
18	0	51	0.00	51
19	0	36	0.00	36
20	1	45	2.17	46
21	2	49	3.92	51
22	1	52	1.89	53
23	2	34	5.56	36
24	6	54	10.00	60
25	0	45	0.00	45
26	3	24	11.11	27
27	2	33	5.71	35
28	0	31	0.00	31
29	0	42	0.00	42
30	1	26	3.70	27
31	1	28	3.45	29
32	2	29	6.45	31
33	5	11	31.25	16
34	1	18	5.26	19
35	0	15	0.00	15
36	1	6	14.29	7
37	0	29	0.00	29
38	1	25	3.85	26
39	0	12	0.00	12
40	0	6	0.00	6
41	0	11	0.00	11
42	0	11	0.00	11
43	0	15	0.00	15
44	0	18	0.00	18
45	0	3	0.00	3
46	3	11	21.43	14
47	0	3	0.00	3
48	0	10	0.00	10
49	0	6	0.00	6
50	0	12	0.00	12
51	0	4	0.00	4
52	1	4	20.00	5
53	0	5	0.00	5
54	1	4	20.00	5
55	0	1	0.00	1
56	0	6	0.00	6
57	0	1	0.00	1
58	1	4	20.00	5
59	0	4	0.00	4
60	0	1	0.00	1
61	0	1	0.00	1
62	0	1	0.00	1
63	1	0	100.00	1
64	0	2	0.00	2
65	0	0		0
66	0	0		0
67	0	0		0
68	0	1	0.00	1
69	0	0		0
70	0	0		0
71	0	1	0.00	1
72	0	0		0
73	0	0		0
74	0	0		0
75	0	3	0.00	3
76	0	0		0
77	0	1	0.00	1
78	0	2	0.00	2
79	0	0		0
80	0	0		0
81	0	0		0
82	0	1	0.00	1
83	0	0		0
84	0	1	0.00	1
85	0	0		0
86	0	0		0
87	0	0		0
88	0	0		0
89	0	0		0
90	0	1	0.00	1
91	0	1	0.00	1
92	0	0		0
93	0	0		0
94	0	0		0
95	0	0		0
96	0	0		0
97	1	1	50.00	2

CHG context (R2)
================
position	count methylated	count unmethylated	% methylation	coverage
1	17	2110	0.80	2127
2	0	26	0.00	26
3	0	6	0.00	6
4	2	33	5.71	35
5	0	71	0.00	71
6	0	81	0.00	81
7	0	78	0.00	78
8	1	98	1.01	99
9	0	66	0.00	66
10	0	62	0.00	62
11	1	63	1.56	64
12	1	36	2.70	37
13	0	52	0.00	52
14	0	56	0.00	56
15	0	40	0.00	40
16	0	54	0.00	54
17	0	63	0.00	63
18	0	48	0.00	48
19	0	45	0.00	45
20	0	54	0.00	54
21	0	41	0.00	41
22	1	56	1.75	57
23	0	26	0.00	26
24	0	25	0.00	25
25	0	42	0.00	42
26	0	17	0.00	17
27	0	13	0.00	13
28	0	23	0.00	23
29	0	29	0.00	29
30	0	24	0.00	24
31	0	20	0.00	20
32	0	15	0.00	15
33	0	28	0.00	28
34	0	19	0.00	19
35	0	28	0.00	28
36	0	13	0.00	13
37	0	10	0.00	10
38	0	21	0.00	21
39	0	14	0.00	14
40	0	15	0.00	15
41	2	12	14.29	14
42	0	5	0.00	5
43	0	6	0.00	6
44	0	3	0.00	3
45	0	7	0.00	7
46	0	3	0.00	3
47	0	13	0.00	13
48	0	9	0.00	9
49	0	8	0.00	8
50	0	7	0.00	7
51	0	6	0.00	6
52	0	2	0.00	2
53	0	8	0.00	8
54	0	1	0.00	1
55	0	4	0.00	4
56	0	4	0.00	4
57	0	0		0
58	0	1	0.00	1
59	0	2	0.00	2
60	0	4	0.00	4
61	0	1	0.00	1
62	0	0		0
63	0	2	0.00	2
64	0	0		0
65	0	0		0
66	0	1	0.00	1
67	0	0		0
68	0	1	0.00	1
69	0	1	0.00	1
70	0	2	0.00	2
71	0	0		0
72	0	0		0
73	0	0		0
74	0	0		0
75	0	0		0
76	0	0		0
77	0	1	0.00	1
78	0	0		0
79	0	0		0
80	0	1	0.00	1
81	0	0		0
82	0	1	0.00	1
83	0	0		0
84	0	0		0
85	0	0		0
86	0	1	0.00	1
87	0	0		0
88	0	0		0
89	0	0		0
90	0	0		0
91	0	0		0
92	0	0		0
93	0	0		0
94	0	0		0
95	0	1	0.00	1
96	0	0		0
97	0	0		0

CHH context (R2)
================
position	count methylated	count unmethylated	% methylation	coverage
1	0	8	0.00	8
2	3	991	0.30	994
3	1	279	0.36	280
4	0	179	0.00	179
5	1	143	0.69	144
6	1	108	0.92	109
7	0	103	0.00	103
8	0	149	0.00	149
9	1	137	0.72	138
10	2	123	1.60	125
11	0	93	0.00	93
12	1	92	1.08	93
13	0	64	0.00	64
14	1	87	1.14	88
15	1	72	1.37	73
16	0	65	0.00	65
17	0	52	0.00	52
18	0	79	0.00	79
19	0	86	0.00	86
20	0	62	0.00	62
21	0	38	0.00	38
22	0	41	0.00	41
23	0	45	0.00	45
24	0	41	0.00	41
25	0	42	0.00	42
26	0	32	0.00	32
27	0	28	0.00	28
28	0	36	0.00	36
29	0	36	0.00	36
30	0	25	0.00	25
31	0	27	0.00	27
32	0	24	0.00	24
33	0	18	0.00	18
34	0	28	0.00	28
35	0	41	0.00	41
36	0	28	0.00	28
37	1	18	5.26	19
38	0	15	0.00	15
39	0	12	0.00	12
40	0	12	0.00	12
41	0	11	0.00	11
42	0	16	0.00	16
43	0	13	0.00	13
44	1	17	5.56	18
45	0	15	0.00	15
46	0	15	0.00	15
47	0	15	0.00	15
48	0	14	0.00	14
49	0	6	0.00	6
50	0	6	0.00	6
51	0	18	0.00	18
52	0	14	0.00	14
53	0	8	0.00	8
54	0	12	0.00	12
55	0	8	0.00	8
56	0	5	0.00	5
57	0	4	0.00	4
58	0	1	0.00	1
59	1	1	50.00	2
60	0	2	0.00	2
61	0	2	0.00	2
62	0	3	0.00	3
63	0	1	0.00	1
64	0	2	0.00	2
65	0	2	0.00	2
66	0	2	0.00	2
67	0	2	0.00	2
68	0	1	0.00	1
69	0	1	0.00	1
70	0	1	0.00	1
71	0	3	0.00	3
72	0	0		0
73	0	0		0
74	0	0		0
75	0	0		0
76	0	0		0
77	0	0		0
78	0	0		0
79	0	0		0
80	0	0		0
81	0	0		0
82	0	0		0
83	0	0		0
84	0	0		0
85	0	0		0
86	0	0		0
87	0	2	0.00	2
88	0	0		0
89	0	0		0
90	0	0		0
91	0	0		0
92	0	0		0
93	0	1	0.00	1
94	0	0		0
95	0	0		0
96	0	0		0
97	0	0		0

