CpG context (R1)
================
position	count methylated	count unmethylated	% methylation	coverage
1	197	2185	8.27	2382
2	1	16	5.88	17
3	1	20	4.76	21
4	10	213	4.48	223
5	14	190	6.86	204
6	12	255	4.49	267
7	11	214	4.89	225
8	14	245	5.41	259
9	5	233	2.10	238
10	20	227	8.10	247
11	12	242	4.72	254
12	19	273	6.51	292
13	14	263	5.05	277
14	10	257	3.75	267
15	8	234	3.31	242
16	16	307	4.95	323
17	10	215	4.44	225
18	8	281	2.77	289
19	16	289	5.25	305
20	9	225	3.85	234
21	16	221	6.75	237
22	13	298	4.18	311
23	7	244	2.79	251
24	10	234	4.10	244
25	13	309	4.04	322
26	14	284	4.70	298
27	16	258	5.84	274
28	21	282	6.93	303
29	7	272	2.51	279
30	12	273	4.21	285
31	16	262	5.76	278
32	16	273	5.54	289
33	12	226	5.04	238
34	19	254	6.96	273
35	18	239	7.00	257
36	14	223	5.91	237
37	11	292	3.63	303
38	16	215	6.93	231
39	11	234	4.49	245
40	10	270	3.57	280
41	14	247	5.36	261
42	12	268	4.29	280
43	12	247	4.63	259
44	14	254	5.22	268
45	20	283	6.60	303
46	17	232	6.83	249
47	14	249	5.32	263
48	24	262	8.39	286
49	18	250	6.72	268
50	10	242	3.97	252
51	13	234	5.26	247
52	9	243	3.57	252
53	14	236	5.60	250
54	15	229	6.15	244
55	13	287	4.33	300
56	14	242	5.47	256
57	15	249	5.68	264
58	11	239	4.40	250
59	9	259	3.36	268
60	11	266	3.97	277
61	10	251	3.83	261
62	14	258	5.15	272
63	11	227	4.62	238
64	8	235	3.29	243
65	13	237	5.20	250
66	12	254	4.51	266
67	19	216	8.09	235
68	13	225	5.46	238
69	14	218	6.03	232
70	9	206	4.19	215
71	19	224	7.82	243
72	11	251	4.20	262
73	11	208	5.02	219
74	12	205	5.53	217
75	6	180	3.23	186
76	16	174	8.42	190
77	6	219	2.67	225
78	15	192	7.25	207
79	6	219	2.67	225
80	5	167	2.91	172
81	7	185	3.65	192
82	7	202	3.35	209
83	10	124	7.46	134
84	5	163	2.98	168
85	9	195	4.41	204
86	8	155	4.91	163
87	12	191	5.91	203
88	5	115	4.17	120
89	9	145	5.84	154
90	5	126	3.82	131
91	9	142	5.96	151
92	6	133	4.32	139
93	7	149	4.49	156
94	5	108	4.42	113
95	8	124	6.06	132
96	6	102	5.56	108
97	5	110	4.35	115
98	8	93	7.92	101
99	1	39	2.50	40
100	0	10	0.00	10
101	1	6	14.29	7
102	0	2	0.00	2
103	1	11	8.33	12
104	1	4	20.00	5
105	1	3	25.00	4
106	0	5	0.00	5
107	0	5	0.00	5
108	2	7	22.22	9
109	3	3	50.00	6
110	0	1	0.00	1
111	1	5	16.67	6
112	0	5	0.00	5
113	1	6	14.29	7
114	0	4	0.00	4
115	1	5	16.67	6
116	0	0		0
117	0	3	0.00	3
118	1	2	33.33	3
119	0	0		0
120	0	1	0.00	1
121	0	3	0.00	3
122	0	3	0.00	3
123	0	1	0.00	1
124	0	3	0.00	3
125	0	0		0
126	0	3	0.00	3
127	0	1	0.00	1
128	0	4	0.00	4
129	0	1	0.00	1
130	0	1	0.00	1
131	1	0	100.00	1
132	0	2	0.00	2
133	0	0		0
134	0	0		0
135	0	2	0.00	2
136	0	0		0
137	0	1	0.00	1
138	0	0		0
139	0	0		0
140	0	0		0
141	0	0		0
142	0	1	0.00	1
143	0	1	0.00	1
144	0	0		0
145	0	0		0
146	0	1	0.00	1
147	0	0		0
148	0	0		0
149	0	1	0.00	1

CHG context (R1)
================
position	count methylated	count unmethylated	% methylation	coverage
1	0	15	0.00	15
2	0	25	0.00	25
3	0	7	0.00	7
4	2	147	1.34	149
5	0	210	0.00	210
6	1	221	0.45	222
7	0	242	0.00	242
8	0	222	0.00	222
9	2	228	0.87	230
10	0	213	0.00	213
11	1	241	0.41	242
12	0	206	0.00	206
13	0	199	0.00	199
14	1	196	0.51	197
15	1	245	0.41	246
16	0	207	0.00	207
17	0	241	0.00	241
18	0	268	0.00	268
19	2	197	1.01	199
20	1	175	0.57	176
21	0	226	0.00	226
22	1	225	0.44	226
23	1	198	0.50	199
24	0	209	0.00	209
25	0	236	0.00	236
26	1	205	0.49	206
27	1	231	0.43	232
28	0	240	0.00	240
29	0	184	0.00	184
30	0	194	0.00	194
31	5	227	2.16	232
32	0	190	0.00	190
33	1	241	0.41	242
34	0	230	0.00	230
35	0	220	0.00	220
36	0	223	0.00	223
37	0	188	0.00	188
38	0	192	0.00	192
39	1	247	0.40	248
40	2	202	0.98	204
41	1	243	0.41	244
42	0	216	0.00	216
43	1	223	0.45	224
44	0	273	0.00	273
45	0	198	0.00	198
46	1	214	0.47	215
47	0	198	0.00	198
48	2	232	0.85	234
49	1	172	0.58	173
50	0	199	0.00	199
51	1	226	0.44	227
52	0	238	0.00	238
53	1	199	0.50	200
54	0	214	0.00	214
55	1	192	0.52	193
56	1	211	0.47	212
57	4	204	1.92	208
58	1	192	0.52	193
59	0	195	0.00	195
60	0	150	0.00	150
61	0	203	0.00	203
62	1	164	0.61	165
63	0	181	0.00	181
64	0	219	0.00	219
65	0	191	0.00	191
66	0	195	0.00	195
67	0	177	0.00	177
68	1	177	0.56	178
69	0	197	0.00	197
70	1	182	0.55	183
71	0	179	0.00	179
72	1	171	0.58	172
73	0	155	0.00	155
74	1	149	0.67	150
75	0	152	0.00	152
76	1	186	0.53	187
77	0	160	0.00	160
78	1	159	0.62	160
79	0	135	0.00	135
80	0	166	0.00	166
81	0	153	0.00	153
82	0	115	0.00	115
83	0	150	0.00	150
84	0	121	0.00	121
85	0	123	0.00	123
86	0	152	0.00	152
87	1	130	0.76	131
88	0	136	0.00	136
89	1	109	0.91	110
90	0	120	0.00	120
91	0	156	0.00	156
92	0	99	0.00	99
93	0	91	0.00	91
94	2	103	1.90	105
95	0	118	0.00	118
96	0	108	0.00	108
97	0	96	0.00	96
98	0	98	0.00	98
99	1	32	3.03	33
100	0	5	0.00	5
101	0	7	0.00	7
102	0	6	0.00	6
103	0	4	0.00	4
104	0	6	0.00	6
105	0	3	0.00	3
106	0	4	0.00	4
107	0	6	0.00	6
108	0	1	0.00	1
109	0	5	0.00	5
110	0	3	0.00	3
111	0	2	0.00	2
112	0	4	0.00	4
113	0	0		0
114	0	2	0.00	2
115	0	1	0.00	1
116	0	2	0.00	2
117	0	1	0.00	1
118	0	2	0.00	2
119	0	3	0.00	3
120	0	0		0
121	0	1	0.00	1
122	0	0		0
123	0	2	0.00	2
124	0	2	0.00	2
125	0	1	0.00	1
126	0	1	0.00	1
127	0	1	0.00	1
128	0	1	0.00	1
129	0	0		0
130	0	0		0
131	0	0		0
132	0	0		0
133	0	0		0
134	0	2	0.00	2
135	0	0		0
136	0	0		0
137	0	0		0
138	0	0		0
139	0	0		0
140	0	0		0
141	0	0		0
142	0	1	0.00	1
143	0	0		0
144	0	0		0
145	0	1	0.00	1
146	0	0		0
147	0	0		0
148	0	1	0.00	1
149	0	0		0

CHH context (R1)
================
position	count methylated	count unmethylated	% methylation	coverage
1	2	30	6.25	32
2	0	26	0.00	26
3	0	19	0.00	19
4	0	321	0.00	321
5	2	387	0.51	389
6	0	437	0.00	437
7	0	424	0.00	424
8	1	402	0.25	403
9	2	363	0.55	365
10	0	353	0.00	353
11	1	326	0.31	327
12	0	336	0.00	336
13	1	368	0.27	369
14	1	384	0.26	385
15	1	371	0.27	372
16	0	364	0.00	364
17	1	321	0.31	322
18	1	294	0.34	295
19	0	309	0.00	309
20	2	344	0.58	346
21	1	332	0.30	333
22	0	319	0.00	319
23	1	354	0.28	355
24	2	353	0.56	355
25	3	377	0.79	380
26	4	373	1.06	377
27	0	399	0.00	399
28	1	318	0.31	319
29	1	315	0.32	316
30	0	343	0.00	343
31	1	357	0.28	358
32	4	366	1.08	370
33	3	327	0.91	330
34	0	330	0.00	330
35	2	326	0.61	328
36	0	345	0.00	345
37	0	334	0.00	334
38	1	371	0.27	372
39	1	338	0.29	339
40	0	321	0.00	321
41	0	342	0.00	342
42	2	343	0.58	345
43	1	344	0.29	345
44	1	317	0.31	318
45	2	323	0.62	325
46	2	355	0.56	357
47	2	369	0.54	371
48	0	317	0.00	317
49	0	362	0.00	362
50	0	377	0.00	377
51	1	438	0.23	439
52	2	362	0.55	364
53	1	354	0.28	355
54	0	322	0.00	322
55	1	340	0.29	341
56	1	293	0.34	294
57	0	278	0.00	278
58	1	297	0.34	298
59	1	325	0.31	326
60	1	295	0.34	296
61	2	312	0.64	314
62	1	328	0.30	329
63	0	325	0.00	325
64	0	355	0.00	355
65	2	342	0.58	344
66	0	280	0.00	280
67	1	336	0.30	337
68	3	329	0.90	332
69	0	308	0.00	308
70	1	279	0.36	280
71	1	301	0.33	302
72	0	278	0.00	278
73	0	284	0.00	284
74	2	294	0.68	296
75	1	320	0.31	321
76	1	326	0.31	327
77	2	299	0.66	301
78	1	287	0.35	288
79	2	318	0.62	320
80	1	293	0.34	294
81	1	244	0.41	245
82	3	284	1.05	287
83	0	248	0.00	248
84	0	239	0.00	239
85	0	248	0.00	248
86	0	260	0.00	260
87	0	212	0.00	212
88	0	246	0.00	246
89	1	214	0.47	215
90	1	180	0.55	181
91	0	180	0.00	180
92	0	199	0.00	199
93	4	166	2.35	170
94	0	154	0.00	154
95	0	184	0.00	184
96	2	140	1.41	142
97	0	137	0.00	137
98	0	159	0.00	159
99	0	71	0.00	71
100	0	5	0.00	5
101	0	8	0.00	8
102	0	7	0.00	7
103	0	8	0.00	8
104	0	7	0.00	7
105	0	6	0.00	6
106	0	3	0.00	3
107	0	4	0.00	4
108	0	2	0.00	2
109	0	1	0.00	1
110	0	7	0.00	7
111	0	3	0.00	3
112	0	2	0.00	2
113	0	3	0.00	3
114	0	4	0.00	4
115	0	3	0.00	3
116	0	3	0.00	3
117	0	5	0.00	5
118	0	6	0.00	6
119	0	4	0.00	4
120	0	1	0.00	1
121	0	3	0.00	3
122	0	3	0.00	3
123	0	3	0.00	3
124	0	3	0.00	3
125	0	0		0
126	0	0		0
127	0	0		0
128	0	0		0
129	0	2	0.00	2
130	0	0		0
131	0	2	0.00	2
132	0	1	0.00	1
133	0	1	0.00	1
134	0	0		0
135	0	0		0
136	0	0		0
137	0	1	0.00	1
138	0	0		0
139	0	0		0
140	0	0		0
141	0	0		0
142	0	0		0
143	0	0		0
144	0	0		0
145	0	0		0
146	0	0		0
147	0	0		0
148	0	0		0
149	0	0		0

CpG context (R2)
================
position	count methylated	count unmethylated	% methylation	coverage
1	0	22	0.00	22
2	1	19	5.00	20
3	3	70	4.11	73
4	6	83	6.74	89
5	1	105	0.94	106
6	7	79	8.14	86
7	5	125	3.85	130
8	3	89	3.26	92
9	3	77	3.75	80
10	4	86	4.44	90
11	5	78	6.02	83
12	7	78	8.24	85
13	3	59	4.84	62
14	1	58	1.69	59
15	3	66	4.35	69
16	0	55	0.00	55
17	0	33	0.00	33
18	7	46	13.21	53
19	1	39	2.50	40
20	2	52	3.70	54
21	3	35	7.89	38
22	2	42	4.55	44
23	1	37	2.63	38
24	0	66	0.00	66
25	1	32	3.03	33
26	1	37	2.63	38
27	3	31	8.82	34
28	1	19	5.00	20
29	1	37	2.63	38
30	1	16	5.88	17
31	2	30	6.25	32
32	2	29	6.45	31
33	1	22	4.35	23
34	1	21	4.55	22
35	0	17	0.00	17
36	1	13	7.14	14
37	0	21	0.00	21
38	0	27	0.00	27
39	0	11	0.00	11
40	0	9	0.00	9
41	0	7	0.00	7
42	2	14	12.50	16
43	0	8	0.00	8
44	0	18	0.00	18
45	0	3	0.00	3
46	2	12	14.29	14
47	0	2	0.00	2
48	1	7	12.50	8
49	0	2	0.00	2
50	1	9	10.00	10
51	0	4	0.00	4
52	2	3	40.00	5
53	0	4	0.00	4
54	2	1	66.67	3
55	0	2	0.00	2
56	1	3	25.00	4
57	0	0		0
58	0	1	0.00	1
59	1	1	50.00	2
60	0	0		0
61	1	0	100.00	1
62	0	0		0
63	0	1	0.00	1
64	0	0		0
65	0	1	0.00	1
66	0	1	0.00	1
67	0	0		0
68	0	1	0.00	1
69	0	0		0
70	0	0		0
71	0	1	0.00	1
72	0	0		0
73	0	0		0
74	0	0		0
75	0	0		0
76	0	1	0.00	1
77	0	0		0
78	0	1	0.00	1
79	0	0		0

CHG context (R2)
================
position	count methylated	count unmethylated	% methylation	coverage
1	11	2126	0.51	2137
2	0	18	0.00	18
3	0	10	0.00	10
4	0	46	0.00	46
5	0	69	0.00	69
6	0	84	0.00	84
7	0	79	0.00	79
8	0	88	0.00	88
9	1	84	1.18	85
10	0	54	0.00	54
11	3	67	4.29	70
12	0	51	0.00	51
13	0	37	0.00	37
14	0	43	0.00	43
15	0	54	0.00	54
16	0	54	0.00	54
17	0	73	0.00	73
18	0	31	0.00	31
19	0	55	0.00	55
20	1	54	1.82	55
21	0	37	0.00	37
22	0	49	0.00	49
23	0	33	0.00	33
24	0	22	0.00	22
25	0	45	0.00	45
26	0	26	0.00	26
27	0	15	0.00	15
28	1	18	5.26	19
29	0	28	0.00	28
30	0	25	0.00	25
31	0	17	0.00	17
32	0	15	0.00	15
33	0	23	0.00	23
34	1	26	3.70	27
35	0	27	0.00	27
36	0	14	0.00	14
37	0	11	0.00	11
38	1	8	11.11	9
39	0	15	0.00	15
40	0	17	0.00	17
41	0	19	0.00	19
42	0	6	0.00	6
43	0	9	0.00	9
44	0	0		0
45	0	11	0.00	11
46	0	3	0.00	3
47	0	10	0.00	10
48	1	2	33.33	3
49	0	10	0.00	10
50	0	6	0.00	6
51	0	3	0.00	3
52	0	4	0.00	4
53	0	10	0.00	10
54	0	2	0.00	2
55	0	3	0.00	3
56	0	3	0.00	3
57	0	0		0
58	1	2	33.33	3
59	0	1	0.00	1
60	0	2	0.00	2
61	0	1	0.00	1
62	0	1	0.00	1
63	0	0		0
64	0	0		0
65	0	0		0
66	0	0		0
67	0	1	0.00	1
68	0	0		0
69	0	0		0
70	0	0		0
71	0	0		0
72	0	0		0
73	0	0		0
74	0	0		0
75	0	0		0
76	0	0		0
77	0	0		0
78	0	0		0
79	0	1	0.00	1

CHH context (R2)
================
position	count methylated	count unmethylated	% methylation	coverage
1	0	11	0.00	11
2	0	1017	0.00	1017
3	0	232	0.00	232
4	0	182	0.00	182
5	0	104	0.00	104
6	1	88	1.12	89
7	1	98	1.01	99
8	0	141	0.00	141
9	0	120	0.00	120
10	0	129	0.00	129
11	0	76	0.00	76
12	0	94	0.00	94
13	0	66	0.00	66
14	1	88	1.12	89
15	1	64	1.54	65
16	0	60	0.00	60
17	0	72	0.00	72
18	1	92	1.08	93
19	0	69	0.00	69
20	0	57	0.00	57
21	0	53	0.00	53
22	0	49	0.00	49
23	0	44	0.00	44
24	0	41	0.00	41
25	0	44	0.00	44
26	1	41	2.38	42
27	0	39	0.00	39
28	0	28	0.00	28
29	0	40	0.00	40
30	0	33	0.00	33
31	0	23	0.00	23
32	0	28	0.00	28
33	1	17	5.56	18
34	0	21	0.00	21
35	0	41	0.00	41
36	0	25	0.00	25
37	0	16	0.00	16
38	0	23	0.00	23
39	0	5	0.00	5
40	0	15	0.00	15
41	0	10	0.00	10
42	0	12	0.00	12
43	0	10	0.00	10
44	0	22	0.00	22
45	0	8	0.00	8
46	1	17	5.56	18
47	0	9	0.00	9
48	0	9	0.00	9
49	0	5	0.00	5
50	0	2	0.00	2
51	0	12	0.00	12
52	0	9	0.00	9
53	0	10	0.00	10
54	0	7	0.00	7
55	0	4	0.00	4
56	0	5	0.00	5
57	0	4	0.00	4
58	0	0		0
59	0	0		0
60	0	1	0.00	1
61	0	1	0.00	1
62	1	0	100.00	1
63	0	1	0.00	1
64	0	0		0
65	0	0		0
66	0	0		0
67	0	0		0
68	0	0		0
69	0	1	0.00	1
70	0	0		0
71	0	0		0
72	0	0		0
73	0	0		0
74	0	0		0
75	0	0		0
76	0	0		0
77	0	0		0
78	0	0		0
79	0	0		0

