CpG context (R1)
================
position	count methylated	count unmethylated	% methylation	coverage
1	214	2170	8.98	2384
2	0	13	0.00	13
3	3	14	17.65	17
4	6	185	3.14	191
5	17	198	7.91	215
6	12	256	4.48	268
7	17	223	7.08	240
8	19	268	6.62	287
9	15	267	5.32	282
10	13	244	5.06	257
11	16	241	6.23	257
12	14	297	4.50	311
13	17	273	5.86	290
14	15	250	5.66	265
15	12	229	4.98	241
16	15	295	4.84	310
17	7	224	3.03	231
18	9	241	3.60	250
19	11	298	3.56	309
20	11	232	4.53	243
21	12	217	5.24	229
22	16	278	5.44	294
23	18	253	6.64	271
24	18	233	7.17	251
25	16	282	5.37	298
26	11	317	3.35	328
27	10	246	3.91	256
28	27	277	8.88	304
29	8	246	3.15	254
30	10	253	3.80	263
31	13	275	4.51	288
32	19	271	6.55	290
33	8	231	3.35	239
34	12	270	4.26	282
35	23	246	8.55	269
36	13	198	6.16	211
37	13	269	4.61	282
38	13	261	4.74	274
39	10	217	4.41	227
40	13	292	4.26	305
41	12	260	4.41	272
42	14	295	4.53	309
43	14	262	5.07	276
44	11	238	4.42	249
45	19	268	6.62	287
46	13	212	5.78	225
47	14	264	5.04	278
48	12	260	4.41	272
49	14	234	5.65	248
50	9	208	4.15	217
51	7	258	2.64	265
52	6	226	2.59	232
53	9	233	3.72	242
54	18	254	6.62	272
55	15	258	5.49	273
56	11	229	4.58	240
57	11	214	4.89	225
58	15	248	5.70	263
59	9	257	3.38	266
60	4	233	1.69	237
61	14	215	6.11	229
62	11	213	4.91	224
63	11	203	5.14	214
64	9	242	3.59	251
65	11	248	4.25	259
66	9	241	3.60	250
67	21	243	7.95	264
68	15	208	6.73	223
69	9	195	4.41	204
70	12	218	5.22	230
71	12	257	4.46	269
72	8	228	3.39	236
73	7	240	2.83	247
74	5	179	2.72	184
75	9	177	4.84	186
76	6	177	3.28	183
77	9	202	4.27	211
78	8	214	3.60	222
79	7	215	3.15	222
80	3	175	1.69	178
81	8	177	4.32	185
82	7	183	3.68	190
83	9	105	7.89	114
84	8	162	4.71	170
85	9	190	4.52	199
86	16	149	9.70	165
87	9	169	5.06	178
88	10	125	7.41	135
89	9	146	5.81	155
90	6	109	5.22	115
91	6	133	4.32	139
92	5	136	3.55	141
93	10	120	7.69	130
94	8	126	5.97	134
95	12	100	10.71	112
96	10	121	7.63	131
97	7	120	5.51	127
98	4	95	4.04	99
99	1	47	2.08	48
100	2	6	25.00	8
101	0	5	0.00	5
102	0	7	0.00	7
103	1	5	16.67	6
104	0	3	0.00	3
105	0	3	0.00	3
106	2	5	28.57	7
107	0	3	0.00	3
108	1	3	25.00	4
109	0	1	0.00	1
110	1	2	33.33	3
111	1	5	16.67	6
112	1	3	25.00	4
113	0	3	0.00	3
114	0	4	0.00	4
115	0	2	0.00	2
116	0	3	0.00	3
117	0	4	0.00	4
118	0	1	0.00	1
119	0	3	0.00	3
120	0	3	0.00	3
121	0	3	0.00	3
122	0	0		0
123	1	2	33.33	3
124	0	1	0.00	1
125	0	3	0.00	3
126	0	2	0.00	2
127	0	1	0.00	1
128	0	1	0.00	1
129	1	1	50.00	2
130	0	1	0.00	1
131	0	2	0.00	2
132	0	1	0.00	1
133	0	2	0.00	2
134	0	0		0
135	0	1	0.00	1
136	0	0		0
137	0	1	0.00	1
138	0	2	0.00	2
139	0	0		0
140	0	1	0.00	1
141	0	2	0.00	2
142	0	0		0
143	0	1	0.00	1
144	0	0		0
145	0	0		0
146	0	0		0
147	0	0		0
148	0	0		0
149	0	3	0.00	3

CHG context (R1)
================
position	count methylated	count unmethylated	% methylation	coverage
1	0	9	0.00	9
2	0	24	0.00	24
3	0	13	0.00	13
4	1	135	0.74	136
5	1	201	0.50	202
6	0	241	0.00	241
7	4	246	1.60	250
8	0	225	0.00	225
9	1	226	0.44	227
10	0	213	0.00	213
11	1	222	0.45	223
12	0	232	0.00	232
13	0	215	0.00	215
14	1	193	0.52	194
15	2	238	0.83	240
16	0	186	0.00	186
17	0	236	0.00	236
18	0	268	0.00	268
19	1	204	0.49	205
20	1	193	0.52	194
21	1	183	0.54	184
22	0	217	0.00	217
23	0	212	0.00	212
24	0	178	0.00	178
25	1	269	0.37	270
26	0	204	0.00	204
27	0	245	0.00	245
28	1	232	0.43	233
29	1	172	0.58	173
30	0	211	0.00	211
31	1	239	0.42	240
32	0	199	0.00	199
33	0	244	0.00	244
34	2	225	0.88	227
35	1	243	0.41	244
36	0	211	0.00	211
37	2	216	0.92	218
38	0	172	0.00	172
39	1	250	0.40	251
40	2	205	0.97	207
41	1	240	0.41	241
42	0	208	0.00	208
43	0	199	0.00	199
44	0	226	0.00	226
45	1	200	0.50	201
46	1	215	0.46	216
47	0	193	0.00	193
48	0	213	0.00	213
49	0	212	0.00	212
50	0	202	0.00	202
51	3	220	1.35	223
52	2	214	0.93	216
53	1	234	0.43	235
54	1	198	0.50	199
55	0	151	0.00	151
56	1	213	0.47	214
57	1	207	0.48	208
58	0	209	0.00	209
59	1	185	0.54	186
60	1	137	0.72	138
61	0	210	0.00	210
62	3	169	1.74	172
63	1	179	0.56	180
64	0	195	0.00	195
65	1	209	0.48	210
66	2	174	1.14	176
67	0	180	0.00	180
68	1	191	0.52	192
69	0	170	0.00	170
70	0	190	0.00	190
71	0	164	0.00	164
72	1	165	0.60	166
73	0	163	0.00	163
74	1	158	0.63	159
75	1	134	0.74	135
76	0	189	0.00	189
77	1	163	0.61	164
78	2	163	1.21	165
79	0	130	0.00	130
80	1	143	0.69	144
81	0	200	0.00	200
82	0	110	0.00	110
83	1	148	0.67	149
84	1	107	0.93	108
85	0	133	0.00	133
86	0	149	0.00	149
87	0	131	0.00	131
88	1	123	0.81	124
89	0	95	0.00	95
90	0	118	0.00	118
91	2	129	1.53	131
92	0	90	0.00	90
93	0	82	0.00	82
94	1	97	1.02	98
95	1	100	0.99	101
96	0	112	0.00	112
97	1	100	0.99	101
98	0	100	0.00	100
99	1	40	2.44	41
100	0	4	0.00	4
101	0	5	0.00	5
102	0	6	0.00	6
103	0	5	0.00	5
104	0	3	0.00	3
105	0	7	0.00	7
106	0	3	0.00	3
107	0	0		0
108	1	4	20.00	5
109	0	6	0.00	6
110	0	4	0.00	4
111	0	0		0
112	0	4	0.00	4
113	0	6	0.00	6
114	0	2	0.00	2
115	0	2	0.00	2
116	0	1	0.00	1
117	0	1	0.00	1
118	0	3	0.00	3
119	0	0		0
120	0	1	0.00	1
121	0	2	0.00	2
122	0	2	0.00	2
123	0	2	0.00	2
124	0	0		0
125	0	0		0
126	0	1	0.00	1
127	0	2	0.00	2
128	0	1	0.00	1
129	0	0		0
130	0	0		0
131	0	0		0
132	0	3	0.00	3
133	0	0		0
134	0	0		0
135	0	0		0
136	0	1	0.00	1
137	0	0		0
138	0	0		0
139	0	1	0.00	1
140	0	1	0.00	1
141	0	0		0
142	0	0		0
143	0	0		0
144	0	0		0
145	0	0		0
146	0	0		0
147	0	0		0
148	0	3	0.00	3
149	0	1	0.00	1

CHH context (R1)
================
position	count methylated	count unmethylated	% methylation	coverage
1	0	43	0.00	43
2	0	37	0.00	37
3	0	19	0.00	19
4	3	322	0.92	325
5	3	412	0.72	415
6	3	428	0.70	431
7	1	408	0.24	409
8	2	336	0.59	338
9	2	303	0.66	305
10	2	346	0.57	348
11	2	322	0.62	324
12	1	326	0.31	327
13	1	378	0.26	379
14	2	398	0.50	400
15	1	354	0.28	355
16	0	354	0.00	354
17	0	299	0.00	299
18	0	307	0.00	307
19	0	295	0.00	295
20	0	312	0.00	312
21	2	352	0.56	354
22	1	321	0.31	322
23	1	361	0.28	362
24	1	386	0.26	387
25	2	367	0.54	369
26	2	352	0.56	354
27	1	382	0.26	383
28	4	378	1.05	382
29	2	365	0.54	367
30	2	379	0.52	381
31	3	337	0.88	340
32	2	373	0.53	375
33	1	317	0.31	318
34	1	314	0.32	315
35	0	297	0.00	297
36	2	357	0.56	359
37	1	328	0.30	329
38	2	340	0.58	342
39	2	312	0.64	314
40	0	325	0.00	325
41	3	318	0.93	321
42	1	315	0.32	316
43	2	316	0.63	318
44	3	337	0.88	340
45	1	290	0.34	291
46	1	327	0.30	328
47	1	334	0.30	335
48	2	319	0.62	321
49	3	373	0.80	376
50	0	399	0.00	399
51	1	380	0.26	381
52	0	321	0.00	321
53	1	314	0.32	315
54	0	293	0.00	293
55	0	310	0.00	310
56	1	309	0.32	310
57	2	309	0.64	311
58	0	287	0.00	287
59	1	306	0.33	307
60	0	317	0.00	317
61	1	340	0.29	341
62	2	333	0.60	335
63	1	300	0.33	301
64	1	332	0.30	333
65	0	306	0.00	306
66	0	254	0.00	254
67	0	280	0.00	280
68	3	288	1.03	291
69	0	269	0.00	269
70	0	294	0.00	294
71	1	302	0.33	303
72	0	270	0.00	270
73	0	279	0.00	279
74	0	233	0.00	233
75	0	341	0.00	341
76	0	283	0.00	283
77	2	244	0.81	246
78	2	261	0.76	263
79	0	258	0.00	258
80	0	285	0.00	285
81	3	255	1.16	258
82	3	247	1.20	250
83	0	213	0.00	213
84	0	251	0.00	251
85	0	240	0.00	240
86	0	252	0.00	252
87	1	185	0.54	186
88	0	213	0.00	213
89	0	202	0.00	202
90	2	190	1.04	192
91	1	173	0.57	174
92	1	194	0.51	195
93	2	162	1.22	164
94	0	144	0.00	144
95	0	195	0.00	195
96	0	152	0.00	152
97	1	135	0.74	136
98	2	153	1.29	155
99	1	69	1.43	70
100	0	9	0.00	9
101	0	6	0.00	6
102	0	4	0.00	4
103	0	1	0.00	1
104	0	4	0.00	4
105	0	2	0.00	2
106	0	6	0.00	6
107	0	8	0.00	8
108	0	8	0.00	8
109	0	4	0.00	4
110	0	4	0.00	4
111	0	1	0.00	1
112	0	3	0.00	3
113	0	3	0.00	3
114	0	5	0.00	5
115	0	4	0.00	4
116	0	2	0.00	2
117	0	6	0.00	6
118	0	3	0.00	3
119	0	1	0.00	1
120	0	2	0.00	2
121	0	1	0.00	1
122	0	1	0.00	1
123	0	0		0
124	0	1	0.00	1
125	0	4	0.00	4
126	0	5	0.00	5
127	0	1	0.00	1
128	0	2	0.00	2
129	0	2	0.00	2
130	0	1	0.00	1
131	0	1	0.00	1
132	0	1	0.00	1
133	0	1	0.00	1
134	0	2	0.00	2
135	0	2	0.00	2
136	0	0		0
137	0	0		0
138	0	0		0
139	0	0		0
140	0	0		0
141	0	0		0
142	0	0		0
143	0	1	0.00	1
144	0	0		0
145	0	0		0
146	0	0		0
147	0	2	0.00	2
148	0	1	0.00	1
149	0	0		0

CpG context (R2)
================
position	count methylated	count unmethylated	% methylation	coverage
1	0	22	0.00	22
2	0	19	0.00	19
3	8	77	9.41	85
4	3	77	3.75	80
5	5	98	4.85	103
6	3	78	3.70	81
7	5	133	3.62	138
8	1	89	1.11	90
9	5	47	9.62	52
10	3	79	3.66	82
11	10	65	13.33	75
12	5	51	8.93	56
13	6	78	7.14	84
14	3	36	7.69	39
15	3	61	4.69	64
16	2	51	3.77	53
17	1	36	2.70	37
18	6	39	13.33	45
19	3	37	7.50	40
20	2	46	4.17	48
21	4	23	14.81	27
22	1	34	2.86	35
23	4	31	11.43	35
24	1	55	1.79	56
25	1	25	3.85	26
26	0	21	0.00	21
27	1	31	3.12	32
28	1	26	3.70	27
29	1	39	2.50	40
30	1	21	4.55	22
31	2	28	6.67	30
32	1	24	4.00	25
33	1	9	10.00	10
34	1	16	5.88	17
35	0	4	0.00	4
36	1	11	8.33	12
37	0	23	0.00	23
38	1	16	5.88	17
39	0	4	0.00	4
40	0	9	0.00	9
41	0	9	0.00	9
42	1	7	12.50	8
43	1	13	7.14	14
44	2	14	12.50	16
45	1	1	50.00	2
46	2	11	15.38	13
47	0	8	0.00	8
48	1	3	25.00	4
49	0	6	0.00	6
50	1	5	16.67	6
51	0	4	0.00	4
52	1	4	20.00	5
53	0	1	0.00	1
54	0	4	0.00	4
55	0	2	0.00	2
56	1	2	33.33	3
57	1	1	50.00	2
58	0	7	0.00	7
59	1	2	33.33	3
60	1	2	33.33	3
61	0	2	0.00	2
62	0	1	0.00	1
63	0	1	0.00	1
64	0	2	0.00	2
65	0	1	0.00	1
66	0	0		0
67	0	0		0
68	1	2	33.33	3
69	0	0		0
70	0	0		0
71	0	3	0.00	3
72	0	0		0
73	0	0		0
74	0	0		0
75	0	3	0.00	3
76	0	0		0
77	0	2	0.00	2
78	0	1	0.00	1
79	0	1	0.00	1
80	0	0		0
81	0	0		0
82	0	2	0.00	2
83	0	0		0
84	0	0		0
85	0	0		0
86	0	1	0.00	1
87	0	0		0
88	0	0		0
89	0	0		0
90	0	0		0
91	0	2	0.00	2
92	0	0		0
93	0	0		0
94	0	0		0
95	0	1	0.00	1
96	0	0		0
97	1	1	50.00	2

CHG context (R2)
================
position	count methylated	count unmethylated	% methylation	coverage
1	21	2118	0.98	2139
2	0	26	0.00	26
3	0	7	0.00	7
4	0	48	0.00	48
5	0	67	0.00	67
6	0	60	0.00	60
7	0	65	0.00	65
8	0	99	0.00	99
9	2	70	2.78	72
10	1	40	2.44	41
11	1	57	1.72	58
12	0	31	0.00	31
13	0	39	0.00	39
14	0	58	0.00	58
15	0	45	0.00	45
16	0	44	0.00	44
17	0	41	0.00	41
18	1	38	2.56	39
19	0	41	0.00	41
20	0	50	0.00	50
21	0	35	0.00	35
22	0	40	0.00	40
23	0	28	0.00	28
24	0	14	0.00	14
25	0	33	0.00	33
26	0	17	0.00	17
27	0	10	0.00	10
28	0	21	0.00	21
29	1	24	4.00	25
30	0	26	0.00	26
31	0	20	0.00	20
32	0	17	0.00	17
33	0	21	0.00	21
34	0	18	0.00	18
35	0	27	0.00	27
36	0	13	0.00	13
37	0	7	0.00	7
38	0	10	0.00	10
39	0	10	0.00	10
40	0	11	0.00	11
41	0	14	0.00	14
42	0	6	0.00	6
43	0	6	0.00	6
44	0	3	0.00	3
45	0	11	0.00	11
46	0	2	0.00	2
47	0	8	0.00	8
48	0	10	0.00	10
49	0	6	0.00	6
50	0	6	0.00	6
51	0	2	0.00	2
52	0	10	0.00	10
53	0	5	0.00	5
54	0	0		0
55	0	2	0.00	2
56	0	3	0.00	3
57	0	0		0
58	0	1	0.00	1
59	0	1	0.00	1
60	0	2	0.00	2
61	0	2	0.00	2
62	0	1	0.00	1
63	1	0	100.00	1
64	0	1	0.00	1
65	0	1	0.00	1
66	0	0		0
67	0	0		0
68	0	2	0.00	2
69	0	1	0.00	1
70	0	1	0.00	1
71	0	0		0
72	0	0		0
73	0	0		0
74	0	0		0
75	0	0		0
76	0	0		0
77	0	0		0
78	0	0		0
79	0	0		0
80	0	2	0.00	2
81	0	0		0
82	0	0		0
83	0	0		0
84	0	0		0
85	0	0		0
86	0	2	0.00	2
87	0	0		0
88	0	0		0
89	0	0		0
90	0	0		0
91	0	0		0
92	0	0		0
93	0	0		0
94	0	0		0
95	0	2	0.00	2
96	0	0		0
97	0	1	0.00	1

CHH context (R2)
================
position	count methylated	count unmethylated	% methylation	coverage
1	0	9	0.00	9
2	4	962	0.41	966
3	1	226	0.44	227
4	0	148	0.00	148
5	0	122	0.00	122
6	0	90	0.00	90
7	0	90	0.00	90
8	0	111	0.00	111
9	1	132	0.75	133
10	0	130	0.00	130
11	1	93	1.06	94
12	0	82	0.00	82
13	0	61	0.00	61
14	1	72	1.37	73
15	0	65	0.00	65
16	0	65	0.00	65
17	0	68	0.00	68
18	0	69	0.00	69
19	1	62	1.59	63
20	0	50	0.00	50
21	0	51	0.00	51
22	0	42	0.00	42
23	0	38	0.00	38
24	0	29	0.00	29
25	0	43	0.00	43
26	0	33	0.00	33
27	0	35	0.00	35
28	0	24	0.00	24
29	0	31	0.00	31
30	1	17	5.56	18
31	0	27	0.00	27
32	0	25	0.00	25
33	0	19	0.00	19
34	0	27	0.00	27
35	0	30	0.00	30
36	0	23	0.00	23
37	0	15	0.00	15
38	0	19	0.00	19
39	0	6	0.00	6
40	0	9	0.00	9
41	0	12	0.00	12
42	0	17	0.00	17
43	0	16	0.00	16
44	0	15	0.00	15
45	0	14	0.00	14
46	0	13	0.00	13
47	0	13	0.00	13
48	0	6	0.00	6
49	0	9	0.00	9
50	0	5	0.00	5
51	0	11	0.00	11
52	0	13	0.00	13
53	0	12	0.00	12
54	0	8	0.00	8
55	0	10	0.00	10
56	0	10	0.00	10
57	0	3	0.00	3
58	0	2	0.00	2
59	0	2	0.00	2
60	0	0		0
61	0	0		0
62	0	2	0.00	2
63	0	0		0
64	0	2	0.00	2
65	0	0		0
66	0	2	0.00	2
67	0	1	0.00	1
68	0	1	0.00	1
69	0	3	0.00	3
70	0	0		0
71	0	1	0.00	1
72	0	1	0.00	1
73	0	0		0
74	0	1	0.00	1
75	0	1	0.00	1
76	0	1	0.00	1
77	0	1	0.00	1
78	0	0		0
79	0	0		0
80	0	0		0
81	0	1	0.00	1
82	0	1	0.00	1
83	0	1	0.00	1
84	0	1	0.00	1
85	0	0		0
86	0	0		0
87	0	2	0.00	2
88	0	0		0
89	0	0		0
90	0	0		0
91	0	0		0
92	0	0		0
93	0	0		0
94	0	0		0
95	0	0		0
96	0	0		0
97	0	0		0

