CpG context (R1)
================
position	count methylated	count unmethylated	% methylation	coverage
1	202	2160	8.55	2362
2	1	17	5.56	18
3	1	20	4.76	21
4	9	168	5.08	177
5	17	202	7.76	219
6	5	255	1.92	260
7	6	237	2.47	243
8	24	260	8.45	284
9	7	235	2.89	242
10	24	251	8.73	275
11	9	253	3.44	262
12	13	275	4.51	288
13	12	263	4.36	275
14	15	244	5.79	259
15	8	247	3.14	255
16	20	286	6.54	306
17	11	212	4.93	223
18	8	255	3.04	263
19	21	297	6.60	318
20	6	235	2.49	241
21	10	214	4.46	224
22	20	288	6.49	308
23	12	265	4.33	277
24	10	228	4.20	238
25	16	306	4.97	322
26	6	277	2.12	283
27	13	279	4.45	292
28	16	266	5.67	282
29	10	283	3.41	293
30	12	248	4.62	260
31	9	286	3.05	295
32	16	307	4.95	323
33	13	219	5.60	232
34	9	284	3.07	293
35	15	271	5.24	286
36	14	210	6.25	224
37	14	284	4.70	298
38	19	223	7.85	242
39	15	241	5.86	256
40	15	238	5.93	253
41	4	244	1.61	248
42	12	276	4.17	288
43	11	230	4.56	241
44	12	232	4.92	244
45	18	298	5.70	316
46	12	238	4.80	250
47	17	267	5.99	284
48	6	278	2.11	284
49	10	228	4.20	238
50	10	262	3.68	272
51	7	231	2.94	238
52	9	239	3.63	248
53	11	251	4.20	262
54	9	229	3.78	238
55	12	294	3.92	306
56	10	216	4.42	226
57	9	245	3.54	254
58	10	224	4.27	234
59	12	238	4.80	250
60	8	243	3.19	251
61	12	249	4.60	261
62	10	244	3.94	254
63	15	227	6.20	242
64	10	218	4.39	228
65	12	231	4.94	243
66	6	260	2.26	266
67	16	218	6.84	234
68	12	207	5.48	219
69	4	196	2.00	200
70	10	204	4.67	214
71	10	258	3.73	268
72	5	226	2.16	231
73	13	240	5.14	253
74	7	184	3.66	191
75	15	187	7.43	202
76	15	193	7.21	208
77	3	229	1.29	232
78	9	191	4.50	200
79	9	204	4.23	213
80	9	173	4.95	182
81	7	154	4.35	161
82	7	223	3.04	230
83	7	133	5.00	140
84	5	163	2.98	168
85	6	196	2.97	202
86	10	147	6.37	157
87	7	160	4.19	167
88	5	116	4.13	121
89	6	135	4.26	141
90	5	128	3.76	133
91	5	140	3.45	145
92	3	125	2.34	128
93	5	122	3.94	127
94	11	120	8.40	131
95	6	106	5.36	112
96	8	103	7.21	111
97	7	148	4.52	155
98	6	118	4.84	124
99	1	58	1.69	59
100	0	5	0.00	5
101	0	4	0.00	4
102	0	4	0.00	4
103	0	8	0.00	8
104	0	3	0.00	3
105	0	6	0.00	6
106	1	4	20.00	5
107	1	5	16.67	6
108	1	6	14.29	7
109	0	8	0.00	8
110	0	3	0.00	3
111	1	3	25.00	4
112	0	8	0.00	8
113	1	2	33.33	3
114	0	2	0.00	2
115	2	1	66.67	3
116	0	3	0.00	3
117	0	6	0.00	6
118	0	1	0.00	1
119	0	1	0.00	1
120	0	0		0
121	0	1	0.00	1
122	1	2	33.33	3
123	0	0		0
124	0	2	0.00	2
125	1	5	16.67	6
126	0	4	0.00	4
127	0	1	0.00	1
128	0	1	0.00	1
129	0	2	0.00	2
130	0	2	0.00	2
131	0	3	0.00	3
132	0	1	0.00	1
133	0	5	0.00	5
134	0	1	0.00	1
135	0	2	0.00	2
136	0	3	0.00	3
137	0	0		0
138	0	2	0.00	2
139	0	1	0.00	1
140	0	2	0.00	2
141	0	3	0.00	3
142	0	0		0
143	0	2	0.00	2
144	0	1	0.00	1
145	1	0	100.00	1
146	0	0		0
147	0	0		0
148	0	2	0.00	2
149	0	3	0.00	3

CHG context (R1)
================
position	count methylated	count unmethylated	% methylation	coverage
1	0	16	0.00	16
2	0	19	0.00	19
3	0	12	0.00	12
4	0	116	0.00	116
5	0	189	0.00	189
6	1	249	0.40	250
7	1	255	0.39	256
8	1	213	0.47	214
9	0	229	0.00	229
10	0	227	0.00	227
11	3	219	1.35	222
12	0	211	0.00	211
13	1	198	0.50	199
14	0	202	0.00	202
15	3	232	1.28	235
16	3	207	1.43	210
17	2	237	0.84	239
18	1	257	0.39	258
19	1	219	0.45	220
20	1	172	0.58	173
21	0	252	0.00	252
22	1	230	0.43	231
23	0	184	0.00	184
24	2	213	0.93	215
25	1	215	0.46	216
26	1	206	0.48	207
27	1	213	0.47	214
28	2	264	0.75	266
29	1	193	0.52	194
30	1	189	0.53	190
31	0	261	0.00	261
32	0	193	0.00	193
33	1	223	0.45	224
34	1	234	0.43	235
35	3	225	1.32	228
36	1	223	0.45	224
37	0	201	0.00	201
38	0	185	0.00	185
39	1	220	0.45	221
40	2	205	0.97	207
41	1	258	0.39	259
42	0	204	0.00	204
43	3	207	1.43	210
44	1	273	0.36	274
45	1	187	0.53	188
46	0	227	0.00	227
47	1	198	0.50	199
48	0	203	0.00	203
49	0	220	0.00	220
50	0	203	0.00	203
51	0	225	0.00	225
52	2	248	0.80	250
53	2	187	1.06	189
54	0	196	0.00	196
55	1	163	0.61	164
56	0	212	0.00	212
57	1	220	0.45	221
58	0	213	0.00	213
59	0	195	0.00	195
60	1	149	0.67	150
61	3	194	1.52	197
62	0	158	0.00	158
63	1	198	0.50	199
64	2	185	1.07	187
65	0	197	0.00	197
66	0	183	0.00	183
67	0	164	0.00	164
68	1	190	0.52	191
69	0	206	0.00	206
70	0	197	0.00	197
71	0	165	0.00	165
72	1	149	0.67	150
73	0	173	0.00	173
74	1	139	0.71	140
75	2	160	1.23	162
76	0	174	0.00	174
77	1	171	0.58	172
78	0	148	0.00	148
79	2	150	1.32	152
80	0	133	0.00	133
81	0	190	0.00	190
82	0	112	0.00	112
83	1	133	0.75	134
84	0	131	0.00	131
85	0	116	0.00	116
86	1	164	0.61	165
87	0	125	0.00	125
88	0	123	0.00	123
89	0	143	0.00	143
90	0	107	0.00	107
91	0	134	0.00	134
92	0	103	0.00	103
93	1	87	1.14	88
94	0	96	0.00	96
95	0	92	0.00	92
96	1	119	0.83	120
97	0	136	0.00	136
98	0	78	0.00	78
99	0	32	0.00	32
100	0	8	0.00	8
101	1	4	20.00	5
102	0	6	0.00	6
103	0	5	0.00	5
104	0	5	0.00	5
105	0	1	0.00	1
106	0	7	0.00	7
107	0	3	0.00	3
108	0	8	0.00	8
109	0	5	0.00	5
110	0	4	0.00	4
111	0	2	0.00	2
112	0	5	0.00	5
113	0	1	0.00	1
114	0	3	0.00	3
115	0	3	0.00	3
116	0	3	0.00	3
117	0	2	0.00	2
118	0	4	0.00	4
119	0	0		0
120	0	1	0.00	1
121	0	4	0.00	4
122	0	3	0.00	3
123	0	1	0.00	1
124	0	3	0.00	3
125	0	0		0
126	0	0		0
127	0	1	0.00	1
128	0	2	0.00	2
129	0	0		0
130	0	3	0.00	3
131	0	1	0.00	1
132	0	2	0.00	2
133	0	1	0.00	1
134	0	0		0
135	0	1	0.00	1
136	0	1	0.00	1
137	0	0		0
138	0	0		0
139	0	2	0.00	2
140	0	1	0.00	1
141	0	1	0.00	1
142	0	1	0.00	1
143	0	1	0.00	1
144	0	0		0
145	0	0		0
146	0	0		0
147	0	0		0
148	0	4	0.00	4
149	0	1	0.00	1

CHH context (R1)
================
position	count methylated	count unmethylated	% methylation	coverage
1	0	32	0.00	32
2	0	31	0.00	31
3	0	29	0.00	29
4	1	316	0.32	317
5	1	371	0.27	372
6	1	411	0.24	412
7	1	392	0.25	393
8	2	383	0.52	385
9	1	329	0.30	330
10	2	294	0.68	296
11	1	349	0.29	350
12	2	350	0.57	352
13	0	385	0.00	385
14	1	381	0.26	382
15	3	357	0.83	360
16	1	350	0.28	351
17	0	319	0.00	319
18	3	307	0.97	310
19	0	295	0.00	295
20	1	344	0.29	345
21	2	336	0.59	338
22	1	310	0.32	311
23	2	320	0.62	322
24	1	370	0.27	371
25	4	380	1.04	384
26	1	348	0.29	349
27	0	415	0.00	415
28	2	356	0.56	358
29	0	337	0.00	337
30	2	361	0.55	363
31	2	367	0.54	369
32	1	350	0.28	351
33	0	304	0.00	304
34	0	337	0.00	337
35	1	320	0.31	321
36	1	380	0.26	381
37	3	349	0.85	352
38	1	342	0.29	343
39	3	327	0.91	330
40	0	344	0.00	344
41	1	318	0.31	319
42	0	356	0.00	356
43	2	327	0.61	329
44	0	329	0.00	329
45	0	316	0.00	316
46	0	328	0.00	328
47	0	312	0.00	312
48	0	320	0.00	320
49	2	374	0.53	376
50	3	386	0.77	389
51	1	405	0.25	406
52	2	345	0.58	347
53	1	353	0.28	354
54	1	330	0.30	331
55	2	316	0.63	318
56	0	298	0.00	298
57	0	268	0.00	268
58	2	306	0.65	308
59	1	300	0.33	301
60	1	312	0.32	313
61	1	318	0.31	319
62	1	361	0.28	362
63	0	301	0.00	301
64	0	354	0.00	354
65	0	317	0.00	317
66	2	280	0.71	282
67	0	311	0.00	311
68	1	339	0.29	340
69	2	295	0.67	297
70	2	282	0.70	284
71	1	281	0.35	282
72	2	288	0.69	290
73	1	277	0.36	278
74	0	280	0.00	280
75	1	298	0.33	299
76	1	288	0.35	289
77	0	279	0.00	279
78	0	273	0.00	273
79	0	261	0.00	261
80	1	280	0.36	281
81	1	239	0.42	240
82	1	262	0.38	263
83	0	224	0.00	224
84	1	241	0.41	242
85	0	253	0.00	253
86	0	264	0.00	264
87	0	210	0.00	210
88	0	255	0.00	255
89	0	211	0.00	211
90	2	187	1.06	189
91	0	178	0.00	178
92	0	180	0.00	180
93	0	166	0.00	166
94	1	151	0.66	152
95	1	194	0.51	195
96	1	159	0.62	160
97	0	148	0.00	148
98	0	164	0.00	164
99	0	80	0.00	80
100	0	8	0.00	8
101	0	10	0.00	10
102	0	9	0.00	9
103	0	8	0.00	8
104	0	10	0.00	10
105	0	11	0.00	11
106	0	5	0.00	5
107	0	7	0.00	7
108	0	4	0.00	4
109	0	2	0.00	2
110	0	2	0.00	2
111	0	2	0.00	2
112	0	3	0.00	3
113	0	9	0.00	9
114	0	8	0.00	8
115	0	6	0.00	6
116	0	3	0.00	3
117	0	4	0.00	4
118	0	1	0.00	1
119	0	4	0.00	4
120	0	6	0.00	6
121	0	4	0.00	4
122	0	2	0.00	2
123	0	3	0.00	3
124	0	2	0.00	2
125	0	0		0
126	0	4	0.00	4
127	0	3	0.00	3
128	0	2	0.00	2
129	0	5	0.00	5
130	0	1	0.00	1
131	0	2	0.00	2
132	0	1	0.00	1
133	0	1	0.00	1
134	0	1	0.00	1
135	0	1	0.00	1
136	0	0		0
137	0	0		0
138	0	2	0.00	2
139	0	0		0
140	0	1	0.00	1
141	0	0		0
142	0	0		0
143	0	0		0
144	0	0		0
145	0	0		0
146	0	0		0
147	0	1	0.00	1
148	0	0		0
149	0	0		0

CpG context (R2)
================
position	count methylated	count unmethylated	% methylation	coverage
1	0	19	0.00	19
2	1	20	4.76	21
3	3	79	3.66	82
4	7	77	8.33	84
5	2	95	2.06	97
6	5	51	8.93	56
7	3	119	2.46	122
8	3	82	3.53	85
9	0	76	0.00	76
10	4	86	4.44	90
11	3	62	4.62	65
12	3	55	5.17	58
13	6	88	6.38	94
14	1	47	2.08	48
15	1	62	1.59	63
16	1	59	1.67	60
17	0	38	0.00	38
18	0	42	0.00	42
19	1	35	2.78	36
20	3	39	7.14	42
21	2	40	4.76	42
22	0	41	0.00	41
23	1	47	2.08	48
24	3	42	6.67	45
25	0	40	0.00	40
26	0	23	0.00	23
27	1	27	3.57	28
28	0	23	0.00	23
29	1	40	2.44	41
30	0	18	0.00	18
31	1	30	3.23	31
32	1	19	5.00	20
33	1	19	5.00	20
34	2	16	11.11	18
35	1	15	6.25	16
36	1	13	7.14	14
37	1	26	3.70	27
38	0	19	0.00	19
39	0	12	0.00	12
40	0	4	0.00	4
41	0	6	0.00	6
42	3	12	20.00	15
43	1	13	7.14	14
44	0	14	0.00	14
45	0	5	0.00	5
46	1	10	9.09	11
47	0	8	0.00	8
48	0	10	0.00	10
49	0	5	0.00	5
50	0	8	0.00	8
51	1	8	11.11	9
52	0	2	0.00	2
53	0	4	0.00	4
54	0	1	0.00	1
55	0	3	0.00	3
56	1	3	25.00	4
57	0	1	0.00	1
58	0	6	0.00	6
59	0	0		0
60	0	3	0.00	3
61	0	5	0.00	5
62	0	0		0
63	0	1	0.00	1
64	0	2	0.00	2
65	0	2	0.00	2
66	0	2	0.00	2
67	0	0		0
68	0	3	0.00	3
69	0	1	0.00	1
70	0	2	0.00	2
71	0	0		0
72	0	0		0
73	0	0		0
74	0	1	0.00	1
75	0	1	0.00	1
76	0	0		0
77	0	0		0
78	0	0		0
79	0	0		0
80	0	1	0.00	1
81	0	0		0
82	0	1	0.00	1
83	0	1	0.00	1
84	0	0		0
85	0	0		0
86	0	0		0
87	0	0		0
88	0	2	0.00	2
89	0	0		0
90	0	0		0
91	0	1	0.00	1
92	0	2	0.00	2
93	0	0		0
94	0	2	0.00	2
95	0	3	0.00	3
96	0	2	0.00	2
97	0	1	0.00	1

CHG context (R2)
================
position	count methylated	count unmethylated	% methylation	coverage
1	15	2096	0.71	2111
2	0	16	0.00	16
3	0	4	0.00	4
4	1	37	2.63	38
5	0	62	0.00	62
6	0	66	0.00	66
7	0	86	0.00	86
8	1	92	1.08	93
9	0	69	0.00	69
10	0	53	0.00	53
11	0	57	0.00	57
12	0	36	0.00	36
13	0	44	0.00	44
14	0	45	0.00	45
15	0	46	0.00	46
16	0	45	0.00	45
17	0	52	0.00	52
18	0	38	0.00	38
19	2	40	4.76	42
20	0	46	0.00	46
21	0	38	0.00	38
22	0	41	0.00	41
23	1	27	3.57	28
24	0	23	0.00	23
25	0	37	0.00	37
26	0	25	0.00	25
27	0	16	0.00	16
28	0	22	0.00	22
29	0	24	0.00	24
30	0	20	0.00	20
31	0	25	0.00	25
32	0	16	0.00	16
33	0	30	0.00	30
34	0	21	0.00	21
35	0	24	0.00	24
36	0	14	0.00	14
37	0	13	0.00	13
38	0	10	0.00	10
39	0	9	0.00	9
40	0	20	0.00	20
41	0	8	0.00	8
42	0	1	0.00	1
43	0	8	0.00	8
44	0	7	0.00	7
45	0	8	0.00	8
46	0	1	0.00	1
47	0	4	0.00	4
48	0	4	0.00	4
49	0	11	0.00	11
50	0	11	0.00	11
51	0	3	0.00	3
52	1	9	10.00	10
53	0	3	0.00	3
54	0	4	0.00	4
55	0	1	0.00	1
56	0	4	0.00	4
57	0	1	0.00	1
58	0	2	0.00	2
59	0	0		0
60	0	0		0
61	0	1	0.00	1
62	0	5	0.00	5
63	0	1	0.00	1
64	0	3	0.00	3
65	0	2	0.00	2
66	0	1	0.00	1
67	0	1	0.00	1
68	0	0		0
69	0	0		0
70	0	0		0
71	0	0		0
72	0	0		0
73	0	0		0
74	0	0		0
75	0	1	0.00	1
76	0	0		0
77	0	0		0
78	0	3	0.00	3
79	0	0		0
80	0	1	0.00	1
81	0	0		0
82	0	0		0
83	0	0		0
84	0	0		0
85	0	0		0
86	0	1	0.00	1
87	0	0		0
88	0	0		0
89	0	2	0.00	2
90	0	0		0
91	0	0		0
92	0	0		0
93	0	0		0
94	0	0		0
95	0	1	0.00	1
96	0	0		0
97	0	0		0

CHH context (R2)
================
position	count methylated	count unmethylated	% methylation	coverage
1	0	9	0.00	9
2	4	959	0.42	963
3	2	256	0.78	258
4	0	185	0.00	185
5	0	142	0.00	142
6	0	105	0.00	105
7	0	94	0.00	94
8	0	123	0.00	123
9	1	107	0.93	108
10	0	140	0.00	140
11	0	105	0.00	105
12	0	74	0.00	74
13	1	64	1.54	65
14	0	96	0.00	96
15	0	86	0.00	86
16	0	72	0.00	72
17	0	81	0.00	81
18	0	87	0.00	87
19	1	68	1.45	69
20	0	54	0.00	54
21	0	48	0.00	48
22	0	35	0.00	35
23	1	34	2.86	35
24	0	34	0.00	34
25	0	44	0.00	44
26	1	33	2.94	34
27	0	37	0.00	37
28	0	25	0.00	25
29	0	34	0.00	34
30	0	24	0.00	24
31	0	26	0.00	26
32	0	25	0.00	25
33	0	13	0.00	13
34	0	26	0.00	26
35	0	33	0.00	33
36	0	20	0.00	20
37	0	10	0.00	10
38	0	21	0.00	21
39	0	13	0.00	13
40	1	22	4.35	23
41	0	15	0.00	15
42	0	19	0.00	19
43	0	9	0.00	9
44	0	21	0.00	21
45	0	20	0.00	20
46	0	15	0.00	15
47	0	10	0.00	10
48	0	4	0.00	4
49	0	9	0.00	9
50	0	6	0.00	6
51	0	12	0.00	12
52	1	9	10.00	10
53	0	10	0.00	10
54	0	2	0.00	2
55	0	6	0.00	6
56	0	11	0.00	11
57	0	3	0.00	3
58	0	0		0
59	0	0		0
60	0	1	0.00	1
61	0	0		0
62	0	2	0.00	2
63	0	0		0
64	0	1	0.00	1
65	0	0		0
66	0	1	0.00	1
67	0	0		0
68	0	1	0.00	1
69	0	4	0.00	4
70	0	1	0.00	1
71	0	0		0
72	0	5	0.00	5
73	0	0		0
74	0	0		0
75	0	0		0
76	0	0		0
77	0	0		0
78	0	0		0
79	0	0		0
80	0	0		0
81	0	0		0
82	0	0		0
83	0	0		0
84	0	3	0.00	3
85	0	0		0
86	0	0		0
87	0	1	0.00	1
88	0	0		0
89	0	0		0
90	0	0		0
91	0	0		0
92	0	0		0
93	0	0		0
94	0	0		0
95	0	0		0
96	0	0		0
97	0	0		0

