CpG context (R1)
================
position	count methylated	count unmethylated	% methylation	coverage
1	185	2189	7.79	2374
2	0	14	0.00	14
3	2	16	11.11	18
4	10	185	5.13	195
5	13	195	6.25	208
6	5	265	1.85	270
7	12	207	5.48	219
8	7	297	2.30	304
9	11	239	4.40	250
10	17	265	6.03	282
11	10	247	3.89	257
12	23	270	7.85	293
13	10	272	3.55	282
14	11	230	4.56	241
15	7	246	2.77	253
16	12	277	4.15	289
17	9	225	3.85	234
18	11	253	4.17	264
19	17	288	5.57	305
20	9	216	4.00	225
21	16	217	6.87	233
22	10	283	3.41	293
23	18	263	6.41	281
24	13	200	6.10	213
25	12	294	3.92	306
26	16	285	5.32	301
27	14	244	5.43	258
28	23	255	8.27	278
29	10	270	3.57	280
30	18	254	6.62	272
31	21	284	6.89	305
32	15	287	4.97	302
33	9	218	3.96	227
34	12	238	4.80	250
35	21	280	6.98	301
36	8	193	3.98	201
37	16	290	5.23	306
38	10	238	4.03	248
39	13	233	5.28	246
40	10	259	3.72	269
41	8	231	3.35	239
42	21	279	7.00	300
43	11	236	4.45	247
44	22	267	7.61	289
45	17	269	5.94	286
46	11	222	4.72	233
47	20	295	6.35	315
48	19	250	7.06	269
49	11	223	4.70	234
50	14	235	5.62	249
51	13	237	5.20	250
52	11	210	4.98	221
53	9	218	3.96	227
54	12	248	4.62	260
55	21	255	7.61	276
56	8	242	3.20	250
57	13	248	4.98	261
58	12	251	4.56	263
59	12	275	4.18	287
60	9	217	3.98	226
61	14	242	5.47	256
62	11	226	4.64	237
63	10	224	4.27	234
64	15	228	6.17	243
65	11	265	3.99	276
66	17	248	6.42	265
67	21	228	8.43	249
68	8	210	3.67	218
69	10	196	4.85	206
70	7	230	2.95	237
71	14	239	5.53	253
72	12	252	4.55	264
73	6	213	2.74	219
74	9	214	4.04	223
75	13	198	6.16	211
76	4	194	2.02	198
77	15	223	6.30	238
78	10	188	5.05	198
79	10	207	4.61	217
80	4	175	2.23	179
81	9	172	4.97	181
82	4	185	2.12	189
83	6	145	3.97	151
84	3	155	1.90	158
85	4	190	2.06	194
86	5	146	3.31	151
87	4	168	2.33	172
88	4	127	3.05	131
89	7	149	4.49	156
90	7	122	5.43	129
91	10	123	7.52	133
92	6	139	4.14	145
93	9	120	6.98	129
94	8	141	5.37	149
95	8	98	7.55	106
96	3	128	2.29	131
97	6	132	4.35	138
98	6	90	6.25	96
99	5	51	8.93	56
100	0	7	0.00	7
101	0	4	0.00	4
102	0	4	0.00	4
103	1	5	16.67	6
104	1	8	11.11	9
105	0	3	0.00	3
106	1	10	9.09	11
107	1	4	20.00	5
108	1	3	25.00	4
109	0	4	0.00	4
110	0	3	0.00	3
111	0	6	0.00	6
112	0	5	0.00	5
113	1	0	100.00	1
114	0	4	0.00	4
115	0	2	0.00	2
116	1	2	33.33	3
117	1	4	20.00	5
118	1	0	100.00	1
119	0	3	0.00	3
120	0	0		0
121	0	4	0.00	4
122	0	1	0.00	1
123	0	5	0.00	5
124	0	1	0.00	1
125	0	2	0.00	2
126	0	3	0.00	3
127	0	1	0.00	1
128	0	2	0.00	2
129	0	2	0.00	2
130	0	2	0.00	2
131	0	3	0.00	3
132	0	2	0.00	2
133	0	0		0
134	0	0		0
135	0	0		0
136	0	1	0.00	1
137	0	3	0.00	3
138	0	0		0
139	0	1	0.00	1
140	0	1	0.00	1
141	0	0		0
142	0	1	0.00	1
143	0	0		0
144	0	2	0.00	2
145	0	0		0
146	0	0		0
147	0	1	0.00	1
148	1	0	100.00	1
149	0	0		0

CHG context (R1)
================
position	count methylated	count unmethylated	% methylation	coverage
1	0	16	0.00	16
2	0	30	0.00	30
3	0	11	0.00	11
4	1	138	0.72	139
5	2	213	0.93	215
6	0	217	0.00	217
7	1	272	0.37	273
8	2	208	0.95	210
9	1	237	0.42	238
10	0	214	0.00	214
11	2	210	0.94	212
12	0	215	0.00	215
13	0	177	0.00	177
14	1	214	0.47	215
15	1	260	0.38	261
16	0	211	0.00	211
17	2	260	0.76	262
18	1	255	0.39	256
19	0	211	0.00	211
20	0	182	0.00	182
21	0	223	0.00	223
22	1	256	0.39	257
23	4	194	2.02	198
24	1	192	0.52	193
25	0	258	0.00	258
26	0	190	0.00	190
27	2	233	0.85	235
28	0	256	0.00	256
29	0	178	0.00	178
30	2	200	0.99	202
31	4	263	1.50	267
32	1	196	0.51	197
33	0	239	0.00	239
34	0	245	0.00	245
35	1	231	0.43	232
36	0	200	0.00	200
37	2	200	0.99	202
38	1	169	0.59	170
39	0	252	0.00	252
40	0	208	0.00	208
41	1	243	0.41	244
42	0	208	0.00	208
43	2	198	1.00	200
44	0	256	0.00	256
45	0	172	0.00	172
46	2	219	0.90	221
47	2	198	1.00	200
48	2	205	0.97	207
49	1	196	0.51	197
50	1	206	0.48	207
51	1	213	0.47	214
52	2	231	0.86	233
53	0	212	0.00	212
54	0	194	0.00	194
55	2	156	1.27	158
56	2	227	0.87	229
57	1	202	0.49	203
58	0	224	0.00	224
59	0	201	0.00	201
60	0	142	0.00	142
61	1	204	0.49	205
62	0	181	0.00	181
63	1	176	0.56	177
64	1	203	0.49	204
65	1	215	0.46	216
66	2	166	1.19	168
67	0	174	0.00	174
68	0	212	0.00	212
69	0	208	0.00	208
70	1	192	0.52	193
71	0	175	0.00	175
72	0	164	0.00	164
73	2	163	1.21	165
74	2	158	1.25	160
75	0	165	0.00	165
76	0	180	0.00	180
77	0	166	0.00	166
78	0	165	0.00	165
79	1	163	0.61	164
80	0	154	0.00	154
81	0	176	0.00	176
82	0	123	0.00	123
83	0	124	0.00	124
84	0	117	0.00	117
85	0	119	0.00	119
86	1	165	0.60	166
87	1	109	0.91	110
88	2	146	1.35	148
89	1	101	0.98	102
90	0	108	0.00	108
91	0	148	0.00	148
92	0	99	0.00	99
93	1	95	1.04	96
94	0	109	0.00	109
95	0	92	0.00	92
96	0	99	0.00	99
97	0	123	0.00	123
98	0	99	0.00	99
99	0	52	0.00	52
100	0	5	0.00	5
101	0	5	0.00	5
102	0	6	0.00	6
103	0	7	0.00	7
104	0	2	0.00	2
105	0	8	0.00	8
106	0	6	0.00	6
107	0	2	0.00	2
108	0	3	0.00	3
109	0	2	0.00	2
110	0	2	0.00	2
111	0	2	0.00	2
112	0	3	0.00	3
113	0	2	0.00	2
114	0	3	0.00	3
115	0	4	0.00	4
116	0	1	0.00	1
117	0	0		0
118	0	1	0.00	1
119	0	2	0.00	2
120	0	6	0.00	6
121	0	1	0.00	1
122	0	2	0.00	2
123	0	2	0.00	2
124	0	1	0.00	1
125	0	2	0.00	2
126	0	1	0.00	1
127	0	3	0.00	3
128	0	2	0.00	2
129	0	1	0.00	1
130	0	0		0
131	0	2	0.00	2
132	0	2	0.00	2
133	0	3	0.00	3
134	0	0		0
135	0	0		0
136	0	2	0.00	2
137	0	0		0
138	0	0		0
139	0	1	0.00	1
140	0	1	0.00	1
141	0	1	0.00	1
142	0	0		0
143	0	0		0
144	0	0		0
145	0	0		0
146	0	0		0
147	0	0		0
148	0	0		0
149	0	0		0

CHH context (R1)
================
position	count methylated	count unmethylated	% methylation	coverage
1	0	38	0.00	38
2	0	34	0.00	34
3	0	16	0.00	16
4	1	327	0.30	328
5	0	382	0.00	382
6	5	397	1.24	402
7	1	414	0.24	415
8	0	354	0.00	354
9	2	318	0.62	320
10	0	364	0.00	364
11	1	343	0.29	344
12	2	362	0.55	364
13	0	385	0.00	385
14	3	364	0.82	367
15	0	389	0.00	389
16	3	364	0.82	367
17	4	318	1.24	322
18	1	271	0.37	272
19	1	327	0.30	328
20	2	325	0.61	327
21	6	339	1.74	345
22	0	349	0.00	349
23	1	347	0.29	348
24	2	361	0.55	363
25	2	387	0.51	389
26	2	377	0.53	379
27	0	405	0.00	405
28	2	385	0.52	387
29	0	333	0.00	333
30	1	353	0.28	354
31	1	359	0.28	360
32	2	342	0.58	344
33	4	317	1.25	321
34	0	345	0.00	345
35	1	307	0.32	308
36	2	372	0.53	374
37	3	354	0.84	357
38	0	371	0.00	371
39	0	331	0.00	331
40	2	335	0.59	337
41	0	339	0.00	339
42	0	351	0.00	351
43	0	320	0.00	320
44	1	326	0.31	327
45	1	292	0.34	293
46	2	362	0.55	364
47	3	325	0.91	328
48	1	324	0.31	325
49	3	413	0.72	416
50	0	405	0.00	405
51	0	405	0.00	405
52	2	353	0.56	355
53	6	333	1.77	339
54	2	303	0.66	305
55	0	299	0.00	299
56	1	283	0.35	284
57	1	270	0.37	271
58	2	279	0.71	281
59	0	314	0.00	314
60	1	310	0.32	311
61	0	343	0.00	343
62	3	335	0.89	338
63	1	311	0.32	312
64	3	332	0.90	335
65	0	288	0.00	288
66	1	266	0.37	267
67	2	330	0.60	332
68	1	321	0.31	322
69	1	305	0.33	306
70	2	264	0.75	266
71	0	310	0.00	310
72	0	278	0.00	278
73	1	283	0.35	284
74	1	249	0.40	250
75	0	302	0.00	302
76	1	284	0.35	285
77	0	266	0.00	266
78	0	269	0.00	269
79	3	281	1.06	284
80	2	282	0.70	284
81	2	257	0.77	259
82	2	282	0.70	284
83	0	239	0.00	239
84	0	240	0.00	240
85	0	270	0.00	270
86	0	271	0.00	271
87	0	227	0.00	227
88	3	257	1.15	260
89	1	233	0.43	234
90	0	188	0.00	188
91	0	209	0.00	209
92	2	243	0.82	245
93	1	186	0.53	187
94	0	173	0.00	173
95	0	205	0.00	205
96	1	171	0.58	172
97	0	168	0.00	168
98	0	178	0.00	178
99	1	66	1.49	67
100	0	11	0.00	11
101	0	10	0.00	10
102	0	8	0.00	8
103	0	4	0.00	4
104	0	8	0.00	8
105	0	6	0.00	6
106	0	5	0.00	5
107	0	4	0.00	4
108	0	3	0.00	3
109	0	6	0.00	6
110	0	8	0.00	8
111	0	6	0.00	6
112	0	7	0.00	7
113	0	2	0.00	2
114	0	8	0.00	8
115	0	4	0.00	4
116	0	3	0.00	3
117	0	6	0.00	6
118	0	3	0.00	3
119	0	1	0.00	1
120	0	2	0.00	2
121	0	2	0.00	2
122	0	1	0.00	1
123	0	2	0.00	2
124	0	3	0.00	3
125	0	1	0.00	1
126	0	1	0.00	1
127	0	1	0.00	1
128	0	1	0.00	1
129	0	0		0
130	0	3	0.00	3
131	0	1	0.00	1
132	0	3	0.00	3
133	0	2	0.00	2
134	0	2	0.00	2
135	0	2	0.00	2
136	0	0		0
137	0	0		0
138	0	2	0.00	2
139	0	0		0
140	0	2	0.00	2
141	0	1	0.00	1
142	0	0		0
143	0	0		0
144	0	1	0.00	1
145	0	1	0.00	1
146	0	1	0.00	1
147	0	1	0.00	1
148	0	0		0
149	0	1	0.00	1

CpG context (R2)
================
position	count methylated	count unmethylated	% methylation	coverage
1	0	22	0.00	22
2	1	16	5.88	17
3	5	67	6.94	72
4	1	93	1.06	94
5	11	108	9.24	119
6	4	78	4.88	82
7	3	125	2.34	128
8	3	83	3.49	86
9	5	68	6.85	73
10	3	73	3.95	76
11	4	76	5.00	80
12	2	59	3.28	61
13	5	62	7.46	67
14	4	48	7.69	52
15	3	63	4.55	66
16	1	54	1.82	55
17	2	40	4.76	42
18	4	47	7.84	51
19	0	33	0.00	33
20	3	45	6.25	48
21	1	40	2.44	41
22	3	42	6.67	45
23	3	32	8.57	35
24	1	55	1.79	56
25	0	32	0.00	32
26	3	28	9.68	31
27	2	38	5.00	40
28	1	34	2.86	35
29	1	39	2.50	40
30	0	26	0.00	26
31	0	29	0.00	29
32	0	28	0.00	28
33	1	8	11.11	9
34	3	19	13.64	22
35	0	10	0.00	10
36	1	11	8.33	12
37	1	25	3.85	26
38	0	18	0.00	18
39	1	10	9.09	11
40	1	4	20.00	5
41	0	8	0.00	8
42	0	7	0.00	7
43	2	17	10.53	19
44	0	10	0.00	10
45	0	3	0.00	3
46	4	4	50.00	8
47	0	2	0.00	2
48	0	6	0.00	6
49	0	2	0.00	2
50	0	3	0.00	3
51	0	3	0.00	3
52	1	6	14.29	7
53	0	3	0.00	3
54	0	2	0.00	2
55	0	6	0.00	6
56	0	1	0.00	1
57	0	2	0.00	2
58	0	2	0.00	2
59	0	0		0
60	0	2	0.00	2
61	0	2	0.00	2
62	0	0		0
63	0	0		0
64	0	2	0.00	2
65	0	0		0
66	0	1	0.00	1
67	0	0		0
68	0	1	0.00	1
69	0	0		0
70	0	1	0.00	1
71	0	0		0
72	0	0		0
73	0	0		0
74	0	0		0
75	0	0		0
76	0	0		0
77	0	0		0
78	0	0		0
79	0	0		0
80	0	0		0
81	0	0		0
82	1	0	100.00	1
83	0	0		0
84	0	0		0
85	0	1	0.00	1
86	0	0		0
87	0	0		0
88	0	0		0
89	0	1	0.00	1
90	0	0		0
91	0	1	0.00	1
92	0	1	0.00	1
93	0	0		0
94	0	1	0.00	1
95	0	0		0
96	0	0		0
97	0	2	0.00	2

CHG context (R2)
================
position	count methylated	count unmethylated	% methylation	coverage
1	13	2100	0.62	2113
2	0	16	0.00	16
3	0	5	0.00	5
4	0	34	0.00	34
5	0	64	0.00	64
6	0	82	0.00	82
7	1	82	1.20	83
8	1	86	1.15	87
9	0	71	0.00	71
10	2	75	2.60	77
11	1	65	1.52	66
12	0	47	0.00	47
13	0	45	0.00	45
14	0	48	0.00	48
15	0	37	0.00	37
16	1	49	2.00	50
17	1	42	2.33	43
18	0	64	0.00	64
19	0	39	0.00	39
20	0	42	0.00	42
21	1	39	2.50	40
22	0	41	0.00	41
23	0	28	0.00	28
24	0	17	0.00	17
25	0	43	0.00	43
26	0	22	0.00	22
27	0	14	0.00	14
28	0	17	0.00	17
29	1	28	3.45	29
30	0	16	0.00	16
31	0	23	0.00	23
32	0	15	0.00	15
33	0	26	0.00	26
34	0	15	0.00	15
35	0	24	0.00	24
36	0	22	0.00	22
37	0	14	0.00	14
38	0	6	0.00	6
39	0	14	0.00	14
40	0	18	0.00	18
41	0	16	0.00	16
42	0	4	0.00	4
43	0	7	0.00	7
44	0	4	0.00	4
45	0	4	0.00	4
46	0	1	0.00	1
47	0	6	0.00	6
48	0	9	0.00	9
49	0	13	0.00	13
50	0	5	0.00	5
51	0	3	0.00	3
52	0	5	0.00	5
53	0	2	0.00	2
54	0	2	0.00	2
55	0	2	0.00	2
56	0	4	0.00	4
57	0	0		0
58	0	2	0.00	2
59	0	0		0
60	0	4	0.00	4
61	0	1	0.00	1
62	0	1	0.00	1
63	0	4	0.00	4
64	0	1	0.00	1
65	0	0		0
66	0	0		0
67	0	2	0.00	2
68	0	0		0
69	0	0		0
70	0	1	0.00	1
71	0	1	0.00	1
72	0	1	0.00	1
73	0	1	0.00	1
74	0	0		0
75	0	1	0.00	1
76	0	0		0
77	0	0		0
78	0	1	0.00	1
79	0	1	0.00	1
80	0	1	0.00	1
81	0	0		0
82	0	0		0
83	0	0		0
84	0	0		0
85	0	0		0
86	0	1	0.00	1
87	0	1	0.00	1
88	0	0		0
89	0	0		0
90	0	0		0
91	0	0		0
92	0	0		0
93	0	0		0
94	0	0		0
95	0	1	0.00	1
96	0	0		0
97	0	0		0

CHH context (R2)
================
position	count methylated	count unmethylated	% methylation	coverage
1	0	14	0.00	14
2	5	945	0.53	950
3	0	261	0.00	261
4	0	174	0.00	174
5	0	121	0.00	121
6	1	93	1.06	94
7	0	108	0.00	108
8	0	126	0.00	126
9	0	108	0.00	108
10	0	136	0.00	136
11	1	99	1.00	100
12	0	83	0.00	83
13	0	77	0.00	77
14	0	78	0.00	78
15	1	76	1.30	77
16	0	72	0.00	72
17	0	67	0.00	67
18	0	87	0.00	87
19	0	81	0.00	81
20	1	59	1.67	60
21	0	48	0.00	48
22	0	43	0.00	43
23	0	51	0.00	51
24	0	32	0.00	32
25	0	44	0.00	44
26	0	26	0.00	26
27	0	34	0.00	34
28	1	30	3.23	31
29	0	34	0.00	34
30	0	23	0.00	23
31	0	25	0.00	25
32	0	25	0.00	25
33	2	15	11.76	17
34	0	22	0.00	22
35	0	29	0.00	29
36	0	20	0.00	20
37	0	17	0.00	17
38	0	24	0.00	24
39	0	14	0.00	14
40	0	12	0.00	12
41	0	8	0.00	8
42	0	18	0.00	18
43	0	15	0.00	15
44	0	19	0.00	19
45	0	10	0.00	10
46	0	14	0.00	14
47	0	5	0.00	5
48	0	3	0.00	3
49	0	7	0.00	7
50	0	5	0.00	5
51	0	11	0.00	11
52	0	7	0.00	7
53	0	6	0.00	6
54	0	8	0.00	8
55	0	10	0.00	10
56	0	6	0.00	6
57	0	4	0.00	4
58	0	5	0.00	5
59	0	1	0.00	1
60	0	2	0.00	2
61	0	1	0.00	1
62	0	2	0.00	2
63	0	1	0.00	1
64	0	2	0.00	2
65	0	1	0.00	1
66	0	1	0.00	1
67	0	0		0
68	0	4	0.00	4
69	0	0		0
70	0	0		0
71	0	0		0
72	0	0		0
73	0	1	0.00	1
74	0	1	0.00	1
75	0	1	0.00	1
76	0	0		0
77	0	0		0
78	0	0		0
79	0	1	0.00	1
80	0	1	0.00	1
81	0	0		0
82	0	0		0
83	0	0		0
84	0	0		0
85	0	0		0
86	0	0		0
87	0	1	0.00	1
88	0	0		0
89	0	0		0
90	0	0		0
91	0	0		0
92	0	0		0
93	0	0		0
94	0	0		0
95	0	0		0
96	0	0		0
97	0	0		0

