CpG context (R1)
================
position	count methylated	count unmethylated	% methylation	coverage
1	211	2158	8.91	2369
2	0	14	0.00	14
3	0	14	0.00	14
4	11	169	6.11	180
5	11	195	5.34	206
6	10	280	3.45	290
7	20	207	8.81	227
8	13	284	4.38	297
9	14	235	5.62	249
10	11	267	3.96	278
11	11	265	3.99	276
12	17	285	5.63	302
13	17	317	5.09	334
14	14	261	5.09	275
15	13	255	4.85	268
16	15	262	5.42	277
17	12	245	4.67	257
18	12	252	4.55	264
19	16	290	5.23	306
20	10	217	4.41	227
21	15	226	6.22	241
22	14	288	4.64	302
23	10	257	3.75	267
24	14	258	5.15	272
25	12	269	4.27	281
26	14	294	4.55	308
27	11	257	4.10	268
28	18	226	7.38	244
29	12	296	3.90	308
30	12	263	4.36	275
31	13	282	4.41	295
32	18	283	5.98	301
33	8	223	3.46	231
34	13	279	4.45	292
35	10	252	3.82	262
36	15	199	7.01	214
37	11	231	4.55	242
38	20	265	7.02	285
39	14	263	5.05	277
40	17	247	6.44	264
41	11	242	4.35	253
42	19	276	6.44	295
43	13	266	4.66	279
44	18	270	6.25	288
45	14	262	5.07	276
46	12	217	5.24	229
47	10	286	3.38	296
48	12	248	4.62	260
49	9	229	3.78	238
50	16	281	5.39	297
51	17	207	7.59	224
52	8	252	3.08	260
53	14	235	5.62	249
54	12	255	4.49	267
55	12	292	3.95	304
56	8	246	3.15	254
57	5	245	2.00	250
58	8	246	3.15	254
59	11	278	3.81	289
60	10	258	3.73	268
61	15	238	5.93	253
62	21	231	8.33	252
63	12	233	4.90	245
64	15	249	5.68	264
65	14	285	4.68	299
66	8	273	2.85	281
67	16	205	7.24	221
68	7	214	3.17	221
69	3	192	1.54	195
70	5	216	2.26	221
71	14	267	4.98	281
72	5	215	2.27	220
73	20	231	7.97	251
74	10	210	4.55	220
75	10	183	5.18	193
76	14	187	6.97	201
77	15	233	6.05	248
78	11	219	4.78	230
79	6	216	2.70	222
80	10	176	5.38	186
81	13	172	7.03	185
82	9	240	3.61	249
83	4	129	3.01	133
84	2	171	1.16	173
85	14	187	6.97	201
86	7	159	4.22	166
87	11	153	6.71	164
88	7	144	4.64	151
89	4	148	2.63	152
90	6	119	4.80	125
91	7	135	4.93	142
92	3	127	2.31	130
93	8	148	5.13	156
94	4	127	3.05	131
95	6	118	4.84	124
96	3	103	2.83	106
97	8	136	5.56	144
98	4	108	3.57	112
99	4	49	7.55	53
100	0	6	0.00	6
101	1	8	11.11	9
102	0	6	0.00	6
103	1	4	20.00	5
104	1	8	11.11	9
105	2	4	33.33	6
106	0	8	0.00	8
107	1	4	20.00	5
108	0	4	0.00	4
109	1	8	11.11	9
110	0	4	0.00	4
111	0	6	0.00	6
112	0	6	0.00	6
113	1	2	33.33	3
114	0	4	0.00	4
115	0	6	0.00	6
116	0	1	0.00	1
117	0	6	0.00	6
118	0	3	0.00	3
119	0	1	0.00	1
120	0	3	0.00	3
121	0	3	0.00	3
122	1	0	100.00	1
123	0	3	0.00	3
124	0	3	0.00	3
125	1	2	33.33	3
126	0	3	0.00	3
127	0	1	0.00	1
128	0	2	0.00	2
129	1	1	50.00	2
130	0	0		0
131	0	4	0.00	4
132	0	1	0.00	1
133	0	1	0.00	1
134	0	0		0
135	0	2	0.00	2
136	1	0	100.00	1
137	0	3	0.00	3
138	1	1	50.00	2
139	0	3	0.00	3
140	0	0		0
141	0	2	0.00	2
142	0	2	0.00	2
143	0	2	0.00	2
144	0	0		0
145	0	1	0.00	1
146	1	0	100.00	1
147	0	0		0
148	0	1	0.00	1
149	0	2	0.00	2

CHG context (R1)
================
position	count methylated	count unmethylated	% methylation	coverage
1	0	15	0.00	15
2	0	24	0.00	24
3	0	12	0.00	12
4	0	129	0.00	129
5	2	205	0.97	207
6	1	236	0.42	237
7	0	284	0.00	284
8	1	213	0.47	214
9	0	242	0.00	242
10	0	219	0.00	219
11	0	248	0.00	248
12	0	220	0.00	220
13	0	217	0.00	217
14	1	191	0.52	192
15	2	233	0.85	235
16	0	215	0.00	215
17	0	239	0.00	239
18	0	234	0.00	234
19	0	208	0.00	208
20	1	179	0.56	180
21	1	237	0.42	238
22	2	221	0.90	223
23	1	208	0.48	209
24	0	171	0.00	171
25	1	221	0.45	222
26	0	200	0.00	200
27	1	241	0.41	242
28	0	256	0.00	256
29	2	186	1.06	188
30	1	200	0.50	201
31	2	252	0.79	254
32	1	206	0.48	207
33	0	253	0.00	253
34	3	228	1.30	231
35	1	226	0.44	227
36	0	221	0.00	221
37	1	195	0.51	196
38	0	202	0.00	202
39	2	215	0.92	217
40	0	189	0.00	189
41	0	277	0.00	277
42	1	220	0.45	221
43	1	236	0.42	237
44	1	219	0.45	220
45	0	173	0.00	173
46	1	206	0.48	207
47	0	190	0.00	190
48	1	226	0.44	227
49	1	225	0.44	226
50	1	209	0.48	210
51	1	228	0.44	229
52	1	253	0.39	254
53	1	207	0.48	208
54	1	208	0.48	209
55	0	153	0.00	153
56	0	200	0.00	200
57	1	213	0.47	214
58	1	245	0.41	246
59	1	167	0.60	168
60	0	171	0.00	171
61	0	176	0.00	176
62	1	165	0.60	166
63	0	199	0.00	199
64	0	183	0.00	183
65	0	196	0.00	196
66	2	189	1.05	191
67	1	187	0.53	188
68	0	192	0.00	192
69	1	187	0.53	188
70	0	194	0.00	194
71	0	165	0.00	165
72	2	164	1.20	166
73	0	152	0.00	152
74	2	153	1.29	155
75	4	156	2.50	160
76	2	183	1.08	185
77	0	182	0.00	182
78	1	175	0.57	176
79	1	163	0.61	164
80	1	148	0.67	149
81	0	195	0.00	195
82	1	121	0.82	122
83	0	108	0.00	108
84	0	131	0.00	131
85	0	148	0.00	148
86	0	136	0.00	136
87	0	123	0.00	123
88	2	145	1.36	147
89	0	131	0.00	131
90	0	119	0.00	119
91	0	124	0.00	124
92	0	86	0.00	86
93	1	84	1.18	85
94	0	115	0.00	115
95	0	109	0.00	109
96	0	128	0.00	128
97	0	120	0.00	120
98	0	104	0.00	104
99	1	37	2.63	38
100	0	5	0.00	5
101	0	5	0.00	5
102	0	3	0.00	3
103	0	6	0.00	6
104	0	5	0.00	5
105	0	5	0.00	5
106	0	5	0.00	5
107	0	1	0.00	1
108	0	6	0.00	6
109	0	2	0.00	2
110	0	3	0.00	3
111	0	4	0.00	4
112	0	3	0.00	3
113	0	0		0
114	1	2	33.33	3
115	0	2	0.00	2
116	0	4	0.00	4
117	0	2	0.00	2
118	0	1	0.00	1
119	0	1	0.00	1
120	0	2	0.00	2
121	0	3	0.00	3
122	0	1	0.00	1
123	0	3	0.00	3
124	0	1	0.00	1
125	0	1	0.00	1
126	0	0		0
127	0	2	0.00	2
128	0	2	0.00	2
129	0	0		0
130	0	2	0.00	2
131	1	2	33.33	3
132	0	1	0.00	1
133	0	0		0
134	0	3	0.00	3
135	0	4	0.00	4
136	0	1	0.00	1
137	0	0		0
138	0	0		0
139	0	1	0.00	1
140	0	1	0.00	1
141	0	1	0.00	1
142	0	0		0
143	0	1	0.00	1
144	0	0		0
145	0	1	0.00	1
146	0	0		0
147	0	2	0.00	2
148	0	2	0.00	2
149	0	1	0.00	1

CHH context (R1)
================
position	count methylated	count unmethylated	% methylation	coverage
1	1	35	2.78	36
2	0	30	0.00	30
3	0	25	0.00	25
4	0	321	0.00	321
5	3	387	0.77	390
6	2	433	0.46	435
7	2	368	0.54	370
8	1	354	0.28	355
9	2	332	0.60	334
10	0	317	0.00	317
11	1	318	0.31	319
12	0	312	0.00	312
13	3	340	0.87	343
14	1	421	0.24	422
15	1	362	0.28	363
16	1	325	0.31	326
17	3	312	0.95	315
18	1	315	0.32	316
19	1	317	0.31	318
20	2	378	0.53	380
21	2	352	0.56	354
22	2	310	0.64	312
23	0	325	0.00	325
24	1	384	0.26	385
25	1	358	0.28	359
26	3	363	0.82	366
27	1	410	0.24	411
28	3	342	0.87	345
29	3	350	0.85	353
30	1	375	0.27	376
31	1	350	0.28	351
32	1	366	0.27	367
33	1	333	0.30	334
34	0	325	0.00	325
35	2	335	0.59	337
36	3	397	0.75	400
37	2	357	0.56	359
38	1	353	0.28	354
39	6	335	1.76	341
40	1	331	0.30	332
41	1	330	0.30	331
42	1	351	0.28	352
43	0	287	0.00	287
44	1	310	0.32	311
45	2	327	0.61	329
46	5	401	1.23	406
47	3	343	0.87	346
48	1	349	0.29	350
49	2	374	0.53	376
50	1	387	0.26	388
51	1	446	0.22	447
52	0	390	0.00	390
53	2	310	0.64	312
54	1	316	0.32	317
55	1	316	0.32	317
56	1	297	0.34	298
57	1	285	0.35	286
58	0	300	0.00	300
59	2	299	0.66	301
60	0	276	0.00	276
61	1	325	0.31	326
62	1	334	0.30	335
63	1	316	0.32	317
64	2	344	0.58	346
65	0	301	0.00	301
66	2	282	0.70	284
67	1	345	0.29	346
68	0	343	0.00	343
69	1	336	0.30	337
70	2	305	0.65	307
71	0	298	0.00	298
72	0	271	0.00	271
73	0	298	0.00	298
74	0	244	0.00	244
75	1	338	0.29	339
76	0	318	0.00	318
77	1	275	0.36	276
78	1	268	0.37	269
79	2	245	0.81	247
80	0	272	0.00	272
81	0	244	0.00	244
82	0	232	0.00	232
83	0	235	0.00	235
84	0	255	0.00	255
85	1	267	0.37	268
86	0	283	0.00	283
87	1	247	0.40	248
88	0	273	0.00	273
89	0	223	0.00	223
90	1	211	0.47	212
91	1	192	0.52	193
92	3	211	1.40	214
93	1	196	0.51	197
94	0	162	0.00	162
95	0	190	0.00	190
96	1	165	0.60	166
97	0	167	0.00	167
98	0	170	0.00	170
99	0	70	0.00	70
100	0	8	0.00	8
101	0	15	0.00	15
102	0	14	0.00	14
103	0	3	0.00	3
104	0	8	0.00	8
105	0	4	0.00	4
106	0	8	0.00	8
107	0	9	0.00	9
108	0	6	0.00	6
109	0	7	0.00	7
110	0	7	0.00	7
111	0	5	0.00	5
112	0	5	0.00	5
113	0	5	0.00	5
114	0	10	0.00	10
115	0	3	0.00	3
116	0	1	0.00	1
117	0	2	0.00	2
118	0	3	0.00	3
119	0	7	0.00	7
120	0	4	0.00	4
121	0	3	0.00	3
122	0	1	0.00	1
123	0	1	0.00	1
124	0	1	0.00	1
125	0	1	0.00	1
126	0	1	0.00	1
127	0	3	0.00	3
128	0	0		0
129	0	2	0.00	2
130	0	2	0.00	2
131	0	4	0.00	4
132	0	2	0.00	2
133	0	4	0.00	4
134	0	3	0.00	3
135	0	2	0.00	2
136	0	0		0
137	0	0		0
138	0	1	0.00	1
139	0	1	0.00	1
140	0	0		0
141	0	0		0
142	0	0		0
143	0	0		0
144	0	0		0
145	0	0		0
146	0	1	0.00	1
147	0	0		0
148	0	0		0
149	0	0		0

CpG context (R2)
================
position	count methylated	count unmethylated	% methylation	coverage
1	0	23	0.00	23
2	0	14	0.00	14
3	6	79	7.06	85
4	3	78	3.70	81
5	6	104	5.45	110
6	5	97	4.90	102
7	5	120	4.00	125
8	3	72	4.00	75
9	7	77	8.33	84
10	5	77	6.10	82
11	7	64	9.86	71
12	3	48	5.88	51
13	4	75	5.06	79
14	2	44	4.35	46
15	2	59	3.28	61
16	1	51	1.92	52
17	0	32	0.00	32
18	5	48	9.43	53
19	0	40	0.00	40
20	2	43	4.44	45
21	0	38	0.00	38
22	1	46	2.13	47
23	1	39	2.50	40
24	3	54	5.26	57
25	1	35	2.78	36
26	0	32	0.00	32
27	3	40	6.98	43
28	1	26	3.70	27
29	0	32	0.00	32
30	0	20	0.00	20
31	4	26	13.33	30
32	1	22	4.35	23
33	0	15	0.00	15
34	1	22	4.35	23
35	0	12	0.00	12
36	0	20	0.00	20
37	2	27	6.90	29
38	2	19	9.52	21
39	2	8	20.00	10
40	0	11	0.00	11
41	0	12	0.00	12
42	0	12	0.00	12
43	1	12	7.69	13
44	0	14	0.00	14
45	0	6	0.00	6
46	2	15	11.76	17
47	0	5	0.00	5
48	0	8	0.00	8
49	0	5	0.00	5
50	0	6	0.00	6
51	0	6	0.00	6
52	1	8	11.11	9
53	0	5	0.00	5
54	1	4	20.00	5
55	0	2	0.00	2
56	0	1	0.00	1
57	0	1	0.00	1
58	0	8	0.00	8
59	0	1	0.00	1
60	0	2	0.00	2
61	0	4	0.00	4
62	0	0		0
63	0	1	0.00	1
64	0	2	0.00	2
65	0	0		0
66	0	0		0
67	0	0		0
68	0	3	0.00	3
69	0	0		0
70	0	0		0
71	0	0		0
72	0	1	0.00	1
73	0	0		0
74	0	0		0
75	0	1	0.00	1
76	0	0		0
77	0	2	0.00	2
78	0	1	0.00	1
79	0	2	0.00	2
80	0	0		0
81	0	1	0.00	1
82	0	2	0.00	2
83	0	0		0
84	0	1	0.00	1
85	0	0		0
86	0	0		0
87	0	0		0
88	0	0		0
89	0	0		0
90	0	0		0
91	0	1	0.00	1
92	0	0		0
93	0	0		0
94	0	0		0
95	0	0		0
96	0	0		0
97	0	1	0.00	1

CHG context (R2)
================
position	count methylated	count unmethylated	% methylation	coverage
1	13	2114	0.61	2127
2	0	24	0.00	24
3	0	7	0.00	7
4	0	53	0.00	53
5	0	61	0.00	61
6	1	68	1.45	69
7	0	99	0.00	99
8	1	95	1.04	96
9	0	72	0.00	72
10	0	63	0.00	63
11	0	68	0.00	68
12	0	40	0.00	40
13	0	43	0.00	43
14	0	51	0.00	51
15	0	44	0.00	44
16	0	45	0.00	45
17	0	54	0.00	54
18	0	60	0.00	60
19	0	49	0.00	49
20	0	53	0.00	53
21	0	40	0.00	40
22	0	44	0.00	44
23	0	21	0.00	21
24	0	12	0.00	12
25	0	39	0.00	39
26	0	22	0.00	22
27	0	11	0.00	11
28	0	16	0.00	16
29	0	22	0.00	22
30	0	18	0.00	18
31	0	30	0.00	30
32	0	17	0.00	17
33	0	21	0.00	21
34	0	18	0.00	18
35	0	29	0.00	29
36	0	14	0.00	14
37	0	14	0.00	14
38	0	10	0.00	10
39	0	13	0.00	13
40	0	20	0.00	20
41	0	17	0.00	17
42	0	5	0.00	5
43	0	9	0.00	9
44	0	7	0.00	7
45	0	11	0.00	11
46	0	1	0.00	1
47	0	5	0.00	5
48	0	9	0.00	9
49	0	10	0.00	10
50	0	8	0.00	8
51	0	5	0.00	5
52	0	8	0.00	8
53	0	1	0.00	1
54	0	1	0.00	1
55	0	5	0.00	5
56	0	6	0.00	6
57	0	1	0.00	1
58	0	1	0.00	1
59	0	1	0.00	1
60	0	3	0.00	3
61	0	2	0.00	2
62	0	1	0.00	1
63	0	3	0.00	3
64	0	1	0.00	1
65	0	0		0
66	0	0		0
67	0	1	0.00	1
68	0	0		0
69	0	1	0.00	1
70	0	2	0.00	2
71	0	0		0
72	0	0		0
73	0	1	0.00	1
74	0	1	0.00	1
75	0	0		0
76	0	0		0
77	0	0		0
78	0	1	0.00	1
79	0	0		0
80	0	1	0.00	1
81	0	0		0
82	0	0		0
83	0	0		0
84	0	0		0
85	0	0		0
86	0	1	0.00	1
87	0	0		0
88	0	1	0.00	1
89	0	0		0
90	0	0		0
91	0	0		0
92	0	0		0
93	0	0		0
94	0	0		0
95	0	1	0.00	1
96	0	0		0
97	0	0		0

CHH context (R2)
================
position	count methylated	count unmethylated	% methylation	coverage
1	0	10	0.00	10
2	5	967	0.51	972
3	0	280	0.00	280
4	0	208	0.00	208
5	2	151	1.31	153
6	1	90	1.10	91
7	0	108	0.00	108
8	0	128	0.00	128
9	0	114	0.00	114
10	0	117	0.00	117
11	0	95	0.00	95
12	0	85	0.00	85
13	0	72	0.00	72
14	0	86	0.00	86
15	0	71	0.00	71
16	0	58	0.00	58
17	0	59	0.00	59
18	0	67	0.00	67
19	0	75	0.00	75
20	0	65	0.00	65
21	0	46	0.00	46
22	0	36	0.00	36
23	0	42	0.00	42
24	1	27	3.57	28
25	1	31	3.12	32
26	0	34	0.00	34
27	1	37	2.63	38
28	0	30	0.00	30
29	0	34	0.00	34
30	0	35	0.00	35
31	1	29	3.33	30
32	0	32	0.00	32
33	0	13	0.00	13
34	0	20	0.00	20
35	0	20	0.00	20
36	0	19	0.00	19
37	0	13	0.00	13
38	0	18	0.00	18
39	0	9	0.00	9
40	0	12	0.00	12
41	0	12	0.00	12
42	0	14	0.00	14
43	0	11	0.00	11
44	0	21	0.00	21
45	0	14	0.00	14
46	0	15	0.00	15
47	0	15	0.00	15
48	0	10	0.00	10
49	0	13	0.00	13
50	0	5	0.00	5
51	0	13	0.00	13
52	0	15	0.00	15
53	1	13	7.14	14
54	0	11	0.00	11
55	0	14	0.00	14
56	0	13	0.00	13
57	0	8	0.00	8
58	0	3	0.00	3
59	1	1	50.00	2
60	0	1	0.00	1
61	0	1	0.00	1
62	0	2	0.00	2
63	0	1	0.00	1
64	0	1	0.00	1
65	0	2	0.00	2
66	0	3	0.00	3
67	0	1	0.00	1
68	0	2	0.00	2
69	0	0		0
70	0	2	0.00	2
71	0	1	0.00	1
72	0	0		0
73	0	0		0
74	0	2	0.00	2
75	0	0		0
76	0	0		0
77	0	0		0
78	0	0		0
79	0	0		0
80	0	0		0
81	0	0		0
82	0	0		0
83	0	0		0
84	0	0		0
85	0	0		0
86	0	0		0
87	0	1	0.00	1
88	0	0		0
89	0	1	0.00	1
90	0	0		0
91	0	1	0.00	1
92	0	0		0
93	0	0		0
94	0	0		0
95	0	0		0
96	0	0		0
97	0	0		0

