CpG context (R1)
================
position	count methylated	count unmethylated	% methylation	coverage
1	186	2200	7.80	2386
2	0	20	0.00	20
3	2	12	14.29	14
4	8	197	3.90	205
5	3	195	1.52	198
6	10	275	3.51	285
7	6	208	2.80	214
8	13	288	4.32	301
9	10	240	4.00	250
10	15	256	5.54	271
11	7	254	2.68	261
12	9	272	3.20	281
13	13	278	4.47	291
14	14	242	5.47	256
15	15	260	5.45	275
16	11	284	3.73	295
17	12	213	5.33	225
18	8	244	3.17	252
19	17	295	5.45	312
20	12	234	4.88	246
21	15	237	5.95	252
22	14	279	4.78	293
23	17	235	6.75	252
24	12	252	4.55	264
25	10	309	3.13	319
26	17	299	5.38	316
27	20	260	7.14	280
28	21	240	8.05	261
29	8	277	2.81	285
30	18	287	5.90	305
31	12	272	4.23	284
32	9	282	3.09	291
33	13	241	5.12	254
34	10	258	3.73	268
35	21	269	7.24	290
36	7	207	3.27	214
37	16	244	6.15	260
38	9	239	3.63	248
39	11	248	4.25	259
40	9	262	3.32	271
41	9	247	3.52	256
42	16	274	5.52	290
43	7	259	2.63	266
44	12	261	4.40	273
45	13	262	4.73	275
46	11	216	4.85	227
47	21	275	7.09	296
48	13	262	4.73	275
49	14	225	5.86	239
50	13	234	5.26	247
51	13	242	5.10	255
52	14	240	5.51	254
53	11	231	4.55	242
54	15	248	5.70	263
55	16	274	5.52	290
56	14	262	5.07	276
57	9	230	3.77	239
58	18	244	6.87	262
59	13	276	4.50	289
60	16	239	6.27	255
61	15	230	6.12	245
62	12	225	5.06	237
63	17	231	6.85	248
64	11	238	4.42	249
65	10	266	3.62	276
66	8	246	3.15	254
67	15	215	6.52	230
68	12	211	5.38	223
69	9	188	4.57	197
70	12	220	5.17	232
71	10	229	4.18	239
72	10	217	4.41	227
73	15	231	6.10	246
74	6	226	2.59	232
75	16	161	9.04	177
76	8	197	3.90	205
77	15	217	6.47	232
78	9	199	4.33	208
79	7	208	3.26	215
80	11	188	5.53	199
81	5	158	3.07	163
82	5	181	2.69	186
83	6	141	4.08	147
84	3	179	1.65	182
85	7	185	3.65	192
86	8	146	5.19	154
87	10	159	5.92	169
88	6	122	4.69	128
89	11	133	7.64	144
90	5	131	3.68	136
91	6	125	4.58	131
92	2	151	1.31	153
93	5	144	3.36	149
94	4	151	2.58	155
95	10	123	7.52	133
96	5	113	4.24	118
97	7	125	5.30	132
98	7	93	7.00	100
99	3	49	5.77	52
100	2	11	15.38	13
101	1	3	25.00	4
102	1	3	25.00	4
103	0	7	0.00	7
104	1	7	12.50	8
105	0	1	0.00	1
106	0	4	0.00	4
107	2	5	28.57	7
108	0	4	0.00	4
109	0	6	0.00	6
110	0	4	0.00	4
111	0	4	0.00	4
112	0	4	0.00	4
113	0	3	0.00	3
114	1	1	50.00	2
115	0	1	0.00	1
116	0	2	0.00	2
117	1	3	25.00	4
118	0	2	0.00	2
119	0	2	0.00	2
120	0	1	0.00	1
121	1	1	50.00	2
122	0	4	0.00	4
123	0	1	0.00	1
124	0	4	0.00	4
125	0	4	0.00	4
126	1	4	20.00	5
127	0	3	0.00	3
128	1	3	25.00	4
129	0	2	0.00	2
130	0	0		0
131	0	3	0.00	3
132	1	0	100.00	1
133	0	2	0.00	2
134	0	1	0.00	1
135	0	0		0
136	0	0		0
137	0	1	0.00	1
138	0	1	0.00	1
139	0	1	0.00	1
140	0	0		0
141	0	0		0
142	0	2	0.00	2
143	0	0		0
144	0	1	0.00	1
145	1	0	100.00	1
146	0	1	0.00	1
147	1	0	100.00	1
148	0	0		0
149	0	1	0.00	1
150	0	0		0
151	0	0		0
152	1	0	100.00	1
153	0	0		0
154	0	0		0
155	1	0	100.00	1
156	0	0		0
157	0	0		0
158	1	0	100.00	1
159	0	0		0
160	1	0	100.00	1
161	0	0		0
162	0	0		0
163	0	0		0
164	0	0		0
165	1	0	100.00	1
166	0	0		0
167	0	0		0
168	0	0		0
169	0	0		0
170	0	0		0
171	0	0		0
172	0	0		0
173	0	0		0
174	0	0		0
175	0	0		0
176	0	0		0
177	0	0		0
178	0	0		0
179	0	0		0
180	0	0		0
181	0	0		0
182	0	0		0
183	0	0		0
184	0	0		0
185	0	0		0
186	0	0		0
187	0	0		0
188	0	0		0
189	0	0		0
190	0	0		0
191	0	0		0
192	0	0		0
193	0	0		0
194	0	0		0
195	0	0		0
196	0	0		0
197	0	0		0
198	1	0	100.00	1
199	0	0		0
200	0	0		0
201	0	0		0
202	0	0		0
203	0	0		0
204	0	0		0
205	0	0		0
206	0	0		0
207	0	0		0
208	0	0		0
209	0	0		0
210	0	0		0
211	0	0		0
212	0	1	0.00	1
213	0	0		0
214	0	0		0
215	0	0		0

CHG context (R1)
================
position	count methylated	count unmethylated	% methylation	coverage
1	0	13	0.00	13
2	0	18	0.00	18
3	0	11	0.00	11
4	2	145	1.36	147
5	2	188	1.05	190
6	1	221	0.45	222
7	1	253	0.39	254
8	0	220	0.00	220
9	3	247	1.20	250
10	0	225	0.00	225
11	0	269	0.00	269
12	0	203	0.00	203
13	0	198	0.00	198
14	0	198	0.00	198
15	2	258	0.77	260
16	1	218	0.46	219
17	1	218	0.46	219
18	2	276	0.72	278
19	0	221	0.00	221
20	0	166	0.00	166
21	0	232	0.00	232
22	0	224	0.00	224
23	0	217	0.00	217
24	0	188	0.00	188
25	0	205	0.00	205
26	1	208	0.48	209
27	1	224	0.44	225
28	0	240	0.00	240
29	1	207	0.48	208
30	0	179	0.00	179
31	1	232	0.43	233
32	0	185	0.00	185
33	2	230	0.86	232
34	2	248	0.80	250
35	1	235	0.42	236
36	1	232	0.43	233
37	1	214	0.47	215
38	0	192	0.00	192
39	0	227	0.00	227
40	1	186	0.53	187
41	2	253	0.78	255
42	1	234	0.43	235
43	0	221	0.00	221
44	0	251	0.00	251
45	0	217	0.00	217
46	2	209	0.95	211
47	0	190	0.00	190
48	1	189	0.53	190
49	0	198	0.00	198
50	1	212	0.47	213
51	0	237	0.00	237
52	3	201	1.47	204
53	1	201	0.50	202
54	1	175	0.57	176
55	0	174	0.00	174
56	0	204	0.00	204
57	2	201	0.99	203
58	1	203	0.49	204
59	0	164	0.00	164
60	3	152	1.94	155
61	1	183	0.54	184
62	0	178	0.00	178
63	1	188	0.53	189
64	0	180	0.00	180
65	1	210	0.47	211
66	0	169	0.00	169
67	0	172	0.00	172
68	0	194	0.00	194
69	1	186	0.53	187
70	0	179	0.00	179
71	0	153	0.00	153
72	0	171	0.00	171
73	0	176	0.00	176
74	0	138	0.00	138
75	0	155	0.00	155
76	0	174	0.00	174
77	0	173	0.00	173
78	0	153	0.00	153
79	1	153	0.65	154
80	1	141	0.70	142
81	1	172	0.58	173
82	1	128	0.78	129
83	0	126	0.00	126
84	0	126	0.00	126
85	0	116	0.00	116
86	0	140	0.00	140
87	0	105	0.00	105
88	1	127	0.78	128
89	0	108	0.00	108
90	0	95	0.00	95
91	0	113	0.00	113
92	1	110	0.90	111
93	1	83	1.19	84
94	0	93	0.00	93
95	0	97	0.00	97
96	0	114	0.00	114
97	0	121	0.00	121
98	0	98	0.00	98
99	0	39	0.00	39
100	0	3	0.00	3
101	0	4	0.00	4
102	0	6	0.00	6
103	0	6	0.00	6
104	0	3	0.00	3
105	0	6	0.00	6
106	0	7	0.00	7
107	0	1	0.00	1
108	0	4	0.00	4
109	0	6	0.00	6
110	0	4	0.00	4
111	0	5	0.00	5
112	0	4	0.00	4
113	0	0		0
114	0	3	0.00	3
115	0	1	0.00	1
116	0	2	0.00	2
117	0	1	0.00	1
118	0	6	0.00	6
119	0	4	0.00	4
120	0	2	0.00	2
121	0	3	0.00	3
122	0	1	0.00	1
123	0	2	0.00	2
124	0	1	0.00	1
125	0	2	0.00	2
126	0	1	0.00	1
127	0	2	0.00	2
128	0	3	0.00	3
129	0	0		0
130	0	1	0.00	1
131	0	0		0
132	0	2	0.00	2
133	0	1	0.00	1
134	0	0		0
135	0	3	0.00	3
136	0	1	0.00	1
137	0	0		0
138	0	0		0
139	0	0		0
140	0	1	0.00	1
141	0	0		0
142	0	1	0.00	1
143	0	1	0.00	1
144	0	1	0.00	1
145	0	1	0.00	1
146	0	1	0.00	1
147	0	0		0
148	0	1	0.00	1
149	0	2	0.00	2
150	0	0		0
151	0	0		0
152	0	0		0
153	0	0		0
154	0	0		0
155	0	0		0
156	0	0		0
157	0	0		0
158	0	0		0
159	0	0		0
160	0	0		0
161	0	0		0
162	0	0		0
163	0	0		0
164	0	0		0
165	0	0		0
166	0	0		0
167	0	0		0
168	0	0		0
169	0	0		0
170	0	0		0
171	0	0		0
172	0	0		0
173	0	1	0.00	1
174	0	0		0
175	0	0		0
176	0	0		0
177	0	0		0
178	0	0		0
179	0	0		0
180	0	0		0
181	0	0		0
182	0	0		0
183	0	0		0
184	0	1	0.00	1
185	0	0		0
186	0	0		0
187	0	0		0
188	0	0		0
189	0	0		0
190	0	0		0
191	0	1	0.00	1
192	0	0		0
193	0	0		0
194	0	0		0
195	0	0		0
196	0	0		0
197	0	0		0
198	0	0		0
199	0	0		0
200	0	0		0
201	0	0		0
202	0	0		0
203	0	0		0
204	0	0		0
205	0	0		0
206	0	1	0.00	1
207	0	0		0
208	0	0		0
209	0	1	0.00	1
210	0	0		0
211	0	0		0
212	0	0		0
213	0	0		0
214	0	0		0
215	0	1	0.00	1

CHH context (R1)
================
position	count methylated	count unmethylated	% methylation	coverage
1	1	30	3.23	31
2	0	25	0.00	25
3	0	25	0.00	25
4	2	308	0.65	310
5	2	345	0.58	347
6	1	420	0.24	421
7	3	390	0.76	393
8	1	375	0.27	376
9	1	323	0.31	324
10	0	320	0.00	320
11	0	295	0.00	295
12	0	314	0.00	314
13	0	358	0.00	358
14	2	362	0.55	364
15	0	320	0.00	320
16	2	308	0.65	310
17	1	356	0.28	357
18	3	302	0.98	305
19	2	314	0.63	316
20	1	325	0.31	326
21	0	324	0.00	324
22	2	317	0.63	319
23	0	322	0.00	322
24	0	375	0.00	375
25	1	379	0.26	380
26	2	348	0.57	350
27	1	380	0.26	381
28	3	358	0.83	361
29	1	353	0.28	354
30	1	374	0.27	375
31	3	349	0.85	352
32	2	345	0.58	347
33	0	318	0.00	318
34	0	308	0.00	308
35	0	300	0.00	300
36	4	379	1.04	383
37	4	364	1.09	368
38	0	350	0.00	350
39	3	319	0.93	322
40	2	346	0.57	348
41	2	332	0.60	334
42	0	359	0.00	359
43	0	356	0.00	356
44	2	339	0.59	341
45	0	315	0.00	315
46	3	359	0.83	362
47	2	305	0.65	307
48	1	322	0.31	323
49	1	362	0.28	363
50	0	396	0.00	396
51	1	401	0.25	402
52	1	350	0.28	351
53	0	355	0.00	355
54	1	351	0.28	352
55	0	355	0.00	355
56	0	309	0.00	309
57	1	281	0.35	282
58	1	295	0.34	296
59	0	323	0.00	323
60	0	319	0.00	319
61	2	329	0.60	331
62	2	350	0.57	352
63	0	271	0.00	271
64	4	324	1.22	328
65	1	276	0.36	277
66	0	269	0.00	269
67	1	327	0.30	328
68	0	323	0.00	323
69	3	299	0.99	302
70	0	251	0.00	251
71	0	288	0.00	288
72	0	264	0.00	264
73	1	284	0.35	285
74	0	244	0.00	244
75	1	312	0.32	313
76	2	298	0.67	300
77	2	251	0.79	253
78	1	264	0.38	265
79	1	265	0.38	266
80	0	287	0.00	287
81	4	245	1.61	249
82	0	295	0.00	295
83	0	232	0.00	232
84	2	232	0.85	234
85	1	234	0.43	235
86	1	274	0.36	275
87	0	223	0.00	223
88	0	263	0.00	263
89	0	215	0.00	215
90	1	187	0.53	188
91	0	186	0.00	186
92	1	191	0.52	192
93	0	164	0.00	164
94	1	156	0.64	157
95	0	168	0.00	168
96	0	127	0.00	127
97	1	152	0.65	153
98	1	163	0.61	164
99	0	70	0.00	70
100	0	9	0.00	9
101	0	12	0.00	12
102	0	15	0.00	15
103	0	5	0.00	5
104	0	8	0.00	8
105	0	9	0.00	9
106	0	5	0.00	5
107	0	6	0.00	6
108	0	6	0.00	6
109	0	10	0.00	10
110	1	5	16.67	6
111	0	1	0.00	1
112	0	3	0.00	3
113	0	6	0.00	6
114	0	4	0.00	4
115	0	5	0.00	5
116	0	2	0.00	2
117	0	6	0.00	6
118	0	4	0.00	4
119	0	4	0.00	4
120	0	2	0.00	2
121	0	1	0.00	1
122	0	4	0.00	4
123	0	3	0.00	3
124	0	4	0.00	4
125	0	2	0.00	2
126	0	6	0.00	6
127	0	2	0.00	2
128	0	1	0.00	1
129	0	2	0.00	2
130	0	1	0.00	1
131	0	4	0.00	4
132	0	2	0.00	2
133	0	1	0.00	1
134	0	2	0.00	2
135	0	1	0.00	1
136	0	0		0
137	0	1	0.00	1
138	0	3	0.00	3
139	0	1	0.00	1
140	0	2	0.00	2
141	0	1	0.00	1
142	0	1	0.00	1
143	0	2	0.00	2
144	0	0		0
145	0	0		0
146	0	0		0
147	0	0		0
148	0	2	0.00	2
149	0	1	0.00	1
150	0	0		0
151	0	0		0
152	0	0		0
153	0	0		0
154	0	0		0
155	0	0		0
156	0	0		0
157	0	0		0
158	0	0		0
159	0	0		0
160	0	0		0
161	0	0		0
162	0	0		0
163	0	0		0
164	0	0		0
165	0	0		0
166	0	0		0
167	0	1	0.00	1
168	0	1	0.00	1
169	0	0		0
170	0	0		0
171	0	0		0
172	0	1	0.00	1
173	0	0		0
174	0	0		0
175	0	0		0
176	0	0		0
177	0	1	0.00	1
178	0	1	0.00	1
179	0	0		0
180	0	0		0
181	0	0		0
182	0	0		0
183	0	1	0.00	1
184	0	0		0
185	0	0		0
186	0	0		0
187	0	0		0
188	0	0		0
189	0	0		0
190	0	1	0.00	1
191	0	0		0
192	0	0		0
193	0	0		0
194	0	0		0
195	0	0		0
196	0	0		0
197	0	0		0
198	0	0		0
199	0	0		0
200	0	0		0
201	0	0		0
202	0	0		0
203	0	0		0
204	0	0		0
205	0	0		0
206	0	0		0
207	0	0		0
208	0	0		0
209	0	0		0
210	0	0		0
211	0	0		0
212	0	0		0
213	0	0		0
214	0	1	0.00	1
215	0	0		0

CpG context (R2)
================
position	count methylated	count unmethylated	% methylation	coverage
1	0	25	0.00	25
2	1	23	4.17	24
3	4	60	6.25	64
4	11	66	14.29	77
5	4	104	3.70	108
6	4	87	4.40	91
7	8	122	6.15	130
8	1	83	1.19	84
9	3	72	4.00	75
10	8	79	9.20	87
11	3	73	3.95	76
12	3	66	4.35	69
13	4	74	5.13	78
14	1	40	2.44	41
15	5	55	8.33	60
16	2	65	2.99	67
17	1	44	2.22	45
18	4	38	9.52	42
19	1	25	3.85	26
20	1	49	2.00	50
21	2	38	5.00	40
22	1	50	1.96	51
23	2	40	4.76	42
24	1	56	1.75	57
25	1	35	2.78	36
26	1	24	4.00	25
27	2	31	6.06	33
28	2	23	8.00	25
29	3	34	8.11	37
30	0	24	0.00	24
31	1	42	2.33	43
32	1	26	3.70	27
33	2	17	10.53	19
34	4	31	11.43	35
35	0	11	0.00	11
36	4	14	22.22	18
37	1	20	4.76	21
38	0	16	0.00	16
39	0	6	0.00	6
40	1	7	12.50	8
41	1	15	6.25	16
42	0	11	0.00	11
43	2	15	11.76	17
44	1	11	8.33	12
45	0	4	0.00	4
46	3	19	13.64	22
47	0	8	0.00	8
48	2	7	22.22	9
49	0	6	0.00	6
50	1	3	25.00	4
51	1	6	14.29	7
52	0	6	0.00	6
53	0	1	0.00	1
54	1	4	20.00	5
55	0	4	0.00	4
56	0	7	0.00	7
57	0	2	0.00	2
58	1	6	14.29	7
59	0	4	0.00	4
60	0	0		0
61	0	3	0.00	3
62	0	3	0.00	3
63	0	0		0
64	0	1	0.00	1
65	0	0		0
66	0	0		0
67	0	4	0.00	4
68	0	0		0
69	0	4	0.00	4
70	0	1	0.00	1
71	0	1	0.00	1
72	0	4	0.00	4
73	0	1	0.00	1
74	0	1	0.00	1
75	0	2	0.00	2
76	1	0	100.00	1
77	0	3	0.00	3
78	0	0		0
79	0	2	0.00	2
80	0	1	0.00	1
81	0	0		0
82	0	3	0.00	3
83	0	1	0.00	1
84	0	0		0
85	0	0		0
86	0	1	0.00	1
87	0	1	0.00	1
88	0	0		0
89	0	0		0
90	0	0		0
91	0	1	0.00	1
92	0	0		0
93	0	1	0.00	1

CHG context (R2)
================
position	count methylated	count unmethylated	% methylation	coverage
1	9	2109	0.42	2118
2	0	31	0.00	31
3	0	8	0.00	8
4	0	36	0.00	36
5	0	54	0.00	54
6	1	76	1.30	77
7	0	67	0.00	67
8	0	100	0.00	100
9	0	66	0.00	66
10	1	69	1.43	70
11	0	61	0.00	61
12	0	28	0.00	28
13	0	48	0.00	48
14	0	57	0.00	57
15	0	47	0.00	47
16	1	52	1.89	53
17	0	61	0.00	61
18	0	50	0.00	50
19	0	34	0.00	34
20	0	50	0.00	50
21	0	36	0.00	36
22	0	52	0.00	52
23	0	23	0.00	23
24	0	21	0.00	21
25	0	48	0.00	48
26	0	20	0.00	20
27	0	18	0.00	18
28	0	27	0.00	27
29	0	25	0.00	25
30	0	19	0.00	19
31	1	23	4.17	24
32	0	22	0.00	22
33	0	29	0.00	29
34	0	19	0.00	19
35	0	29	0.00	29
36	0	19	0.00	19
37	0	17	0.00	17
38	0	9	0.00	9
39	0	14	0.00	14
40	0	14	0.00	14
41	0	14	0.00	14
42	0	5	0.00	5
43	0	8	0.00	8
44	0	6	0.00	6
45	0	14	0.00	14
46	0	0		0
47	0	13	0.00	13
48	0	10	0.00	10
49	0	7	0.00	7
50	0	9	0.00	9
51	0	7	0.00	7
52	0	11	0.00	11
53	0	7	0.00	7
54	0	0		0
55	0	7	0.00	7
56	0	5	0.00	5
57	0	0		0
58	0	1	0.00	1
59	0	0		0
60	0	9	0.00	9
61	0	0		0
62	0	1	0.00	1
63	0	5	0.00	5
64	0	1	0.00	1
65	0	0		0
66	0	0		0
67	0	0		0
68	0	1	0.00	1
69	0	2	0.00	2
70	0	2	0.00	2
71	0	0		0
72	0	1	0.00	1
73	0	4	0.00	4
74	0	0		0
75	0	2	0.00	2
76	0	1	0.00	1
77	0	0		0
78	0	1	0.00	1
79	0	0		0
80	0	0		0
81	0	0		0
82	0	0		0
83	0	2	0.00	2
84	0	0		0
85	0	1	0.00	1
86	0	1	0.00	1
87	0	0		0
88	0	0		0
89	0	0		0
90	0	0		0
91	0	0		0
92	0	0		0
93	0	0		0

CHH context (R2)
================
position	count methylated	count unmethylated	% methylation	coverage
1	0	14	0.00	14
2	3	992	0.30	995
3	2	273	0.73	275
4	1	201	0.50	202
5	1	137	0.72	138
6	0	89	0.00	89
7	0	113	0.00	113
8	0	145	0.00	145
9	0	108	0.00	108
10	0	123	0.00	123
11	0	90	0.00	90
12	0	86	0.00	86
13	0	67	0.00	67
14	0	83	0.00	83
15	0	76	0.00	76
16	0	65	0.00	65
17	0	82	0.00	82
18	0	74	0.00	74
19	0	74	0.00	74
20	0	64	0.00	64
21	0	45	0.00	45
22	1	43	2.27	44
23	1	49	2.00	50
24	0	33	0.00	33
25	0	41	0.00	41
26	0	32	0.00	32
27	1	31	3.12	32
28	0	38	0.00	38
29	0	34	0.00	34
30	0	18	0.00	18
31	0	29	0.00	29
32	0	29	0.00	29
33	1	14	6.67	15
34	0	23	0.00	23
35	0	29	0.00	29
36	0	18	0.00	18
37	0	11	0.00	11
38	0	15	0.00	15
39	0	10	0.00	10
40	0	13	0.00	13
41	0	17	0.00	17
42	0	18	0.00	18
43	0	17	0.00	17
44	0	24	0.00	24
45	0	9	0.00	9
46	0	13	0.00	13
47	0	8	0.00	8
48	0	8	0.00	8
49	0	11	0.00	11
50	0	11	0.00	11
51	0	13	0.00	13
52	0	16	0.00	16
53	0	12	0.00	12
54	0	10	0.00	10
55	0	11	0.00	11
56	0	6	0.00	6
57	0	5	0.00	5
58	0	4	0.00	4
59	0	4	0.00	4
60	0	1	0.00	1
61	0	4	0.00	4
62	0	2	0.00	2
63	0	2	0.00	2
64	0	3	0.00	3
65	0	3	0.00	3
66	0	1	0.00	1
67	0	1	0.00	1
68	0	0		0
69	0	1	0.00	1
70	0	1	0.00	1
71	0	1	0.00	1
72	0	1	0.00	1
73	0	1	0.00	1
74	0	1	0.00	1
75	0	2	0.00	2
76	0	1	0.00	1
77	0	2	0.00	2
78	0	1	0.00	1
79	0	0		0
80	0	0		0
81	0	0		0
82	0	0		0
83	0	0		0
84	0	0		0
85	0	0		0
86	0	0		0
87	0	0		0
88	0	0		0
89	0	1	0.00	1
90	0	0		0
91	0	0		0
92	0	0		0
93	0	0		0

