CpG context (R1)
================
position	count methylated	count unmethylated	% methylation	coverage
1	218	2143	9.23	2361
2	0	26	0.00	26
3	0	13	0.00	13
4	9	162	5.26	171
5	13	205	5.96	218
6	11	261	4.04	272
7	15	206	6.79	221
8	18	300	5.66	318
9	16	234	6.40	250
10	14	270	4.93	284
11	17	231	6.85	248
12	20	285	6.56	305
13	23	282	7.54	305
14	19	243	7.25	262
15	5	225	2.17	230
16	14	284	4.70	298
17	11	228	4.60	239
18	7	266	2.56	273
19	18	312	5.45	330
20	11	240	4.38	251
21	14	188	6.93	202
22	16	276	5.48	292
23	16	262	5.76	278
24	9	242	3.59	251
25	20	292	6.41	312
26	18	301	5.64	319
27	18	257	6.55	275
28	13	226	5.44	239
29	9	301	2.90	310
30	14	252	5.26	266
31	13	311	4.01	324
32	10	273	3.53	283
33	10	232	4.13	242
34	13	258	4.80	271
35	10	282	3.42	292
36	16	205	7.24	221
37	13	300	4.15	313
38	14	208	6.31	222
39	17	239	6.64	256
40	7	269	2.54	276
41	15	265	5.36	280
42	15	284	5.02	299
43	12	263	4.36	275
44	19	268	6.62	287
45	13	249	4.96	262
46	13	238	5.18	251
47	12	292	3.95	304
48	9	226	3.83	235
49	18	224	7.44	242
50	15	254	5.58	269
51	12	226	5.04	238
52	13	249	4.96	262
53	8	227	3.40	235
54	13	241	5.12	254
55	11	281	3.77	292
56	14	253	5.24	267
57	12	222	5.13	234
58	17	237	6.69	254
59	10	263	3.66	273
60	13	249	4.96	262
61	13	242	5.10	255
62	19	235	7.48	254
63	13	232	5.31	245
64	14	237	5.58	251
65	17	226	7.00	243
66	6	258	2.27	264
67	18	216	7.69	234
68	3	190	1.55	193
69	12	205	5.53	217
70	13	220	5.58	233
71	11	271	3.90	282
72	12	244	4.69	256
73	9	215	4.02	224
74	9	180	4.76	189
75	19	197	8.80	216
76	15	199	7.01	214
77	10	208	4.59	218
78	5	180	2.70	185
79	14	202	6.48	216
80	8	173	4.42	181
81	6	158	3.66	164
82	13	197	6.19	210
83	8	113	6.61	121
84	9	169	5.06	178
85	12	184	6.12	196
86	13	165	7.30	178
87	4	171	2.29	175
88	6	121	4.72	127
89	5	150	3.23	155
90	6	111	5.13	117
91	7	119	5.56	126
92	5	146	3.31	151
93	11	116	8.66	127
94	5	135	3.57	140
95	7	98	6.67	105
96	4	107	3.60	111
97	3	155	1.90	158
98	6	100	5.66	106
99	4	46	8.00	50
100	0	11	0.00	11
101	0	10	0.00	10
102	0	4	0.00	4
103	2	6	25.00	8
104	0	9	0.00	9
105	0	3	0.00	3
106	0	1	0.00	1
107	1	6	14.29	7
108	1	4	20.00	5
109	0	8	0.00	8
110	0	2	0.00	2
111	0	6	0.00	6
112	0	6	0.00	6
113	1	3	25.00	4
114	0	6	0.00	6
115	0	3	0.00	3
116	0	3	0.00	3
117	1	6	14.29	7
118	0	1	0.00	1
119	0	1	0.00	1
120	0	2	0.00	2
121	0	5	0.00	5
122	0	2	0.00	2
123	0	3	0.00	3
124	0	3	0.00	3
125	1	3	25.00	4
126	0	2	0.00	2
127	1	1	50.00	2
128	0	0		0
129	0	4	0.00	4
130	0	1	0.00	1
131	0	1	0.00	1
132	0	4	0.00	4
133	0	4	0.00	4
134	0	3	0.00	3
135	0	3	0.00	3
136	0	2	0.00	2
137	0	2	0.00	2
138	0	3	0.00	3
139	0	1	0.00	1
140	0	0		0
141	0	1	0.00	1
142	0	1	0.00	1
143	1	1	50.00	2
144	0	3	0.00	3
145	0	0		0
146	0	1	0.00	1
147	0	0		0
148	1	2	33.33	3
149	0	2	0.00	2

CHG context (R1)
================
position	count methylated	count unmethylated	% methylation	coverage
1	1	29	3.33	30
2	0	16	0.00	16
3	0	6	0.00	6
4	2	149	1.32	151
5	0	185	0.00	185
6	0	236	0.00	236
7	1	258	0.39	259
8	0	216	0.00	216
9	1	240	0.41	241
10	0	200	0.00	200
11	1	229	0.43	230
12	0	200	0.00	200
13	0	216	0.00	216
14	0	194	0.00	194
15	2	207	0.96	209
16	1	225	0.44	226
17	2	233	0.85	235
18	0	259	0.00	259
19	1	211	0.47	212
20	1	159	0.62	160
21	2	237	0.84	239
22	1	243	0.41	244
23	1	198	0.50	199
24	0	210	0.00	210
25	1	240	0.41	241
26	0	215	0.00	215
27	0	220	0.00	220
28	0	255	0.00	255
29	3	195	1.52	198
30	1	195	0.51	196
31	1	255	0.39	256
32	2	175	1.13	177
33	0	250	0.00	250
34	2	224	0.88	226
35	1	212	0.47	213
36	0	253	0.00	253
37	0	198	0.00	198
38	1	197	0.51	198
39	0	233	0.00	233
40	0	218	0.00	218
41	3	264	1.12	267
42	0	197	0.00	197
43	2	222	0.89	224
44	0	225	0.00	225
45	0	198	0.00	198
46	2	238	0.83	240
47	1	172	0.58	173
48	0	199	0.00	199
49	1	244	0.41	245
50	1	200	0.50	201
51	2	212	0.93	214
52	1	198	0.50	199
53	1	207	0.48	208
54	0	195	0.00	195
55	1	168	0.59	169
56	0	216	0.00	216
57	1	221	0.45	222
58	1	201	0.50	202
59	0	189	0.00	189
60	1	164	0.61	165
61	1	186	0.53	187
62	1	170	0.58	171
63	0	173	0.00	173
64	1	197	0.51	198
65	1	214	0.47	215
66	2	193	1.03	195
67	0	159	0.00	159
68	0	209	0.00	209
69	0	197	0.00	197
70	1	198	0.50	199
71	0	184	0.00	184
72	0	152	0.00	152
73	0	184	0.00	184
74	1	154	0.65	155
75	1	151	0.66	152
76	1	178	0.56	179
77	1	160	0.62	161
78	0	168	0.00	168
79	0	157	0.00	157
80	1	134	0.74	135
81	0	188	0.00	188
82	0	129	0.00	129
83	2	131	1.50	133
84	2	148	1.33	150
85	1	113	0.88	114
86	1	174	0.57	175
87	0	122	0.00	122
88	1	141	0.70	142
89	0	129	0.00	129
90	0	99	0.00	99
91	1	144	0.69	145
92	0	84	0.00	84
93	0	80	0.00	80
94	0	121	0.00	121
95	1	92	1.08	93
96	1	111	0.89	112
97	0	120	0.00	120
98	0	100	0.00	100
99	0	30	0.00	30
100	0	6	0.00	6
101	0	5	0.00	5
102	0	5	0.00	5
103	0	6	0.00	6
104	0	5	0.00	5
105	0	5	0.00	5
106	0	8	0.00	8
107	0	4	0.00	4
108	0	6	0.00	6
109	0	2	0.00	2
110	0	3	0.00	3
111	0	4	0.00	4
112	0	4	0.00	4
113	0	4	0.00	4
114	0	2	0.00	2
115	0	2	0.00	2
116	0	6	0.00	6
117	0	2	0.00	2
118	0	1	0.00	1
119	0	5	0.00	5
120	0	3	0.00	3
121	0	2	0.00	2
122	0	4	0.00	4
123	0	4	0.00	4
124	0	2	0.00	2
125	0	1	0.00	1
126	0	2	0.00	2
127	0	3	0.00	3
128	0	4	0.00	4
129	0	0		0
130	0	3	0.00	3
131	0	1	0.00	1
132	0	3	0.00	3
133	0	1	0.00	1
134	0	1	0.00	1
135	0	1	0.00	1
136	0	3	0.00	3
137	0	1	0.00	1
138	0	0		0
139	0	2	0.00	2
140	0	0		0
141	0	0		0
142	0	0		0
143	0	2	0.00	2
144	0	0		0
145	0	1	0.00	1
146	0	2	0.00	2
147	0	1	0.00	1
148	0	3	0.00	3
149	0	1	0.00	1

CHH context (R1)
================
position	count methylated	count unmethylated	% methylation	coverage
1	0	29	0.00	29
2	0	23	0.00	23
3	0	18	0.00	18
4	1	328	0.30	329
5	2	396	0.50	398
6	1	410	0.24	411
7	4	390	1.02	394
8	2	337	0.59	339
9	0	313	0.00	313
10	0	298	0.00	298
11	1	323	0.31	324
12	2	331	0.60	333
13	2	336	0.59	338
14	3	375	0.79	378
15	1	388	0.26	389
16	0	349	0.00	349
17	0	324	0.00	324
18	2	287	0.69	289
19	1	283	0.35	284
20	0	352	0.00	352
21	2	330	0.60	332
22	2	323	0.62	325
23	2	330	0.60	332
24	2	344	0.58	346
25	0	379	0.00	379
26	0	321	0.00	321
27	0	403	0.00	403
28	2	344	0.58	346
29	0	341	0.00	341
30	1	380	0.26	381
31	0	362	0.00	362
32	2	405	0.49	407
33	2	311	0.64	313
34	0	352	0.00	352
35	1	305	0.33	306
36	0	367	0.00	367
37	2	369	0.54	371
38	1	347	0.29	348
39	2	363	0.55	365
40	0	334	0.00	334
41	2	328	0.61	330
42	1	321	0.31	322
43	1	290	0.34	291
44	1	342	0.29	343
45	1	296	0.34	297
46	2	329	0.60	331
47	0	350	0.00	350
48	3	357	0.83	360
49	1	373	0.27	374
50	1	358	0.28	359
51	1	376	0.27	377
52	0	369	0.00	369
53	0	364	0.00	364
54	1	330	0.30	331
55	2	300	0.66	302
56	1	272	0.37	273
57	1	306	0.33	307
58	0	302	0.00	302
59	0	330	0.00	330
60	0	299	0.00	299
61	1	306	0.33	307
62	2	349	0.57	351
63	0	295	0.00	295
64	2	345	0.58	347
65	0	305	0.00	305
66	1	284	0.35	285
67	1	352	0.28	353
68	1	368	0.27	369
69	0	306	0.00	306
70	2	278	0.71	280
71	1	274	0.36	275
72	3	281	1.06	284
73	0	281	0.00	281
74	2	251	0.79	253
75	2	292	0.68	294
76	1	289	0.34	290
77	1	265	0.38	266
78	1	273	0.36	274
79	0	265	0.00	265
80	3	299	0.99	302
81	3	264	1.12	267
82	2	279	0.71	281
83	0	229	0.00	229
84	0	229	0.00	229
85	1	280	0.36	281
86	0	248	0.00	248
87	0	242	0.00	242
88	0	247	0.00	247
89	0	200	0.00	200
90	3	202	1.46	205
91	0	178	0.00	178
92	1	216	0.46	217
93	2	183	1.08	185
94	0	161	0.00	161
95	1	177	0.56	178
96	0	155	0.00	155
97	2	149	1.32	151
98	1	159	0.62	160
99	0	83	0.00	83
100	0	7	0.00	7
101	0	8	0.00	8
102	0	7	0.00	7
103	0	6	0.00	6
104	0	13	0.00	13
105	0	10	0.00	10
106	0	5	0.00	5
107	0	7	0.00	7
108	0	4	0.00	4
109	0	8	0.00	8
110	0	7	0.00	7
111	0	4	0.00	4
112	0	2	0.00	2
113	0	5	0.00	5
114	0	5	0.00	5
115	0	6	0.00	6
116	0	3	0.00	3
117	0	3	0.00	3
118	0	3	0.00	3
119	0	4	0.00	4
120	0	5	0.00	5
121	0	7	0.00	7
122	0	5	0.00	5
123	0	6	0.00	6
124	0	4	0.00	4
125	0	2	0.00	2
126	0	3	0.00	3
127	0	5	0.00	5
128	0	3	0.00	3
129	0	5	0.00	5
130	0	2	0.00	2
131	0	5	0.00	5
132	0	0		0
133	0	3	0.00	3
134	0	1	0.00	1
135	0	4	0.00	4
136	0	1	0.00	1
137	0	0		0
138	0	1	0.00	1
139	0	1	0.00	1
140	0	1	0.00	1
141	0	0		0
142	0	0		0
143	0	2	0.00	2
144	0	0		0
145	0	2	0.00	2
146	0	1	0.00	1
147	0	1	0.00	1
148	0	0		0
149	0	2	0.00	2

CpG context (R2)
================
position	count methylated	count unmethylated	% methylation	coverage
1	0	26	0.00	26
2	0	15	0.00	15
3	2	73	2.67	75
4	3	61	4.69	64
5	2	99	1.98	101
6	2	80	2.44	82
7	7	126	5.26	133
8	4	76	5.00	80
9	4	85	4.49	89
10	4	88	4.35	92
11	2	66	2.94	68
12	1	60	1.64	61
13	4	83	4.60	87
14	5	50	9.09	55
15	2	49	3.92	51
16	3	62	4.62	65
17	2	40	4.76	42
18	5	58	7.94	63
19	3	31	8.82	34
20	2	38	5.00	40
21	1	36	2.70	37
22	0	37	0.00	37
23	3	33	8.33	36
24	1	51	1.92	52
25	1	30	3.23	31
26	0	28	0.00	28
27	1	36	2.70	37
28	2	28	6.67	30
29	1	36	2.70	37
30	0	17	0.00	17
31	2	34	5.56	36
32	1	26	3.70	27
33	2	15	11.76	17
34	0	17	0.00	17
35	1	13	7.14	14
36	0	18	0.00	18
37	1	28	3.45	29
38	1	24	4.00	25
39	0	10	0.00	10
40	0	9	0.00	9
41	0	8	0.00	8
42	1	8	11.11	9
43	0	9	0.00	9
44	1	16	5.88	17
45	1	7	12.50	8
46	1	10	9.09	11
47	0	6	0.00	6
48	1	8	11.11	9
49	0	7	0.00	7
50	0	4	0.00	4
51	0	5	0.00	5
52	2	5	28.57	7
53	1	2	33.33	3
54	1	2	33.33	3
55	0	3	0.00	3
56	1	1	50.00	2
57	2	0	100.00	2
58	0	6	0.00	6
59	1	4	20.00	5
60	0	2	0.00	2
61	0	2	0.00	2
62	1	2	33.33	3
63	0	2	0.00	2
64	0	3	0.00	3
65	1	1	50.00	2
66	0	0		0
67	1	1	50.00	2
68	0	0		0
69	0	1	0.00	1
70	1	1	50.00	2
71	0	1	0.00	1
72	0	2	0.00	2
73	0	3	0.00	3
74	0	1	0.00	1
75	0	1	0.00	1
76	0	2	0.00	2
77	0	2	0.00	2
78	0	0		0
79	0	1	0.00	1
80	0	0		0
81	0	0		0
82	0	0		0
83	0	0		0
84	0	0		0
85	0	1	0.00	1
86	0	1	0.00	1
87	0	0		0
88	0	0		0
89	0	1	0.00	1
90	0	0		0
91	0	0		0
92	0	1	0.00	1
93	0	0		0
94	0	0		0
95	0	0		0
96	0	0		0

CHG context (R2)
================
position	count methylated	count unmethylated	% methylation	coverage
1	8	2118	0.38	2126
2	0	32	0.00	32
3	0	6	0.00	6
4	0	37	0.00	37
5	0	48	0.00	48
6	2	70	2.78	72
7	0	78	0.00	78
8	0	83	0.00	83
9	0	75	0.00	75
10	0	51	0.00	51
11	1	67	1.47	68
12	1	33	2.94	34
13	0	38	0.00	38
14	0	47	0.00	47
15	0	52	0.00	52
16	0	49	0.00	49
17	1	50	1.96	51
18	0	45	0.00	45
19	0	53	0.00	53
20	0	49	0.00	49
21	0	37	0.00	37
22	0	59	0.00	59
23	0	18	0.00	18
24	0	17	0.00	17
25	0	32	0.00	32
26	1	18	5.26	19
27	0	13	0.00	13
28	0	10	0.00	10
29	1	17	5.56	18
30	0	27	0.00	27
31	0	24	0.00	24
32	0	17	0.00	17
33	0	19	0.00	19
34	0	26	0.00	26
35	0	18	0.00	18
36	0	19	0.00	19
37	0	12	0.00	12
38	0	5	0.00	5
39	0	13	0.00	13
40	0	18	0.00	18
41	0	19	0.00	19
42	0	6	0.00	6
43	0	9	0.00	9
44	0	3	0.00	3
45	0	12	0.00	12
46	0	2	0.00	2
47	0	4	0.00	4
48	0	8	0.00	8
49	0	7	0.00	7
50	0	7	0.00	7
51	0	2	0.00	2
52	0	8	0.00	8
53	0	1	0.00	1
54	0	2	0.00	2
55	0	3	0.00	3
56	0	3	0.00	3
57	0	0		0
58	0	1	0.00	1
59	0	0		0
60	0	3	0.00	3
61	0	0		0
62	0	1	0.00	1
63	0	2	0.00	2
64	0	3	0.00	3
65	0	1	0.00	1
66	0	0		0
67	0	1	0.00	1
68	0	2	0.00	2
69	0	0		0
70	0	2	0.00	2
71	0	2	0.00	2
72	0	0		0
73	0	2	0.00	2
74	0	1	0.00	1
75	0	0		0
76	0	0		0
77	0	0		0
78	0	0		0
79	0	2	0.00	2
80	0	0		0
81	0	0		0
82	0	0		0
83	0	0		0
84	0	1	0.00	1
85	0	0		0
86	0	0		0
87	0	0		0
88	0	0		0
89	0	1	0.00	1
90	0	0		0
91	0	0		0
92	0	0		0
93	0	0		0
94	0	1	0.00	1
95	0	0		0
96	0	0		0

CHH context (R2)
================
position	count methylated	count unmethylated	% methylation	coverage
1	0	15	0.00	15
2	5	906	0.55	911
3	2	249	0.80	251
4	0	165	0.00	165
5	0	127	0.00	127
6	2	108	1.82	110
7	0	101	0.00	101
8	2	139	1.42	141
9	0	104	0.00	104
10	0	130	0.00	130
11	1	89	1.11	90
12	0	79	0.00	79
13	0	60	0.00	60
14	0	69	0.00	69
15	0	69	0.00	69
16	0	60	0.00	60
17	0	77	0.00	77
18	1	69	1.43	70
19	0	64	0.00	64
20	0	57	0.00	57
21	0	40	0.00	40
22	0	48	0.00	48
23	0	47	0.00	47
24	0	38	0.00	38
25	0	46	0.00	46
26	0	37	0.00	37
27	0	27	0.00	27
28	0	26	0.00	26
29	0	34	0.00	34
30	0	28	0.00	28
31	0	23	0.00	23
32	1	27	3.57	28
33	0	13	0.00	13
34	0	20	0.00	20
35	0	26	0.00	26
36	0	23	0.00	23
37	0	12	0.00	12
38	0	17	0.00	17
39	0	6	0.00	6
40	1	17	5.56	18
41	0	21	0.00	21
42	0	16	0.00	16
43	0	16	0.00	16
44	0	19	0.00	19
45	0	11	0.00	11
46	0	15	0.00	15
47	0	13	0.00	13
48	0	4	0.00	4
49	0	8	0.00	8
50	0	2	0.00	2
51	0	14	0.00	14
52	0	10	0.00	10
53	0	12	0.00	12
54	0	8	0.00	8
55	0	13	0.00	13
56	0	10	0.00	10
57	0	4	0.00	4
58	0	4	0.00	4
59	0	2	0.00	2
60	0	0		0
61	0	2	0.00	2
62	0	1	0.00	1
63	0	1	0.00	1
64	0	3	0.00	3
65	0	3	0.00	3
66	0	0		0
67	0	0		0
68	0	2	0.00	2
69	0	1	0.00	1
70	0	1	0.00	1
71	0	0		0
72	0	0		0
73	0	1	0.00	1
74	0	1	0.00	1
75	0	1	0.00	1
76	0	0		0
77	0	0		0
78	0	2	0.00	2
79	0	0		0
80	0	3	0.00	3
81	0	1	0.00	1
82	0	1	0.00	1
83	0	1	0.00	1
84	0	0		0
85	0	1	0.00	1
86	0	0		0
87	0	0		0
88	0	0		0
89	0	1	0.00	1
90	0	1	0.00	1
91	0	0		0
92	0	0		0
93	0	0		0
94	0	0		0
95	0	1	0.00	1
96	0	1	0.00	1

