CpG context (R1)
================
position	count methylated	count unmethylated	% methylation	coverage
1	207	2151	8.78	2358
2	1	22	4.35	23
3	1	15	6.25	16
4	13	186	6.53	199
5	10	192	4.95	202
6	7	242	2.81	249
7	9	218	3.96	227
8	14	261	5.09	275
9	11	253	4.17	264
10	15	209	6.70	224
11	15	247	5.73	262
12	16	288	5.26	304
13	18	270	6.25	288
14	14	265	5.02	279
15	9	252	3.45	261
16	19	278	6.40	297
17	17	225	7.02	242
18	4	248	1.59	252
19	16	299	5.08	315
20	6	232	2.52	238
21	15	237	5.95	252
22	15	297	4.81	312
23	14	249	5.32	263
24	12	260	4.41	272
25	10	291	3.32	301
26	9	312	2.80	321
27	11	253	4.17	264
28	24	269	8.19	293
29	18	276	6.12	294
30	10	254	3.79	264
31	11	270	3.91	281
32	8	307	2.54	315
33	11	228	4.60	239
34	16	278	5.44	294
35	19	252	7.01	271
36	8	226	3.42	234
37	20	256	7.25	276
38	19	222	7.88	241
39	15	249	5.68	264
40	9	257	3.38	266
41	15	245	5.77	260
42	11	268	3.94	279
43	10	246	3.91	256
44	12	244	4.69	256
45	15	278	5.12	293
46	14	232	5.69	246
47	20	241	7.66	261
48	14	268	4.96	282
49	14	231	5.71	245
50	9	227	3.81	236
51	12	232	4.92	244
52	10	235	4.08	245
53	9	239	3.63	248
54	9	231	3.75	240
55	15	291	4.90	306
56	19	214	8.15	233
57	17	226	7.00	243
58	8	245	3.16	253
59	7	261	2.61	268
60	12	233	4.90	245
61	14	223	5.91	237
62	13	226	5.44	239
63	14	226	5.83	240
64	6	257	2.28	263
65	15	241	5.86	256
66	19	260	6.81	279
67	17	249	6.39	266
68	7	193	3.50	200
69	10	199	4.78	209
70	13	238	5.18	251
71	13	250	4.94	263
72	13	238	5.18	251
73	10	222	4.31	232
74	13	180	6.74	193
75	12	149	7.45	161
76	12	202	5.61	214
77	10	213	4.48	223
78	10	197	4.83	207
79	20	248	7.46	268
80	5	159	3.05	164
81	5	156	3.11	161
82	8	215	3.59	223
83	5	131	3.68	136
84	3	175	1.69	178
85	7	189	3.57	196
86	6	159	3.64	165
87	7	175	3.85	182
88	8	118	6.35	126
89	8	157	4.85	165
90	5	108	4.42	113
91	6	134	4.29	140
92	6	138	4.17	144
93	7	131	5.07	138
94	8	103	7.21	111
95	10	113	8.13	123
96	4	118	3.28	122
97	5	126	3.82	131
98	8	115	6.50	123
99	3	58	4.92	61
100	0	9	0.00	9
101	1	7	12.50	8
102	0	4	0.00	4
103	0	9	0.00	9
104	0	4	0.00	4
105	1	4	20.00	5
106	0	5	0.00	5
107	1	6	14.29	7
108	0	6	0.00	6
109	1	5	16.67	6
110	0	4	0.00	4
111	0	1	0.00	1
112	1	6	14.29	7
113	0	2	0.00	2
114	0	2	0.00	2
115	0	1	0.00	1
116	0	3	0.00	3
117	0	3	0.00	3
118	1	2	33.33	3
119	0	4	0.00	4
120	1	2	33.33	3
121	1	0	100.00	1
122	0	2	0.00	2
123	2	1	66.67	3
124	0	1	0.00	1
125	0	0		0
126	0	2	0.00	2
127	0	0		0
128	1	3	25.00	4
129	1	0	100.00	1
130	0	0		0
131	0	1	0.00	1
132	0	1	0.00	1
133	0	0		0
134	1	3	25.00	4
135	0	1	0.00	1
136	0	2	0.00	2
137	0	2	0.00	2
138	0	1	0.00	1
139	0	1	0.00	1
140	0	0		0
141	0	1	0.00	1
142	0	1	0.00	1
143	0	1	0.00	1
144	0	1	0.00	1
145	0	1	0.00	1
146	0	1	0.00	1
147	0	0		0
148	0	0		0
149	0	1	0.00	1

CHG context (R1)
================
position	count methylated	count unmethylated	% methylation	coverage
1	0	25	0.00	25
2	1	24	4.00	25
3	0	13	0.00	13
4	0	144	0.00	144
5	2	184	1.08	186
6	2	245	0.81	247
7	1	246	0.40	247
8	1	221	0.45	222
9	1	196	0.51	197
10	0	223	0.00	223
11	0	251	0.00	251
12	0	198	0.00	198
13	0	188	0.00	188
14	1	201	0.50	202
15	1	227	0.44	228
16	1	232	0.43	233
17	0	267	0.00	267
18	0	264	0.00	264
19	1	216	0.46	217
20	1	178	0.56	179
21	2	223	0.89	225
22	3	220	1.35	223
23	1	211	0.47	212
24	1	209	0.48	210
25	1	240	0.41	241
26	0	218	0.00	218
27	1	223	0.45	224
28	0	251	0.00	251
29	0	216	0.00	216
30	1	191	0.52	192
31	1	246	0.40	247
32	0	206	0.00	206
33	1	224	0.44	225
34	1	220	0.45	221
35	2	232	0.85	234
36	0	230	0.00	230
37	1	193	0.52	194
38	2	227	0.87	229
39	1	250	0.40	251
40	1	200	0.50	201
41	1	250	0.40	251
42	0	193	0.00	193
43	0	213	0.00	213
44	1	239	0.42	240
45	2	203	0.98	205
46	0	222	0.00	222
47	1	188	0.53	189
48	0	215	0.00	215
49	0	217	0.00	217
50	0	195	0.00	195
51	1	215	0.46	216
52	1	232	0.43	233
53	0	226	0.00	226
54	1	196	0.51	197
55	1	179	0.56	180
56	1	209	0.48	210
57	0	209	0.00	209
58	1	198	0.50	199
59	0	186	0.00	186
60	0	150	0.00	150
61	0	202	0.00	202
62	2	161	1.23	163
63	0	181	0.00	181
64	2	186	1.06	188
65	0	213	0.00	213
66	1	173	0.57	174
67	1	176	0.56	177
68	0	210	0.00	210
69	0	194	0.00	194
70	0	174	0.00	174
71	0	163	0.00	163
72	2	167	1.18	169
73	0	181	0.00	181
74	0	133	0.00	133
75	1	159	0.62	160
76	0	187	0.00	187
77	0	161	0.00	161
78	0	155	0.00	155
79	0	128	0.00	128
80	0	151	0.00	151
81	1	188	0.53	189
82	0	119	0.00	119
83	1	114	0.87	115
84	0	150	0.00	150
85	0	124	0.00	124
86	0	168	0.00	168
87	0	117	0.00	117
88	0	120	0.00	120
89	0	130	0.00	130
90	1	109	0.91	110
91	1	163	0.61	164
92	0	95	0.00	95
93	1	82	1.20	83
94	1	101	0.98	102
95	0	98	0.00	98
96	1	109	0.91	110
97	0	132	0.00	132
98	0	88	0.00	88
99	0	42	0.00	42
100	0	5	0.00	5
101	0	7	0.00	7
102	0	10	0.00	10
103	0	5	0.00	5
104	0	1	0.00	1
105	0	4	0.00	4
106	0	6	0.00	6
107	0	3	0.00	3
108	0	3	0.00	3
109	0	3	0.00	3
110	0	1	0.00	1
111	0	2	0.00	2
112	1	2	33.33	3
113	0	2	0.00	2
114	0	2	0.00	2
115	0	1	0.00	1
116	0	0		0
117	0	2	0.00	2
118	0	2	0.00	2
119	0	1	0.00	1
120	0	1	0.00	1
121	0	0		0
122	0	0		0
123	0	1	0.00	1
124	0	2	0.00	2
125	0	4	0.00	4
126	0	0		0
127	0	1	0.00	1
128	0	2	0.00	2
129	0	0		0
130	0	1	0.00	1
131	0	0		0
132	0	0		0
133	0	2	0.00	2
134	0	0		0
135	0	2	0.00	2
136	0	1	0.00	1
137	0	0		0
138	0	0		0
139	0	1	0.00	1
140	0	1	0.00	1
141	0	1	0.00	1
142	0	1	0.00	1
143	0	0		0
144	0	0		0
145	0	1	0.00	1
146	0	0		0
147	0	0		0
148	0	1	0.00	1
149	0	3	0.00	3

CHH context (R1)
================
position	count methylated	count unmethylated	% methylation	coverage
1	0	43	0.00	43
2	1	35	2.78	36
3	0	24	0.00	24
4	0	337	0.00	337
5	2	413	0.48	415
6	1	413	0.24	414
7	2	385	0.52	387
8	0	355	0.00	355
9	0	365	0.00	365
10	1	345	0.29	346
11	1	334	0.30	335
12	1	335	0.30	336
13	3	407	0.73	410
14	2	384	0.52	386
15	2	380	0.52	382
16	1	376	0.27	377
17	0	332	0.00	332
18	0	303	0.00	303
19	2	333	0.60	335
20	3	375	0.79	378
21	1	337	0.30	338
22	1	350	0.28	351
23	1	352	0.28	353
24	2	345	0.58	347
25	0	391	0.00	391
26	2	367	0.54	369
27	1	392	0.25	393
28	3	374	0.80	377
29	1	307	0.32	308
30	0	395	0.00	395
31	0	353	0.00	353
32	3	366	0.81	369
33	1	305	0.33	306
34	0	327	0.00	327
35	0	301	0.00	301
36	1	391	0.26	392
37	3	368	0.81	371
38	0	387	0.00	387
39	0	325	0.00	325
40	2	305	0.65	307
41	0	318	0.00	318
42	0	384	0.00	384
43	0	359	0.00	359
44	2	307	0.65	309
45	2	286	0.69	288
46	1	337	0.30	338
47	0	301	0.00	301
48	1	320	0.31	321
49	0	355	0.00	355
50	1	367	0.27	368
51	0	398	0.00	398
52	0	364	0.00	364
53	1	317	0.31	318
54	1	299	0.33	300
55	1	306	0.33	307
56	1	289	0.34	290
57	1	265	0.38	266
58	3	296	1.00	299
59	1	315	0.32	316
60	2	312	0.64	314
61	1	327	0.30	328
62	1	356	0.28	357
63	1	302	0.33	303
64	2	308	0.65	310
65	0	334	0.00	334
66	2	281	0.71	283
67	0	325	0.00	325
68	2	363	0.55	365
69	0	300	0.00	300
70	2	269	0.74	271
71	2	266	0.75	268
72	1	250	0.40	251
73	1	302	0.33	303
74	3	282	1.05	285
75	2	304	0.65	306
76	1	293	0.34	294
77	0	267	0.00	267
78	1	283	0.35	284
79	0	279	0.00	279
80	0	299	0.00	299
81	1	243	0.41	244
82	1	255	0.39	256
83	0	213	0.00	213
84	0	246	0.00	246
85	0	275	0.00	275
86	0	254	0.00	254
87	0	218	0.00	218
88	0	228	0.00	228
89	0	201	0.00	201
90	0	195	0.00	195
91	0	183	0.00	183
92	0	184	0.00	184
93	2	178	1.11	180
94	1	182	0.55	183
95	0	190	0.00	190
96	0	131	0.00	131
97	0	155	0.00	155
98	1	154	0.65	155
99	0	78	0.00	78
100	0	9	0.00	9
101	0	6	0.00	6
102	0	5	0.00	5
103	0	4	0.00	4
104	0	9	0.00	9
105	0	5	0.00	5
106	0	6	0.00	6
107	1	3	25.00	4
108	0	2	0.00	2
109	0	1	0.00	1
110	0	4	0.00	4
111	0	3	0.00	3
112	0	4	0.00	4
113	0	3	0.00	3
114	0	2	0.00	2
115	0	2	0.00	2
116	0	4	0.00	4
117	0	5	0.00	5
118	0	3	0.00	3
119	0	5	0.00	5
120	0	1	0.00	1
121	0	5	0.00	5
122	0	4	0.00	4
123	0	2	0.00	2
124	0	3	0.00	3
125	0	2	0.00	2
126	0	2	0.00	2
127	0	0		0
128	0	2	0.00	2
129	0	1	0.00	1
130	0	4	0.00	4
131	0	3	0.00	3
132	0	2	0.00	2
133	0	2	0.00	2
134	0	2	0.00	2
135	0	1	0.00	1
136	0	0		0
137	0	1	0.00	1
138	0	0		0
139	0	1	0.00	1
140	0	0		0
141	0	2	0.00	2
142	0	0		0
143	0	0		0
144	0	0		0
145	0	1	0.00	1
146	0	1	0.00	1
147	0	2	0.00	2
148	0	2	0.00	2
149	0	0		0

CpG context (R2)
================
position	count methylated	count unmethylated	% methylation	coverage
1	0	21	0.00	21
2	0	13	0.00	13
3	4	68	5.56	72
4	4	76	5.00	80
5	2	90	2.17	92
6	9	73	10.98	82
7	5	138	3.50	143
8	4	75	5.06	79
9	3	82	3.53	85
10	6	86	6.52	92
11	3	71	4.05	74
12	2	56	3.45	58
13	6	72	7.69	78
14	6	37	13.95	43
15	1	48	2.04	49
16	1	65	1.52	66
17	1	32	3.03	33
18	5	50	9.09	55
19	1	33	2.94	34
20	3	40	6.98	43
21	0	36	0.00	36
22	0	31	0.00	31
23	1	35	2.78	36
24	3	54	5.26	57
25	0	29	0.00	29
26	1	31	3.12	32
27	2	32	5.88	34
28	1	29	3.33	30
29	2	37	5.13	39
30	1	22	4.35	23
31	2	29	6.45	31
32	1	17	5.56	18
33	0	14	0.00	14
34	2	25	7.41	27
35	1	17	5.56	18
36	2	9	18.18	11
37	0	17	0.00	17
38	0	19	0.00	19
39	0	8	0.00	8
40	0	13	0.00	13
41	0	10	0.00	10
42	2	6	25.00	8
43	0	17	0.00	17
44	2	16	11.11	18
45	0	4	0.00	4
46	2	12	14.29	14
47	0	7	0.00	7
48	0	7	0.00	7
49	0	7	0.00	7
50	0	3	0.00	3
51	0	1	0.00	1
52	1	3	25.00	4
53	0	3	0.00	3
54	0	3	0.00	3
55	0	3	0.00	3
56	0	5	0.00	5
57	0	3	0.00	3
58	0	7	0.00	7
59	0	0		0
60	1	3	25.00	4
61	0	5	0.00	5
62	0	1	0.00	1
63	0	3	0.00	3
64	0	1	0.00	1
65	0	2	0.00	2
66	1	1	50.00	2
67	0	1	0.00	1
68	0	1	0.00	1
69	0	1	0.00	1
70	0	1	0.00	1
71	1	0	100.00	1
72	0	0		0
73	0	0		0
74	0	0		0
75	0	0		0
76	0	1	0.00	1
77	0	0		0
78	0	0		0
79	0	0		0
80	0	0		0
81	0	2	0.00	2
82	0	0		0
83	0	1	0.00	1
84	0	0		0
85	0	1	0.00	1
86	0	0		0
87	0	0		0
88	0	0		0
89	0	1	0.00	1
90	0	0		0
91	0	1	0.00	1
92	0	0		0
93	0	1	0.00	1
94	0	0		0

CHG context (R2)
================
position	count methylated	count unmethylated	% methylation	coverage
1	11	2148	0.51	2159
2	0	22	0.00	22
3	0	4	0.00	4
4	1	44	2.22	45
5	0	61	0.00	61
6	0	92	0.00	92
7	0	84	0.00	84
8	0	75	0.00	75
9	1	64	1.54	65
10	0	61	0.00	61
11	0	72	0.00	72
12	0	52	0.00	52
13	0	48	0.00	48
14	0	45	0.00	45
15	0	41	0.00	41
16	0	39	0.00	39
17	1	62	1.59	63
18	0	41	0.00	41
19	0	45	0.00	45
20	0	55	0.00	55
21	0	45	0.00	45
22	0	39	0.00	39
23	0	28	0.00	28
24	0	22	0.00	22
25	0	57	0.00	57
26	0	31	0.00	31
27	0	20	0.00	20
28	1	24	4.00	25
29	0	27	0.00	27
30	0	24	0.00	24
31	0	20	0.00	20
32	0	23	0.00	23
33	0	22	0.00	22
34	0	14	0.00	14
35	0	28	0.00	28
36	0	22	0.00	22
37	0	9	0.00	9
38	0	8	0.00	8
39	0	8	0.00	8
40	0	10	0.00	10
41	0	20	0.00	20
42	0	6	0.00	6
43	0	3	0.00	3
44	0	7	0.00	7
45	0	10	0.00	10
46	0	6	0.00	6
47	0	5	0.00	5
48	0	4	0.00	4
49	0	7	0.00	7
50	0	11	0.00	11
51	1	0	100.00	1
52	0	6	0.00	6
53	0	3	0.00	3
54	0	1	0.00	1
55	0	1	0.00	1
56	0	1	0.00	1
57	0	1	0.00	1
58	0	3	0.00	3
59	0	0		0
60	0	1	0.00	1
61	0	2	0.00	2
62	0	1	0.00	1
63	0	2	0.00	2
64	0	1	0.00	1
65	0	0		0
66	0	0		0
67	0	1	0.00	1
68	0	0		0
69	0	0		0
70	0	0		0
71	0	1	0.00	1
72	0	1	0.00	1
73	0	1	0.00	1
74	0	1	0.00	1
75	0	1	0.00	1
76	0	0		0
77	0	1	0.00	1
78	0	0		0
79	0	1	0.00	1
80	0	0		0
81	0	0		0
82	0	1	0.00	1
83	0	0		0
84	0	1	0.00	1
85	0	1	0.00	1
86	0	1	0.00	1
87	0	0		0
88	0	0		0
89	0	0		0
90	0	0		0
91	0	0		0
92	0	0		0
93	0	0		0
94	0	1	0.00	1

CHH context (R2)
================
position	count methylated	count unmethylated	% methylation	coverage
1	0	12	0.00	12
2	5	953	0.52	958
3	0	263	0.00	263
4	0	170	0.00	170
5	2	110	1.79	112
6	0	85	0.00	85
7	0	104	0.00	104
8	0	118	0.00	118
9	0	111	0.00	111
10	0	121	0.00	121
11	0	81	0.00	81
12	0	85	0.00	85
13	0	81	0.00	81
14	0	77	0.00	77
15	1	93	1.06	94
16	0	80	0.00	80
17	0	64	0.00	64
18	1	88	1.12	89
19	0	85	0.00	85
20	0	57	0.00	57
21	0	57	0.00	57
22	0	51	0.00	51
23	0	49	0.00	49
24	0	42	0.00	42
25	0	47	0.00	47
26	0	40	0.00	40
27	0	37	0.00	37
28	0	38	0.00	38
29	0	43	0.00	43
30	1	31	3.12	32
31	1	25	3.85	26
32	0	29	0.00	29
33	0	25	0.00	25
34	0	21	0.00	21
35	0	28	0.00	28
36	0	28	0.00	28
37	0	19	0.00	19
38	0	21	0.00	21
39	0	7	0.00	7
40	0	15	0.00	15
41	0	17	0.00	17
42	0	20	0.00	20
43	0	17	0.00	17
44	0	12	0.00	12
45	0	9	0.00	9
46	0	17	0.00	17
47	0	14	0.00	14
48	0	4	0.00	4
49	0	9	0.00	9
50	0	11	0.00	11
51	0	15	0.00	15
52	0	16	0.00	16
53	0	18	0.00	18
54	0	8	0.00	8
55	0	16	0.00	16
56	0	11	0.00	11
57	0	4	0.00	4
58	0	5	0.00	5
59	0	3	0.00	3
60	0	1	0.00	1
61	0	0		0
62	0	2	0.00	2
63	0	1	0.00	1
64	0	1	0.00	1
65	0	0		0
66	0	0		0
67	0	0		0
68	0	2	0.00	2
69	0	1	0.00	1
70	0	1	0.00	1
71	0	0		0
72	0	1	0.00	1
73	0	0		0
74	0	1	0.00	1
75	0	0		0
76	0	0		0
77	0	0		0
78	0	1	0.00	1
79	0	0		0
80	0	1	0.00	1
81	0	0		0
82	0	0		0
83	0	0		0
84	0	0		0
85	0	0		0
86	0	0		0
87	0	0		0
88	0	0		0
89	0	0		0
90	0	0		0
91	0	0		0
92	0	0		0
93	0	0		0
94	0	0		0

