CpG context (R1)
================
position	count methylated	count unmethylated	% methylation	coverage
1	201	2175	8.46	2376
2	0	20	0.00	20
3	2	13	13.33	15
4	8	168	4.55	176
5	16	188	7.84	204
6	13	262	4.73	275
7	8	241	3.21	249
8	12	326	3.55	338
9	12	237	4.82	249
10	14	256	5.19	270
11	11	259	4.07	270
12	13	302	4.13	315
13	17	280	5.72	297
14	12	249	4.60	261
15	8	231	3.35	239
16	9	273	3.19	282
17	6	246	2.38	252
18	9	247	3.52	256
19	11	307	3.46	318
20	9	241	3.60	250
21	8	202	3.81	210
22	8	278	2.80	286
23	10	238	4.03	248
24	12	259	4.43	271
25	11	275	3.85	286
26	13	296	4.21	309
27	16	271	5.57	287
28	14	250	5.30	264
29	9	286	3.05	295
30	22	282	7.24	304
31	15	271	5.24	286
32	9	303	2.88	312
33	16	237	6.32	253
34	15	254	5.58	269
35	11	300	3.54	311
36	11	242	4.35	253
37	13	264	4.69	277
38	10	256	3.76	266
39	7	276	2.47	283
40	12	246	4.65	258
41	10	237	4.05	247
42	12	283	4.07	295
43	15	233	6.05	248
44	12	236	4.84	248
45	14	294	4.55	308
46	19	230	7.63	249
47	20	252	7.35	272
48	15	263	5.40	278
49	19	255	6.93	274
50	11	258	4.09	269
51	6	237	2.47	243
52	10	246	3.91	256
53	11	240	4.38	251
54	16	258	5.84	274
55	20	269	6.92	289
56	12	230	4.96	242
57	14	218	6.03	232
58	10	247	3.89	257
59	13	257	4.81	270
60	13	224	5.49	237
61	12	244	4.69	256
62	23	216	9.62	239
63	14	213	6.17	227
64	8	231	3.35	239
65	11	256	4.12	267
66	10	260	3.70	270
67	10	213	4.48	223
68	13	191	6.37	204
69	9	225	3.85	234
70	14	227	5.81	241
71	14	235	5.62	249
72	10	253	3.80	263
73	9	230	3.77	239
74	12	188	6.00	200
75	17	172	8.99	189
76	10	192	4.95	202
77	8	223	3.46	231
78	9	198	4.35	207
79	11	209	5.00	220
80	7	169	3.98	176
81	2	170	1.16	172
82	12	178	6.32	190
83	5	132	3.65	137
84	4	188	2.08	192
85	2	169	1.17	171
86	8	154	4.94	162
87	7	174	3.87	181
88	4	113	3.42	117
89	10	145	6.45	155
90	6	121	4.72	127
91	5	124	3.88	129
92	7	123	5.38	130
93	14	137	9.27	151
94	7	117	5.65	124
95	9	105	7.89	114
96	3	108	2.70	111
97	12	119	9.16	131
98	6	99	5.71	105
99	2	55	3.51	57
100	3	10	23.08	13
101	0	6	0.00	6
102	0	6	0.00	6
103	2	11	15.38	13
104	1	3	25.00	4
105	0	4	0.00	4
106	0	1	0.00	1
107	1	4	20.00	5
108	1	6	14.29	7
109	1	7	12.50	8
110	0	2	0.00	2
111	0	3	0.00	3
112	0	7	0.00	7
113	2	1	66.67	3
114	1	3	25.00	4
115	1	2	33.33	3
116	1	3	25.00	4
117	1	5	16.67	6
118	0	1	0.00	1
119	1	3	25.00	4
120	0	2	0.00	2
121	0	1	0.00	1
122	1	1	50.00	2
123	0	3	0.00	3
124	0	0		0
125	1	6	14.29	7
126	0	1	0.00	1
127	0	2	0.00	2
128	0	0		0
129	0	3	0.00	3
130	0	0		0
131	0	1	0.00	1
132	1	3	25.00	4
133	0	1	0.00	1
134	1	2	33.33	3
135	0	1	0.00	1
136	0	5	0.00	5
137	0	1	0.00	1
138	0	2	0.00	2
139	0	3	0.00	3
140	0	0		0
141	0	1	0.00	1
142	0	0		0
143	1	1	50.00	2
144	1	1	50.00	2
145	0	0		0
146	0	1	0.00	1
147	0	1	0.00	1
148	0	1	0.00	1
149	0	2	0.00	2

CHG context (R1)
================
position	count methylated	count unmethylated	% methylation	coverage
1	1	16	5.88	17
2	0	17	0.00	17
3	0	10	0.00	10
4	0	137	0.00	137
5	0	214	0.00	214
6	1	244	0.41	245
7	1	230	0.43	231
8	0	205	0.00	205
9	1	232	0.43	233
10	1	235	0.42	236
11	0	238	0.00	238
12	0	209	0.00	209
13	1	190	0.52	191
14	1	185	0.54	186
15	1	231	0.43	232
16	1	231	0.43	232
17	2	214	0.93	216
18	0	260	0.00	260
19	1	208	0.48	209
20	0	168	0.00	168
21	0	234	0.00	234
22	1	235	0.42	236
23	1	187	0.53	188
24	0	189	0.00	189
25	0	246	0.00	246
26	1	213	0.47	214
27	2	218	0.91	220
28	1	249	0.40	250
29	1	182	0.55	183
30	1	189	0.53	190
31	1	229	0.43	230
32	1	206	0.48	207
33	1	228	0.44	229
34	4	214	1.83	218
35	0	222	0.00	222
36	0	214	0.00	214
37	1	225	0.44	226
38	0	200	0.00	200
39	2	206	0.96	208
40	0	202	0.00	202
41	3	268	1.11	271
42	0	204	0.00	204
43	1	210	0.47	211
44	0	260	0.00	260
45	1	213	0.47	214
46	1	221	0.45	222
47	1	185	0.54	186
48	0	211	0.00	211
49	1	222	0.45	223
50	2	195	1.02	197
51	1	226	0.44	227
52	3	208	1.42	211
53	0	190	0.00	190
54	3	212	1.40	215
55	2	165	1.20	167
56	0	224	0.00	224
57	2	216	0.92	218
58	0	223	0.00	223
59	1	194	0.51	195
60	1	163	0.61	164
61	1	173	0.57	174
62	2	171	1.16	173
63	0	193	0.00	193
64	0	192	0.00	192
65	0	208	0.00	208
66	1	167	0.60	168
67	1	188	0.53	189
68	0	206	0.00	206
69	0	167	0.00	167
70	0	198	0.00	198
71	1	190	0.52	191
72	0	152	0.00	152
73	0	170	0.00	170
74	0	157	0.00	157
75	0	143	0.00	143
76	1	178	0.56	179
77	0	166	0.00	166
78	1	153	0.65	154
79	0	150	0.00	150
80	0	144	0.00	144
81	2	176	1.12	178
82	1	102	0.97	103
83	1	125	0.79	126
84	0	104	0.00	104
85	0	96	0.00	96
86	0	153	0.00	153
87	0	115	0.00	115
88	0	145	0.00	145
89	0	122	0.00	122
90	0	104	0.00	104
91	1	131	0.76	132
92	0	100	0.00	100
93	0	74	0.00	74
94	0	100	0.00	100
95	0	103	0.00	103
96	0	105	0.00	105
97	0	115	0.00	115
98	0	95	0.00	95
99	0	44	0.00	44
100	0	8	0.00	8
101	0	5	0.00	5
102	0	11	0.00	11
103	0	5	0.00	5
104	0	2	0.00	2
105	0	5	0.00	5
106	0	7	0.00	7
107	0	5	0.00	5
108	0	10	0.00	10
109	0	2	0.00	2
110	0	1	0.00	1
111	0	10	0.00	10
112	0	3	0.00	3
113	0	1	0.00	1
114	0	3	0.00	3
115	0	1	0.00	1
116	0	4	0.00	4
117	0	1	0.00	1
118	0	3	0.00	3
119	0	2	0.00	2
120	0	4	0.00	4
121	0	2	0.00	2
122	0	2	0.00	2
123	0	2	0.00	2
124	0	4	0.00	4
125	0	1	0.00	1
126	0	1	0.00	1
127	0	0		0
128	0	1	0.00	1
129	0	2	0.00	2
130	0	2	0.00	2
131	0	2	0.00	2
132	0	2	0.00	2
133	0	1	0.00	1
134	0	0		0
135	0	1	0.00	1
136	0	2	0.00	2
137	0	0		0
138	0	1	0.00	1
139	0	0		0
140	0	1	0.00	1
141	0	1	0.00	1
142	0	1	0.00	1
143	0	0		0
144	0	0		0
145	0	1	0.00	1
146	0	0		0
147	0	1	0.00	1
148	0	2	0.00	2
149	0	0		0

CHH context (R1)
================
position	count methylated	count unmethylated	% methylation	coverage
1	1	32	3.03	33
2	0	28	0.00	28
3	0	20	0.00	20
4	4	311	1.27	315
5	0	380	0.00	380
6	1	406	0.25	407
7	0	381	0.00	381
8	0	344	0.00	344
9	1	335	0.30	336
10	1	340	0.29	341
11	3	305	0.97	308
12	1	342	0.29	343
13	0	363	0.00	363
14	3	413	0.72	416
15	3	413	0.72	416
16	1	361	0.28	362
17	0	358	0.00	358
18	2	312	0.64	314
19	2	328	0.61	330
20	0	359	0.00	359
21	0	336	0.00	336
22	1	332	0.30	333
23	3	329	0.90	332
24	1	401	0.25	402
25	1	381	0.26	382
26	3	326	0.91	329
27	0	397	0.00	397
28	3	351	0.85	354
29	1	331	0.30	332
30	0	384	0.00	384
31	1	334	0.30	335
32	1	380	0.26	381
33	2	301	0.66	303
34	4	339	1.17	343
35	2	305	0.65	307
36	2	404	0.49	406
37	1	357	0.28	358
38	0	350	0.00	350
39	0	334	0.00	334
40	3	353	0.84	356
41	4	351	1.13	355
42	0	344	0.00	344
43	0	361	0.00	361
44	0	343	0.00	343
45	3	286	1.04	289
46	1	326	0.31	327
47	1	312	0.32	313
48	1	344	0.29	345
49	0	345	0.00	345
50	3	370	0.80	373
51	2	414	0.48	416
52	1	329	0.30	330
53	1	306	0.33	307
54	2	314	0.63	316
55	0	336	0.00	336
56	1	302	0.33	303
57	1	317	0.31	318
58	0	316	0.00	316
59	2	340	0.58	342
60	2	303	0.66	305
61	1	309	0.32	310
62	2	335	0.59	337
63	1	310	0.32	311
64	3	327	0.91	330
65	1	312	0.32	313
66	1	264	0.38	265
67	0	321	0.00	321
68	0	326	0.00	326
69	2	278	0.71	280
70	1	271	0.37	272
71	0	274	0.00	274
72	1	257	0.39	258
73	0	278	0.00	278
74	1	246	0.40	247
75	1	296	0.34	297
76	0	294	0.00	294
77	1	259	0.38	260
78	1	261	0.38	262
79	1	293	0.34	294
80	1	303	0.33	304
81	1	237	0.42	238
82	2	271	0.73	273
83	1	260	0.38	261
84	1	252	0.40	253
85	2	260	0.76	262
86	1	271	0.37	272
87	1	207	0.48	208
88	1	244	0.41	245
89	0	202	0.00	202
90	3	178	1.66	181
91	0	177	0.00	177
92	2	189	1.05	191
93	2	196	1.01	198
94	1	181	0.55	182
95	0	196	0.00	196
96	1	156	0.64	157
97	1	157	0.63	158
98	0	172	0.00	172
99	0	67	0.00	67
100	0	13	0.00	13
101	0	13	0.00	13
102	0	9	0.00	9
103	0	5	0.00	5
104	0	11	0.00	11
105	0	6	0.00	6
106	0	4	0.00	4
107	0	9	0.00	9
108	0	1	0.00	1
109	0	3	0.00	3
110	0	8	0.00	8
111	0	5	0.00	5
112	0	4	0.00	4
113	0	3	0.00	3
114	0	5	0.00	5
115	0	8	0.00	8
116	1	1	50.00	2
117	0	7	0.00	7
118	0	4	0.00	4
119	0	6	0.00	6
120	0	1	0.00	1
121	0	6	0.00	6
122	0	4	0.00	4
123	0	4	0.00	4
124	0	5	0.00	5
125	0	2	0.00	2
126	0	3	0.00	3
127	0	3	0.00	3
128	0	4	0.00	4
129	0	4	0.00	4
130	0	5	0.00	5
131	0	4	0.00	4
132	0	6	0.00	6
133	0	4	0.00	4
134	0	5	0.00	5
135	0	4	0.00	4
136	0	0		0
137	0	0		0
138	0	3	0.00	3
139	0	1	0.00	1
140	0	2	0.00	2
141	0	2	0.00	2
142	0	0		0
143	0	1	0.00	1
144	0	2	0.00	2
145	0	2	0.00	2
146	0	1	0.00	1
147	0	1	0.00	1
148	0	2	0.00	2
149	0	1	0.00	1

CpG context (R2)
================
position	count methylated	count unmethylated	% methylation	coverage
1	0	26	0.00	26
2	1	14	6.67	15
3	9	68	11.69	77
4	1	53	1.85	54
5	3	113	2.59	116
6	4	67	5.63	71
7	7	115	5.74	122
8	1	91	1.09	92
9	4	69	5.48	73
10	3	89	3.26	92
11	4	52	7.14	56
12	1	68	1.45	69
13	6	65	8.45	71
14	0	40	0.00	40
15	2	72	2.70	74
16	1	65	1.52	66
17	1	41	2.38	42
18	1	50	1.96	51
19	1	39	2.50	40
20	4	40	9.09	44
21	0	29	0.00	29
22	4	48	7.69	52
23	2	41	4.65	43
24	6	62	8.82	68
25	0	32	0.00	32
26	0	30	0.00	30
27	6	28	17.65	34
28	4	28	12.50	32
29	0	28	0.00	28
30	2	21	8.70	23
31	4	30	11.76	34
32	0	28	0.00	28
33	0	7	0.00	7
34	2	15	11.76	17
35	0	14	0.00	14
36	0	11	0.00	11
37	2	25	7.41	27
38	1	23	4.17	24
39	1	10	9.09	11
40	0	11	0.00	11
41	0	10	0.00	10
42	0	9	0.00	9
43	3	16	15.79	19
44	0	18	0.00	18
45	1	2	33.33	3
46	2	13	13.33	15
47	2	12	14.29	14
48	0	8	0.00	8
49	1	3	25.00	4
50	1	6	14.29	7
51	1	6	14.29	7
52	0	7	0.00	7
53	1	3	25.00	4
54	0	5	0.00	5
55	0	2	0.00	2
56	0	3	0.00	3
57	0	2	0.00	2
58	1	3	25.00	4
59	0	3	0.00	3
60	1	3	25.00	4
61	0	1	0.00	1
62	0	0		0
63	0	1	0.00	1
64	0	2	0.00	2
65	0	0		0
66	0	0		0
67	0	1	0.00	1
68	0	1	0.00	1
69	0	0		0
70	0	0		0
71	0	0		0
72	0	0		0
73	0	0		0
74	0	0		0
75	0	1	0.00	1
76	0	1	0.00	1
77	0	0		0
78	0	1	0.00	1
79	0	1	0.00	1
80	0	1	0.00	1
81	0	1	0.00	1
82	0	2	0.00	2
83	0	0		0
84	0	0		0
85	0	0		0
86	0	0		0
87	0	0		0
88	0	0		0
89	0	0		0
90	0	0		0
91	0	1	0.00	1
92	0	0		0
93	0	0		0
94	0	0		0
95	0	1	0.00	1
96	0	0		0
97	0	1	0.00	1

CHG context (R2)
================
position	count methylated	count unmethylated	% methylation	coverage
1	10	2114	0.47	2124
2	1	32	3.03	33
3	0	4	0.00	4
4	1	43	2.27	44
5	0	54	0.00	54
6	0	94	0.00	94
7	1	73	1.35	74
8	1	91	1.09	92
9	0	73	0.00	73
10	0	59	0.00	59
11	1	81	1.22	82
12	0	37	0.00	37
13	0	54	0.00	54
14	0	51	0.00	51
15	0	42	0.00	42
16	0	45	0.00	45
17	0	63	0.00	63
18	2	54	3.57	56
19	0	38	0.00	38
20	0	46	0.00	46
21	0	43	0.00	43
22	1	52	1.89	53
23	0	33	0.00	33
24	0	15	0.00	15
25	0	39	0.00	39
26	0	24	0.00	24
27	0	16	0.00	16
28	0	22	0.00	22
29	0	28	0.00	28
30	0	14	0.00	14
31	0	21	0.00	21
32	1	21	4.55	22
33	0	18	0.00	18
34	0	22	0.00	22
35	0	29	0.00	29
36	0	15	0.00	15
37	0	11	0.00	11
38	0	11	0.00	11
39	0	12	0.00	12
40	0	11	0.00	11
41	0	21	0.00	21
42	0	2	0.00	2
43	0	7	0.00	7
44	0	4	0.00	4
45	0	14	0.00	14
46	0	1	0.00	1
47	0	6	0.00	6
48	0	12	0.00	12
49	0	10	0.00	10
50	0	10	0.00	10
51	0	3	0.00	3
52	0	7	0.00	7
53	0	2	0.00	2
54	0	0		0
55	0	5	0.00	5
56	0	3	0.00	3
57	0	0		0
58	1	1	50.00	2
59	0	0		0
60	0	4	0.00	4
61	0	2	0.00	2
62	0	0		0
63	0	3	0.00	3
64	0	1	0.00	1
65	0	0		0
66	0	0		0
67	0	0		0
68	0	0		0
69	0	1	0.00	1
70	0	1	0.00	1
71	0	0		0
72	0	0		0
73	0	0		0
74	0	1	0.00	1
75	0	0		0
76	0	1	0.00	1
77	0	1	0.00	1
78	0	0		0
79	0	0		0
80	0	1	0.00	1
81	0	0		0
82	0	1	0.00	1
83	0	1	0.00	1
84	0	0		0
85	0	1	0.00	1
86	0	2	0.00	2
87	0	0		0
88	0	0		0
89	0	0		0
90	0	0		0
91	0	0		0
92	0	0		0
93	0	0		0
94	0	0		0
95	0	1	0.00	1
96	0	0		0
97	0	0		0

CHH context (R2)
================
position	count methylated	count unmethylated	% methylation	coverage
1	0	12	0.00	12
2	3	952	0.31	955
3	2	263	0.75	265
4	1	180	0.55	181
5	1	131	0.76	132
6	0	86	0.00	86
7	0	102	0.00	102
8	1	122	0.81	123
9	0	102	0.00	102
10	0	126	0.00	126
11	0	71	0.00	71
12	0	81	0.00	81
13	1	58	1.69	59
14	0	92	0.00	92
15	0	65	0.00	65
16	0	56	0.00	56
17	0	69	0.00	69
18	0	77	0.00	77
19	0	79	0.00	79
20	1	52	1.89	53
21	0	44	0.00	44
22	0	37	0.00	37
23	0	44	0.00	44
24	0	36	0.00	36
25	0	37	0.00	37
26	0	31	0.00	31
27	0	37	0.00	37
28	0	34	0.00	34
29	0	40	0.00	40
30	0	37	0.00	37
31	0	25	0.00	25
32	0	26	0.00	26
33	0	26	0.00	26
34	0	24	0.00	24
35	0	29	0.00	29
36	0	21	0.00	21
37	0	12	0.00	12
38	0	20	0.00	20
39	0	8	0.00	8
40	0	23	0.00	23
41	0	16	0.00	16
42	0	18	0.00	18
43	0	14	0.00	14
44	0	19	0.00	19
45	0	14	0.00	14
46	0	16	0.00	16
47	0	14	0.00	14
48	0	5	0.00	5
49	0	15	0.00	15
50	0	9	0.00	9
51	0	18	0.00	18
52	1	14	6.67	15
53	0	13	0.00	13
54	1	9	10.00	10
55	0	15	0.00	15
56	0	9	0.00	9
57	0	5	0.00	5
58	0	6	0.00	6
59	0	4	0.00	4
60	0	0		0
61	0	2	0.00	2
62	1	2	33.33	3
63	0	0		0
64	0	1	0.00	1
65	0	0		0
66	0	1	0.00	1
67	0	1	0.00	1
68	0	3	0.00	3
69	0	2	0.00	2
70	0	2	0.00	2
71	0	2	0.00	2
72	0	1	0.00	1
73	0	1	0.00	1
74	0	0		0
75	0	0		0
76	0	0		0
77	0	0		0
78	0	1	0.00	1
79	0	0		0
80	0	0		0
81	0	0		0
82	0	0		0
83	0	0		0
84	0	1	0.00	1
85	0	0		0
86	0	0		0
87	0	1	0.00	1
88	0	0		0
89	0	0		0
90	0	0		0
91	0	0		0
92	0	0		0
93	0	0		0
94	0	0		0
95	0	0		0
96	0	0		0
97	0	0		0

