CpG context (R1)
================
position	count methylated	count unmethylated	% methylation	coverage
1	195	2169	8.25	2364
2	1	21	4.55	22
3	1	14	6.67	15
4	12	184	6.12	196
5	10	209	4.57	219
6	9	257	3.38	266
7	13	227	5.42	240
8	14	309	4.33	323
9	13	216	5.68	229
10	11	244	4.31	255
11	13	255	4.85	268
12	16	274	5.52	290
13	10	262	3.68	272
14	17	239	6.64	256
15	10	239	4.02	249
16	12	321	3.60	333
17	8	223	3.46	231
18	12	267	4.30	279
19	15	290	4.92	305
20	12	223	5.11	235
21	12	239	4.78	251
22	11	245	4.30	256
23	10	252	3.82	262
24	11	239	4.40	250
25	13	283	4.39	296
26	13	271	4.58	284
27	9	295	2.96	304
28	14	263	5.05	277
29	9	239	3.63	248
30	12	264	4.35	276
31	13	256	4.83	269
32	13	262	4.73	275
33	10	220	4.35	230
34	11	252	4.18	263
35	14	258	5.15	272
36	8	212	3.64	220
37	15	244	5.79	259
38	12	230	4.96	242
39	14	245	5.41	259
40	10	264	3.65	274
41	15	237	5.95	252
42	14	284	4.70	298
43	12	267	4.30	279
44	12	228	5.00	240
45	16	285	5.32	301
46	13	242	5.10	255
47	20	277	6.73	297
48	8	278	2.80	286
49	14	222	5.93	236
50	13	234	5.26	247
51	18	224	7.44	242
52	13	242	5.10	255
53	17	220	7.17	237
54	12	268	4.29	280
55	14	256	5.19	270
56	15	225	6.25	240
57	12	218	5.22	230
58	8	242	3.20	250
59	13	280	4.44	293
60	12	281	4.10	293
61	21	242	7.98	263
62	11	237	4.44	248
63	14	225	5.86	239
64	20	235	7.84	255
65	15	247	5.73	262
66	11	268	3.94	279
67	14	234	5.65	248
68	13	226	5.44	239
69	8	201	3.83	209
70	14	222	5.93	236
71	8	231	3.35	239
72	8	252	3.08	260
73	6	219	2.67	225
74	7	197	3.43	204
75	6	204	2.86	210
76	11	210	4.98	221
77	10	196	4.85	206
78	7	192	3.52	199
79	4	196	2.00	200
80	12	181	6.22	193
81	8	174	4.40	182
82	6	180	3.23	186
83	5	138	3.50	143
84	5	156	3.11	161
85	5	196	2.49	201
86	13	149	8.02	162
87	7	178	3.78	185
88	6	132	4.35	138
89	7	161	4.17	168
90	5	118	4.07	123
91	12	138	8.00	150
92	6	160	3.61	166
93	8	135	5.59	143
94	3	130	2.26	133
95	7	111	5.93	118
96	7	113	5.83	120
97	4	132	2.94	136
98	5	103	4.63	108
99	2	56	3.45	58
100	0	15	0.00	15
101	0	7	0.00	7
102	0	7	0.00	7
103	0	7	0.00	7
104	0	5	0.00	5
105	0	2	0.00	2
106	0	1	0.00	1
107	0	7	0.00	7
108	0	3	0.00	3
109	0	3	0.00	3
110	0	5	0.00	5
111	0	4	0.00	4
112	0	7	0.00	7
113	0	5	0.00	5
114	0	5	0.00	5
115	0	5	0.00	5
116	0	4	0.00	4
117	0	6	0.00	6
118	0	3	0.00	3
119	0	4	0.00	4
120	0	4	0.00	4
121	0	2	0.00	2
122	0	1	0.00	1
123	0	2	0.00	2
124	0	6	0.00	6
125	0	1	0.00	1
126	0	3	0.00	3
127	0	4	0.00	4
128	0	4	0.00	4
129	0	2	0.00	2
130	0	2	0.00	2
131	0	2	0.00	2
132	0	1	0.00	1
133	0	2	0.00	2
134	0	1	0.00	1
135	0	2	0.00	2
136	0	2	0.00	2
137	0	3	0.00	3
138	0	0		0
139	0	1	0.00	1
140	0	4	0.00	4
141	0	0		0
142	0	2	0.00	2
143	0	2	0.00	2
144	0	0		0
145	0	2	0.00	2
146	0	1	0.00	1
147	0	0		0
148	0	2	0.00	2
149	1	1	50.00	2

CHG context (R1)
================
position	count methylated	count unmethylated	% methylation	coverage
1	0	25	0.00	25
2	1	20	4.76	21
3	0	16	0.00	16
4	0	147	0.00	147
5	2	197	1.01	199
6	1	221	0.45	222
7	0	247	0.00	247
8	2	205	0.97	207
9	1	237	0.42	238
10	0	224	0.00	224
11	0	246	0.00	246
12	1	186	0.53	187
13	1	168	0.59	169
14	1	207	0.48	208
15	1	260	0.38	261
16	0	203	0.00	203
17	0	253	0.00	253
18	0	255	0.00	255
19	1	231	0.43	232
20	0	171	0.00	171
21	0	207	0.00	207
22	0	229	0.00	229
23	0	206	0.00	206
24	0	170	0.00	170
25	0	240	0.00	240
26	0	210	0.00	210
27	0	246	0.00	246
28	0	226	0.00	226
29	0	188	0.00	188
30	1	204	0.49	205
31	1	244	0.41	245
32	0	192	0.00	192
33	1	244	0.41	245
34	2	242	0.82	244
35	1	215	0.46	216
36	0	225	0.00	225
37	1	234	0.43	235
38	1	188	0.53	189
39	1	219	0.45	220
40	0	210	0.00	210
41	0	258	0.00	258
42	1	239	0.42	240
43	1	202	0.49	203
44	1	283	0.35	284
45	2	214	0.93	216
46	1	227	0.44	228
47	0	199	0.00	199
48	2	192	1.03	194
49	0	195	0.00	195
50	0	208	0.00	208
51	2	228	0.87	230
52	0	216	0.00	216
53	0	200	0.00	200
54	3	204	1.45	207
55	0	163	0.00	163
56	0	223	0.00	223
57	1	183	0.54	184
58	0	201	0.00	201
59	0	194	0.00	194
60	1	143	0.69	144
61	0	180	0.00	180
62	1	182	0.55	183
63	0	191	0.00	191
64	1	210	0.47	211
65	0	207	0.00	207
66	0	167	0.00	167
67	3	176	1.68	179
68	0	194	0.00	194
69	0	194	0.00	194
70	1	197	0.51	198
71	0	187	0.00	187
72	0	165	0.00	165
73	2	152	1.30	154
74	1	144	0.69	145
75	0	163	0.00	163
76	0	186	0.00	186
77	0	172	0.00	172
78	0	137	0.00	137
79	0	172	0.00	172
80	0	145	0.00	145
81	1	171	0.58	172
82	0	122	0.00	122
83	0	159	0.00	159
84	1	114	0.87	115
85	1	121	0.82	122
86	0	164	0.00	164
87	0	103	0.00	103
88	0	144	0.00	144
89	0	107	0.00	107
90	0	110	0.00	110
91	0	145	0.00	145
92	0	102	0.00	102
93	0	86	0.00	86
94	0	100	0.00	100
95	0	108	0.00	108
96	0	129	0.00	129
97	0	105	0.00	105
98	0	96	0.00	96
99	0	39	0.00	39
100	0	5	0.00	5
101	0	4	0.00	4
102	0	4	0.00	4
103	0	9	0.00	9
104	0	3	0.00	3
105	0	2	0.00	2
106	0	11	0.00	11
107	0	4	0.00	4
108	0	1	0.00	1
109	0	5	0.00	5
110	0	5	0.00	5
111	0	3	0.00	3
112	0	4	0.00	4
113	0	4	0.00	4
114	0	4	0.00	4
115	0	0		0
116	0	6	0.00	6
117	0	0		0
118	0	4	0.00	4
119	0	2	0.00	2
120	0	0		0
121	0	3	0.00	3
122	0	2	0.00	2
123	0	3	0.00	3
124	0	3	0.00	3
125	0	1	0.00	1
126	0	2	0.00	2
127	0	3	0.00	3
128	0	0		0
129	0	1	0.00	1
130	0	1	0.00	1
131	0	0		0
132	0	1	0.00	1
133	0	1	0.00	1
134	0	0		0
135	0	3	0.00	3
136	0	2	0.00	2
137	0	0		0
138	0	0		0
139	0	4	0.00	4
140	0	0		0
141	0	1	0.00	1
142	0	3	0.00	3
143	0	0		0
144	0	1	0.00	1
145	0	1	0.00	1
146	0	0		0
147	0	1	0.00	1
148	0	2	0.00	2
149	0	1	0.00	1

CHH context (R1)
================
position	count methylated	count unmethylated	% methylation	coverage
1	1	31	3.12	32
2	1	33	2.94	34
3	0	19	0.00	19
4	1	334	0.30	335
5	0	399	0.00	399
6	1	409	0.24	410
7	0	380	0.00	380
8	1	350	0.28	351
9	1	309	0.32	310
10	1	337	0.30	338
11	1	326	0.31	327
12	1	307	0.32	308
13	1	400	0.25	401
14	1	375	0.27	376
15	1	367	0.27	368
16	0	359	0.00	359
17	0	304	0.00	304
18	1	285	0.35	286
19	0	305	0.00	305
20	1	322	0.31	323
21	2	326	0.61	328
22	2	330	0.60	332
23	4	353	1.12	357
24	3	377	0.79	380
25	2	381	0.52	383
26	3	358	0.83	361
27	0	372	0.00	372
28	0	370	0.00	370
29	2	321	0.62	323
30	1	394	0.25	395
31	1	335	0.30	336
32	1	383	0.26	384
33	2	330	0.60	332
34	1	342	0.29	343
35	2	332	0.60	334
36	1	383	0.26	384
37	1	353	0.28	354
38	1	343	0.29	344
39	1	317	0.31	318
40	3	346	0.86	349
41	0	322	0.00	322
42	2	365	0.54	367
43	0	321	0.00	321
44	2	347	0.57	349
45	2	287	0.69	289
46	1	315	0.32	316
47	1	290	0.34	291
48	0	319	0.00	319
49	1	396	0.25	397
50	1	394	0.25	395
51	2	395	0.50	397
52	1	336	0.30	337
53	1	326	0.31	327
54	1	301	0.33	302
55	2	318	0.62	320
56	1	290	0.34	291
57	0	287	0.00	287
58	4	297	1.33	301
59	1	324	0.31	325
60	0	331	0.00	331
61	3	314	0.95	317
62	3	352	0.85	355
63	0	323	0.00	323
64	2	317	0.63	319
65	0	299	0.00	299
66	1	303	0.33	304
67	0	324	0.00	324
68	1	338	0.29	339
69	0	285	0.00	285
70	3	274	1.08	277
71	0	290	0.00	290
72	0	263	0.00	263
73	1	271	0.37	272
74	0	269	0.00	269
75	1	328	0.30	329
76	0	293	0.00	293
77	0	260	0.00	260
78	0	250	0.00	250
79	1	259	0.38	260
80	0	314	0.00	314
81	1	258	0.39	259
82	0	275	0.00	275
83	0	236	0.00	236
84	2	251	0.79	253
85	0	253	0.00	253
86	1	253	0.39	254
87	1	205	0.49	206
88	1	224	0.44	225
89	1	228	0.44	229
90	1	193	0.52	194
91	1	201	0.50	202
92	0	203	0.00	203
93	1	149	0.67	150
94	0	178	0.00	178
95	1	189	0.53	190
96	1	141	0.70	142
97	1	169	0.59	170
98	2	171	1.16	173
99	0	64	0.00	64
100	0	7	0.00	7
101	0	10	0.00	10
102	1	9	10.00	10
103	0	12	0.00	12
104	0	11	0.00	11
105	0	7	0.00	7
106	0	9	0.00	9
107	0	3	0.00	3
108	0	3	0.00	3
109	0	5	0.00	5
110	0	8	0.00	8
111	0	2	0.00	2
112	0	6	0.00	6
113	0	7	0.00	7
114	0	5	0.00	5
115	0	4	0.00	4
116	0	2	0.00	2
117	0	7	0.00	7
118	0	3	0.00	3
119	0	4	0.00	4
120	0	2	0.00	2
121	0	6	0.00	6
122	0	4	0.00	4
123	0	3	0.00	3
124	0	1	0.00	1
125	0	3	0.00	3
126	0	4	0.00	4
127	0	0		0
128	0	0		0
129	0	2	0.00	2
130	0	1	0.00	1
131	0	5	0.00	5
132	0	2	0.00	2
133	0	2	0.00	2
134	0	4	0.00	4
135	0	0		0
136	0	1	0.00	1
137	0	2	0.00	2
138	0	1	0.00	1
139	0	1	0.00	1
140	0	0		0
141	0	0		0
142	0	1	0.00	1
143	0	1	0.00	1
144	0	1	0.00	1
145	0	1	0.00	1
146	0	0		0
147	0	2	0.00	2
148	0	1	0.00	1
149	0	1	0.00	1

CpG context (R2)
================
position	count methylated	count unmethylated	% methylation	coverage
1	0	27	0.00	27
2	1	20	4.76	21
3	4	59	6.35	63
4	5	70	6.67	75
5	3	101	2.88	104
6	3	72	4.00	75
7	6	139	4.14	145
8	5	86	5.49	91
9	6	88	6.38	94
10	5	85	5.56	90
11	4	85	4.49	89
12	2	52	3.70	54
13	4	72	5.26	76
14	1	47	2.08	48
15	1	73	1.35	74
16	2	49	3.92	51
17	3	45	6.25	48
18	3	61	4.69	64
19	2	38	5.00	40
20	2	52	3.70	54
21	2	33	5.71	35
22	3	31	8.82	34
23	1	42	2.33	43
24	2	46	4.17	48
25	3	34	8.11	37
26	1	23	4.17	24
27	1	30	3.23	31
28	0	29	0.00	29
29	0	37	0.00	37
30	1	24	4.00	25
31	2	32	5.88	34
32	2	23	8.00	25
33	0	16	0.00	16
34	0	22	0.00	22
35	1	9	10.00	10
36	0	9	0.00	9
37	1	23	4.17	24
38	2	24	7.69	26
39	0	10	0.00	10
40	0	7	0.00	7
41	1	7	12.50	8
42	0	7	0.00	7
43	1	12	7.69	13
44	0	13	0.00	13
45	0	0		0
46	0	14	0.00	14
47	0	5	0.00	5
48	0	7	0.00	7
49	0	6	0.00	6
50	1	6	14.29	7
51	0	3	0.00	3
52	0	11	0.00	11
53	0	2	0.00	2
54	1	3	25.00	4
55	0	5	0.00	5
56	2	4	33.33	6
57	0	2	0.00	2
58	0	6	0.00	6
59	0	3	0.00	3
60	0	1	0.00	1
61	0	4	0.00	4
62	0	2	0.00	2
63	0	1	0.00	1
64	0	1	0.00	1
65	0	1	0.00	1
66	0	0		0
67	0	4	0.00	4
68	1	1	50.00	2
69	0	3	0.00	3
70	0	1	0.00	1
71	0	0		0
72	0	3	0.00	3
73	0	0		0
74	0	0		0
75	0	0		0
76	0	0		0
77	0	2	0.00	2
78	0	0		0
79	0	2	0.00	2
80	0	0		0
81	0	0		0
82	1	0	100.00	1
83	0	0		0
84	0	0		0
85	0	0		0
86	1	1	50.00	2
87	0	0		0
88	0	1	0.00	1
89	0	0		0
90	0	0		0
91	1	0	100.00	1
92	0	1	0.00	1
93	0	0		0
94	0	1	0.00	1
95	0	0		0
96	0	1	0.00	1
97	1	0	100.00	1

CHG context (R2)
================
position	count methylated	count unmethylated	% methylation	coverage
1	10	2118	0.47	2128
2	0	25	0.00	25
3	0	3	0.00	3
4	1	34	2.86	35
5	0	74	0.00	74
6	0	74	0.00	74
7	0	68	0.00	68
8	1	100	0.99	101
9	0	72	0.00	72
10	0	58	0.00	58
11	1	76	1.30	77
12	0	47	0.00	47
13	0	44	0.00	44
14	0	49	0.00	49
15	0	53	0.00	53
16	0	52	0.00	52
17	0	51	0.00	51
18	0	43	0.00	43
19	0	53	0.00	53
20	0	49	0.00	49
21	0	39	0.00	39
22	0	46	0.00	46
23	0	28	0.00	28
24	0	22	0.00	22
25	0	38	0.00	38
26	0	21	0.00	21
27	0	17	0.00	17
28	0	16	0.00	16
29	0	23	0.00	23
30	0	16	0.00	16
31	0	19	0.00	19
32	0	19	0.00	19
33	0	25	0.00	25
34	1	21	4.55	22
35	0	25	0.00	25
36	0	18	0.00	18
37	0	11	0.00	11
38	0	10	0.00	10
39	0	13	0.00	13
40	0	13	0.00	13
41	1	20	4.76	21
42	0	3	0.00	3
43	0	3	0.00	3
44	0	5	0.00	5
45	0	10	0.00	10
46	0	4	0.00	4
47	0	8	0.00	8
48	0	8	0.00	8
49	0	6	0.00	6
50	0	10	0.00	10
51	0	2	0.00	2
52	0	7	0.00	7
53	0	9	0.00	9
54	0	0		0
55	0	5	0.00	5
56	0	4	0.00	4
57	0	0		0
58	0	4	0.00	4
59	0	2	0.00	2
60	0	5	0.00	5
61	0	3	0.00	3
62	0	1	0.00	1
63	0	4	0.00	4
64	0	2	0.00	2
65	0	0		0
66	0	0		0
67	0	0		0
68	0	1	0.00	1
69	0	0		0
70	1	2	33.33	3
71	0	0		0
72	0	0		0
73	0	4	0.00	4
74	0	0		0
75	0	0		0
76	0	0		0
77	0	0		0
78	0	1	0.00	1
79	0	0		0
80	0	1	0.00	1
81	0	0		0
82	0	0		0
83	0	0		0
84	0	0		0
85	0	0		0
86	0	1	0.00	1
87	0	0		0
88	0	0		0
89	0	1	0.00	1
90	0	0		0
91	0	0		0
92	0	0		0
93	0	0		0
94	0	0		0
95	0	1	0.00	1
96	0	0		0
97	0	0		0

CHH context (R2)
================
position	count methylated	count unmethylated	% methylation	coverage
1	0	18	0.00	18
2	2	984	0.20	986
3	1	271	0.37	272
4	0	176	0.00	176
5	1	144	0.69	145
6	0	109	0.00	109
7	0	121	0.00	121
8	1	115	0.86	116
9	0	124	0.00	124
10	0	113	0.00	113
11	0	64	0.00	64
12	0	95	0.00	95
13	0	70	0.00	70
14	2	86	2.27	88
15	0	78	0.00	78
16	0	55	0.00	55
17	0	56	0.00	56
18	0	60	0.00	60
19	0	82	0.00	82
20	0	50	0.00	50
21	0	54	0.00	54
22	0	39	0.00	39
23	0	41	0.00	41
24	0	43	0.00	43
25	2	46	4.17	48
26	0	40	0.00	40
27	1	34	2.86	35
28	0	24	0.00	24
29	0	32	0.00	32
30	0	29	0.00	29
31	0	28	0.00	28
32	0	25	0.00	25
33	0	14	0.00	14
34	0	25	0.00	25
35	0	29	0.00	29
36	0	20	0.00	20
37	0	15	0.00	15
38	0	16	0.00	16
39	0	9	0.00	9
40	0	13	0.00	13
41	0	13	0.00	13
42	0	21	0.00	21
43	0	15	0.00	15
44	0	15	0.00	15
45	0	12	0.00	12
46	1	11	8.33	12
47	0	11	0.00	11
48	0	6	0.00	6
49	0	9	0.00	9
50	0	6	0.00	6
51	0	8	0.00	8
52	0	13	0.00	13
53	0	9	0.00	9
54	0	10	0.00	10
55	0	7	0.00	7
56	0	9	0.00	9
57	0	4	0.00	4
58	0	8	0.00	8
59	0	4	0.00	4
60	0	0		0
61	0	2	0.00	2
62	0	3	0.00	3
63	0	2	0.00	2
64	0	4	0.00	4
65	0	4	0.00	4
66	0	1	0.00	1
67	0	0		0
68	0	3	0.00	3
69	0	0		0
70	0	0		0
71	0	0		0
72	0	1	0.00	1
73	0	0		0
74	0	1	0.00	1
75	0	1	0.00	1
76	0	0		0
77	0	1	0.00	1
78	0	1	0.00	1
79	0	0		0
80	0	0		0
81	0	0		0
82	0	0		0
83	0	0		0
84	0	0		0
85	0	0		0
86	0	0		0
87	0	1	0.00	1
88	0	0		0
89	0	2	0.00	2
90	0	0		0
91	0	0		0
92	0	0		0
93	0	0		0
94	0	0		0
95	0	0		0
96	0	0		0
97	0	0		0

