CpG context (R1)
================
position	count methylated	count unmethylated	% methylation	coverage
1	232	2143	9.77	2375
2	0	9	0.00	9
3	0	23	0.00	23
4	18	175	9.33	193
5	14	210	6.25	224
6	8	247	3.14	255
7	6	219	2.67	225
8	17	299	5.38	316
9	11	222	4.72	233
10	8	248	3.12	256
11	8	255	3.04	263
12	15	268	5.30	283
13	18	272	6.21	290
14	11	257	4.10	268
15	14	239	5.53	253
16	19	285	6.25	304
17	12	237	4.82	249
18	14	241	5.49	255
19	14	307	4.36	321
20	11	218	4.80	229
21	16	198	7.48	214
22	18	260	6.47	278
23	24	257	8.54	281
24	15	263	5.40	278
25	22	296	6.92	318
26	14	293	4.56	307
27	11	268	3.94	279
28	21	263	7.39	284
29	11	262	4.03	273
30	14	246	5.38	260
31	16	259	5.82	275
32	16	297	5.11	313
33	15	233	6.05	248
34	15	290	4.92	305
35	10	263	3.66	273
36	15	214	6.55	229
37	13	263	4.71	276
38	24	239	9.13	263
39	16	225	6.64	241
40	7	260	2.62	267
41	8	251	3.09	259
42	12	265	4.33	277
43	9	279	3.12	288
44	8	244	3.17	252
45	16	297	5.11	313
46	15	228	6.17	243
47	12	276	4.17	288
48	12	243	4.71	255
49	13	233	5.28	246
50	12	230	4.96	242
51	15	209	6.70	224
52	10	256	3.76	266
53	9	251	3.46	260
54	15	230	6.12	245
55	7	304	2.25	311
56	18	235	7.11	253
57	7	252	2.70	259
58	12	235	4.86	247
59	14	287	4.65	301
60	11	240	4.38	251
61	15	241	5.86	256
62	14	218	6.03	232
63	15	227	6.20	242
64	15	245	5.77	260
65	7	252	2.70	259
66	12	252	4.55	264
67	16	199	7.44	215
68	10	193	4.93	203
69	4	205	1.91	209
70	10	216	4.42	226
71	12	226	5.04	238
72	4	225	1.75	229
73	12	217	5.24	229
74	8	178	4.30	186
75	18	201	8.22	219
76	9	203	4.25	212
77	12	248	4.62	260
78	6	210	2.78	216
79	9	205	4.21	214
80	8	185	4.15	193
81	6	178	3.26	184
82	5	179	2.72	184
83	5	123	3.91	128
84	4	181	2.16	185
85	3	176	1.68	179
86	9	155	5.49	164
87	6	169	3.43	175
88	4	117	3.31	121
89	4	149	2.61	153
90	1	137	0.72	138
91	7	152	4.40	159
92	2	118	1.67	120
93	12	154	7.23	166
94	3	138	2.13	141
95	3	119	2.46	122
96	6	103	5.50	109
97	6	149	3.87	155
98	4	82	4.65	86
99	1	50	1.96	51
100	1	3	25.00	4
101	1	4	20.00	5
102	0	1	0.00	1
103	1	4	20.00	5
104	0	5	0.00	5
105	0	3	0.00	3
106	1	4	20.00	5
107	0	2	0.00	2
108	0	5	0.00	5
109	0	3	0.00	3
110	0	2	0.00	2
111	1	1	50.00	2
112	0	2	0.00	2
113	1	0	100.00	1
114	0	2	0.00	2
115	0	2	0.00	2
116	0	0		0
117	0	2	0.00	2
118	0	0		0
119	0	1	0.00	1
120	0	2	0.00	2
121	0	3	0.00	3
122	0	2	0.00	2
123	0	1	0.00	1
124	0	1	0.00	1
125	0	0		0
126	0	1	0.00	1
127	0	0		0
128	0	0		0
129	0	0		0
130	0	2	0.00	2
131	0	0		0
132	0	0		0
133	0	0		0
134	0	1	0.00	1
135	0	0		0
136	1	2	33.33	3
137	0	1	0.00	1
138	0	0		0
139	0	1	0.00	1
140	0	0		0
141	0	2	0.00	2
142	0	0		0
143	0	0		0
144	0	1	0.00	1
145	0	0		0
146	0	1	0.00	1
147	0	0		0
148	0	1	0.00	1
149	0	0		0

CHG context (R1)
================
position	count methylated	count unmethylated	% methylation	coverage
1	0	6	0.00	6
2	0	33	0.00	33
3	0	7	0.00	7
4	1	136	0.73	137
5	0	189	0.00	189
6	1	233	0.43	234
7	2	269	0.74	271
8	0	208	0.00	208
9	0	214	0.00	214
10	2	222	0.89	224
11	0	239	0.00	239
12	1	196	0.51	197
13	1	217	0.46	218
14	0	209	0.00	209
15	3	266	1.12	269
16	2	214	0.93	216
17	0	223	0.00	223
18	2	265	0.75	267
19	2	193	1.03	195
20	0	175	0.00	175
21	0	240	0.00	240
22	0	244	0.00	244
23	0	223	0.00	223
24	0	192	0.00	192
25	0	249	0.00	249
26	1	193	0.52	194
27	1	222	0.45	223
28	2	245	0.81	247
29	0	168	0.00	168
30	0	185	0.00	185
31	1	252	0.40	253
32	1	205	0.49	206
33	1	258	0.39	259
34	1	208	0.48	209
35	1	220	0.45	221
36	0	248	0.00	248
37	0	231	0.00	231
38	0	165	0.00	165
39	1	232	0.43	233
40	1	227	0.44	228
41	2	258	0.77	260
42	0	204	0.00	204
43	0	213	0.00	213
44	0	252	0.00	252
45	0	199	0.00	199
46	0	234	0.00	234
47	1	180	0.55	181
48	1	227	0.44	228
49	0	196	0.00	196
50	0	213	0.00	213
51	0	231	0.00	231
52	1	244	0.41	245
53	0	208	0.00	208
54	0	232	0.00	232
55	1	167	0.60	168
56	0	198	0.00	198
57	0	210	0.00	210
58	0	218	0.00	218
59	1	170	0.58	171
60	1	159	0.62	160
61	1	192	0.52	193
62	0	188	0.00	188
63	0	194	0.00	194
64	2	196	1.01	198
65	0	200	0.00	200
66	0	177	0.00	177
67	0	185	0.00	185
68	0	201	0.00	201
69	0	196	0.00	196
70	4	178	2.20	182
71	0	178	0.00	178
72	1	160	0.62	161
73	1	151	0.66	152
74	0	163	0.00	163
75	2	154	1.28	156
76	0	166	0.00	166
77	0	160	0.00	160
78	1	152	0.65	153
79	1	137	0.72	138
80	0	139	0.00	139
81	1	159	0.62	160
82	0	120	0.00	120
83	0	153	0.00	153
84	0	130	0.00	130
85	0	131	0.00	131
86	0	151	0.00	151
87	0	122	0.00	122
88	0	126	0.00	126
89	0	133	0.00	133
90	0	114	0.00	114
91	0	126	0.00	126
92	0	98	0.00	98
93	0	94	0.00	94
94	0	106	0.00	106
95	1	88	1.12	89
96	0	117	0.00	117
97	2	113	1.74	115
98	0	96	0.00	96
99	0	38	0.00	38
100	0	6	0.00	6
101	0	5	0.00	5
102	0	4	0.00	4
103	0	4	0.00	4
104	0	5	0.00	5
105	0	3	0.00	3
106	0	2	0.00	2
107	0	4	0.00	4
108	0	3	0.00	3
109	0	2	0.00	2
110	0	2	0.00	2
111	0	4	0.00	4
112	0	2	0.00	2
113	0	0		0
114	0	2	0.00	2
115	0	1	0.00	1
116	0	3	0.00	3
117	0	0		0
118	0	1	0.00	1
119	0	1	0.00	1
120	0	1	0.00	1
121	0	1	0.00	1
122	0	0		0
123	0	2	0.00	2
124	0	1	0.00	1
125	0	1	0.00	1
126	0	0		0
127	0	1	0.00	1
128	0	0		0
129	0	1	0.00	1
130	0	0		0
131	0	1	0.00	1
132	0	2	0.00	2
133	0	1	0.00	1
134	0	0		0
135	0	2	0.00	2
136	0	0		0
137	0	0		0
138	0	1	0.00	1
139	0	1	0.00	1
140	0	0		0
141	0	1	0.00	1
142	0	0		0
143	0	1	0.00	1
144	0	0		0
145	0	0		0
146	0	0		0
147	0	0		0
148	0	1	0.00	1
149	0	0		0

CHH context (R1)
================
position	count methylated	count unmethylated	% methylation	coverage
1	0	37	0.00	37
2	0	32	0.00	32
3	0	24	0.00	24
4	4	334	1.18	338
5	0	429	0.00	429
6	4	426	0.93	430
7	0	381	0.00	381
8	0	355	0.00	355
9	1	340	0.29	341
10	0	347	0.00	347
11	1	322	0.31	323
12	0	327	0.00	327
13	2	407	0.49	409
14	1	428	0.23	429
15	0	372	0.00	372
16	1	371	0.27	372
17	1	298	0.33	299
18	2	307	0.65	309
19	0	307	0.00	307
20	0	362	0.00	362
21	2	371	0.54	373
22	0	336	0.00	336
23	3	341	0.87	344
24	0	362	0.00	362
25	0	348	0.00	348
26	2	323	0.62	325
27	2	367	0.54	369
28	2	356	0.56	358
29	3	330	0.90	333
30	0	390	0.00	390
31	0	374	0.00	374
32	1	379	0.26	380
33	1	305	0.33	306
34	1	331	0.30	332
35	1	289	0.34	290
36	0	361	0.00	361
37	3	322	0.92	325
38	2	351	0.57	353
39	0	318	0.00	318
40	2	332	0.60	334
41	1	318	0.31	319
42	1	325	0.31	326
43	1	322	0.31	323
44	0	342	0.00	342
45	2	276	0.72	278
46	2	347	0.57	349
47	1	322	0.31	323
48	0	342	0.00	342
49	1	387	0.26	388
50	0	397	0.00	397
51	1	417	0.24	418
52	1	361	0.28	362
53	0	337	0.00	337
54	0	325	0.00	325
55	0	329	0.00	329
56	1	290	0.34	291
57	1	320	0.31	321
58	0	278	0.00	278
59	2	325	0.61	327
60	1	275	0.36	276
61	1	326	0.31	327
62	0	352	0.00	352
63	6	335	1.76	341
64	0	331	0.00	331
65	0	327	0.00	327
66	1	278	0.36	279
67	0	340	0.00	340
68	0	305	0.00	305
69	3	294	1.01	297
70	1	315	0.32	316
71	0	293	0.00	293
72	1	267	0.37	268
73	1	305	0.33	306
74	2	274	0.72	276
75	0	324	0.00	324
76	0	268	0.00	268
77	0	243	0.00	243
78	1	282	0.35	283
79	1	284	0.35	285
80	1	299	0.33	300
81	1	274	0.36	275
82	1	288	0.35	289
83	1	233	0.43	234
84	1	245	0.41	246
85	0	238	0.00	238
86	0	250	0.00	250
87	1	214	0.47	215
88	1	248	0.40	249
89	0	222	0.00	222
90	2	184	1.08	186
91	0	170	0.00	170
92	0	211	0.00	211
93	2	161	1.23	163
94	0	165	0.00	165
95	1	207	0.48	208
96	1	154	0.65	155
97	0	163	0.00	163
98	0	157	0.00	157
99	0	75	0.00	75
100	0	11	0.00	11
101	0	6	0.00	6
102	0	10	0.00	10
103	0	8	0.00	8
104	0	7	0.00	7
105	0	4	0.00	4
106	0	4	0.00	4
107	0	2	0.00	2
108	0	4	0.00	4
109	0	4	0.00	4
110	0	5	0.00	5
111	0	2	0.00	2
112	0	0		0
113	0	5	0.00	5
114	0	4	0.00	4
115	0	4	0.00	4
116	0	1	0.00	1
117	0	1	0.00	1
118	0	1	0.00	1
119	0	3	0.00	3
120	0	0		0
121	0	1	0.00	1
122	0	1	0.00	1
123	0	2	0.00	2
124	0	1	0.00	1
125	0	0		0
126	0	2	0.00	2
127	0	1	0.00	1
128	0	2	0.00	2
129	0	4	0.00	4
130	0	1	0.00	1
131	0	1	0.00	1
132	0	1	0.00	1
133	0	1	0.00	1
134	0	1	0.00	1
135	0	0		0
136	0	0		0
137	0	0		0
138	0	1	0.00	1
139	0	1	0.00	1
140	0	0		0
141	0	0		0
142	0	0		0
143	0	1	0.00	1
144	0	1	0.00	1
145	0	2	0.00	2
146	0	1	0.00	1
147	0	0		0
148	0	0		0
149	0	1	0.00	1

CpG context (R2)
================
position	count methylated	count unmethylated	% methylation	coverage
1	0	24	0.00	24
2	0	18	0.00	18
3	5	72	6.49	77
4	1	85	1.16	86
5	5	97	4.90	102
6	4	81	4.71	85
7	7	126	5.26	133
8	0	90	0.00	90
9	4	80	4.76	84
10	3	92	3.16	95
11	2	71	2.74	73
12	3	57	5.00	60
13	12	79	13.19	91
14	1	43	2.27	44
15	3	54	5.26	57
16	2	71	2.74	73
17	0	47	0.00	47
18	4	44	8.33	48
19	2	44	4.35	46
20	0	35	0.00	35
21	2	46	4.17	48
22	0	51	0.00	51
23	0	40	0.00	40
24	3	62	4.62	65
25	0	47	0.00	47
26	0	33	0.00	33
27	1	39	2.50	40
28	3	37	7.50	40
29	2	48	4.00	50
30	2	20	9.09	22
31	4	23	14.81	27
32	0	28	0.00	28
33	0	11	0.00	11
34	0	25	0.00	25
35	1	13	7.14	14
36	0	13	0.00	13
37	0	21	0.00	21
38	1	27	3.57	28
39	0	15	0.00	15
40	1	9	10.00	10
41	0	20	0.00	20
42	0	11	0.00	11
43	0	12	0.00	12
44	0	19	0.00	19
45	0	4	0.00	4
46	0	18	0.00	18
47	0	7	0.00	7
48	0	8	0.00	8
49	0	10	0.00	10
50	0	7	0.00	7
51	0	12	0.00	12
52	0	5	0.00	5
53	0	6	0.00	6
54	0	7	0.00	7
55	1	4	20.00	5
56	0	5	0.00	5
57	0	3	0.00	3
58	0	4	0.00	4
59	0	4	0.00	4
60	1	2	33.33	3
61	0	3	0.00	3
62	0	1	0.00	1
63	0	4	0.00	4
64	0	2	0.00	2
65	0	1	0.00	1
66	0	5	0.00	5
67	1	3	25.00	4
68	0	0		0
69	0	3	0.00	3
70	1	0	100.00	1
71	0	0		0
72	0	2	0.00	2
73	0	0		0
74	0	0		0
75	0	0		0
76	0	1	0.00	1
77	0	1	0.00	1
78	0	1	0.00	1
79	0	1	0.00	1
80	0	0		0
81	0	1	0.00	1
82	0	0		0
83	0	0		0
84	0	0		0
85	0	2	0.00	2
86	0	1	0.00	1
87	0	0		0
88	0	0		0
89	0	1	0.00	1
90	0	0		0
91	0	1	0.00	1
92	0	1	0.00	1
93	0	1	0.00	1
94	0	1	0.00	1
95	0	0		0
96	0	0		0
97	0	1	0.00	1

CHG context (R2)
================
position	count methylated	count unmethylated	% methylation	coverage
1	11	2132	0.51	2143
2	0	28	0.00	28
3	0	8	0.00	8
4	0	45	0.00	45
5	0	60	0.00	60
6	0	81	0.00	81
7	1	81	1.22	82
8	0	80	0.00	80
9	0	55	0.00	55
10	1	70	1.41	71
11	1	79	1.25	80
12	0	33	0.00	33
13	0	49	0.00	49
14	0	61	0.00	61
15	0	40	0.00	40
16	0	56	0.00	56
17	0	71	0.00	71
18	0	45	0.00	45
19	0	54	0.00	54
20	0	53	0.00	53
21	0	34	0.00	34
22	0	63	0.00	63
23	0	38	0.00	38
24	0	20	0.00	20
25	0	37	0.00	37
26	0	24	0.00	24
27	0	13	0.00	13
28	2	29	6.45	31
29	0	28	0.00	28
30	0	24	0.00	24
31	0	30	0.00	30
32	0	21	0.00	21
33	0	41	0.00	41
34	0	24	0.00	24
35	0	30	0.00	30
36	1	23	4.17	24
37	0	10	0.00	10
38	0	12	0.00	12
39	0	14	0.00	14
40	0	14	0.00	14
41	0	17	0.00	17
42	0	6	0.00	6
43	0	12	0.00	12
44	0	6	0.00	6
45	0	13	0.00	13
46	0	5	0.00	5
47	0	9	0.00	9
48	0	6	0.00	6
49	0	14	0.00	14
50	0	12	0.00	12
51	0	4	0.00	4
52	0	6	0.00	6
53	0	7	0.00	7
54	0	4	0.00	4
55	0	8	0.00	8
56	0	3	0.00	3
57	0	0		0
58	0	7	0.00	7
59	0	2	0.00	2
60	0	7	0.00	7
61	0	2	0.00	2
62	0	1	0.00	1
63	0	1	0.00	1
64	0	3	0.00	3
65	0	0		0
66	0	0		0
67	0	2	0.00	2
68	0	0		0
69	0	0		0
70	0	1	0.00	1
71	0	4	0.00	4
72	0	1	0.00	1
73	0	3	0.00	3
74	0	1	0.00	1
75	0	1	0.00	1
76	0	0		0
77	0	1	0.00	1
78	0	1	0.00	1
79	0	1	0.00	1
80	0	0		0
81	0	0		0
82	0	1	0.00	1
83	0	0		0
84	0	0		0
85	0	1	0.00	1
86	0	1	0.00	1
87	0	1	0.00	1
88	0	0		0
89	0	0		0
90	0	1	0.00	1
91	0	0		0
92	0	0		0
93	0	0		0
94	0	1	0.00	1
95	0	0		0
96	0	0		0
97	0	0		0

CHH context (R2)
================
position	count methylated	count unmethylated	% methylation	coverage
1	0	10	0.00	10
2	2	965	0.21	967
3	1	255	0.39	256
4	0	176	0.00	176
5	0	133	0.00	133
6	0	110	0.00	110
7	0	124	0.00	124
8	0	145	0.00	145
9	0	115	0.00	115
10	0	128	0.00	128
11	1	95	1.04	96
12	1	95	1.04	96
13	0	68	0.00	68
14	1	62	1.59	63
15	0	83	0.00	83
16	0	73	0.00	73
17	0	77	0.00	77
18	0	99	0.00	99
19	0	85	0.00	85
20	0	69	0.00	69
21	0	53	0.00	53
22	1	44	2.22	45
23	0	42	0.00	42
24	0	52	0.00	52
25	0	52	0.00	52
26	0	42	0.00	42
27	0	29	0.00	29
28	0	21	0.00	21
29	0	44	0.00	44
30	0	32	0.00	32
31	0	26	0.00	26
32	1	31	3.12	32
33	0	16	0.00	16
34	0	37	0.00	37
35	0	30	0.00	30
36	0	26	0.00	26
37	0	25	0.00	25
38	0	26	0.00	26
39	0	12	0.00	12
40	0	20	0.00	20
41	0	18	0.00	18
42	0	19	0.00	19
43	0	15	0.00	15
44	0	20	0.00	20
45	0	15	0.00	15
46	0	18	0.00	18
47	0	13	0.00	13
48	0	8	0.00	8
49	0	13	0.00	13
50	0	11	0.00	11
51	0	20	0.00	20
52	0	17	0.00	17
53	0	15	0.00	15
54	0	15	0.00	15
55	0	16	0.00	16
56	0	8	0.00	8
57	0	5	0.00	5
58	0	2	0.00	2
59	0	1	0.00	1
60	0	5	0.00	5
61	0	4	0.00	4
62	0	7	0.00	7
63	0	1	0.00	1
64	0	1	0.00	1
65	0	2	0.00	2
66	0	1	0.00	1
67	0	0		0
68	0	0		0
69	0	3	0.00	3
70	0	1	0.00	1
71	0	0		0
72	0	0		0
73	0	0		0
74	0	1	0.00	1
75	0	1	0.00	1
76	0	0		0
77	0	1	0.00	1
78	0	2	0.00	2
79	0	1	0.00	1
80	0	2	0.00	2
81	0	1	0.00	1
82	0	0		0
83	0	1	0.00	1
84	0	0		0
85	0	0		0
86	0	0		0
87	0	0		0
88	0	0		0
89	0	1	0.00	1
90	0	0		0
91	0	0		0
92	0	0		0
93	0	0		0
94	0	0		0
95	0	0		0
96	0	0		0
97	0	0		0

