CpG context (R1)
================
position	count methylated	count unmethylated	% methylation	coverage
1	203	2159	8.59	2362
2	1	21	4.55	22
3	2	17	10.53	19
4	6	179	3.24	185
5	10	221	4.33	231
6	10	270	3.57	280
7	10	217	4.41	227
8	11	295	3.59	306
9	15	203	6.88	218
10	10	248	3.88	258
11	10	269	3.58	279
12	18	241	6.95	259
13	20	295	6.35	315
14	11	256	4.12	267
15	7	241	2.82	248
16	13	290	4.29	303
17	5	249	1.97	254
18	11	265	3.99	276
19	16	298	5.10	314
20	14	250	5.30	264
21	17	213	7.39	230
22	13	258	4.80	271
23	9	279	3.12	288
24	23	241	8.71	264
25	13	287	4.33	300
26	15	283	5.03	298
27	19	282	6.31	301
28	19	261	6.79	280
29	15	234	6.02	249
30	10	282	3.42	292
31	17	281	5.70	298
32	23	264	8.01	287
33	8	222	3.48	230
34	18	266	6.34	284
35	17	263	6.07	280
36	15	220	6.38	235
37	14	259	5.13	273
38	16	241	6.23	257
39	8	254	3.05	262
40	14	256	5.19	270
41	12	264	4.35	276
42	15	260	5.45	275
43	15	252	5.62	267
44	15	245	5.77	260
45	10	277	3.48	287
46	20	239	7.72	259
47	17	272	5.88	289
48	18	253	6.64	271
49	6	234	2.50	240
50	10	257	3.75	267
51	15	218	6.44	233
52	10	237	4.05	247
53	13	232	5.31	245
54	16	245	6.13	261
55	12	307	3.76	319
56	8	230	3.36	238
57	11	231	4.55	242
58	11	235	4.47	246
59	7	232	2.93	239
60	7	240	2.83	247
61	14	237	5.58	251
62	13	224	5.49	237
63	10	238	4.03	248
64	19	219	7.98	238
65	13	267	4.64	280
66	14	225	5.86	239
67	16	220	6.78	236
68	10	191	4.98	201
69	9	196	4.39	205
70	12	212	5.36	224
71	14	206	6.36	220
72	9	217	3.98	226
73	8	229	3.38	237
74	10	192	4.95	202
75	12	161	6.94	173
76	15	199	7.01	214
77	13	222	5.53	235
78	13	185	6.57	198
79	5	229	2.14	234
80	6	170	3.41	176
81	9	165	5.17	174
82	4	197	1.99	201
83	6	151	3.82	157
84	7	146	4.58	153
85	6	165	3.51	171
86	6	155	3.73	161
87	3	170	1.73	173
88	3	106	2.75	109
89	6	155	3.73	161
90	6	113	5.04	119
91	6	138	4.17	144
92	7	153	4.38	160
93	5	140	3.45	145
94	2	120	1.64	122
95	6	113	5.04	119
96	8	118	6.35	126
97	2	132	1.49	134
98	8	96	7.69	104
99	3	54	5.26	57
100	0	13	0.00	13
101	0	6	0.00	6
102	0	3	0.00	3
103	0	8	0.00	8
104	0	7	0.00	7
105	0	5	0.00	5
106	0	10	0.00	10
107	0	5	0.00	5
108	0	11	0.00	11
109	0	8	0.00	8
110	0	3	0.00	3
111	0	8	0.00	8
112	0	9	0.00	9
113	0	5	0.00	5
114	2	3	40.00	5
115	0	7	0.00	7
116	1	4	20.00	5
117	0	5	0.00	5
118	0	2	0.00	2
119	0	1	0.00	1
120	0	4	0.00	4
121	0	5	0.00	5
122	0	2	0.00	2
123	0	4	0.00	4
124	0	3	0.00	3
125	1	4	20.00	5
126	0	3	0.00	3
127	0	3	0.00	3
128	0	2	0.00	2
129	1	2	33.33	3
130	0	2	0.00	2
131	0	0		0
132	0	2	0.00	2
133	0	1	0.00	1
134	1	0	100.00	1
135	0	1	0.00	1
136	0	1	0.00	1
137	0	3	0.00	3
138	0	0		0
139	0	2	0.00	2
140	0	1	0.00	1
141	0	1	0.00	1
142	0	1	0.00	1
143	0	1	0.00	1
144	0	2	0.00	2
145	0	1	0.00	1
146	0	1	0.00	1
147	0	0		0
148	0	0		0
149	0	0		0

CHG context (R1)
================
position	count methylated	count unmethylated	% methylation	coverage
1	0	22	0.00	22
2	0	31	0.00	31
3	0	12	0.00	12
4	0	150	0.00	150
5	0	215	0.00	215
6	0	217	0.00	217
7	3	267	1.11	270
8	1	222	0.45	223
9	2	215	0.92	217
10	2	225	0.88	227
11	2	224	0.88	226
12	0	213	0.00	213
13	0	220	0.00	220
14	1	188	0.53	189
15	0	259	0.00	259
16	0	206	0.00	206
17	2	226	0.88	228
18	1	256	0.39	257
19	1	216	0.46	217
20	0	177	0.00	177
21	2	188	1.05	190
22	0	243	0.00	243
23	1	218	0.46	219
24	1	171	0.58	172
25	1	250	0.40	251
26	0	190	0.00	190
27	1	231	0.43	232
28	0	265	0.00	265
29	0	197	0.00	197
30	2	182	1.09	184
31	1	229	0.43	230
32	0	206	0.00	206
33	1	223	0.45	224
34	1	218	0.46	219
35	0	221	0.00	221
36	0	222	0.00	222
37	0	218	0.00	218
38	0	175	0.00	175
39	1	222	0.45	223
40	0	213	0.00	213
41	0	246	0.00	246
42	0	229	0.00	229
43	3	218	1.36	221
44	1	237	0.42	238
45	2	179	1.10	181
46	2	210	0.94	212
47	0	188	0.00	188
48	0	224	0.00	224
49	0	194	0.00	194
50	0	204	0.00	204
51	0	195	0.00	195
52	2	232	0.85	234
53	3	199	1.49	202
54	1	215	0.46	216
55	0	168	0.00	168
56	1	220	0.45	221
57	0	197	0.00	197
58	0	192	0.00	192
59	1	176	0.56	177
60	1	155	0.64	156
61	2	175	1.13	177
62	1	187	0.53	188
63	0	170	0.00	170
64	1	197	0.51	198
65	2	182	1.09	184
66	1	191	0.52	192
67	1	150	0.66	151
68	1	194	0.51	195
69	0	182	0.00	182
70	0	181	0.00	181
71	1	154	0.65	155
72	0	158	0.00	158
73	0	188	0.00	188
74	0	139	0.00	139
75	1	144	0.69	145
76	1	205	0.49	206
77	1	173	0.57	174
78	1	143	0.69	144
79	1	145	0.68	146
80	1	116	0.85	117
81	1	180	0.55	181
82	0	124	0.00	124
83	0	156	0.00	156
84	1	132	0.75	133
85	0	120	0.00	120
86	0	156	0.00	156
87	0	109	0.00	109
88	1	141	0.70	142
89	0	106	0.00	106
90	1	100	0.99	101
91	0	157	0.00	157
92	1	103	0.96	104
93	0	83	0.00	83
94	0	117	0.00	117
95	2	103	1.90	105
96	0	94	0.00	94
97	0	102	0.00	102
98	0	100	0.00	100
99	0	41	0.00	41
100	0	4	0.00	4
101	0	9	0.00	9
102	0	12	0.00	12
103	0	11	0.00	11
104	0	4	0.00	4
105	0	8	0.00	8
106	0	7	0.00	7
107	0	1	0.00	1
108	0	4	0.00	4
109	0	9	0.00	9
110	0	6	0.00	6
111	0	2	0.00	2
112	0	5	0.00	5
113	0	3	0.00	3
114	0	2	0.00	2
115	0	2	0.00	2
116	0	3	0.00	3
117	0	2	0.00	2
118	0	2	0.00	2
119	0	2	0.00	2
120	0	2	0.00	2
121	0	1	0.00	1
122	0	4	0.00	4
123	0	3	0.00	3
124	0	3	0.00	3
125	0	0		0
126	0	2	0.00	2
127	0	4	0.00	4
128	0	2	0.00	2
129	0	0		0
130	0	1	0.00	1
131	0	1	0.00	1
132	0	2	0.00	2
133	0	1	0.00	1
134	0	1	0.00	1
135	0	0		0
136	0	4	0.00	4
137	0	0		0
138	0	0		0
139	0	2	0.00	2
140	0	1	0.00	1
141	0	1	0.00	1
142	0	0		0
143	0	1	0.00	1
144	0	0		0
145	0	1	0.00	1
146	0	0		0
147	0	1	0.00	1
148	0	1	0.00	1
149	0	0		0

CHH context (R1)
================
position	count methylated	count unmethylated	% methylation	coverage
1	0	38	0.00	38
2	0	27	0.00	27
3	0	23	0.00	23
4	0	327	0.00	327
5	0	396	0.00	396
6	1	415	0.24	416
7	0	361	0.00	361
8	0	352	0.00	352
9	1	335	0.30	336
10	0	353	0.00	353
11	1	332	0.30	333
12	1	347	0.29	348
13	2	396	0.50	398
14	3	370	0.80	373
15	1	360	0.28	361
16	0	340	0.00	340
17	0	321	0.00	321
18	1	304	0.33	305
19	0	322	0.00	322
20	2	358	0.56	360
21	0	346	0.00	346
22	0	364	0.00	364
23	0	336	0.00	336
24	1	338	0.29	339
25	4	354	1.12	358
26	0	378	0.00	378
27	0	404	0.00	404
28	2	334	0.60	336
29	4	332	1.19	336
30	0	368	0.00	368
31	1	339	0.29	340
32	1	364	0.27	365
33	2	321	0.62	323
34	0	327	0.00	327
35	1	294	0.34	295
36	0	373	0.00	373
37	3	340	0.87	343
38	2	341	0.58	343
39	2	339	0.59	341
40	0	333	0.00	333
41	3	311	0.96	314
42	1	327	0.30	328
43	0	316	0.00	316
44	0	342	0.00	342
45	1	322	0.31	323
46	3	331	0.90	334
47	1	336	0.30	337
48	2	331	0.60	333
49	2	373	0.53	375
50	1	409	0.24	410
51	2	430	0.46	432
52	0	349	0.00	349
53	0	335	0.00	335
54	2	290	0.68	292
55	0	304	0.00	304
56	0	278	0.00	278
57	2	279	0.71	281
58	0	283	0.00	283
59	0	315	0.00	315
60	2	314	0.63	316
61	1	345	0.29	346
62	3	336	0.88	339
63	2	318	0.62	320
64	1	367	0.27	368
65	0	304	0.00	304
66	3	274	1.08	277
67	2	323	0.62	325
68	0	336	0.00	336
69	1	305	0.33	306
70	1	290	0.34	291
71	1	286	0.35	287
72	2	257	0.77	259
73	0	295	0.00	295
74	0	261	0.00	261
75	0	300	0.00	300
76	1	284	0.35	285
77	3	239	1.24	242
78	1	236	0.42	237
79	0	270	0.00	270
80	1	270	0.37	271
81	4	244	1.61	248
82	2	274	0.72	276
83	0	223	0.00	223
84	3	235	1.26	238
85	1	255	0.39	256
86	0	253	0.00	253
87	0	209	0.00	209
88	0	259	0.00	259
89	1	202	0.49	203
90	0	214	0.00	214
91	0	175	0.00	175
92	0	187	0.00	187
93	0	144	0.00	144
94	0	158	0.00	158
95	0	179	0.00	179
96	0	157	0.00	157
97	2	160	1.23	162
98	1	172	0.58	173
99	0	75	0.00	75
100	0	13	0.00	13
101	0	11	0.00	11
102	0	10	0.00	10
103	0	5	0.00	5
104	0	9	0.00	9
105	0	8	0.00	8
106	0	7	0.00	7
107	0	10	0.00	10
108	0	10	0.00	10
109	0	8	0.00	8
110	0	8	0.00	8
111	0	4	0.00	4
112	0	3	0.00	3
113	0	4	0.00	4
114	0	9	0.00	9
115	0	8	0.00	8
116	0	6	0.00	6
117	0	7	0.00	7
118	0	5	0.00	5
119	0	3	0.00	3
120	0	3	0.00	3
121	0	3	0.00	3
122	0	4	0.00	4
123	0	2	0.00	2
124	0	0		0
125	0	3	0.00	3
126	0	3	0.00	3
127	0	2	0.00	2
128	0	1	0.00	1
129	0	2	0.00	2
130	0	4	0.00	4
131	0	4	0.00	4
132	0	4	0.00	4
133	0	3	0.00	3
134	0	2	0.00	2
135	0	3	0.00	3
136	0	0		0
137	0	1	0.00	1
138	0	2	0.00	2
139	0	2	0.00	2
140	0	1	0.00	1
141	0	0		0
142	0	0		0
143	0	0		0
144	0	0		0
145	0	1	0.00	1
146	0	1	0.00	1
147	0	1	0.00	1
148	0	1	0.00	1
149	0	1	0.00	1

CpG context (R2)
================
position	count methylated	count unmethylated	% methylation	coverage
1	0	28	0.00	28
2	0	23	0.00	23
3	4	70	5.41	74
4	3	65	4.41	68
5	9	90	9.09	99
6	4	89	4.30	93
7	2	124	1.59	126
8	2	75	2.60	77
9	5	75	6.25	80
10	8	76	9.52	84
11	4	69	5.48	73
12	6	63	8.70	69
13	5	82	5.75	87
14	3	40	6.98	43
15	2	67	2.90	69
16	1	59	1.67	60
17	2	32	5.88	34
18	2	48	4.00	50
19	1	37	2.63	38
20	4	35	10.26	39
21	0	38	0.00	38
22	3	40	6.98	43
23	2	50	3.85	52
24	0	52	0.00	52
25	1	28	3.45	29
26	1	23	4.17	24
27	2	32	5.88	34
28	1	15	6.25	16
29	3	36	7.69	39
30	4	21	16.00	25
31	1	31	3.12	32
32	1	19	5.00	20
33	1	21	4.55	22
34	6	20	23.08	26
35	0	15	0.00	15
36	0	12	0.00	12
37	1	14	6.67	15
38	3	19	13.64	22
39	1	11	8.33	12
40	0	6	0.00	6
41	0	13	0.00	13
42	0	12	0.00	12
43	0	9	0.00	9
44	0	16	0.00	16
45	0	1	0.00	1
46	3	14	17.65	17
47	0	4	0.00	4
48	0	7	0.00	7
49	0	5	0.00	5
50	0	9	0.00	9
51	1	2	33.33	3
52	2	6	25.00	8
53	0	4	0.00	4
54	1	8	11.11	9
55	0	4	0.00	4
56	0	6	0.00	6
57	1	2	33.33	3
58	0	6	0.00	6
59	0	4	0.00	4
60	0	4	0.00	4
61	0	2	0.00	2
62	0	0		0
63	1	1	50.00	2
64	0	3	0.00	3
65	0	2	0.00	2
66	0	4	0.00	4
67	0	0		0
68	0	1	0.00	1
69	0	0		0
70	0	0		0
71	0	1	0.00	1
72	0	0		0
73	0	2	0.00	2
74	0	0		0
75	0	1	0.00	1
76	0	3	0.00	3
77	0	0		0
78	0	1	0.00	1
79	0	0		0
80	0	0		0
81	0	1	0.00	1
82	0	2	0.00	2
83	0	0		0
84	0	0		0
85	0	0		0
86	0	0		0
87	0	1	0.00	1
88	0	0		0
89	0	0		0
90	0	0		0
91	0	2	0.00	2
92	0	0		0
93	0	1	0.00	1
94	0	1	0.00	1
95	0	0		0
96	0	0		0
97	0	2	0.00	2

CHG context (R2)
================
position	count methylated	count unmethylated	% methylation	coverage
1	20	2120	0.93	2140
2	0	31	0.00	31
3	0	10	0.00	10
4	0	46	0.00	46
5	0	60	0.00	60
6	0	73	0.00	73
7	0	58	0.00	58
8	1	89	1.11	90
9	0	77	0.00	77
10	2	55	3.51	57
11	1	74	1.33	75
12	0	34	0.00	34
13	0	42	0.00	42
14	0	49	0.00	49
15	0	47	0.00	47
16	1	51	1.92	52
17	0	65	0.00	65
18	0	46	0.00	46
19	0	41	0.00	41
20	0	60	0.00	60
21	0	33	0.00	33
22	0	51	0.00	51
23	0	26	0.00	26
24	0	23	0.00	23
25	0	36	0.00	36
26	1	22	4.35	23
27	0	12	0.00	12
28	1	28	3.45	29
29	0	23	0.00	23
30	0	24	0.00	24
31	0	25	0.00	25
32	0	13	0.00	13
33	0	25	0.00	25
34	0	21	0.00	21
35	0	26	0.00	26
36	0	19	0.00	19
37	0	10	0.00	10
38	0	8	0.00	8
39	0	9	0.00	9
40	0	21	0.00	21
41	0	12	0.00	12
42	0	9	0.00	9
43	1	9	10.00	10
44	0	2	0.00	2
45	0	9	0.00	9
46	0	2	0.00	2
47	0	15	0.00	15
48	0	5	0.00	5
49	0	8	0.00	8
50	0	7	0.00	7
51	0	5	0.00	5
52	1	6	14.29	7
53	0	7	0.00	7
54	0	4	0.00	4
55	0	8	0.00	8
56	0	1	0.00	1
57	0	0		0
58	0	5	0.00	5
59	0	2	0.00	2
60	0	6	0.00	6
61	0	1	0.00	1
62	0	1	0.00	1
63	0	3	0.00	3
64	0	1	0.00	1
65	0	0		0
66	0	0		0
67	0	4	0.00	4
68	0	0		0
69	0	0		0
70	0	3	0.00	3
71	0	0		0
72	0	1	0.00	1
73	0	1	0.00	1
74	0	1	0.00	1
75	0	1	0.00	1
76	0	0		0
77	0	0		0
78	0	1	0.00	1
79	0	0		0
80	0	1	0.00	1
81	0	0		0
82	0	0		0
83	0	0		0
84	0	0		0
85	0	1	0.00	1
86	0	1	0.00	1
87	0	1	0.00	1
88	0	0		0
89	0	0		0
90	0	0		0
91	0	0		0
92	0	1	0.00	1
93	0	0		0
94	0	0		0
95	0	1	0.00	1
96	0	0		0
97	0	0		0

CHH context (R2)
================
position	count methylated	count unmethylated	% methylation	coverage
1	0	12	0.00	12
2	1	944	0.11	945
3	1	230	0.43	231
4	0	199	0.00	199
5	0	157	0.00	157
6	0	92	0.00	92
7	0	101	0.00	101
8	1	118	0.84	119
9	1	100	0.99	101
10	1	119	0.83	120
11	0	82	0.00	82
12	0	87	0.00	87
13	1	62	1.59	63
14	0	82	0.00	82
15	0	78	0.00	78
16	0	60	0.00	60
17	0	62	0.00	62
18	0	70	0.00	70
19	0	72	0.00	72
20	1	45	2.17	46
21	0	52	0.00	52
22	0	37	0.00	37
23	0	45	0.00	45
24	0	40	0.00	40
25	0	47	0.00	47
26	0	42	0.00	42
27	0	24	0.00	24
28	1	27	3.57	28
29	0	44	0.00	44
30	0	27	0.00	27
31	1	31	3.12	32
32	0	29	0.00	29
33	0	22	0.00	22
34	0	22	0.00	22
35	0	29	0.00	29
36	1	23	4.17	24
37	0	16	0.00	16
38	0	13	0.00	13
39	0	7	0.00	7
40	0	11	0.00	11
41	0	15	0.00	15
42	0	15	0.00	15
43	0	23	0.00	23
44	0	23	0.00	23
45	0	16	0.00	16
46	0	15	0.00	15
47	0	11	0.00	11
48	0	6	0.00	6
49	0	5	0.00	5
50	0	4	0.00	4
51	0	9	0.00	9
52	1	11	8.33	12
53	0	9	0.00	9
54	0	9	0.00	9
55	0	8	0.00	8
56	0	8	0.00	8
57	0	2	0.00	2
58	0	2	0.00	2
59	0	2	0.00	2
60	0	4	0.00	4
61	0	6	0.00	6
62	0	5	0.00	5
63	0	0		0
64	0	1	0.00	1
65	0	1	0.00	1
66	0	1	0.00	1
67	0	1	0.00	1
68	0	1	0.00	1
69	0	2	0.00	2
70	0	1	0.00	1
71	0	1	0.00	1
72	0	0		0
73	0	0		0
74	0	1	0.00	1
75	0	0		0
76	0	0		0
77	0	0		0
78	0	0		0
79	0	1	0.00	1
80	0	0		0
81	0	0		0
82	0	0		0
83	0	1	0.00	1
84	0	0		0
85	0	0		0
86	0	0		0
87	0	1	0.00	1
88	0	0		0
89	0	0		0
90	0	0		0
91	0	0		0
92	0	0		0
93	0	1	0.00	1
94	0	1	0.00	1
95	0	0		0
96	0	0		0
97	0	0		0

