CpG context (R1)
================
position	count methylated	count unmethylated	% methylation	coverage
1	226	2157	9.48	2383
2	0	10	0.00	10
3	0	19	0.00	19
4	13	185	6.57	198
5	12	201	5.63	213
6	14	250	5.30	264
7	13	228	5.39	241
8	21	277	7.05	298
9	10	270	3.57	280
10	15	244	5.79	259
11	11	273	3.87	284
12	19	261	6.79	280
13	8	280	2.78	288
14	12	256	4.48	268
15	13	253	4.89	266
16	15	288	4.95	303
17	5	206	2.37	211
18	3	241	1.23	244
19	15	331	4.34	346
20	7	211	3.21	218
21	15	216	6.49	231
22	10	269	3.58	279
23	18	256	6.57	274
24	10	260	3.70	270
25	10	284	3.40	294
26	20	305	6.15	325
27	11	252	4.18	263
28	24	264	8.33	288
29	10	265	3.64	275
30	8	231	3.35	239
31	17	262	6.09	279
32	11	281	3.77	292
33	5	221	2.21	226
34	12	285	4.04	297
35	12	309	3.74	321
36	17	215	7.33	232
37	10	296	3.27	306
38	10	267	3.61	277
39	14	249	5.32	263
40	10	276	3.50	286
41	13	256	4.83	269
42	17	295	5.45	312
43	9	276	3.16	285
44	9	231	3.75	240
45	15	278	5.12	293
46	13	229	5.37	242
47	8	295	2.64	303
48	14	250	5.30	264
49	14	230	5.74	244
50	11	250	4.21	261
51	15	253	5.60	268
52	10	239	4.02	249
53	12	251	4.56	263
54	10	246	3.91	256
55	18	302	5.62	320
56	10	253	3.80	263
57	16	227	6.58	243
58	15	257	5.51	272
59	6	247	2.37	253
60	18	233	7.17	251
61	14	239	5.53	253
62	16	213	6.99	229
63	13	235	5.24	248
64	12	215	5.29	227
65	12	262	4.38	274
66	9	273	3.19	282
67	8	238	3.25	246
68	14	219	6.01	233
69	5	176	2.76	181
70	20	242	7.63	262
71	19	220	7.95	239
72	9	212	4.07	221
73	13	224	5.49	237
74	7	179	3.76	186
75	10	192	4.95	202
76	3	217	1.36	220
77	6	204	2.86	210
78	7	200	3.38	207
79	10	188	5.05	198
80	8	195	3.94	203
81	1	159	0.62	160
82	8	193	3.98	201
83	4	145	2.68	149
84	5	173	2.81	178
85	4	191	2.05	195
86	7	173	3.89	180
87	9	158	5.39	167
88	3	115	2.54	118
89	5	169	2.87	174
90	8	111	6.72	119
91	5	125	3.85	130
92	6	126	4.55	132
93	2	131	1.50	133
94	5	132	3.65	137
95	2	100	1.96	102
96	6	112	5.08	118
97	5	135	3.57	140
98	2	94	2.08	96
99	3	51	5.56	54
100	0	7	0.00	7
101	1	2	33.33	3
102	0	1	0.00	1
103	0	6	0.00	6
104	2	8	20.00	10
105	0	4	0.00	4
106	0	5	0.00	5
107	0	5	0.00	5
108	0	6	0.00	6
109	0	9	0.00	9
110	1	6	14.29	7
111	0	4	0.00	4
112	0	5	0.00	5
113	0	2	0.00	2
114	0	4	0.00	4
115	0	3	0.00	3
116	0	3	0.00	3
117	0	7	0.00	7
118	0	3	0.00	3
119	0	2	0.00	2
120	0	1	0.00	1
121	0	2	0.00	2
122	1	1	50.00	2
123	0	1	0.00	1
124	0	7	0.00	7
125	0	2	0.00	2
126	0	0		0
127	0	2	0.00	2
128	0	0		0
129	0	3	0.00	3
130	0	1	0.00	1
131	0	1	0.00	1
132	1	3	25.00	4
133	0	0		0
134	0	2	0.00	2
135	0	1	0.00	1
136	0	2	0.00	2
137	0	1	0.00	1
138	0	4	0.00	4
139	0	1	0.00	1
140	0	0		0
141	0	0		0
142	0	1	0.00	1
143	0	1	0.00	1
144	0	0		0
145	1	3	25.00	4
146	0	0		0
147	0	1	0.00	1
148	0	1	0.00	1
149	0	1	0.00	1

CHG context (R1)
================
position	count methylated	count unmethylated	% methylation	coverage
1	0	13	0.00	13
2	0	34	0.00	34
3	0	14	0.00	14
4	1	143	0.69	144
5	0	198	0.00	198
6	0	268	0.00	268
7	1	260	0.38	261
8	0	223	0.00	223
9	0	223	0.00	223
10	0	242	0.00	242
11	2	241	0.82	243
12	0	219	0.00	219
13	0	200	0.00	200
14	0	196	0.00	196
15	0	255	0.00	255
16	1	206	0.48	207
17	0	228	0.00	228
18	0	284	0.00	284
19	0	193	0.00	193
20	1	161	0.62	162
21	0	210	0.00	210
22	2	209	0.95	211
23	1	220	0.45	221
24	1	166	0.60	167
25	0	239	0.00	239
26	1	197	0.51	198
27	0	209	0.00	209
28	0	266	0.00	266
29	0	183	0.00	183
30	0	187	0.00	187
31	1	240	0.41	241
32	0	192	0.00	192
33	0	232	0.00	232
34	2	253	0.78	255
35	1	202	0.49	203
36	0	243	0.00	243
37	1	212	0.47	213
38	1	171	0.58	172
39	1	229	0.43	230
40	2	207	0.96	209
41	1	261	0.38	262
42	1	226	0.44	227
43	1	208	0.48	209
44	2	260	0.76	262
45	2	183	1.08	185
46	0	236	0.00	236
47	0	195	0.00	195
48	1	214	0.47	215
49	0	235	0.00	235
50	1	243	0.41	244
51	3	169	1.74	172
52	0	203	0.00	203
53	0	193	0.00	193
54	2	206	0.96	208
55	0	167	0.00	167
56	1	214	0.47	215
57	1	197	0.51	198
58	0	187	0.00	187
59	0	175	0.00	175
60	0	183	0.00	183
61	1	170	0.58	171
62	0	193	0.00	193
63	1	183	0.54	184
64	1	192	0.52	193
65	1	187	0.53	188
66	1	183	0.54	184
67	1	171	0.58	172
68	1	169	0.59	170
69	1	208	0.48	209
70	1	183	0.54	184
71	0	150	0.00	150
72	0	165	0.00	165
73	1	175	0.57	176
74	0	138	0.00	138
75	0	153	0.00	153
76	0	163	0.00	163
77	0	176	0.00	176
78	0	131	0.00	131
79	0	141	0.00	141
80	2	154	1.28	156
81	0	155	0.00	155
82	1	126	0.79	127
83	1	153	0.65	154
84	0	125	0.00	125
85	0	106	0.00	106
86	1	132	0.75	133
87	0	99	0.00	99
88	1	126	0.79	127
89	0	118	0.00	118
90	1	99	1.00	100
91	0	136	0.00	136
92	2	104	1.89	106
93	0	84	0.00	84
94	1	88	1.12	89
95	2	99	1.98	101
96	0	108	0.00	108
97	0	105	0.00	105
98	0	101	0.00	101
99	0	38	0.00	38
100	0	8	0.00	8
101	0	4	0.00	4
102	0	3	0.00	3
103	0	10	0.00	10
104	0	4	0.00	4
105	0	4	0.00	4
106	0	8	0.00	8
107	0	2	0.00	2
108	0	5	0.00	5
109	0	5	0.00	5
110	0	5	0.00	5
111	0	5	0.00	5
112	0	4	0.00	4
113	0	2	0.00	2
114	0	3	0.00	3
115	0	0		0
116	0	2	0.00	2
117	0	3	0.00	3
118	0	2	0.00	2
119	0	1	0.00	1
120	0	3	0.00	3
121	0	1	0.00	1
122	0	1	0.00	1
123	0	1	0.00	1
124	0	0		0
125	0	0		0
126	0	0		0
127	0	2	0.00	2
128	0	3	0.00	3
129	0	1	0.00	1
130	0	0		0
131	0	1	0.00	1
132	0	0		0
133	0	0		0
134	0	0		0
135	0	4	0.00	4
136	0	1	0.00	1
137	0	0		0
138	0	0		0
139	0	0		0
140	0	0		0
141	0	0		0
142	0	0		0
143	0	0		0
144	0	0		0
145	0	0		0
146	0	0		0
147	0	3	0.00	3
148	0	1	0.00	1
149	0	1	0.00	1

CHH context (R1)
================
position	count methylated	count unmethylated	% methylation	coverage
1	0	27	0.00	27
2	0	24	0.00	24
3	0	12	0.00	12
4	2	344	0.58	346
5	1	391	0.26	392
6	1	416	0.24	417
7	0	360	0.00	360
8	1	336	0.30	337
9	3	326	0.91	329
10	1	313	0.32	314
11	3	309	0.96	312
12	1	345	0.29	346
13	0	398	0.00	398
14	0	386	0.00	386
15	2	366	0.54	368
16	2	354	0.56	356
17	3	314	0.95	317
18	1	303	0.33	304
19	0	341	0.00	341
20	1	350	0.28	351
21	2	350	0.57	352
22	1	305	0.33	306
23	2	333	0.60	335
24	0	357	0.00	357
25	1	379	0.26	380
26	2	364	0.55	366
27	1	408	0.24	409
28	4	346	1.14	350
29	1	345	0.29	346
30	0	377	0.00	377
31	0	329	0.00	329
32	1	373	0.27	374
33	4	318	1.24	322
34	0	297	0.00	297
35	1	300	0.33	301
36	0	346	0.00	346
37	2	334	0.60	336
38	1	354	0.28	355
39	1	335	0.30	336
40	3	338	0.88	341
41	1	331	0.30	332
42	1	315	0.32	316
43	0	352	0.00	352
44	1	317	0.31	318
45	2	306	0.65	308
46	2	322	0.62	324
47	4	344	1.15	348
48	2	340	0.58	342
49	3	367	0.81	370
50	3	324	0.92	327
51	1	381	0.26	382
52	1	364	0.27	365
53	1	353	0.28	354
54	1	318	0.31	319
55	1	304	0.33	305
56	1	267	0.37	268
57	0	264	0.00	264
58	1	284	0.35	285
59	1	328	0.30	329
60	2	319	0.62	321
61	2	337	0.59	339
62	0	329	0.00	329
63	2	322	0.62	324
64	1	362	0.28	363
65	0	304	0.00	304
66	3	255	1.16	258
67	1	328	0.30	329
68	1	357	0.28	358
69	2	297	0.67	299
70	2	281	0.71	283
71	1	290	0.34	291
72	1	298	0.33	299
73	0	293	0.00	293
74	0	267	0.00	267
75	0	318	0.00	318
76	1	316	0.32	317
77	0	265	0.00	265
78	2	282	0.70	284
79	1	282	0.35	283
80	1	296	0.34	297
81	1	240	0.41	241
82	1	254	0.39	255
83	2	234	0.85	236
84	1	227	0.44	228
85	0	229	0.00	229
86	0	263	0.00	263
87	1	197	0.51	198
88	1	244	0.41	245
89	0	201	0.00	201
90	0	178	0.00	178
91	0	156	0.00	156
92	1	197	0.51	198
93	2	168	1.18	170
94	0	157	0.00	157
95	0	193	0.00	193
96	0	165	0.00	165
97	1	149	0.67	150
98	2	158	1.25	160
99	0	62	0.00	62
100	0	10	0.00	10
101	0	12	0.00	12
102	0	7	0.00	7
103	0	6	0.00	6
104	0	5	0.00	5
105	0	8	0.00	8
106	0	12	0.00	12
107	0	6	0.00	6
108	0	6	0.00	6
109	0	3	0.00	3
110	0	5	0.00	5
111	0	1	0.00	1
112	0	4	0.00	4
113	0	4	0.00	4
114	0	7	0.00	7
115	0	5	0.00	5
116	0	0		0
117	0	2	0.00	2
118	0	1	0.00	1
119	0	1	0.00	1
120	0	0		0
121	0	3	0.00	3
122	0	1	0.00	1
123	0	1	0.00	1
124	0	1	0.00	1
125	0	2	0.00	2
126	0	5	0.00	5
127	0	2	0.00	2
128	0	0		0
129	0	0		0
130	0	1	0.00	1
131	0	1	0.00	1
132	0	2	0.00	2
133	0	2	0.00	2
134	0	1	0.00	1
135	0	0		0
136	0	1	0.00	1
137	0	1	0.00	1
138	0	1	0.00	1
139	0	0		0
140	0	0		0
141	0	0		0
142	0	0		0
143	0	1	0.00	1
144	0	1	0.00	1
145	0	1	0.00	1
146	0	0		0
147	0	0		0
148	0	0		0
149	0	0		0

CpG context (R2)
================
position	count methylated	count unmethylated	% methylation	coverage
1	2	23	8.00	25
2	1	24	4.00	25
3	2	87	2.25	89
4	1	63	1.56	64
5	7	96	6.80	103
6	5	78	6.02	83
7	1	132	0.75	133
8	3	74	3.90	77
9	3	71	4.05	74
10	0	93	0.00	93
11	4	51	7.27	55
12	1	65	1.52	66
13	6	88	6.38	94
14	3	39	7.14	42
15	3	56	5.08	59
16	1	71	1.39	72
17	0	35	0.00	35
18	2	49	3.92	51
19	1	40	2.44	41
20	0	34	0.00	34
21	3	46	6.12	49
22	0	34	0.00	34
23	2	46	4.17	48
24	3	49	5.77	52
25	0	29	0.00	29
26	1	29	3.33	30
27	4	36	10.00	40
28	1	24	4.00	25
29	0	39	0.00	39
30	1	19	5.00	20
31	2	24	7.69	26
32	1	18	5.26	19
33	0	13	0.00	13
34	2	20	9.09	22
35	0	12	0.00	12
36	1	16	5.88	17
37	0	23	0.00	23
38	1	21	4.55	22
39	0	8	0.00	8
40	0	5	0.00	5
41	0	12	0.00	12
42	3	10	23.08	13
43	1	9	10.00	10
44	0	18	0.00	18
45	1	5	16.67	6
46	1	17	5.56	18
47	0	7	0.00	7
48	0	8	0.00	8
49	0	4	0.00	4
50	3	8	27.27	11
51	0	4	0.00	4
52	0	7	0.00	7
53	1	2	33.33	3
54	1	6	14.29	7
55	1	1	50.00	2
56	0	4	0.00	4
57	0	2	0.00	2
58	1	5	16.67	6
59	0	2	0.00	2
60	2	2	50.00	4
61	0	4	0.00	4
62	0	1	0.00	1
63	0	2	0.00	2
64	0	1	0.00	1
65	0	0		0
66	0	1	0.00	1
67	0	1	0.00	1
68	0	1	0.00	1
69	0	0		0
70	0	0		0
71	0	0		0
72	0	0		0
73	0	0		0
74	0	0		0
75	0	0		0
76	0	0		0
77	0	0		0
78	0	0		0
79	0	0		0
80	0	0		0
81	0	1	0.00	1
82	0	0		0
83	0	0		0
84	0	0		0
85	0	0		0

CHG context (R2)
================
position	count methylated	count unmethylated	% methylation	coverage
1	17	2134	0.79	2151
2	0	26	0.00	26
3	0	5	0.00	5
4	0	34	0.00	34
5	0	59	0.00	59
6	0	64	0.00	64
7	0	70	0.00	70
8	0	99	0.00	99
9	0	67	0.00	67
10	0	47	0.00	47
11	1	70	1.41	71
12	0	43	0.00	43
13	0	48	0.00	48
14	0	63	0.00	63
15	1	36	2.70	37
16	0	43	0.00	43
17	0	64	0.00	64
18	0	52	0.00	52
19	0	44	0.00	44
20	0	68	0.00	68
21	1	33	2.94	34
22	0	46	0.00	46
23	1	29	3.33	30
24	0	25	0.00	25
25	0	39	0.00	39
26	0	17	0.00	17
27	0	15	0.00	15
28	0	22	0.00	22
29	0	19	0.00	19
30	0	33	0.00	33
31	1	25	3.85	26
32	0	18	0.00	18
33	0	17	0.00	17
34	0	16	0.00	16
35	0	31	0.00	31
36	0	15	0.00	15
37	0	11	0.00	11
38	0	14	0.00	14
39	0	12	0.00	12
40	0	22	0.00	22
41	0	15	0.00	15
42	0	7	0.00	7
43	0	10	0.00	10
44	0	8	0.00	8
45	0	11	0.00	11
46	0	2	0.00	2
47	0	12	0.00	12
48	0	5	0.00	5
49	0	11	0.00	11
50	0	12	0.00	12
51	0	4	0.00	4
52	0	9	0.00	9
53	0	6	0.00	6
54	0	0		0
55	0	6	0.00	6
56	0	6	0.00	6
57	0	0		0
58	0	2	0.00	2
59	0	0		0
60	0	4	0.00	4
61	0	2	0.00	2
62	0	1	0.00	1
63	0	1	0.00	1
64	0	2	0.00	2
65	0	0		0
66	0	1	0.00	1
67	0	0		0
68	0	0		0
69	0	0		0
70	0	0		0
71	0	2	0.00	2
72	0	0		0
73	0	0		0
74	0	1	0.00	1
75	0	0		0
76	0	0		0
77	0	1	0.00	1
78	0	0		0
79	0	0		0
80	0	0		0
81	0	0		0
82	0	1	0.00	1
83	0	0		0
84	0	0		0
85	0	1	0.00	1

CHH context (R2)
================
position	count methylated	count unmethylated	% methylation	coverage
1	0	9	0.00	9
2	3	967	0.31	970
3	1	262	0.38	263
4	1	170	0.58	171
5	0	130	0.00	130
6	0	107	0.00	107
7	0	99	0.00	99
8	0	142	0.00	142
9	1	118	0.84	119
10	0	119	0.00	119
11	0	73	0.00	73
12	0	75	0.00	75
13	0	70	0.00	70
14	0	86	0.00	86
15	0	71	0.00	71
16	0	68	0.00	68
17	0	69	0.00	69
18	0	68	0.00	68
19	1	84	1.18	85
20	0	48	0.00	48
21	1	47	2.08	48
22	0	40	0.00	40
23	0	46	0.00	46
24	0	42	0.00	42
25	0	40	0.00	40
26	0	34	0.00	34
27	0	33	0.00	33
28	0	23	0.00	23
29	0	48	0.00	48
30	0	27	0.00	27
31	0	36	0.00	36
32	0	44	0.00	44
33	1	27	3.57	28
34	0	26	0.00	26
35	0	25	0.00	25
36	0	19	0.00	19
37	1	18	5.26	19
38	0	19	0.00	19
39	0	11	0.00	11
40	0	21	0.00	21
41	0	16	0.00	16
42	0	21	0.00	21
43	0	18	0.00	18
44	0	20	0.00	20
45	0	14	0.00	14
46	0	22	0.00	22
47	0	14	0.00	14
48	0	7	0.00	7
49	0	6	0.00	6
50	0	9	0.00	9
51	0	16	0.00	16
52	0	16	0.00	16
53	0	13	0.00	13
54	0	12	0.00	12
55	0	12	0.00	12
56	0	10	0.00	10
57	0	6	0.00	6
58	0	3	0.00	3
59	0	2	0.00	2
60	0	0		0
61	0	1	0.00	1
62	0	2	0.00	2
63	0	1	0.00	1
64	0	0		0
65	0	0		0
66	0	0		0
67	0	0		0
68	0	1	0.00	1
69	0	1	0.00	1
70	0	1	0.00	1
71	0	0		0
72	0	0		0
73	0	0		0
74	0	0		0
75	0	0		0
76	0	0		0
77	0	0		0
78	0	1	0.00	1
79	0	0		0
80	0	0		0
81	0	0		0
82	0	0		0
83	0	0		0
84	0	0		0
85	0	0		0

