CpG context (R1)
================
position	count methylated	count unmethylated	% methylation	coverage
1	210	2159	8.86	2369
2	1	16	5.88	17
3	0	14	0.00	14
4	10	194	4.90	204
5	10	198	4.81	208
6	12	242	4.72	254
7	11	222	4.72	233
8	17	292	5.50	309
9	16	244	6.15	260
10	11	256	4.12	267
11	4	252	1.56	256
12	18	272	6.21	290
13	16	288	5.26	304
14	12	254	4.51	266
15	15	259	5.47	274
16	16	295	5.14	311
17	12	227	5.02	239
18	6	237	2.47	243
19	10	325	2.99	335
20	4	217	1.81	221
21	14	234	5.65	248
22	19	267	6.64	286
23	17	277	5.78	294
24	16	224	6.67	240
25	12	294	3.92	306
26	13	287	4.33	300
27	9	253	3.44	262
28	22	271	7.51	293
29	10	278	3.47	288
30	17	291	5.52	308
31	8	287	2.71	295
32	18	291	5.83	309
33	9	263	3.31	272
34	13	263	4.71	276
35	13	257	4.81	270
36	11	221	4.74	232
37	7	256	2.66	263
38	17	250	6.37	267
39	16	233	6.43	249
40	11	268	3.94	279
41	14	219	6.01	233
42	18	266	6.34	284
43	8	259	3.00	267
44	19	248	7.12	267
45	16	267	5.65	283
46	11	224	4.68	235
47	23	277	7.67	300
48	14	256	5.19	270
49	10	232	4.13	242
50	12	254	4.51	266
51	7	262	2.60	269
52	15	255	5.56	270
53	14	234	5.65	248
54	13	242	5.10	255
55	10	283	3.41	293
56	11	220	4.76	231
57	15	242	5.84	257
58	12	221	5.15	233
59	22	299	6.85	321
60	11	258	4.09	269
61	19	266	6.67	285
62	13	255	4.85	268
63	11	230	4.56	241
64	9	242	3.59	251
65	19	260	6.81	279
66	12	244	4.69	256
67	15	245	5.77	260
68	11	203	5.14	214
69	3	199	1.49	202
70	15	250	5.66	265
71	16	238	6.30	254
72	13	249	4.96	262
73	15	220	6.38	235
74	15	190	7.32	205
75	10	171	5.52	181
76	13	186	6.53	199
77	4	244	1.61	248
78	6	180	3.23	186
79	11	243	4.33	254
80	8	179	4.28	187
81	12	156	7.14	168
82	7	217	3.12	224
83	12	128	8.57	140
84	7	178	3.78	185
85	10	194	4.90	204
86	14	167	7.73	181
87	10	174	5.43	184
88	6	146	3.95	152
89	12	149	7.45	161
90	8	112	6.67	120
91	5	138	3.50	143
92	5	127	3.79	132
93	4	135	2.88	139
94	6	128	4.48	134
95	7	115	5.74	122
96	6	104	5.45	110
97	4	137	2.84	141
98	7	107	6.14	114
99	2	48	4.00	50
100	0	7	0.00	7
101	0	5	0.00	5
102	0	4	0.00	4
103	0	11	0.00	11
104	0	2	0.00	2
105	3	2	60.00	5
106	0	4	0.00	4
107	0	4	0.00	4
108	0	5	0.00	5
109	1	6	14.29	7
110	0	1	0.00	1
111	0	4	0.00	4
112	1	8	11.11	9
113	1	3	25.00	4
114	0	5	0.00	5
115	1	2	33.33	3
116	0	0		0
117	0	4	0.00	4
118	0	3	0.00	3
119	1	2	33.33	3
120	0	2	0.00	2
121	0	0		0
122	0	4	0.00	4
123	1	2	33.33	3
124	1	3	25.00	4
125	0	4	0.00	4
126	1	2	33.33	3
127	0	3	0.00	3
128	0	3	0.00	3
129	0	6	0.00	6
130	0	1	0.00	1
131	0	3	0.00	3
132	1	0	100.00	1
133	0	2	0.00	2
134	0	0		0
135	0	0		0
136	0	0		0
137	0	1	0.00	1
138	1	0	100.00	1
139	1	1	50.00	2
140	0	0		0
141	0	0		0
142	0	0		0
143	0	1	0.00	1
144	1	1	50.00	2
145	0	0		0
146	0	0		0
147	0	1	0.00	1
148	0	0		0
149	0	0		0

CHG context (R1)
================
position	count methylated	count unmethylated	% methylation	coverage
1	0	12	0.00	12
2	1	25	3.85	26
3	0	6	0.00	6
4	0	122	0.00	122
5	0	206	0.00	206
6	0	259	0.00	259
7	2	269	0.74	271
8	1	228	0.44	229
9	0	254	0.00	254
10	1	202	0.49	203
11	0	244	0.00	244
12	0	212	0.00	212
13	1	190	0.52	191
14	1	211	0.47	212
15	1	250	0.40	251
16	2	208	0.95	210
17	0	222	0.00	222
18	1	259	0.38	260
19	0	214	0.00	214
20	0	157	0.00	157
21	1	228	0.44	229
22	2	255	0.78	257
23	0	180	0.00	180
24	0	206	0.00	206
25	0	245	0.00	245
26	0	201	0.00	201
27	1	199	0.50	200
28	2	252	0.79	254
29	2	190	1.04	192
30	1	179	0.56	180
31	0	235	0.00	235
32	1	178	0.56	179
33	1	248	0.40	249
34	0	209	0.00	209
35	0	208	0.00	208
36	0	209	0.00	209
37	2	212	0.93	214
38	0	212	0.00	212
39	0	253	0.00	253
40	1	224	0.44	225
41	1	235	0.42	236
42	0	212	0.00	212
43	1	213	0.47	214
44	0	272	0.00	272
45	1	188	0.53	189
46	0	229	0.00	229
47	1	203	0.49	204
48	0	237	0.00	237
49	0	242	0.00	242
50	3	220	1.35	223
51	1	228	0.44	229
52	0	217	0.00	217
53	0	224	0.00	224
54	0	203	0.00	203
55	0	167	0.00	167
56	1	196	0.51	197
57	0	217	0.00	217
58	2	230	0.86	232
59	0	190	0.00	190
60	0	144	0.00	144
61	0	199	0.00	199
62	0	165	0.00	165
63	0	182	0.00	182
64	2	189	1.05	191
65	1	198	0.50	199
66	0	203	0.00	203
67	1	187	0.53	188
68	1	166	0.60	167
69	0	202	0.00	202
70	1	201	0.50	202
71	0	158	0.00	158
72	2	181	1.09	183
73	0	183	0.00	183
74	0	133	0.00	133
75	1	148	0.67	149
76	0	178	0.00	178
77	1	164	0.61	165
78	0	175	0.00	175
79	1	148	0.67	149
80	0	126	0.00	126
81	0	185	0.00	185
82	0	129	0.00	129
83	0	129	0.00	129
84	0	122	0.00	122
85	0	109	0.00	109
86	0	138	0.00	138
87	0	116	0.00	116
88	1	127	0.78	128
89	0	103	0.00	103
90	1	100	0.99	101
91	0	142	0.00	142
92	0	99	0.00	99
93	0	90	0.00	90
94	2	106	1.85	108
95	0	97	0.00	97
96	0	116	0.00	116
97	0	109	0.00	109
98	0	84	0.00	84
99	0	40	0.00	40
100	1	3	25.00	4
101	0	6	0.00	6
102	0	10	0.00	10
103	0	2	0.00	2
104	0	2	0.00	2
105	0	3	0.00	3
106	0	5	0.00	5
107	1	2	33.33	3
108	0	4	0.00	4
109	0	1	0.00	1
110	0	4	0.00	4
111	0	4	0.00	4
112	0	1	0.00	1
113	0	2	0.00	2
114	0	4	0.00	4
115	0	2	0.00	2
116	0	4	0.00	4
117	0	3	0.00	3
118	0	4	0.00	4
119	0	5	0.00	5
120	0	2	0.00	2
121	0	4	0.00	4
122	0	1	0.00	1
123	0	1	0.00	1
124	0	2	0.00	2
125	0	1	0.00	1
126	0	0		0
127	0	2	0.00	2
128	0	2	0.00	2
129	0	1	0.00	1
130	0	1	0.00	1
131	0	1	0.00	1
132	0	0		0
133	0	1	0.00	1
134	0	0		0
135	0	1	0.00	1
136	0	1	0.00	1
137	0	0		0
138	0	0		0
139	0	0		0
140	0	0		0
141	0	1	0.00	1
142	0	1	0.00	1
143	0	0		0
144	0	0		0
145	0	0		0
146	0	0		0
147	0	0		0
148	0	1	0.00	1
149	0	0		0

CHH context (R1)
================
position	count methylated	count unmethylated	% methylation	coverage
1	0	28	0.00	28
2	0	25	0.00	25
3	0	22	0.00	22
4	1	322	0.31	323
5	1	409	0.24	410
6	1	431	0.23	432
7	1	394	0.25	395
8	0	353	0.00	353
9	1	306	0.33	307
10	0	350	0.00	350
11	0	317	0.00	317
12	1	351	0.28	352
13	1	380	0.26	381
14	2	406	0.49	408
15	1	369	0.27	370
16	1	334	0.30	335
17	0	308	0.00	308
18	3	300	0.99	303
19	1	334	0.30	335
20	0	344	0.00	344
21	0	334	0.00	334
22	1	306	0.33	307
23	2	340	0.58	342
24	0	357	0.00	357
25	0	384	0.00	384
26	0	375	0.00	375
27	1	425	0.23	426
28	1	372	0.27	373
29	0	331	0.00	331
30	0	373	0.00	373
31	1	355	0.28	356
32	1	383	0.26	384
33	2	309	0.64	311
34	0	311	0.00	311
35	0	334	0.00	334
36	1	393	0.25	394
37	4	350	1.13	354
38	0	339	0.00	339
39	1	328	0.30	329
40	0	318	0.00	318
41	2	338	0.59	340
42	0	349	0.00	349
43	0	356	0.00	356
44	1	325	0.31	326
45	1	305	0.33	306
46	4	338	1.17	342
47	0	312	0.00	312
48	1	300	0.33	301
49	1	350	0.28	351
50	0	350	0.00	350
51	1	377	0.26	378
52	2	326	0.61	328
53	2	340	0.58	342
54	0	327	0.00	327
55	0	352	0.00	352
56	1	318	0.31	319
57	1	306	0.33	307
58	0	290	0.00	290
59	4	324	1.22	328
60	2	286	0.69	288
61	0	307	0.00	307
62	1	333	0.30	334
63	0	309	0.00	309
64	0	341	0.00	341
65	1	325	0.31	326
66	0	270	0.00	270
67	3	336	0.88	339
68	0	326	0.00	326
69	1	294	0.34	295
70	1	262	0.38	263
71	0	282	0.00	282
72	0	252	0.00	252
73	0	313	0.00	313
74	1	249	0.40	250
75	0	328	0.00	328
76	0	305	0.00	305
77	1	278	0.36	279
78	2	256	0.78	258
79	1	275	0.36	276
80	0	303	0.00	303
81	3	254	1.17	257
82	2	282	0.70	284
83	0	248	0.00	248
84	2	255	0.78	257
85	1	272	0.37	273
86	0	269	0.00	269
87	0	221	0.00	221
88	1	257	0.39	258
89	0	218	0.00	218
90	0	213	0.00	213
91	0	184	0.00	184
92	2	193	1.03	195
93	2	169	1.17	171
94	0	162	0.00	162
95	1	188	0.53	189
96	0	157	0.00	157
97	1	149	0.67	150
98	1	163	0.61	164
99	0	78	0.00	78
100	0	9	0.00	9
101	0	6	0.00	6
102	0	6	0.00	6
103	0	4	0.00	4
104	0	4	0.00	4
105	0	8	0.00	8
106	0	7	0.00	7
107	0	7	0.00	7
108	0	5	0.00	5
109	0	3	0.00	3
110	0	8	0.00	8
111	0	3	0.00	3
112	0	7	0.00	7
113	0	7	0.00	7
114	0	4	0.00	4
115	0	8	0.00	8
116	0	3	0.00	3
117	0	7	0.00	7
118	0	6	0.00	6
119	0	3	0.00	3
120	1	3	25.00	4
121	0	4	0.00	4
122	0	2	0.00	2
123	0	1	0.00	1
124	0	3	0.00	3
125	0	2	0.00	2
126	0	5	0.00	5
127	0	1	0.00	1
128	0	3	0.00	3
129	0	1	0.00	1
130	0	1	0.00	1
131	0	4	0.00	4
132	0	3	0.00	3
133	0	1	0.00	1
134	0	2	0.00	2
135	0	2	0.00	2
136	0	1	0.00	1
137	0	1	0.00	1
138	0	1	0.00	1
139	0	0		0
140	0	2	0.00	2
141	0	1	0.00	1
142	0	0		0
143	0	1	0.00	1
144	0	1	0.00	1
145	0	1	0.00	1
146	0	1	0.00	1
147	0	2	0.00	2
148	0	1	0.00	1
149	0	1	0.00	1

CpG context (R2)
================
position	count methylated	count unmethylated	% methylation	coverage
1	0	14	0.00	14
2	0	14	0.00	14
3	3	75	3.85	78
4	9	63	12.50	72
5	7	102	6.42	109
6	2	93	2.11	95
7	4	111	3.48	115
8	2	71	2.74	73
9	4	76	5.00	80
10	6	91	6.19	97
11	3	55	5.17	58
12	6	46	11.54	52
13	7	75	8.54	82
14	3	35	7.89	38
15	7	57	10.94	64
16	0	46	0.00	46
17	0	29	0.00	29
18	3	46	6.12	49
19	2	23	8.00	25
20	3	44	6.38	47
21	1	38	2.56	39
22	0	50	0.00	50
23	3	38	7.32	41
24	1	65	1.52	66
25	1	32	3.03	33
26	0	29	0.00	29
27	6	24	20.00	30
28	0	25	0.00	25
29	2	25	7.41	27
30	1	22	4.35	23
31	3	25	10.71	28
32	2	31	6.06	33
33	3	12	20.00	15
34	2	22	8.33	24
35	1	10	9.09	11
36	1	10	9.09	11
37	2	28	6.67	30
38	0	28	0.00	28
39	0	12	0.00	12
40	0	13	0.00	13
41	0	14	0.00	14
42	0	15	0.00	15
43	1	14	6.67	15
44	1	22	4.35	23
45	0	0		0
46	5	17	22.73	22
47	0	9	0.00	9
48	0	3	0.00	3
49	0	4	0.00	4
50	0	9	0.00	9
51	0	6	0.00	6
52	1	4	20.00	5
53	1	3	25.00	4
54	0	4	0.00	4
55	1	2	33.33	3
56	1	1	50.00	2
57	1	3	25.00	4
58	1	2	33.33	3
59	0	3	0.00	3
60	0	3	0.00	3
61	0	4	0.00	4
62	1	0	100.00	1
63	0	1	0.00	1
64	0	1	0.00	1
65	1	2	33.33	3
66	0	2	0.00	2
67	0	3	0.00	3
68	0	2	0.00	2
69	0	3	0.00	3
70	0	1	0.00	1
71	0	0		0
72	0	2	0.00	2
73	0	0		0
74	0	0		0
75	0	0		0
76	0	1	0.00	1
77	0	0		0
78	0	0		0
79	0	0		0
80	0	0		0
81	0	1	0.00	1
82	0	1	0.00	1
83	0	0		0
84	0	0		0
85	0	1	0.00	1
86	0	0		0
87	0	0		0
88	0	1	0.00	1
89	0	1	0.00	1
90	0	0		0
91	0	2	0.00	2
92	0	1	0.00	1
93	0	1	0.00	1
94	0	1	0.00	1
95	0	1	0.00	1
96	0	1	0.00	1
97	0	1	0.00	1

CHG context (R2)
================
position	count methylated	count unmethylated	% methylation	coverage
1	11	2136	0.51	2147
2	0	15	0.00	15
3	0	4	0.00	4
4	0	41	0.00	41
5	0	42	0.00	42
6	0	76	0.00	76
7	0	86	0.00	86
8	0	75	0.00	75
9	0	61	0.00	61
10	1	59	1.67	60
11	0	68	0.00	68
12	0	28	0.00	28
13	0	38	0.00	38
14	1	53	1.85	54
15	0	49	0.00	49
16	0	56	0.00	56
17	0	54	0.00	54
18	0	57	0.00	57
19	1	54	1.82	55
20	0	35	0.00	35
21	0	44	0.00	44
22	0	56	0.00	56
23	0	31	0.00	31
24	0	12	0.00	12
25	0	49	0.00	49
26	0	20	0.00	20
27	0	12	0.00	12
28	0	22	0.00	22
29	0	26	0.00	26
30	0	21	0.00	21
31	1	22	4.35	23
32	0	28	0.00	28
33	0	20	0.00	20
34	1	21	4.55	22
35	0	26	0.00	26
36	0	19	0.00	19
37	0	9	0.00	9
38	0	13	0.00	13
39	0	14	0.00	14
40	0	13	0.00	13
41	0	20	0.00	20
42	0	8	0.00	8
43	0	7	0.00	7
44	0	4	0.00	4
45	0	10	0.00	10
46	0	1	0.00	1
47	0	12	0.00	12
48	0	7	0.00	7
49	0	8	0.00	8
50	1	11	8.33	12
51	0	3	0.00	3
52	0	9	0.00	9
53	0	6	0.00	6
54	0	2	0.00	2
55	0	4	0.00	4
56	0	5	0.00	5
57	0	0		0
58	0	2	0.00	2
59	0	0		0
60	0	6	0.00	6
61	0	3	0.00	3
62	0	2	0.00	2
63	0	3	0.00	3
64	1	2	33.33	3
65	0	0		0
66	0	0		0
67	0	1	0.00	1
68	0	0		0
69	0	0		0
70	0	1	0.00	1
71	0	2	0.00	2
72	0	0		0
73	0	4	0.00	4
74	0	2	0.00	2
75	0	0		0
76	0	0		0
77	0	1	0.00	1
78	0	1	0.00	1
79	0	1	0.00	1
80	0	1	0.00	1
81	0	0		0
82	0	1	0.00	1
83	0	0		0
84	0	0		0
85	0	1	0.00	1
86	0	2	0.00	2
87	0	0		0
88	0	0		0
89	0	1	0.00	1
90	0	0		0
91	0	0		0
92	0	0		0
93	0	0		0
94	0	1	0.00	1
95	0	1	0.00	1
96	0	0		0
97	0	0		0

CHH context (R2)
================
position	count methylated	count unmethylated	% methylation	coverage
1	0	10	0.00	10
2	1	970	0.10	971
3	0	242	0.00	242
4	0	164	0.00	164
5	1	123	0.81	124
6	1	82	1.20	83
7	0	93	0.00	93
8	0	128	0.00	128
9	0	111	0.00	111
10	0	136	0.00	136
11	0	99	0.00	99
12	0	91	0.00	91
13	0	71	0.00	71
14	1	61	1.61	62
15	0	81	0.00	81
16	0	69	0.00	69
17	0	77	0.00	77
18	0	89	0.00	89
19	0	65	0.00	65
20	1	50	1.96	51
21	0	52	0.00	52
22	0	39	0.00	39
23	0	41	0.00	41
24	0	58	0.00	58
25	0	45	0.00	45
26	0	48	0.00	48
27	0	33	0.00	33
28	0	28	0.00	28
29	0	43	0.00	43
30	0	37	0.00	37
31	0	21	0.00	21
32	0	19	0.00	19
33	0	19	0.00	19
34	0	26	0.00	26
35	0	33	0.00	33
36	0	23	0.00	23
37	0	16	0.00	16
38	0	16	0.00	16
39	0	7	0.00	7
40	0	22	0.00	22
41	0	14	0.00	14
42	0	14	0.00	14
43	0	16	0.00	16
44	0	21	0.00	21
45	0	7	0.00	7
46	0	16	0.00	16
47	0	15	0.00	15
48	0	7	0.00	7
49	0	10	0.00	10
50	0	7	0.00	7
51	0	12	0.00	12
52	1	15	6.25	16
53	0	20	0.00	20
54	0	15	0.00	15
55	0	14	0.00	14
56	0	11	0.00	11
57	0	7	0.00	7
58	0	5	0.00	5
59	0	3	0.00	3
60	0	1	0.00	1
61	0	1	0.00	1
62	0	6	0.00	6
63	0	2	0.00	2
64	0	1	0.00	1
65	0	1	0.00	1
66	0	1	0.00	1
67	0	0		0
68	0	2	0.00	2
69	0	2	0.00	2
70	0	1	0.00	1
71	0	0		0
72	0	2	0.00	2
73	0	0		0
74	0	2	0.00	2
75	0	3	0.00	3
76	0	0		0
77	0	2	0.00	2
78	0	2	0.00	2
79	0	0		0
80	0	1	0.00	1
81	0	0		0
82	0	0		0
83	0	0		0
84	0	1	0.00	1
85	0	0		0
86	0	0		0
87	0	1	0.00	1
88	0	0		0
89	0	0		0
90	0	0		0
91	0	0		0
92	0	0		0
93	0	0		0
94	0	0		0
95	0	0		0
96	0	0		0
97	0	0		0

