CpG context (R1)
================
position	count methylated	count unmethylated	% methylation	coverage
1	220	2168	9.21	2388
2	1	9	10.00	10
3	1	14	6.67	15
4	17	190	8.21	207
5	8	212	3.64	220
6	14	274	4.86	288
7	8	218	3.54	226
8	12	292	3.95	304
9	17	228	6.94	245
10	12	249	4.60	261
11	8	230	3.36	238
12	23	301	7.10	324
13	18	288	5.88	306
14	11	229	4.58	240
15	13	248	4.98	261
16	20	301	6.23	321
17	8	234	3.31	242
18	14	249	5.32	263
19	17	295	5.45	312
20	6	228	2.56	234
21	17	236	6.72	253
22	21	264	7.37	285
23	14	250	5.30	264
24	11	252	4.18	263
25	14	303	4.42	317
26	11	261	4.04	272
27	13	250	4.94	263
28	25	264	8.65	289
29	7	277	2.46	284
30	17	270	5.92	287
31	13	258	4.80	271
32	11	286	3.70	297
33	18	249	6.74	267
34	12	242	4.72	254
35	16	233	6.43	249
36	14	231	5.71	245
37	19	263	6.74	282
38	13	235	5.24	248
39	12	231	4.94	243
40	9	254	3.42	263
41	15	245	5.77	260
42	14	266	5.00	280
43	16	267	5.65	283
44	15	227	6.20	242
45	20	285	6.56	305
46	18	229	7.29	247
47	20	276	6.76	296
48	17	267	5.99	284
49	5	241	2.03	246
50	13	237	5.20	250
51	19	216	8.09	235
52	11	227	4.62	238
53	13	255	4.85	268
54	16	262	5.76	278
55	16	266	5.67	282
56	12	217	5.24	229
57	10	264	3.65	274
58	13	227	5.42	240
59	11	253	4.17	264
60	16	229	6.53	245
61	11	241	4.37	252
62	21	218	8.79	239
63	9	195	4.41	204
64	15	243	5.81	258
65	8	248	3.12	256
66	12	253	4.53	265
67	17	230	6.88	247
68	13	215	5.70	228
69	7	199	3.40	206
70	12	230	4.96	242
71	7	254	2.68	261
72	11	240	4.38	251
73	7	208	3.26	215
74	7	185	3.65	192
75	9	212	4.07	221
76	10	188	5.05	198
77	4	228	1.72	232
78	4	204	1.92	208
79	8	219	3.52	227
80	4	151	2.58	155
81	4	165	2.37	169
82	4	186	2.11	190
83	7	138	4.83	145
84	5	168	2.89	173
85	3	187	1.58	190
86	4	176	2.22	180
87	9	165	5.17	174
88	4	139	2.80	143
89	10	149	6.29	159
90	4	117	3.31	121
91	4	160	2.44	164
92	5	132	3.65	137
93	7	132	5.04	139
94	6	138	4.17	144
95	6	118	4.84	124
96	7	117	5.65	124
97	6	118	4.84	124
98	7	105	6.25	112
99	4	41	8.89	45
100	1	11	8.33	12
101	0	3	0.00	3
102	0	3	0.00	3
103	0	5	0.00	5
104	0	4	0.00	4
105	0	0		0
106	0	6	0.00	6
107	1	4	20.00	5
108	1	4	20.00	5
109	0	9	0.00	9
110	1	2	33.33	3
111	1	4	20.00	5
112	0	3	0.00	3
113	0	3	0.00	3
114	1	6	14.29	7
115	0	3	0.00	3
116	0	1	0.00	1
117	0	7	0.00	7
118	0	1	0.00	1
119	0	3	0.00	3
120	0	1	0.00	1
121	0	3	0.00	3
122	0	0		0
123	0	1	0.00	1
124	0	3	0.00	3
125	1	5	16.67	6
126	1	3	25.00	4
127	0	2	0.00	2
128	0	3	0.00	3
129	2	4	33.33	6
130	0	3	0.00	3
131	0	2	0.00	2
132	0	0		0
133	0	2	0.00	2
134	0	0		0
135	0	2	0.00	2
136	0	2	0.00	2
137	0	2	0.00	2
138	0	2	0.00	2
139	0	1	0.00	1
140	0	2	0.00	2
141	0	2	0.00	2
142	0	3	0.00	3
143	0	1	0.00	1
144	0	2	0.00	2
145	0	1	0.00	1
146	0	0		0
147	0	0		0
148	0	0		0
149	0	2	0.00	2

CHG context (R1)
================
position	count methylated	count unmethylated	% methylation	coverage
1	0	8	0.00	8
2	0	22	0.00	22
3	0	14	0.00	14
4	0	128	0.00	128
5	0	206	0.00	206
6	1	225	0.44	226
7	3	249	1.19	252
8	0	238	0.00	238
9	2	225	0.88	227
10	0	198	0.00	198
11	2	266	0.75	268
12	0	209	0.00	209
13	1	186	0.53	187
14	1	232	0.43	233
15	2	248	0.80	250
16	0	199	0.00	199
17	0	246	0.00	246
18	0	241	0.00	241
19	1	215	0.46	216
20	0	167	0.00	167
21	0	223	0.00	223
22	1	208	0.48	209
23	1	196	0.51	197
24	0	198	0.00	198
25	1	235	0.42	236
26	0	208	0.00	208
27	1	243	0.41	244
28	3	246	1.20	249
29	0	172	0.00	172
30	1	210	0.47	211
31	2	238	0.83	240
32	0	202	0.00	202
33	1	224	0.44	225
34	3	224	1.32	227
35	0	234	0.00	234
36	1	227	0.44	228
37	0	205	0.00	205
38	0	185	0.00	185
39	0	222	0.00	222
40	1	197	0.51	198
41	1	268	0.37	269
42	0	211	0.00	211
43	2	199	1.00	201
44	0	284	0.00	284
45	1	215	0.46	216
46	0	221	0.00	221
47	1	185	0.54	186
48	1	229	0.43	230
49	1	202	0.49	203
50	3	211	1.40	214
51	1	213	0.47	214
52	0	235	0.00	235
53	2	204	0.97	206
54	2	196	1.01	198
55	0	145	0.00	145
56	0	214	0.00	214
57	1	210	0.47	211
58	0	193	0.00	193
59	0	221	0.00	221
60	0	153	0.00	153
61	0	187	0.00	187
62	0	179	0.00	179
63	0	190	0.00	190
64	1	206	0.48	207
65	1	223	0.45	224
66	1	174	0.57	175
67	0	175	0.00	175
68	0	183	0.00	183
69	1	192	0.52	193
70	0	190	0.00	190
71	1	161	0.62	162
72	1	140	0.71	141
73	2	166	1.19	168
74	1	161	0.62	162
75	1	151	0.66	152
76	0	172	0.00	172
77	0	172	0.00	172
78	0	168	0.00	168
79	0	155	0.00	155
80	1	138	0.72	139
81	0	191	0.00	191
82	0	117	0.00	117
83	0	127	0.00	127
84	0	147	0.00	147
85	0	115	0.00	115
86	0	180	0.00	180
87	0	99	0.00	99
88	0	117	0.00	117
89	0	116	0.00	116
90	1	112	0.88	113
91	0	147	0.00	147
92	0	93	0.00	93
93	0	72	0.00	72
94	2	100	1.96	102
95	0	103	0.00	103
96	0	94	0.00	94
97	0	106	0.00	106
98	0	111	0.00	111
99	0	37	0.00	37
100	0	4	0.00	4
101	0	4	0.00	4
102	0	7	0.00	7
103	0	5	0.00	5
104	0	5	0.00	5
105	0	4	0.00	4
106	0	7	0.00	7
107	0	1	0.00	1
108	0	3	0.00	3
109	0	3	0.00	3
110	0	2	0.00	2
111	0	4	0.00	4
112	0	6	0.00	6
113	0	3	0.00	3
114	0	2	0.00	2
115	0	1	0.00	1
116	0	3	0.00	3
117	0	1	0.00	1
118	0	4	0.00	4
119	0	3	0.00	3
120	0	1	0.00	1
121	0	3	0.00	3
122	0	3	0.00	3
123	0	2	0.00	2
124	0	2	0.00	2
125	0	1	0.00	1
126	0	0		0
127	0	3	0.00	3
128	0	2	0.00	2
129	0	1	0.00	1
130	0	2	0.00	2
131	0	0		0
132	0	2	0.00	2
133	0	1	0.00	1
134	0	1	0.00	1
135	0	2	0.00	2
136	0	2	0.00	2
137	0	0		0
138	0	0		0
139	0	2	0.00	2
140	0	0		0
141	0	2	0.00	2
142	0	0		0
143	0	1	0.00	1
144	0	0		0
145	0	0		0
146	0	0		0
147	0	0		0
148	0	3	0.00	3
149	0	0		0

CHH context (R1)
================
position	count methylated	count unmethylated	% methylation	coverage
1	4	30	11.76	34
2	0	21	0.00	21
3	0	23	0.00	23
4	1	355	0.28	356
5	0	376	0.00	376
6	0	439	0.00	439
7	3	416	0.72	419
8	1	359	0.28	360
9	3	332	0.90	335
10	0	339	0.00	339
11	0	330	0.00	330
12	2	308	0.65	310
13	3	357	0.83	360
14	2	339	0.59	341
15	1	378	0.26	379
16	1	351	0.28	352
17	1	298	0.33	299
18	2	303	0.66	305
19	1	323	0.31	324
20	1	338	0.29	339
21	0	341	0.00	341
22	1	326	0.31	327
23	2	323	0.62	325
24	1	319	0.31	320
25	0	405	0.00	405
26	0	399	0.00	399
27	2	401	0.50	403
28	1	370	0.27	371
29	1	356	0.28	357
30	0	392	0.00	392
31	0	338	0.00	338
32	0	334	0.00	334
33	0	328	0.00	328
34	1	346	0.29	347
35	2	333	0.60	335
36	0	359	0.00	359
37	2	352	0.56	354
38	1	347	0.29	348
39	0	334	0.00	334
40	1	318	0.31	319
41	2	326	0.61	328
42	0	346	0.00	346
43	0	351	0.00	351
44	0	329	0.00	329
45	0	277	0.00	277
46	1	361	0.28	362
47	1	294	0.34	295
48	2	319	0.62	321
49	1	362	0.28	363
50	1	403	0.25	404
51	2	433	0.46	435
52	1	380	0.26	381
53	1	369	0.27	370
54	2	282	0.70	284
55	0	318	0.00	318
56	0	289	0.00	289
57	0	310	0.00	310
58	1	282	0.35	283
59	1	311	0.32	312
60	1	307	0.32	308
61	2	327	0.61	329
62	3	364	0.82	367
63	0	352	0.00	352
64	0	376	0.00	376
65	2	355	0.56	357
66	1	301	0.33	302
67	1	321	0.31	322
68	0	342	0.00	342
69	0	309	0.00	309
70	2	262	0.76	264
71	1	293	0.34	294
72	0	270	0.00	270
73	1	309	0.32	310
74	1	274	0.36	275
75	0	324	0.00	324
76	2	316	0.63	318
77	1	272	0.37	273
78	2	263	0.75	265
79	0	279	0.00	279
80	2	296	0.67	298
81	0	262	0.00	262
82	2	270	0.74	272
83	2	240	0.83	242
84	0	269	0.00	269
85	1	263	0.38	264
86	0	249	0.00	249
87	0	202	0.00	202
88	4	249	1.58	253
89	2	206	0.96	208
90	1	177	0.56	178
91	0	188	0.00	188
92	0	194	0.00	194
93	2	191	1.04	193
94	0	174	0.00	174
95	0	189	0.00	189
96	0	148	0.00	148
97	1	179	0.56	180
98	0	164	0.00	164
99	1	55	1.79	56
100	0	6	0.00	6
101	0	6	0.00	6
102	0	11	0.00	11
103	0	7	0.00	7
104	0	6	0.00	6
105	0	10	0.00	10
106	0	11	0.00	11
107	0	8	0.00	8
108	0	3	0.00	3
109	0	5	0.00	5
110	0	3	0.00	3
111	0	0		0
112	0	4	0.00	4
113	0	2	0.00	2
114	0	2	0.00	2
115	0	3	0.00	3
116	0	4	0.00	4
117	0	7	0.00	7
118	0	5	0.00	5
119	0	7	0.00	7
120	0	4	0.00	4
121	0	5	0.00	5
122	0	4	0.00	4
123	0	3	0.00	3
124	0	3	0.00	3
125	0	2	0.00	2
126	0	6	0.00	6
127	0	6	0.00	6
128	0	3	0.00	3
129	0	2	0.00	2
130	0	1	0.00	1
131	0	4	0.00	4
132	0	1	0.00	1
133	0	2	0.00	2
134	0	2	0.00	2
135	0	1	0.00	1
136	0	0		0
137	0	0		0
138	0	2	0.00	2
139	0	1	0.00	1
140	0	2	0.00	2
141	0	0		0
142	0	0		0
143	0	1	0.00	1
144	0	0		0
145	0	0		0
146	0	0		0
147	0	1	0.00	1
148	0	1	0.00	1
149	0	0		0

CpG context (R2)
================
position	count methylated	count unmethylated	% methylation	coverage
1	0	35	0.00	35
2	1	21	4.55	22
3	3	80	3.61	83
4	4	64	5.88	68
5	7	94	6.93	101
6	1	99	1.00	100
7	2	129	1.53	131
8	4	76	5.00	80
9	3	83	3.49	86
10	5	91	5.21	96
11	5	57	8.06	62
12	1	67	1.47	68
13	4	73	5.19	77
14	1	38	2.56	39
15	3	57	5.00	60
16	1	53	1.85	54
17	3	39	7.14	42
18	2	62	3.12	64
19	0	43	0.00	43
20	2	49	3.92	51
21	1	43	2.27	44
22	2	43	4.44	45
23	3	34	8.11	37
24	4	72	5.26	76
25	0	28	0.00	28
26	4	35	10.26	39
27	3	30	9.09	33
28	2	23	8.00	25
29	1	36	2.70	37
30	1	20	4.76	21
31	2	26	7.14	28
32	0	30	0.00	30
33	1	17	5.56	18
34	0	24	0.00	24
35	0	12	0.00	12
36	3	12	20.00	15
37	0	15	0.00	15
38	0	17	0.00	17
39	0	7	0.00	7
40	0	6	0.00	6
41	0	16	0.00	16
42	0	12	0.00	12
43	1	17	5.56	18
44	0	14	0.00	14
45	0	1	0.00	1
46	3	14	17.65	17
47	0	5	0.00	5
48	0	11	0.00	11
49	0	5	0.00	5
50	2	7	22.22	9
51	1	5	16.67	6
52	2	3	40.00	5
53	0	3	0.00	3
54	1	4	20.00	5
55	2	1	66.67	3
56	0	3	0.00	3
57	0	3	0.00	3
58	0	7	0.00	7
59	0	2	0.00	2
60	0	2	0.00	2
61	0	4	0.00	4
62	0	0		0
63	1	2	33.33	3
64	0	0		0
65	1	1	50.00	2
66	0	3	0.00	3
67	0	1	0.00	1
68	0	2	0.00	2
69	0	2	0.00	2
70	0	0		0
71	0	4	0.00	4
72	0	1	0.00	1
73	0	1	0.00	1
74	0	0		0
75	0	2	0.00	2
76	0	2	0.00	2
77	0	2	0.00	2
78	0	1	0.00	1
79	0	0		0
80	0	0		0
81	0	2	0.00	2
82	0	1	0.00	1
83	0	1	0.00	1
84	0	0		0
85	0	1	0.00	1
86	0	0		0
87	0	0		0
88	0	1	0.00	1
89	0	0		0
90	0	0		0
91	0	1	0.00	1
92	0	0		0
93	0	0		0
94	0	1	0.00	1
95	0	1	0.00	1
96	0	0		0
97	0	1	0.00	1

CHG context (R2)
================
position	count methylated	count unmethylated	% methylation	coverage
1	13	2108	0.61	2121
2	0	32	0.00	32
3	0	7	0.00	7
4	2	29	6.45	31
5	0	54	0.00	54
6	0	62	0.00	62
7	0	73	0.00	73
8	2	115	1.71	117
9	0	68	0.00	68
10	1	53	1.85	54
11	1	71	1.39	72
12	0	33	0.00	33
13	0	57	0.00	57
14	0	65	0.00	65
15	0	40	0.00	40
16	0	54	0.00	54
17	0	57	0.00	57
18	0	46	0.00	46
19	0	48	0.00	48
20	0	71	0.00	71
21	0	43	0.00	43
22	0	52	0.00	52
23	0	23	0.00	23
24	0	12	0.00	12
25	0	43	0.00	43
26	0	19	0.00	19
27	0	13	0.00	13
28	0	17	0.00	17
29	0	27	0.00	27
30	0	14	0.00	14
31	0	32	0.00	32
32	0	20	0.00	20
33	0	19	0.00	19
34	0	10	0.00	10
35	0	23	0.00	23
36	0	21	0.00	21
37	0	10	0.00	10
38	0	13	0.00	13
39	0	16	0.00	16
40	0	11	0.00	11
41	0	13	0.00	13
42	0	8	0.00	8
43	0	9	0.00	9
44	0	4	0.00	4
45	0	8	0.00	8
46	0	6	0.00	6
47	0	7	0.00	7
48	0	10	0.00	10
49	0	8	0.00	8
50	0	6	0.00	6
51	0	6	0.00	6
52	0	11	0.00	11
53	0	6	0.00	6
54	0	1	0.00	1
55	0	3	0.00	3
56	1	3	25.00	4
57	0	0		0
58	0	1	0.00	1
59	0	1	0.00	1
60	0	2	0.00	2
61	0	2	0.00	2
62	0	2	0.00	2
63	0	2	0.00	2
64	0	2	0.00	2
65	0	0		0
66	0	2	0.00	2
67	0	3	0.00	3
68	0	2	0.00	2
69	0	0		0
70	0	0		0
71	0	1	0.00	1
72	0	0		0
73	0	1	0.00	1
74	0	2	0.00	2
75	0	0		0
76	0	0		0
77	0	0		0
78	0	1	0.00	1
79	0	1	0.00	1
80	0	1	0.00	1
81	0	0		0
82	0	0		0
83	0	0		0
84	0	1	0.00	1
85	0	0		0
86	0	1	0.00	1
87	0	0		0
88	0	1	0.00	1
89	0	1	0.00	1
90	0	0		0
91	0	0		0
92	0	1	0.00	1
93	0	0		0
94	0	0		0
95	0	2	0.00	2
96	0	0		0
97	0	1	0.00	1

CHH context (R2)
================
position	count methylated	count unmethylated	% methylation	coverage
1	0	9	0.00	9
2	6	939	0.63	945
3	1	255	0.39	256
4	0	208	0.00	208
5	1	150	0.66	151
6	0	102	0.00	102
7	0	110	0.00	110
8	2	131	1.50	133
9	0	116	0.00	116
10	0	125	0.00	125
11	0	84	0.00	84
12	0	73	0.00	73
13	0	65	0.00	65
14	0	96	0.00	96
15	0	95	0.00	95
16	0	82	0.00	82
17	0	78	0.00	78
18	0	80	0.00	80
19	0	95	0.00	95
20	1	60	1.64	61
21	1	44	2.22	45
22	0	55	0.00	55
23	1	54	1.82	55
24	0	44	0.00	44
25	0	39	0.00	39
26	0	46	0.00	46
27	0	31	0.00	31
28	0	25	0.00	25
29	0	31	0.00	31
30	0	30	0.00	30
31	0	24	0.00	24
32	0	30	0.00	30
33	0	19	0.00	19
34	0	24	0.00	24
35	0	27	0.00	27
36	0	19	0.00	19
37	0	16	0.00	16
38	0	19	0.00	19
39	0	10	0.00	10
40	0	13	0.00	13
41	0	13	0.00	13
42	0	17	0.00	17
43	0	19	0.00	19
44	0	21	0.00	21
45	0	15	0.00	15
46	1	12	7.69	13
47	0	12	0.00	12
48	0	6	0.00	6
49	0	10	0.00	10
50	0	5	0.00	5
51	0	8	0.00	8
52	0	11	0.00	11
53	0	9	0.00	9
54	0	12	0.00	12
55	0	8	0.00	8
56	0	9	0.00	9
57	0	5	0.00	5
58	0	3	0.00	3
59	0	1	0.00	1
60	0	0		0
61	0	4	0.00	4
62	0	5	0.00	5
63	0	2	0.00	2
64	0	1	0.00	1
65	0	0		0
66	0	1	0.00	1
67	0	1	0.00	1
68	0	2	0.00	2
69	0	4	0.00	4
70	0	1	0.00	1
71	0	0		0
72	0	2	0.00	2
73	0	0		0
74	0	0		0
75	0	1	0.00	1
76	0	1	0.00	1
77	0	1	0.00	1
78	0	1	0.00	1
79	0	1	0.00	1
80	0	0		0
81	0	0		0
82	0	0		0
83	0	1	0.00	1
84	0	1	0.00	1
85	0	0		0
86	0	1	0.00	1
87	0	1	0.00	1
88	0	0		0
89	0	0		0
90	0	1	0.00	1
91	0	0		0
92	0	0		0
93	0	1	0.00	1
94	0	1	0.00	1
95	0	0		0
96	0	1	0.00	1
97	0	0		0

