CpG context (R1)
================
position	count methylated	count unmethylated	% methylation	coverage
1	205	2161	8.66	2366
2	0	19	0.00	19
3	2	20	9.09	22
4	12	161	6.94	173
5	13	223	5.51	236
6	6	269	2.18	275
7	11	219	4.78	230
8	17	260	6.14	277
9	9	247	3.52	256
10	10	262	3.68	272
11	11	250	4.21	261
12	18	272	6.21	290
13	17	287	5.59	304
14	12	249	4.60	261
15	5	237	2.07	242
16	14	254	5.22	268
17	10	217	4.41	227
18	10	240	4.00	250
19	12	328	3.53	340
20	6	208	2.80	214
21	12	245	4.67	257
22	12	266	4.32	278
23	8	271	2.87	279
24	17	248	6.42	265
25	16	286	5.30	302
26	15	272	5.23	287
27	15	238	5.93	253
28	21	267	7.29	288
29	12	267	4.30	279
30	12	263	4.36	275
31	12	281	4.10	293
32	13	321	3.89	334
33	12	221	5.15	233
34	17	260	6.14	277
35	11	275	3.85	286
36	15	222	6.33	237
37	13	243	5.08	256
38	23	255	8.27	278
39	15	242	5.84	257
40	12	248	4.62	260
41	15	229	6.15	244
42	12	287	4.01	299
43	17	222	7.11	239
44	13	229	5.37	242
45	12	302	3.82	314
46	17	218	7.23	235
47	15	271	5.24	286
48	15	250	5.66	265
49	15	212	6.61	227
50	12	240	4.76	252
51	18	233	7.17	251
52	9	206	4.19	215
53	13	228	5.39	241
54	16	222	6.72	238
55	17	284	5.65	301
56	6	222	2.63	228
57	17	247	6.44	264
58	10	247	3.89	257
59	10	268	3.60	278
60	9	245	3.54	254
61	10	220	4.35	230
62	16	249	6.04	265
63	16	226	6.61	242
64	18	273	6.19	291
65	17	246	6.46	263
66	9	250	3.47	259
67	14	213	6.17	227
68	7	203	3.33	210
69	12	226	5.04	238
70	20	196	9.26	216
71	13	245	5.04	258
72	8	232	3.33	240
73	7	239	2.85	246
74	8	180	4.26	188
75	12	197	5.74	209
76	11	195	5.34	206
77	8	216	3.57	224
78	12	182	6.19	194
79	10	209	4.57	219
80	5	185	2.63	190
81	7	159	4.22	166
82	8	203	3.79	211
83	6	128	4.48	134
84	5	158	3.07	163
85	3	219	1.35	222
86	12	178	6.32	190
87	6	186	3.12	192
88	3	110	2.65	113
89	8	163	4.68	171
90	4	125	3.10	129
91	13	137	8.67	150
92	4	132	2.94	136
93	13	143	8.33	156
94	5	123	3.91	128
95	9	122	6.87	131
96	9	106	7.83	115
97	4	141	2.76	145
98	6	99	5.71	105
99	1	54	1.82	55
100	1	8	11.11	9
101	0	5	0.00	5
102	0	4	0.00	4
103	0	9	0.00	9
104	1	2	33.33	3
105	0	2	0.00	2
106	0	7	0.00	7
107	0	1	0.00	1
108	1	5	16.67	6
109	1	7	12.50	8
110	0	3	0.00	3
111	1	4	20.00	5
112	0	4	0.00	4
113	0	1	0.00	1
114	1	3	25.00	4
115	0	5	0.00	5
116	0	0		0
117	0	3	0.00	3
118	0	2	0.00	2
119	0	1	0.00	1
120	0	3	0.00	3
121	0	2	0.00	2
122	0	3	0.00	3
123	0	1	0.00	1
124	0	1	0.00	1
125	0	2	0.00	2
126	0	2	0.00	2
127	0	3	0.00	3
128	1	1	50.00	2
129	0	3	0.00	3
130	1	2	33.33	3
131	1	2	33.33	3
132	0	0		0
133	0	0		0
134	0	0		0
135	0	1	0.00	1
136	0	0		0
137	0	2	0.00	2
138	0	0		0
139	0	0		0
140	0	2	0.00	2
141	0	0		0
142	0	2	0.00	2
143	0	1	0.00	1
144	0	0		0
145	0	2	0.00	2
146	0	0		0
147	0	1	0.00	1
148	0	0		0
149	0	0		0

CHG context (R1)
================
position	count methylated	count unmethylated	% methylation	coverage
1	1	19	5.00	20
2	0	20	0.00	20
3	0	14	0.00	14
4	1	141	0.70	142
5	1	172	0.58	173
6	1	223	0.45	224
7	1	248	0.40	249
8	0	230	0.00	230
9	2	248	0.80	250
10	0	214	0.00	214
11	1	244	0.41	245
12	0	212	0.00	212
13	0	213	0.00	213
14	0	195	0.00	195
15	1	249	0.40	250
16	0	208	0.00	208
17	3	236	1.26	239
18	2	251	0.79	253
19	1	201	0.50	202
20	0	185	0.00	185
21	1	201	0.50	202
22	2	205	0.97	207
23	0	211	0.00	211
24	2	189	1.05	191
25	0	219	0.00	219
26	1	200	0.50	201
27	1	232	0.43	233
28	0	274	0.00	274
29	1	198	0.50	199
30	0	210	0.00	210
31	1	257	0.39	258
32	0	190	0.00	190
33	0	235	0.00	235
34	1	227	0.44	228
35	0	215	0.00	215
36	0	221	0.00	221
37	0	208	0.00	208
38	1	200	0.50	201
39	1	227	0.44	228
40	0	203	0.00	203
41	2	246	0.81	248
42	1	236	0.42	237
43	2	196	1.01	198
44	0	231	0.00	231
45	0	220	0.00	220
46	1	226	0.44	227
47	0	208	0.00	208
48	0	214	0.00	214
49	0	195	0.00	195
50	0	217	0.00	217
51	1	215	0.46	216
52	1	210	0.47	211
53	1	207	0.48	208
54	0	188	0.00	188
55	0	165	0.00	165
56	1	223	0.45	224
57	1	211	0.47	212
58	0	227	0.00	227
59	0	185	0.00	185
60	0	137	0.00	137
61	0	210	0.00	210
62	0	154	0.00	154
63	3	184	1.60	187
64	3	191	1.55	194
65	2	178	1.11	180
66	1	175	0.57	176
67	1	194	0.51	195
68	1	198	0.50	199
69	0	184	0.00	184
70	0	191	0.00	191
71	0	166	0.00	166
72	0	175	0.00	175
73	1	180	0.55	181
74	0	141	0.00	141
75	2	155	1.27	157
76	0	173	0.00	173
77	0	170	0.00	170
78	0	166	0.00	166
79	0	156	0.00	156
80	0	155	0.00	155
81	0	172	0.00	172
82	0	112	0.00	112
83	0	146	0.00	146
84	0	128	0.00	128
85	0	123	0.00	123
86	1	140	0.71	141
87	0	108	0.00	108
88	0	150	0.00	150
89	0	111	0.00	111
90	0	107	0.00	107
91	1	117	0.85	118
92	1	110	0.90	111
93	0	98	0.00	98
94	1	109	0.91	110
95	1	87	1.14	88
96	0	111	0.00	111
97	0	121	0.00	121
98	0	103	0.00	103
99	1	41	2.38	42
100	0	2	0.00	2
101	0	8	0.00	8
102	0	6	0.00	6
103	0	1	0.00	1
104	0	3	0.00	3
105	0	6	0.00	6
106	0	5	0.00	5
107	0	2	0.00	2
108	0	7	0.00	7
109	0	1	0.00	1
110	0	5	0.00	5
111	0	3	0.00	3
112	0	2	0.00	2
113	0	2	0.00	2
114	0	4	0.00	4
115	0	2	0.00	2
116	0	3	0.00	3
117	0	5	0.00	5
118	0	2	0.00	2
119	0	3	0.00	3
120	0	2	0.00	2
121	0	0		0
122	0	4	0.00	4
123	0	2	0.00	2
124	0	1	0.00	1
125	0	0		0
126	0	2	0.00	2
127	0	2	0.00	2
128	0	1	0.00	1
129	0	1	0.00	1
130	0	2	0.00	2
131	0	1	0.00	1
132	0	2	0.00	2
133	0	0		0
134	0	2	0.00	2
135	0	2	0.00	2
136	0	2	0.00	2
137	0	0		0
138	0	0		0
139	1	1	50.00	2
140	0	0		0
141	0	0		0
142	0	0		0
143	0	0		0
144	0	1	0.00	1
145	0	0		0
146	0	0		0
147	0	0		0
148	0	0		0
149	0	1	0.00	1

CHH context (R1)
================
position	count methylated	count unmethylated	% methylation	coverage
1	1	30	3.23	31
2	0	25	0.00	25
3	0	25	0.00	25
4	2	315	0.63	317
5	1	366	0.27	367
6	1	421	0.24	422
7	0	398	0.00	398
8	2	344	0.58	346
9	2	301	0.66	303
10	1	315	0.32	316
11	0	324	0.00	324
12	1	331	0.30	332
13	2	376	0.53	378
14	1	382	0.26	383
15	1	393	0.25	394
16	2	354	0.56	356
17	1	312	0.32	313
18	1	301	0.33	302
19	0	307	0.00	307
20	2	348	0.57	350
21	2	348	0.57	350
22	1	342	0.29	343
23	3	350	0.85	353
24	1	372	0.27	373
25	1	381	0.26	382
26	2	372	0.53	374
27	0	423	0.00	423
28	4	355	1.11	359
29	1	364	0.27	365
30	1	391	0.26	392
31	1	330	0.30	331
32	1	328	0.30	329
33	3	306	0.97	309
34	1	299	0.33	300
35	0	312	0.00	312
36	1	377	0.26	378
37	4	332	1.19	336
38	0	343	0.00	343
39	0	321	0.00	321
40	0	335	0.00	335
41	1	344	0.29	345
42	1	350	0.28	351
43	2	323	0.62	325
44	0	352	0.00	352
45	1	301	0.33	302
46	3	329	0.90	332
47	0	300	0.00	300
48	0	350	0.00	350
49	0	350	0.00	350
50	1	380	0.26	381
51	1	401	0.25	402
52	3	360	0.83	363
53	0	329	0.00	329
54	1	304	0.33	305
55	0	308	0.00	308
56	0	295	0.00	295
57	0	277	0.00	277
58	0	265	0.00	265
59	0	319	0.00	319
60	0	323	0.00	323
61	1	329	0.30	330
62	3	359	0.83	362
63	0	298	0.00	298
64	1	329	0.30	330
65	0	299	0.00	299
66	0	276	0.00	276
67	1	348	0.29	349
68	1	310	0.32	311
69	2	305	0.65	307
70	0	292	0.00	292
71	1	269	0.37	270
72	0	296	0.00	296
73	0	279	0.00	279
74	1	252	0.40	253
75	0	309	0.00	309
76	1	276	0.36	277
77	0	280	0.00	280
78	0	293	0.00	293
79	0	305	0.00	305
80	1	294	0.34	295
81	1	274	0.36	275
82	2	280	0.71	282
83	1	229	0.43	230
84	0	287	0.00	287
85	1	279	0.36	280
86	2	227	0.87	229
87	0	216	0.00	216
88	0	246	0.00	246
89	1	239	0.42	240
90	2	209	0.95	211
91	0	200	0.00	200
92	0	202	0.00	202
93	1	165	0.60	166
94	0	154	0.00	154
95	1	200	0.50	201
96	3	162	1.82	165
97	1	164	0.61	165
98	0	146	0.00	146
99	0	65	0.00	65
100	0	10	0.00	10
101	0	14	0.00	14
102	0	5	0.00	5
103	0	2	0.00	2
104	0	5	0.00	5
105	0	6	0.00	6
106	2	7	22.22	9
107	0	6	0.00	6
108	0	3	0.00	3
109	0	1	0.00	1
110	0	4	0.00	4
111	0	2	0.00	2
112	0	5	0.00	5
113	0	3	0.00	3
114	0	5	0.00	5
115	0	4	0.00	4
116	0	5	0.00	5
117	0	5	0.00	5
118	0	4	0.00	4
119	0	1	0.00	1
120	0	2	0.00	2
121	0	2	0.00	2
122	0	4	0.00	4
123	0	2	0.00	2
124	0	3	0.00	3
125	0	3	0.00	3
126	0	3	0.00	3
127	0	1	0.00	1
128	0	1	0.00	1
129	0	2	0.00	2
130	0	2	0.00	2
131	0	3	0.00	3
132	0	1	0.00	1
133	0	3	0.00	3
134	0	6	0.00	6
135	0	0		0
136	0	0		0
137	0	0		0
138	0	1	0.00	1
139	0	1	0.00	1
140	0	1	0.00	1
141	0	0		0
142	0	0		0
143	0	1	0.00	1
144	0	0		0
145	0	1	0.00	1
146	0	1	0.00	1
147	0	0		0
148	0	2	0.00	2
149	0	2	0.00	2

CpG context (R2)
================
position	count methylated	count unmethylated	% methylation	coverage
1	0	15	0.00	15
2	0	15	0.00	15
3	4	73	5.19	77
4	5	71	6.58	76
5	5	110	4.35	115
6	3	84	3.45	87
7	7	130	5.11	137
8	3	92	3.16	95
9	5	77	6.10	82
10	4	100	3.85	104
11	4	73	5.19	77
12	2	52	3.70	54
13	7	60	10.45	67
14	1	41	2.38	42
15	3	62	4.62	65
16	1	47	2.08	48
17	4	43	8.51	47
18	1	35	2.78	36
19	1	41	2.38	42
20	1	37	2.63	38
21	1	27	3.57	28
22	4	41	8.89	45
23	6	40	13.04	46
24	4	52	7.14	56
25	0	24	0.00	24
26	0	26	0.00	26
27	0	22	0.00	22
28	0	25	0.00	25
29	1	32	3.03	33
30	2	16	11.11	18
31	1	36	2.70	37
32	2	23	8.00	25
33	2	23	8.00	25
34	2	23	8.00	25
35	2	17	10.53	19
36	0	17	0.00	17
37	0	33	0.00	33
38	0	18	0.00	18
39	0	11	0.00	11
40	0	11	0.00	11
41	0	6	0.00	6
42	0	12	0.00	12
43	1	14	6.67	15
44	1	14	6.67	15
45	0	10	0.00	10
46	4	11	26.67	15
47	0	3	0.00	3
48	0	10	0.00	10
49	0	7	0.00	7
50	0	11	0.00	11
51	0	2	0.00	2
52	3	5	37.50	8
53	0	2	0.00	2
54	0	10	0.00	10
55	0	3	0.00	3
56	2	4	33.33	6
57	0	7	0.00	7
58	0	2	0.00	2
59	0	1	0.00	1
60	0	6	0.00	6
61	0	1	0.00	1
62	0	0		0
63	0	3	0.00	3
64	0	1	0.00	1
65	0	1	0.00	1
66	0	1	0.00	1
67	0	1	0.00	1
68	0	1	0.00	1
69	0	0		0
70	0	0		0
71	0	2	0.00	2
72	0	0		0
73	0	0		0
74	0	0		0
75	0	1	0.00	1
76	0	1	0.00	1
77	0	1	0.00	1
78	0	0		0
79	0	0		0
80	0	0		0
81	0	2	0.00	2
82	0	1	0.00	1
83	0	1	0.00	1
84	0	0		0
85	0	0		0
86	0	0		0
87	0	0		0
88	0	0		0
89	0	0		0
90	0	1	0.00	1
91	0	1	0.00	1
92	0	0		0
93	0	0		0
94	0	0		0
95	0	1	0.00	1
96	0	0		0
97	0	1	0.00	1

CHG context (R2)
================
position	count methylated	count unmethylated	% methylation	coverage
1	15	2151	0.69	2166
2	0	21	0.00	21
3	0	3	0.00	3
4	0	41	0.00	41
5	0	57	0.00	57
6	1	82	1.20	83
7	1	72	1.37	73
8	0	101	0.00	101
9	0	83	0.00	83
10	0	69	0.00	69
11	0	59	0.00	59
12	0	50	0.00	50
13	0	41	0.00	41
14	1	43	2.27	44
15	0	55	0.00	55
16	0	54	0.00	54
17	0	53	0.00	53
18	0	50	0.00	50
19	0	42	0.00	42
20	0	52	0.00	52
21	0	24	0.00	24
22	0	32	0.00	32
23	0	31	0.00	31
24	0	23	0.00	23
25	0	37	0.00	37
26	0	21	0.00	21
27	0	14	0.00	14
28	0	17	0.00	17
29	0	25	0.00	25
30	0	18	0.00	18
31	0	18	0.00	18
32	0	16	0.00	16
33	0	28	0.00	28
34	0	13	0.00	13
35	0	19	0.00	19
36	0	14	0.00	14
37	0	10	0.00	10
38	0	12	0.00	12
39	0	12	0.00	12
40	0	15	0.00	15
41	0	20	0.00	20
42	0	3	0.00	3
43	0	8	0.00	8
44	0	4	0.00	4
45	0	5	0.00	5
46	0	4	0.00	4
47	0	10	0.00	10
48	0	5	0.00	5
49	0	3	0.00	3
50	0	11	0.00	11
51	0	4	0.00	4
52	0	6	0.00	6
53	0	5	0.00	5
54	0	0		0
55	0	5	0.00	5
56	0	4	0.00	4
57	0	0		0
58	0	2	0.00	2
59	0	1	0.00	1
60	0	2	0.00	2
61	0	3	0.00	3
62	0	0		0
63	0	2	0.00	2
64	0	2	0.00	2
65	0	0		0
66	0	0		0
67	0	0		0
68	0	3	0.00	3
69	0	0		0
70	0	1	0.00	1
71	0	0		0
72	0	0		0
73	0	1	0.00	1
74	0	1	0.00	1
75	0	0		0
76	0	0		0
77	0	1	0.00	1
78	0	0		0
79	0	0		0
80	0	1	0.00	1
81	0	0		0
82	0	0		0
83	0	0		0
84	0	0		0
85	0	0		0
86	0	2	0.00	2
87	0	0		0
88	0	0		0
89	0	0		0
90	0	0		0
91	0	0		0
92	0	1	0.00	1
93	0	0		0
94	0	0		0
95	0	1	0.00	1
96	0	0		0
97	0	0		0

CHH context (R2)
================
position	count methylated	count unmethylated	% methylation	coverage
1	0	9	0.00	9
2	1	1005	0.10	1006
3	1	239	0.42	240
4	0	182	0.00	182
5	0	129	0.00	129
6	3	86	3.37	89
7	0	90	0.00	90
8	1	118	0.84	119
9	0	111	0.00	111
10	0	131	0.00	131
11	0	91	0.00	91
12	0	93	0.00	93
13	2	61	3.17	63
14	0	101	0.00	101
15	0	74	0.00	74
16	0	62	0.00	62
17	0	65	0.00	65
18	0	67	0.00	67
19	2	78	2.50	80
20	0	62	0.00	62
21	1	50	1.96	51
22	0	41	0.00	41
23	0	25	0.00	25
24	0	25	0.00	25
25	0	40	0.00	40
26	0	37	0.00	37
27	0	36	0.00	36
28	0	29	0.00	29
29	0	35	0.00	35
30	0	22	0.00	22
31	0	28	0.00	28
32	0	20	0.00	20
33	0	19	0.00	19
34	0	27	0.00	27
35	0	32	0.00	32
36	0	13	0.00	13
37	0	13	0.00	13
38	0	16	0.00	16
39	0	17	0.00	17
40	0	22	0.00	22
41	0	11	0.00	11
42	0	12	0.00	12
43	0	11	0.00	11
44	0	17	0.00	17
45	0	15	0.00	15
46	0	14	0.00	14
47	0	15	0.00	15
48	0	7	0.00	7
49	0	8	0.00	8
50	0	5	0.00	5
51	0	11	0.00	11
52	0	20	0.00	20
53	0	11	0.00	11
54	0	9	0.00	9
55	0	4	0.00	4
56	0	8	0.00	8
57	0	4	0.00	4
58	0	3	0.00	3
59	0	1	0.00	1
60	0	0		0
61	0	1	0.00	1
62	0	2	0.00	2
63	0	1	0.00	1
64	0	3	0.00	3
65	0	2	0.00	2
66	0	1	0.00	1
67	0	0		0
68	0	2	0.00	2
69	0	2	0.00	2
70	0	0		0
71	0	0		0
72	0	1	0.00	1
73	0	0		0
74	0	1	0.00	1
75	0	0		0
76	0	0		0
77	0	0		0
78	0	0		0
79	0	0		0
80	0	0		0
81	0	0		0
82	0	0		0
83	0	1	0.00	1
84	0	1	0.00	1
85	0	0		0
86	0	0		0
87	0	1	0.00	1
88	0	0		0
89	0	0		0
90	0	0		0
91	0	0		0
92	0	0		0
93	0	1	0.00	1
94	0	1	0.00	1
95	0	0		0
96	0	0		0
97	0	0		0

