CpG context (R1)
================
position	count methylated	count unmethylated	% methylation	coverage
1	206	2166	8.68	2372
2	0	17	0.00	17
3	0	18	0.00	18
4	16	192	7.69	208
5	17	210	7.49	227
6	11	243	4.33	254
7	14	229	5.76	243
8	12	276	4.17	288
9	12	246	4.65	258
10	13	261	4.74	274
11	16	261	5.78	277
12	15	279	5.10	294
13	12	260	4.41	272
14	20	245	7.55	265
15	9	244	3.56	253
16	16	287	5.28	303
17	15	231	6.10	246
18	12	251	4.56	263
19	23	319	6.73	342
20	11	228	4.60	239
21	9	207	4.17	216
22	10	316	3.07	326
23	17	252	6.32	269
24	12	203	5.58	215
25	15	305	4.69	320
26	20	291	6.43	311
27	10	255	3.77	265
28	20	276	6.76	296
29	8	266	2.92	274
30	13	290	4.29	303
31	14	272	4.90	286
32	14	291	4.59	305
33	6	243	2.41	249
34	24	240	9.09	264
35	21	258	7.53	279
36	9	217	3.98	226
37	19	243	7.25	262
38	13	237	5.20	250
39	13	219	5.60	232
40	11	268	3.94	279
41	9	254	3.42	263
42	17	306	5.26	323
43	9	231	3.75	240
44	17	275	5.82	292
45	14	274	4.86	288
46	10	224	4.27	234
47	14	292	4.58	306
48	11	249	4.23	260
49	18	230	7.26	248
50	8	235	3.29	243
51	15	205	6.82	220
52	17	246	6.46	263
53	12	243	4.71	255
54	10	220	4.35	230
55	18	276	6.12	294
56	8	210	3.67	218
57	9	241	3.60	250
58	8	239	3.24	247
59	15	249	5.68	264
60	12	235	4.86	247
61	10	242	3.97	252
62	15	211	6.64	226
63	16	227	6.58	243
64	10	238	4.03	248
65	9	216	4.00	225
66	9	260	3.35	269
67	17	241	6.59	258
68	10	210	4.55	220
69	6	193	3.02	199
70	11	216	4.85	227
71	9	249	3.49	258
72	13	207	5.91	220
73	9	242	3.59	251
74	7	203	3.33	210
75	10	172	5.49	182
76	8	215	3.59	223
77	12	226	5.04	238
78	8	213	3.62	221
79	10	189	5.03	199
80	9	179	4.79	188
81	10	154	6.10	164
82	7	205	3.30	212
83	3	141	2.08	144
84	3	152	1.94	155
85	4	186	2.11	190
86	14	164	7.87	178
87	4	158	2.47	162
88	2	128	1.54	130
89	7	141	4.73	148
90	7	136	4.90	143
91	7	144	4.64	151
92	4	137	2.84	141
93	6	123	4.65	129
94	8	129	5.84	137
95	0	98	0.00	98
96	7	108	6.09	115
97	3	113	2.59	116
98	6	88	6.38	94
99	2	46	4.17	48
100	1	12	7.69	13
101	0	1	0.00	1
102	0	8	0.00	8
103	0	6	0.00	6
104	0	5	0.00	5
105	0	5	0.00	5
106	0	5	0.00	5
107	1	1	50.00	2
108	0	3	0.00	3
109	1	5	16.67	6
110	0	3	0.00	3
111	0	7	0.00	7
112	0	4	0.00	4
113	0	2	0.00	2
114	0	1	0.00	1
115	0	2	0.00	2
116	1	3	25.00	4
117	2	3	40.00	5
118	0	0		0
119	0	2	0.00	2
120	0	2	0.00	2
121	0	0		0
122	0	2	0.00	2
123	0	1	0.00	1
124	0	2	0.00	2
125	0	2	0.00	2
126	0	3	0.00	3
127	0	5	0.00	5
128	0	1	0.00	1
129	0	3	0.00	3
130	0	1	0.00	1
131	0	0		0
132	0	0		0
133	0	1	0.00	1
134	0	1	0.00	1
135	0	1	0.00	1
136	0	2	0.00	2
137	0	1	0.00	1
138	0	1	0.00	1
139	0	1	0.00	1
140	0	0		0
141	0	2	0.00	2
142	0	0		0
143	0	1	0.00	1
144	0	0		0
145	0	1	0.00	1
146	0	1	0.00	1
147	0	2	0.00	2

CHG context (R1)
================
position	count methylated	count unmethylated	% methylation	coverage
1	0	17	0.00	17
2	0	20	0.00	20
3	0	24	0.00	24
4	0	142	0.00	142
5	0	194	0.00	194
6	3	243	1.22	246
7	2	247	0.80	249
8	2	226	0.88	228
9	1	225	0.44	226
10	1	210	0.47	211
11	0	235	0.00	235
12	1	195	0.51	196
13	0	215	0.00	215
14	0	188	0.00	188
15	1	241	0.41	242
16	1	225	0.44	226
17	2	238	0.83	240
18	1	230	0.43	231
19	1	226	0.44	227
20	0	169	0.00	169
21	1	228	0.44	229
22	0	231	0.00	231
23	0	208	0.00	208
24	0	208	0.00	208
25	0	226	0.00	226
26	1	196	0.51	197
27	0	221	0.00	221
28	0	229	0.00	229
29	0	182	0.00	182
30	0	191	0.00	191
31	2	210	0.94	212
32	3	194	1.52	197
33	1	228	0.44	229
34	2	218	0.91	220
35	0	212	0.00	212
36	4	219	1.79	223
37	0	206	0.00	206
38	1	188	0.53	189
39	0	218	0.00	218
40	0	192	0.00	192
41	0	274	0.00	274
42	2	190	1.04	192
43	1	221	0.45	222
44	0	253	0.00	253
45	1	180	0.55	181
46	0	233	0.00	233
47	0	181	0.00	181
48	1	210	0.47	211
49	1	215	0.46	216
50	0	212	0.00	212
51	2	201	0.99	203
52	1	220	0.45	221
53	0	213	0.00	213
54	0	196	0.00	196
55	1	165	0.60	166
56	3	209	1.42	212
57	0	202	0.00	202
58	1	190	0.52	191
59	1	191	0.52	192
60	1	164	0.61	165
61	0	195	0.00	195
62	0	142	0.00	142
63	3	175	1.69	178
64	2	187	1.06	189
65	0	216	0.00	216
66	1	169	0.59	170
67	1	171	0.58	172
68	0	204	0.00	204
69	0	211	0.00	211
70	4	196	2.00	200
71	2	160	1.23	162
72	0	158	0.00	158
73	0	174	0.00	174
74	0	166	0.00	166
75	0	148	0.00	148
76	0	180	0.00	180
77	0	188	0.00	188
78	0	132	0.00	132
79	0	123	0.00	123
80	1	136	0.73	137
81	0	182	0.00	182
82	0	139	0.00	139
83	1	125	0.79	126
84	0	131	0.00	131
85	0	137	0.00	137
86	0	152	0.00	152
87	0	123	0.00	123
88	1	122	0.81	123
89	0	117	0.00	117
90	0	98	0.00	98
91	1	144	0.69	145
92	1	108	0.92	109
93	0	81	0.00	81
94	0	116	0.00	116
95	0	117	0.00	117
96	0	98	0.00	98
97	0	114	0.00	114
98	0	94	0.00	94
99	0	43	0.00	43
100	0	6	0.00	6
101	0	7	0.00	7
102	0	4	0.00	4
103	0	2	0.00	2
104	0	2	0.00	2
105	0	5	0.00	5
106	0	5	0.00	5
107	0	2	0.00	2
108	0	8	0.00	8
109	0	5	0.00	5
110	0	3	0.00	3
111	0	4	0.00	4
112	0	2	0.00	2
113	0	0		0
114	0	3	0.00	3
115	0	4	0.00	4
116	0	3	0.00	3
117	0	0		0
118	0	4	0.00	4
119	0	1	0.00	1
120	0	1	0.00	1
121	0	1	0.00	1
122	0	0		0
123	0	1	0.00	1
124	0	4	0.00	4
125	0	0		0
126	0	2	0.00	2
127	0	1	0.00	1
128	0	0		0
129	0	1	0.00	1
130	0	2	0.00	2
131	0	0		0
132	0	2	0.00	2
133	0	1	0.00	1
134	0	0		0
135	0	0		0
136	0	1	0.00	1
137	0	0		0
138	0	0		0
139	0	0		0
140	0	2	0.00	2
141	0	0		0
142	0	0		0
143	0	0		0
144	0	1	0.00	1
145	0	1	0.00	1
146	0	0		0
147	0	0		0

CHH context (R1)
================
position	count methylated	count unmethylated	% methylation	coverage
1	2	22	8.33	24
2	0	25	0.00	25
3	0	18	0.00	18
4	0	354	0.00	354
5	3	383	0.78	386
6	2	399	0.50	401
7	1	352	0.28	353
8	1	357	0.28	358
9	2	295	0.67	297
10	2	328	0.61	330
11	1	320	0.31	321
12	1	367	0.27	368
13	1	399	0.25	400
14	0	375	0.00	375
15	2	376	0.53	378
16	2	336	0.59	338
17	2	324	0.61	326
18	1	306	0.33	307
19	1	324	0.31	325
20	2	358	0.56	360
21	0	304	0.00	304
22	0	303	0.00	303
23	0	344	0.00	344
24	1	352	0.28	353
25	0	368	0.00	368
26	1	353	0.28	354
27	0	407	0.00	407
28	4	359	1.10	363
29	0	338	0.00	338
30	0	346	0.00	346
31	0	331	0.00	331
32	1	360	0.28	361
33	2	333	0.60	335
34	1	343	0.29	344
35	2	329	0.60	331
36	0	379	0.00	379
37	3	373	0.80	376
38	0	377	0.00	377
39	0	353	0.00	353
40	0	356	0.00	356
41	1	322	0.31	323
42	0	334	0.00	334
43	0	314	0.00	314
44	1	307	0.32	308
45	1	318	0.31	319
46	0	359	0.00	359
47	1	337	0.30	338
48	1	311	0.32	312
49	2	379	0.52	381
50	2	390	0.51	392
51	1	397	0.25	398
52	2	357	0.56	359
53	0	334	0.00	334
54	1	294	0.34	295
55	0	341	0.00	341
56	2	296	0.67	298
57	1	295	0.34	296
58	2	304	0.65	306
59	2	309	0.64	311
60	1	305	0.33	306
61	2	329	0.60	331
62	2	332	0.60	334
63	0	309	0.00	309
64	1	356	0.28	357
65	0	319	0.00	319
66	0	273	0.00	273
67	1	302	0.33	303
68	0	349	0.00	349
69	1	304	0.33	305
70	0	259	0.00	259
71	1	276	0.36	277
72	0	290	0.00	290
73	0	288	0.00	288
74	1	288	0.35	289
75	0	324	0.00	324
76	0	277	0.00	277
77	2	242	0.82	244
78	2	255	0.78	257
79	0	274	0.00	274
80	1	285	0.35	286
81	1	249	0.40	250
82	1	262	0.38	263
83	0	223	0.00	223
84	1	279	0.36	280
85	2	278	0.71	280
86	1	259	0.38	260
87	1	178	0.56	179
88	3	239	1.24	242
89	1	206	0.48	207
90	1	191	0.52	192
91	0	155	0.00	155
92	1	179	0.56	180
93	0	164	0.00	164
94	0	162	0.00	162
95	0	182	0.00	182
96	1	147	0.68	148
97	1	164	0.61	165
98	0	184	0.00	184
99	1	63	1.56	64
100	0	13	0.00	13
101	0	4	0.00	4
102	0	1	0.00	1
103	0	2	0.00	2
104	0	4	0.00	4
105	0	7	0.00	7
106	0	5	0.00	5
107	0	7	0.00	7
108	0	3	0.00	3
109	0	3	0.00	3
110	0	1	0.00	1
111	0	2	0.00	2
112	0	4	0.00	4
113	0	3	0.00	3
114	0	9	0.00	9
115	0	4	0.00	4
116	0	3	0.00	3
117	0	4	0.00	4
118	0	3	0.00	3
119	0	4	0.00	4
120	0	3	0.00	3
121	0	4	0.00	4
122	0	5	0.00	5
123	0	4	0.00	4
124	0	3	0.00	3
125	0	1	0.00	1
126	0	2	0.00	2
127	0	3	0.00	3
128	0	1	0.00	1
129	0	2	0.00	2
130	0	2	0.00	2
131	0	3	0.00	3
132	0	4	0.00	4
133	0	1	0.00	1
134	0	0		0
135	0	1	0.00	1
136	0	0		0
137	0	1	0.00	1
138	0	1	0.00	1
139	0	0		0
140	0	0		0
141	0	0		0
142	0	0		0
143	0	1	0.00	1
144	0	1	0.00	1
145	0	1	0.00	1
146	0	0		0
147	0	0		0

CpG context (R2)
================
position	count methylated	count unmethylated	% methylation	coverage
1	0	16	0.00	16
2	0	28	0.00	28
3	3	82	3.53	85
4	4	73	5.19	77
5	6	109	5.22	115
6	4	79	4.82	83
7	2	141	1.40	143
8	2	87	2.25	89
9	6	83	6.74	89
10	1	89	1.11	90
11	4	70	5.41	74
12	2	57	3.39	59
13	4	80	4.76	84
14	1	40	2.44	41
15	1	60	1.64	61
16	2	68	2.86	70
17	2	36	5.26	38
18	4	50	7.41	54
19	2	48	4.00	50
20	3	40	6.98	43
21	2	38	5.00	40
22	1	33	2.94	34
23	4	38	9.52	42
24	2	53	3.64	55
25	0	35	0.00	35
26	1	24	4.00	25
27	2	27	6.90	29
28	1	21	4.55	22
29	2	42	4.55	44
30	0	19	0.00	19
31	0	30	0.00	30
32	0	21	0.00	21
33	3	14	17.65	17
34	1	15	6.25	16
35	0	10	0.00	10
36	3	14	17.65	17
37	0	23	0.00	23
38	1	21	4.55	22
39	0	14	0.00	14
40	0	8	0.00	8
41	0	9	0.00	9
42	0	9	0.00	9
43	1	15	6.25	16
44	0	13	0.00	13
45	0	6	0.00	6
46	4	9	30.77	13
47	0	10	0.00	10
48	2	6	25.00	8
49	0	6	0.00	6
50	0	7	0.00	7
51	1	2	33.33	3
52	1	8	11.11	9
53	0	3	0.00	3
54	1	7	12.50	8
55	1	2	33.33	3
56	0	3	0.00	3
57	1	4	20.00	5
58	0	4	0.00	4
59	0	4	0.00	4
60	1	0	100.00	1
61	0	2	0.00	2
62	0	0		0
63	0	2	0.00	2
64	0	0		0
65	1	0	100.00	1
66	0	1	0.00	1
67	0	2	0.00	2
68	0	0		0
69	0	2	0.00	2
70	0	0		0
71	0	2	0.00	2
72	0	2	0.00	2
73	0	0		0
74	0	0		0
75	0	2	0.00	2
76	0	0		0
77	0	2	0.00	2
78	0	0		0
79	0	0		0
80	0	2	0.00	2
81	0	0		0
82	0	0		0
83	0	0		0
84	0	0		0
85	0	0		0
86	0	2	0.00	2
87	0	0		0
88	0	0		0
89	0	0		0
90	0	0		0
91	0	2	0.00	2
92	0	0		0
93	0	0		0
94	0	0		0
95	0	1	0.00	1

CHG context (R2)
================
position	count methylated	count unmethylated	% methylation	coverage
1	11	2133	0.51	2144
2	0	17	0.00	17
3	0	12	0.00	12
4	0	44	0.00	44
5	0	63	0.00	63
6	0	68	0.00	68
7	0	79	0.00	79
8	0	106	0.00	106
9	0	72	0.00	72
10	0	57	0.00	57
11	1	96	1.03	97
12	0	44	0.00	44
13	0	34	0.00	34
14	1	46	2.13	47
15	0	46	0.00	46
16	1	38	2.56	39
17	1	58	1.69	59
18	0	41	0.00	41
19	0	51	0.00	51
20	0	61	0.00	61
21	0	23	0.00	23
22	0	48	0.00	48
23	0	18	0.00	18
24	0	23	0.00	23
25	0	33	0.00	33
26	0	18	0.00	18
27	0	16	0.00	16
28	0	21	0.00	21
29	0	21	0.00	21
30	0	23	0.00	23
31	0	25	0.00	25
32	0	21	0.00	21
33	0	22	0.00	22
34	0	23	0.00	23
35	0	20	0.00	20
36	0	17	0.00	17
37	0	14	0.00	14
38	0	12	0.00	12
39	0	17	0.00	17
40	0	15	0.00	15
41	0	16	0.00	16
42	0	6	0.00	6
43	0	9	0.00	9
44	0	4	0.00	4
45	0	10	0.00	10
46	0	2	0.00	2
47	0	8	0.00	8
48	0	11	0.00	11
49	0	6	0.00	6
50	0	9	0.00	9
51	0	5	0.00	5
52	0	7	0.00	7
53	0	4	0.00	4
54	0	0		0
55	0	7	0.00	7
56	0	5	0.00	5
57	0	0		0
58	0	1	0.00	1
59	0	1	0.00	1
60	0	6	0.00	6
61	0	1	0.00	1
62	0	0		0
63	0	2	0.00	2
64	0	2	0.00	2
65	0	0		0
66	0	2	0.00	2
67	0	0		0
68	0	2	0.00	2
69	0	0		0
70	0	1	0.00	1
71	0	0		0
72	0	2	0.00	2
73	0	3	0.00	3
74	0	0		0
75	0	0		0
76	0	0		0
77	0	0		0
78	0	0		0
79	0	0		0
80	0	0		0
81	0	2	0.00	2
82	0	0		0
83	0	0		0
84	0	0		0
85	0	0		0
86	0	0		0
87	0	0		0
88	0	0		0
89	0	2	0.00	2
90	0	0		0
91	0	0		0
92	0	0		0
93	0	0		0
94	0	0		0
95	0	0		0

CHH context (R2)
================
position	count methylated	count unmethylated	% methylation	coverage
1	0	6	0.00	6
2	2	994	0.20	996
3	1	251	0.40	252
4	0	199	0.00	199
5	0	147	0.00	147
6	0	99	0.00	99
7	0	114	0.00	114
8	0	143	0.00	143
9	0	101	0.00	101
10	0	128	0.00	128
11	1	68	1.45	69
12	0	96	0.00	96
13	0	62	0.00	62
14	0	88	0.00	88
15	1	61	1.61	62
16	0	60	0.00	60
17	0	58	0.00	58
18	0	66	0.00	66
19	1	83	1.19	84
20	0	63	0.00	63
21	0	54	0.00	54
22	0	50	0.00	50
23	0	54	0.00	54
24	0	38	0.00	38
25	0	58	0.00	58
26	0	35	0.00	35
27	0	33	0.00	33
28	0	38	0.00	38
29	0	37	0.00	37
30	0	29	0.00	29
31	0	30	0.00	30
32	0	30	0.00	30
33	0	20	0.00	20
34	0	27	0.00	27
35	0	31	0.00	31
36	0	14	0.00	14
37	0	16	0.00	16
38	0	20	0.00	20
39	0	3	0.00	3
40	0	19	0.00	19
41	0	16	0.00	16
42	0	17	0.00	17
43	0	21	0.00	21
44	0	17	0.00	17
45	0	14	0.00	14
46	0	12	0.00	12
47	0	9	0.00	9
48	0	3	0.00	3
49	0	10	0.00	10
50	0	7	0.00	7
51	0	13	0.00	13
52	0	11	0.00	11
53	0	8	0.00	8
54	0	9	0.00	9
55	0	5	0.00	5
56	0	6	0.00	6
57	0	5	0.00	5
58	0	3	0.00	3
59	0	1	0.00	1
60	0	0		0
61	0	3	0.00	3
62	0	3	0.00	3
63	0	2	0.00	2
64	0	0		0
65	0	1	0.00	1
66	0	0		0
67	0	0		0
68	0	2	0.00	2
69	0	5	0.00	5
70	0	0		0
71	0	0		0
72	0	1	0.00	1
73	0	0		0
74	0	1	0.00	1
75	0	4	0.00	4
76	0	0		0
77	0	2	0.00	2
78	0	2	0.00	2
79	0	0		0
80	0	0		0
81	0	0		0
82	0	0		0
83	0	0		0
84	0	1	0.00	1
85	0	0		0
86	0	0		0
87	0	0		0
88	0	0		0
89	0	0		0
90	0	0		0
91	0	0		0
92	0	0		0
93	0	0		0
94	0	2	0.00	2
95	0	0		0

