CpG context (R1)
================
position	count methylated	count unmethylated	% methylation	coverage
1	214	2161	9.01	2375
2	0	23	0.00	23
3	1	18	5.26	19
4	10	190	5.00	200
5	17	181	8.59	198
6	15	282	5.05	297
7	7	198	3.41	205
8	10	269	3.58	279
9	8	261	2.97	269
10	13	264	4.69	277
11	9	246	3.53	255
12	10	295	3.28	305
13	20	291	6.43	311
14	10	252	3.82	262
15	8	253	3.07	261
16	15	297	4.81	312
17	9	227	3.81	236
18	4	260	1.52	264
19	20	288	6.49	308
20	11	211	4.95	222
21	16	199	7.44	215
22	11	281	3.77	292
23	16	250	6.02	266
24	14	218	6.03	232
25	12	293	3.93	305
26	8	288	2.70	296
27	11	304	3.49	315
28	21	272	7.17	293
29	8	266	2.92	274
30	11	268	3.94	279
31	20	272	6.85	292
32	12	295	3.91	307
33	12	232	4.92	244
34	14	253	5.24	267
35	15	266	5.34	281
36	9	244	3.56	253
37	18	263	6.41	281
38	5	225	2.17	230
39	11	267	3.96	278
40	8	255	3.04	263
41	14	237	5.58	251
42	8	295	2.64	303
43	8	274	2.84	282
44	15	248	5.70	263
45	18	258	6.52	276
46	14	256	5.19	270
47	18	271	6.23	289
48	13	272	4.56	285
49	10	227	4.22	237
50	6	236	2.48	242
51	7	231	2.94	238
52	10	240	4.00	250
53	9	264	3.30	273
54	7	250	2.72	257
55	16	304	5.00	320
56	10	224	4.27	234
57	19	238	7.39	257
58	14	248	5.34	262
59	14	274	4.86	288
60	11	244	4.31	255
61	14	251	5.28	265
62	7	223	3.04	230
63	19	209	8.33	228
64	9	224	3.86	233
65	13	255	4.85	268
66	6	258	2.27	264
67	5	231	2.12	236
68	10	210	4.55	220
69	10	210	4.55	220
70	10	202	4.72	212
71	18	249	6.74	267
72	9	232	3.73	241
73	6	237	2.47	243
74	6	193	3.02	199
75	11	174	5.95	185
76	7	205	3.30	212
77	10	219	4.37	229
78	10	204	4.67	214
79	10	228	4.20	238
80	8	167	4.57	175
81	5	184	2.65	189
82	6	186	3.12	192
83	8	135	5.59	143
84	7	141	4.73	148
85	6	200	2.91	206
86	9	141	6.00	150
87	6	157	3.68	163
88	3	126	2.33	129
89	6	130	4.41	136
90	4	125	3.10	129
91	9	122	6.87	131
92	0	138	0.00	138
93	9	117	7.14	126
94	5	139	3.47	144
95	3	105	2.78	108
96	2	110	1.79	112
97	9	131	6.43	140
98	10	83	10.75	93
99	2	59	3.28	61
100	0	10	0.00	10
101	0	7	0.00	7
102	0	1	0.00	1
103	1	8	11.11	9
104	0	3	0.00	3
105	0	3	0.00	3
106	0	5	0.00	5
107	0	1	0.00	1
108	1	3	25.00	4
109	0	7	0.00	7
110	0	1	0.00	1
111	1	3	25.00	4
112	0	2	0.00	2
113	0	7	0.00	7
114	0	3	0.00	3
115	0	3	0.00	3
116	0	1	0.00	1
117	0	5	0.00	5
118	0	1	0.00	1
119	0	1	0.00	1
120	1	2	33.33	3
121	0	1	0.00	1
122	0	3	0.00	3
123	0	3	0.00	3
124	0	2	0.00	2
125	0	0		0
126	1	3	25.00	4
127	0	0		0
128	0	4	0.00	4
129	0	1	0.00	1
130	0	0		0
131	0	2	0.00	2
132	0	1	0.00	1
133	0	0		0
134	0	0		0
135	0	0		0
136	0	0		0
137	0	0		0
138	0	0		0
139	0	2	0.00	2
140	0	0		0
141	0	0		0
142	0	0		0
143	0	1	0.00	1
144	0	1	0.00	1
145	0	0		0
146	0	1	0.00	1
147	0	1	0.00	1
148	0	1	0.00	1
149	0	0		0

CHG context (R1)
================
position	count methylated	count unmethylated	% methylation	coverage
1	0	18	0.00	18
2	0	24	0.00	24
3	0	6	0.00	6
4	1	112	0.88	113
5	2	186	1.06	188
6	3	240	1.23	243
7	2	268	0.74	270
8	2	244	0.81	246
9	0	225	0.00	225
10	0	209	0.00	209
11	0	255	0.00	255
12	0	210	0.00	210
13	0	205	0.00	205
14	0	196	0.00	196
15	0	240	0.00	240
16	1	190	0.52	191
17	0	228	0.00	228
18	0	254	0.00	254
19	0	206	0.00	206
20	0	165	0.00	165
21	1	237	0.42	238
22	0	251	0.00	251
23	1	225	0.44	226
24	0	210	0.00	210
25	0	247	0.00	247
26	1	205	0.49	206
27	0	239	0.00	239
28	1	248	0.40	249
29	2	189	1.05	191
30	0	204	0.00	204
31	0	252	0.00	252
32	1	194	0.51	195
33	1	241	0.41	242
34	1	245	0.41	246
35	3	233	1.27	236
36	0	217	0.00	217
37	2	210	0.94	212
38	1	186	0.53	187
39	3	217	1.36	220
40	3	212	1.40	215
41	1	252	0.40	253
42	1	220	0.45	221
43	0	207	0.00	207
44	2	237	0.84	239
45	0	215	0.00	215
46	0	252	0.00	252
47	0	196	0.00	196
48	0	226	0.00	226
49	1	216	0.46	217
50	1	208	0.48	209
51	0	231	0.00	231
52	2	235	0.84	237
53	1	192	0.52	193
54	0	208	0.00	208
55	0	155	0.00	155
56	0	240	0.00	240
57	0	204	0.00	204
58	1	217	0.46	218
59	3	192	1.54	195
60	0	138	0.00	138
61	3	196	1.51	199
62	1	175	0.57	176
63	0	181	0.00	181
64	1	194	0.51	195
65	1	228	0.44	229
66	0	159	0.00	159
67	2	187	1.06	189
68	0	179	0.00	179
69	0	157	0.00	157
70	0	209	0.00	209
71	1	170	0.58	171
72	0	165	0.00	165
73	1	175	0.57	176
74	0	144	0.00	144
75	0	143	0.00	143
76	0	205	0.00	205
77	0	179	0.00	179
78	0	135	0.00	135
79	1	151	0.66	152
80	0	143	0.00	143
81	1	189	0.53	190
82	0	114	0.00	114
83	1	138	0.72	139
84	0	126	0.00	126
85	0	123	0.00	123
86	0	160	0.00	160
87	0	108	0.00	108
88	2	116	1.69	118
89	0	109	0.00	109
90	0	114	0.00	114
91	0	119	0.00	119
92	2	97	2.02	99
93	1	84	1.18	85
94	2	108	1.82	110
95	0	111	0.00	111
96	0	110	0.00	110
97	0	116	0.00	116
98	0	112	0.00	112
99	0	37	0.00	37
100	0	2	0.00	2
101	0	5	0.00	5
102	0	7	0.00	7
103	0	1	0.00	1
104	0	3	0.00	3
105	0	8	0.00	8
106	0	7	0.00	7
107	0	3	0.00	3
108	0	8	0.00	8
109	0	1	0.00	1
110	0	5	0.00	5
111	0	1	0.00	1
112	0	4	0.00	4
113	0	3	0.00	3
114	0	1	0.00	1
115	0	2	0.00	2
116	0	2	0.00	2
117	0	2	0.00	2
118	0	4	0.00	4
119	0	2	0.00	2
120	0	3	0.00	3
121	0	0		0
122	0	0		0
123	0	3	0.00	3
124	0	0		0
125	0	3	0.00	3
126	0	0		0
127	0	2	0.00	2
128	0	0		0
129	0	0		0
130	0	2	0.00	2
131	0	0		0
132	0	1	0.00	1
133	0	0		0
134	0	0		0
135	0	1	0.00	1
136	0	0		0
137	0	0		0
138	0	2	0.00	2
139	0	0		0
140	0	0		0
141	0	1	0.00	1
142	0	1	0.00	1
143	0	0		0
144	0	0		0
145	0	1	0.00	1
146	0	1	0.00	1
147	0	0		0
148	0	0		0
149	0	1	0.00	1

CHH context (R1)
================
position	count methylated	count unmethylated	% methylation	coverage
1	0	28	0.00	28
2	0	23	0.00	23
3	0	21	0.00	21
4	0	329	0.00	329
5	1	389	0.26	390
6	4	406	0.98	410
7	1	379	0.26	380
8	1	384	0.26	385
9	0	327	0.00	327
10	1	341	0.29	342
11	1	309	0.32	310
12	2	325	0.61	327
13	0	351	0.00	351
14	1	372	0.27	373
15	1	370	0.27	371
16	0	366	0.00	366
17	0	348	0.00	348
18	1	298	0.33	299
19	0	341	0.00	341
20	3	357	0.83	360
21	1	359	0.28	360
22	2	346	0.57	348
23	0	326	0.00	326
24	0	352	0.00	352
25	1	390	0.26	391
26	3	335	0.89	338
27	3	398	0.75	401
28	1	358	0.28	359
29	0	344	0.00	344
30	0	368	0.00	368
31	0	350	0.00	350
32	0	331	0.00	331
33	0	325	0.00	325
34	1	325	0.31	326
35	4	300	1.32	304
36	2	364	0.55	366
37	2	346	0.57	348
38	1	322	0.31	323
39	1	323	0.31	324
40	1	330	0.30	331
41	1	332	0.30	333
42	0	326	0.00	326
43	0	337	0.00	337
44	1	342	0.29	343
45	0	320	0.00	320
46	1	355	0.28	356
47	0	320	0.00	320
48	1	348	0.29	349
49	0	403	0.00	403
50	1	408	0.24	409
51	0	442	0.00	442
52	0	373	0.00	373
53	2	331	0.60	333
54	0	296	0.00	296
55	2	346	0.57	348
56	2	328	0.61	330
57	3	311	0.96	314
58	2	307	0.65	309
59	1	312	0.32	313
60	0	314	0.00	314
61	1	329	0.30	330
62	1	382	0.26	383
63	1	324	0.31	325
64	1	350	0.28	351
65	0	286	0.00	286
66	2	271	0.73	273
67	0	313	0.00	313
68	0	307	0.00	307
69	1	310	0.32	311
70	2	299	0.66	301
71	1	301	0.33	302
72	1	279	0.36	280
73	0	292	0.00	292
74	0	264	0.00	264
75	2	332	0.60	334
76	3	280	1.06	283
77	0	232	0.00	232
78	0	247	0.00	247
79	1	289	0.34	290
80	1	306	0.33	307
81	1	239	0.42	240
82	1	275	0.36	276
83	1	232	0.43	233
84	2	253	0.78	255
85	1	255	0.39	256
86	2	256	0.78	258
87	0	214	0.00	214
88	2	283	0.70	285
89	1	208	0.48	209
90	0	177	0.00	177
91	0	183	0.00	183
92	1	205	0.49	206
93	1	168	0.59	169
94	0	164	0.00	164
95	0	189	0.00	189
96	0	149	0.00	149
97	1	142	0.70	143
98	1	163	0.61	164
99	0	57	0.00	57
100	0	5	0.00	5
101	0	9	0.00	9
102	0	7	0.00	7
103	0	7	0.00	7
104	0	12	0.00	12
105	0	9	0.00	9
106	0	4	0.00	4
107	0	7	0.00	7
108	0	4	0.00	4
109	0	4	0.00	4
110	0	5	0.00	5
111	0	4	0.00	4
112	0	5	0.00	5
113	0	4	0.00	4
114	0	4	0.00	4
115	0	4	0.00	4
116	0	3	0.00	3
117	0	5	0.00	5
118	0	2	0.00	2
119	0	5	0.00	5
120	0	1	0.00	1
121	0	3	0.00	3
122	0	3	0.00	3
123	0	2	0.00	2
124	0	2	0.00	2
125	0	3	0.00	3
126	0	5	0.00	5
127	0	0		0
128	0	1	0.00	1
129	0	1	0.00	1
130	0	1	0.00	1
131	0	3	0.00	3
132	0	1	0.00	1
133	0	2	0.00	2
134	0	1	0.00	1
135	0	0		0
136	0	0		0
137	0	2	0.00	2
138	0	0		0
139	0	0		0
140	0	0		0
141	0	1	0.00	1
142	0	2	0.00	2
143	0	0		0
144	0	0		0
145	0	0		0
146	0	0		0
147	0	1	0.00	1
148	0	1	0.00	1
149	0	2	0.00	2

CpG context (R2)
================
position	count methylated	count unmethylated	% methylation	coverage
1	0	18	0.00	18
2	0	14	0.00	14
3	3	68	4.23	71
4	2	65	2.99	67
5	1	98	1.01	99
6	6	93	6.06	99
7	5	126	3.82	131
8	3	80	3.61	83
9	6	86	6.52	92
10	4	71	5.33	75
11	3	73	3.95	76
12	1	61	1.61	62
13	2	81	2.41	83
14	2	49	3.92	51
15	3	57	5.00	60
16	0	55	0.00	55
17	1	33	2.94	34
18	1	52	1.89	53
19	1	34	2.86	35
20	3	48	5.88	51
21	2	38	5.00	40
22	0	30	0.00	30
23	5	42	10.64	47
24	2	48	4.00	50
25	2	32	5.88	34
26	1	19	5.00	20
27	1	34	2.86	35
28	1	22	4.35	23
29	2	29	6.45	31
30	2	7	22.22	9
31	1	27	3.57	28
32	3	23	11.54	26
33	0	9	0.00	9
34	2	16	11.11	18
35	1	11	8.33	12
36	0	11	0.00	11
37	1	18	5.26	19
38	0	18	0.00	18
39	0	6	0.00	6
40	0	7	0.00	7
41	0	7	0.00	7
42	0	6	0.00	6
43	0	12	0.00	12
44	0	5	0.00	5
45	0	4	0.00	4
46	3	13	18.75	16
47	0	11	0.00	11
48	0	4	0.00	4
49	1	5	16.67	6
50	1	3	25.00	4
51	1	5	16.67	6
52	2	7	22.22	9
53	0	3	0.00	3
54	0	7	0.00	7
55	2	3	40.00	5
56	0	5	0.00	5
57	0	5	0.00	5
58	0	3	0.00	3
59	0	2	0.00	2
60	0	2	0.00	2
61	0	1	0.00	1
62	0	1	0.00	1
63	0	0		0
64	0	0		0
65	0	0		0
66	0	2	0.00	2
67	0	2	0.00	2
68	0	0		0
69	0	1	0.00	1
70	0	0		0
71	0	1	0.00	1
72	0	2	0.00	2
73	0	0		0
74	0	0		0
75	0	1	0.00	1
76	0	1	0.00	1
77	0	1	0.00	1
78	0	0		0
79	0	0		0
80	0	1	0.00	1
81	0	1	0.00	1
82	0	0		0
83	0	1	0.00	1
84	0	0		0
85	0	0		0
86	0	1	0.00	1
87	0	0		0
88	0	0		0
89	0	0		0
90	0	0		0
91	0	1	0.00	1
92	0	0		0
93	0	0		0
94	0	1	0.00	1
95	0	2	0.00	2
96	0	1	0.00	1
97	0	0		0

CHG context (R2)
================
position	count methylated	count unmethylated	% methylation	coverage
1	15	2121	0.70	2136
2	0	19	0.00	19
3	0	4	0.00	4
4	0	35	0.00	35
5	0	61	0.00	61
6	1	64	1.54	65
7	0	75	0.00	75
8	0	82	0.00	82
9	1	58	1.69	59
10	0	52	0.00	52
11	1	86	1.15	87
12	0	33	0.00	33
13	0	39	0.00	39
14	0	46	0.00	46
15	0	42	0.00	42
16	0	47	0.00	47
17	0	59	0.00	59
18	0	34	0.00	34
19	0	56	0.00	56
20	0	38	0.00	38
21	0	36	0.00	36
22	0	46	0.00	46
23	0	22	0.00	22
24	0	10	0.00	10
25	0	37	0.00	37
26	0	21	0.00	21
27	0	14	0.00	14
28	0	24	0.00	24
29	0	21	0.00	21
30	0	19	0.00	19
31	0	23	0.00	23
32	0	17	0.00	17
33	0	20	0.00	20
34	0	19	0.00	19
35	0	18	0.00	18
36	0	17	0.00	17
37	0	10	0.00	10
38	0	13	0.00	13
39	1	10	9.09	11
40	1	5	16.67	6
41	0	15	0.00	15
42	0	9	0.00	9
43	0	9	0.00	9
44	0	1	0.00	1
45	0	5	0.00	5
46	0	3	0.00	3
47	0	9	0.00	9
48	0	0		0
49	0	7	0.00	7
50	1	8	11.11	9
51	0	1	0.00	1
52	0	5	0.00	5
53	0	7	0.00	7
54	0	2	0.00	2
55	0	7	0.00	7
56	0	3	0.00	3
57	0	0		0
58	0	4	0.00	4
59	0	2	0.00	2
60	0	3	0.00	3
61	0	0		0
62	0	0		0
63	0	0		0
64	0	2	0.00	2
65	0	1	0.00	1
66	0	1	0.00	1
67	0	1	0.00	1
68	0	1	0.00	1
69	0	0		0
70	0	1	0.00	1
71	0	0		0
72	0	1	0.00	1
73	0	2	0.00	2
74	0	0		0
75	0	0		0
76	0	0		0
77	0	1	0.00	1
78	0	0		0
79	0	0		0
80	0	0		0
81	0	1	0.00	1
82	0	0		0
83	0	0		0
84	0	0		0
85	0	0		0
86	0	0		0
87	0	0		0
88	0	0		0
89	0	1	0.00	1
90	0	0		0
91	0	0		0
92	0	0		0
93	0	0		0
94	0	0		0
95	0	0		0
96	0	0		0
97	0	1	0.00	1

CHH context (R2)
================
position	count methylated	count unmethylated	% methylation	coverage
1	0	10	0.00	10
2	3	955	0.31	958
3	0	266	0.00	266
4	0	186	0.00	186
5	1	144	0.69	145
6	0	99	0.00	99
7	0	97	0.00	97
8	0	128	0.00	128
9	1	105	0.94	106
10	0	113	0.00	113
11	0	70	0.00	70
12	0	88	0.00	88
13	0	63	0.00	63
14	0	85	0.00	85
15	1	71	1.39	72
16	0	72	0.00	72
17	0	65	0.00	65
18	0	80	0.00	80
19	0	64	0.00	64
20	0	61	0.00	61
21	0	56	0.00	56
22	2	37	5.13	39
23	0	52	0.00	52
24	0	43	0.00	43
25	0	44	0.00	44
26	0	39	0.00	39
27	0	35	0.00	35
28	0	30	0.00	30
29	0	36	0.00	36
30	0	33	0.00	33
31	0	24	0.00	24
32	0	26	0.00	26
33	0	19	0.00	19
34	0	18	0.00	18
35	0	25	0.00	25
36	0	11	0.00	11
37	0	15	0.00	15
38	0	22	0.00	22
39	0	10	0.00	10
40	0	15	0.00	15
41	0	10	0.00	10
42	0	14	0.00	14
43	0	13	0.00	13
44	0	26	0.00	26
45	0	6	0.00	6
46	0	7	0.00	7
47	0	6	0.00	6
48	0	5	0.00	5
49	0	7	0.00	7
50	0	7	0.00	7
51	0	6	0.00	6
52	0	7	0.00	7
53	0	7	0.00	7
54	0	6	0.00	6
55	0	2	0.00	2
56	0	4	0.00	4
57	0	1	0.00	1
58	0	1	0.00	1
59	0	1	0.00	1
60	0	1	0.00	1
61	0	0		0
62	0	3	0.00	3
63	0	2	0.00	2
64	0	2	0.00	2
65	0	1	0.00	1
66	0	0		0
67	0	2	0.00	2
68	0	0		0
69	0	4	0.00	4
70	0	0		0
71	0	0		0
72	0	2	0.00	2
73	0	0		0
74	0	1	0.00	1
75	0	2	0.00	2
76	0	0		0
77	0	1	0.00	1
78	0	0		0
79	0	1	0.00	1
80	0	1	0.00	1
81	0	0		0
82	0	0		0
83	0	0		0
84	0	2	0.00	2
85	0	0		0
86	0	0		0
87	0	0		0
88	0	1	0.00	1
89	0	0		0
90	0	1	0.00	1
91	0	1	0.00	1
92	0	0		0
93	0	0		0
94	0	1	0.00	1
95	0	0		0
96	0	0		0
97	0	0		0

