CpG context (R1)
================
position	count methylated	count unmethylated	% methylation	coverage
1	233	2146	9.79	2379
2	0	25	0.00	25
3	2	20	9.09	22
4	9	198	4.35	207
5	18	203	8.14	221
6	9	263	3.31	272
7	18	215	7.73	233
8	10	274	3.52	284
9	18	218	7.63	236
10	11	246	4.28	257
11	22	263	7.72	285
12	14	305	4.39	319
13	20	304	6.17	324
14	18	247	6.79	265
15	11	234	4.49	245
16	16	259	5.82	275
17	7	215	3.15	222
18	9	228	3.80	237
19	13	281	4.42	294
20	6	212	2.75	218
21	12	226	5.04	238
22	20	293	6.39	313
23	16	238	6.30	254
24	13	249	4.96	262
25	23	286	7.44	309
26	12	286	4.03	298
27	20	261	7.12	281
28	27	257	9.51	284
29	15	280	5.08	295
30	22	281	7.26	303
31	17	271	5.90	288
32	14	285	4.68	299
33	7	215	3.15	222
34	16	273	5.54	289
35	14	262	5.07	276
36	19	206	8.44	225
37	15	250	5.66	265
38	13	231	5.33	244
39	14	253	5.24	267
40	9	258	3.37	267
41	14	225	5.86	239
42	11	292	3.63	303
43	10	265	3.64	275
44	18	259	6.50	277
45	12	264	4.35	276
46	28	240	10.45	268
47	24	292	7.59	316
48	15	234	6.02	249
49	16	244	6.15	260
50	11	241	4.37	252
51	15	264	5.38	279
52	16	232	6.45	248
53	8	219	3.52	227
54	17	219	7.20	236
55	17	300	5.36	317
56	9	250	3.47	259
57	16	237	6.32	253
58	19	267	6.64	286
59	20	251	7.38	271
60	14	250	5.30	264
61	17	221	7.14	238
62	13	224	5.49	237
63	20	213	8.58	233
64	16	216	6.90	232
65	18	265	6.36	283
66	17	230	6.88	247
67	14	241	5.49	255
68	11	192	5.42	203
69	12	194	5.83	206
70	16	229	6.53	245
71	15	245	5.77	260
72	7	252	2.70	259
73	15	232	6.07	247
74	8	202	3.81	210
75	11	154	6.67	165
76	18	191	8.61	209
77	11	196	5.31	207
78	13	189	6.44	202
79	12	224	5.08	236
80	7	156	4.29	163
81	6	150	3.85	156
82	11	175	5.91	186
83	8	139	5.44	147
84	6	172	3.37	178
85	3	186	1.59	189
86	12	189	5.97	201
87	7	163	4.12	170
88	6	121	4.72	127
89	7	164	4.09	171
90	2	130	1.52	132
91	6	139	4.14	145
92	6	118	4.84	124
93	6	134	4.29	140
94	6	124	4.62	130
95	9	132	6.38	141
96	7	116	5.69	123
97	6	125	4.58	131
98	7	116	5.69	123
99	4	52	7.14	56
100	2	4	33.33	6
101	0	8	0.00	8
102	1	2	33.33	3
103	0	4	0.00	4
104	1	4	20.00	5
105	0	0		0
106	0	5	0.00	5
107	1	4	20.00	5
108	1	2	33.33	3
109	1	8	11.11	9
110	0	2	0.00	2
111	1	3	25.00	4
112	0	5	0.00	5
113	0	1	0.00	1
114	1	2	33.33	3
115	0	2	0.00	2
116	0	2	0.00	2
117	0	7	0.00	7
118	0	1	0.00	1
119	0	3	0.00	3
120	0	1	0.00	1
121	1	0	100.00	1
122	1	2	33.33	3
123	2	1	66.67	3
124	0	1	0.00	1
125	0	1	0.00	1
126	0	0		0
127	0	0		0
128	1	1	50.00	2
129	0	2	0.00	2
130	0	1	0.00	1
131	0	1	0.00	1
132	0	1	0.00	1
133	0	1	0.00	1
134	1	1	50.00	2
135	0	0		0
136	0	2	0.00	2
137	0	0		0
138	0	0		0
139	0	1	0.00	1
140	0	1	0.00	1
141	0	0		0
142	0	2	0.00	2
143	0	0		0
144	0	2	0.00	2
145	0	2	0.00	2
146	0	0		0
147	0	0		0
148	0	1	0.00	1
149	0	0		0

CHG context (R1)
================
position	count methylated	count unmethylated	% methylation	coverage
1	1	18	5.26	19
2	0	30	0.00	30
3	0	10	0.00	10
4	1	134	0.74	135
5	1	199	0.50	200
6	1	238	0.42	239
7	2	263	0.75	265
8	1	240	0.41	241
9	0	213	0.00	213
10	2	189	1.05	191
11	0	225	0.00	225
12	0	222	0.00	222
13	1	185	0.54	186
14	1	173	0.57	174
15	3	228	1.30	231
16	0	219	0.00	219
17	2	248	0.80	250
18	2	244	0.81	246
19	1	202	0.49	203
20	0	169	0.00	169
21	3	220	1.35	223
22	0	231	0.00	231
23	0	193	0.00	193
24	2	194	1.02	196
25	1	202	0.49	203
26	1	203	0.49	204
27	1	243	0.41	244
28	1	218	0.46	219
29	1	206	0.48	207
30	0	177	0.00	177
31	3	225	1.32	228
32	2	204	0.97	206
33	0	259	0.00	259
34	0	227	0.00	227
35	1	231	0.43	232
36	2	212	0.93	214
37	0	195	0.00	195
38	1	209	0.48	210
39	0	232	0.00	232
40	2	224	0.88	226
41	2	276	0.72	278
42	3	216	1.37	219
43	0	192	0.00	192
44	1	246	0.40	247
45	1	185	0.54	186
46	1	222	0.45	223
47	1	183	0.54	184
48	0	214	0.00	214
49	0	246	0.00	246
50	1	214	0.47	215
51	0	216	0.00	216
52	0	189	0.00	189
53	2	214	0.93	216
54	3	186	1.59	189
55	0	189	0.00	189
56	2	213	0.93	215
57	1	190	0.52	191
58	0	204	0.00	204
59	0	166	0.00	166
60	0	175	0.00	175
61	1	174	0.57	175
62	0	179	0.00	179
63	0	175	0.00	175
64	1	222	0.45	223
65	0	198	0.00	198
66	2	174	1.14	176
67	1	183	0.54	184
68	0	195	0.00	195
69	0	203	0.00	203
70	0	181	0.00	181
71	0	154	0.00	154
72	0	141	0.00	141
73	1	179	0.56	180
74	1	144	0.69	145
75	0	142	0.00	142
76	0	150	0.00	150
77	0	171	0.00	171
78	1	154	0.65	155
79	3	161	1.83	164
80	1	134	0.74	135
81	0	182	0.00	182
82	0	128	0.00	128
83	2	146	1.35	148
84	1	139	0.71	140
85	1	116	0.85	117
86	1	151	0.66	152
87	2	139	1.42	141
88	1	142	0.70	143
89	0	109	0.00	109
90	0	123	0.00	123
91	0	138	0.00	138
92	0	104	0.00	104
93	0	88	0.00	88
94	0	76	0.00	76
95	0	100	0.00	100
96	1	113	0.88	114
97	1	128	0.78	129
98	0	86	0.00	86
99	0	45	0.00	45
100	0	3	0.00	3
101	0	2	0.00	2
102	0	1	0.00	1
103	0	8	0.00	8
104	0	1	0.00	1
105	0	3	0.00	3
106	0	6	0.00	6
107	0	1	0.00	1
108	0	3	0.00	3
109	0	2	0.00	2
110	0	4	0.00	4
111	1	2	33.33	3
112	0	1	0.00	1
113	0	0		0
114	0	2	0.00	2
115	0	1	0.00	1
116	0	4	0.00	4
117	0	1	0.00	1
118	0	0		0
119	0	2	0.00	2
120	0	1	0.00	1
121	0	0		0
122	0	2	0.00	2
123	0	1	0.00	1
124	0	1	0.00	1
125	0	1	0.00	1
126	0	1	0.00	1
127	0	2	0.00	2
128	0	0		0
129	0	0		0
130	0	1	0.00	1
131	0	1	0.00	1
132	0	2	0.00	2
133	0	0		0
134	0	1	0.00	1
135	0	1	0.00	1
136	0	1	0.00	1
137	0	0		0
138	0	0		0
139	0	0		0
140	0	2	0.00	2
141	0	2	0.00	2
142	0	0		0
143	0	0		0
144	0	0		0
145	0	1	0.00	1
146	0	0		0
147	0	2	0.00	2
148	0	0		0
149	0	2	0.00	2

CHH context (R1)
================
position	count methylated	count unmethylated	% methylation	coverage
1	1	30	3.23	31
2	1	19	5.00	20
3	0	11	0.00	11
4	3	314	0.95	317
5	1	395	0.25	396
6	2	399	0.50	401
7	0	379	0.00	379
8	1	329	0.30	330
9	1	282	0.35	283
10	0	334	0.00	334
11	1	347	0.29	348
12	0	298	0.00	298
13	2	347	0.57	349
14	4	378	1.05	382
15	0	379	0.00	379
16	1	372	0.27	373
17	2	329	0.60	331
18	2	329	0.60	331
19	0	355	0.00	355
20	0	370	0.00	370
21	2	353	0.56	355
22	0	327	0.00	327
23	2	334	0.60	336
24	0	375	0.00	375
25	2	407	0.49	409
26	1	400	0.25	401
27	1	385	0.26	386
28	3	377	0.79	380
29	1	327	0.30	328
30	0	385	0.00	385
31	0	343	0.00	343
32	1	385	0.26	386
33	2	330	0.60	332
34	0	326	0.00	326
35	0	320	0.00	320
36	2	362	0.55	364
37	3	333	0.89	336
38	1	347	0.29	348
39	1	328	0.30	329
40	1	333	0.30	334
41	1	310	0.32	311
42	0	329	0.00	329
43	0	308	0.00	308
44	5	314	1.57	319
45	1	299	0.33	300
46	1	321	0.31	322
47	1	309	0.32	310
48	2	313	0.63	315
49	3	348	0.85	351
50	0	343	0.00	343
51	1	381	0.26	382
52	0	379	0.00	379
53	1	371	0.27	372
54	1	358	0.28	359
55	1	319	0.31	320
56	4	306	1.29	310
57	0	299	0.00	299
58	3	297	1.00	300
59	3	321	0.93	324
60	4	308	1.28	312
61	0	359	0.00	359
62	2	355	0.56	357
63	1	340	0.29	341
64	1	342	0.29	343
65	3	332	0.90	335
66	0	242	0.00	242
67	0	323	0.00	323
68	0	334	0.00	334
69	0	308	0.00	308
70	3	284	1.05	287
71	1	300	0.33	301
72	0	257	0.00	257
73	0	297	0.00	297
74	2	247	0.80	249
75	0	317	0.00	317
76	1	346	0.29	347
77	0	272	0.00	272
78	0	263	0.00	263
79	1	275	0.36	276
80	0	298	0.00	298
81	0	283	0.00	283
82	0	297	0.00	297
83	1	242	0.41	243
84	2	246	0.81	248
85	1	265	0.38	266
86	0	282	0.00	282
87	0	201	0.00	201
88	0	263	0.00	263
89	0	208	0.00	208
90	1	188	0.53	189
91	0	177	0.00	177
92	1	207	0.48	208
93	2	169	1.17	171
94	1	154	0.65	155
95	0	204	0.00	204
96	0	141	0.00	141
97	0	160	0.00	160
98	1	156	0.64	157
99	0	62	0.00	62
100	0	6	0.00	6
101	0	12	0.00	12
102	0	10	0.00	10
103	0	8	0.00	8
104	0	10	0.00	10
105	0	5	0.00	5
106	0	5	0.00	5
107	0	5	0.00	5
108	0	2	0.00	2
109	0	2	0.00	2
110	0	4	0.00	4
111	0	1	0.00	1
112	0	0		0
113	0	1	0.00	1
114	0	1	0.00	1
115	0	4	0.00	4
116	0	1	0.00	1
117	0	0		0
118	0	0		0
119	0	4	0.00	4
120	0	1	0.00	1
121	0	4	0.00	4
122	0	0		0
123	0	1	0.00	1
124	0	0		0
125	0	0		0
126	0	1	0.00	1
127	0	3	0.00	3
128	0	1	0.00	1
129	0	1	0.00	1
130	0	1	0.00	1
131	0	1	0.00	1
132	0	0		0
133	0	2	0.00	2
134	0	2	0.00	2
135	0	2	0.00	2
136	0	0		0
137	0	0		0
138	0	0		0
139	0	2	0.00	2
140	0	0		0
141	0	0		0
142	0	0		0
143	0	0		0
144	0	1	0.00	1
145	0	0		0
146	0	1	0.00	1
147	0	1	0.00	1
148	0	2	0.00	2
149	0	0		0

CpG context (R2)
================
position	count methylated	count unmethylated	% methylation	coverage
1	0	20	0.00	20
2	1	13	7.14	14
3	1	69	1.43	70
4	6	84	6.67	90
5	7	111	5.93	118
6	6	82	6.82	88
7	9	139	6.08	148
8	3	83	3.49	86
9	9	79	10.23	88
10	2	80	2.44	82
11	4	68	5.56	72
12	1	66	1.49	67
13	5	82	5.75	87
14	5	53	8.62	58
15	2	65	2.99	67
16	1	59	1.67	60
17	1	34	2.86	35
18	4	60	6.25	64
19	1	33	2.94	34
20	2	53	3.64	55
21	0	32	0.00	32
22	3	35	7.89	38
23	3	41	6.82	44
24	2	73	2.67	75
25	0	43	0.00	43
26	0	23	0.00	23
27	6	36	14.29	42
28	1	26	3.70	27
29	2	40	4.76	42
30	2	19	9.52	21
31	1	34	2.86	35
32	2	22	8.33	24
33	2	8	20.00	10
34	2	19	9.52	21
35	0	15	0.00	15
36	0	12	0.00	12
37	0	28	0.00	28
38	1	18	5.26	19
39	0	14	0.00	14
40	1	12	7.69	13
41	0	12	0.00	12
42	1	8	11.11	9
43	2	20	9.09	22
44	1	14	6.67	15
45	3	3	50.00	6
46	3	22	12.00	25
47	0	5	0.00	5
48	0	10	0.00	10
49	0	5	0.00	5
50	0	9	0.00	9
51	0	9	0.00	9
52	0	8	0.00	8
53	0	5	0.00	5
54	1	8	11.11	9
55	1	3	25.00	4
56	0	6	0.00	6
57	0	2	0.00	2
58	0	9	0.00	9
59	0	3	0.00	3
60	1	0	100.00	1
61	0	6	0.00	6
62	0	0		0
63	0	5	0.00	5
64	0	0		0
65	0	1	0.00	1
66	0	1	0.00	1
67	0	2	0.00	2
68	0	1	0.00	1
69	0	0		0
70	0	1	0.00	1
71	0	1	0.00	1
72	0	0		0
73	0	0		0
74	0	0		0
75	0	1	0.00	1
76	0	0		0
77	0	1	0.00	1
78	0	0		0
79	0	0		0
80	0	0		0
81	0	0		0
82	0	0		0
83	0	0		0
84	0	0		0
85	0	0		0
86	0	0		0
87	0	0		0
88	0	1	0.00	1
89	0	0		0
90	0	0		0
91	0	0		0
92	0	1	0.00	1
93	0	0		0
94	0	1	0.00	1
95	0	0		0
96	0	1	0.00	1

CHG context (R2)
================
position	count methylated	count unmethylated	% methylation	coverage
1	12	2102	0.57	2114
2	0	22	0.00	22
3	0	3	0.00	3
4	0	35	0.00	35
5	0	53	0.00	53
6	0	84	0.00	84
7	0	74	0.00	74
8	0	93	0.00	93
9	0	81	0.00	81
10	0	61	0.00	61
11	1	59	1.67	60
12	0	51	0.00	51
13	0	51	0.00	51
14	2	55	3.51	57
15	0	40	0.00	40
16	0	53	0.00	53
17	0	52	0.00	52
18	0	46	0.00	46
19	0	39	0.00	39
20	0	59	0.00	59
21	0	51	0.00	51
22	0	50	0.00	50
23	0	26	0.00	26
24	0	23	0.00	23
25	0	45	0.00	45
26	0	18	0.00	18
27	0	14	0.00	14
28	0	18	0.00	18
29	1	28	3.45	29
30	0	24	0.00	24
31	0	24	0.00	24
32	1	20	4.76	21
33	0	22	0.00	22
34	0	19	0.00	19
35	0	24	0.00	24
36	0	16	0.00	16
37	0	11	0.00	11
38	0	12	0.00	12
39	0	11	0.00	11
40	0	17	0.00	17
41	0	13	0.00	13
42	0	6	0.00	6
43	0	8	0.00	8
44	0	7	0.00	7
45	0	5	0.00	5
46	0	1	0.00	1
47	0	8	0.00	8
48	0	7	0.00	7
49	0	15	0.00	15
50	0	7	0.00	7
51	0	6	0.00	6
52	0	11	0.00	11
53	0	5	0.00	5
54	0	1	0.00	1
55	0	8	0.00	8
56	0	8	0.00	8
57	0	0		0
58	0	1	0.00	1
59	0	1	0.00	1
60	0	4	0.00	4
61	0	2	0.00	2
62	0	2	0.00	2
63	0	2	0.00	2
64	0	5	0.00	5
65	0	0		0
66	0	0		0
67	0	0		0
68	0	3	0.00	3
69	0	0		0
70	0	2	0.00	2
71	0	1	0.00	1
72	0	0		0
73	0	1	0.00	1
74	0	0		0
75	0	0		0
76	0	0		0
77	0	0		0
78	0	1	0.00	1
79	0	0		0
80	0	0		0
81	0	0		0
82	0	0		0
83	0	0		0
84	0	0		0
85	0	0		0
86	0	0		0
87	0	0		0
88	0	0		0
89	0	1	0.00	1
90	0	0		0
91	0	0		0
92	0	0		0
93	0	0		0
94	0	0		0
95	0	0		0
96	0	0		0

CHH context (R2)
================
position	count methylated	count unmethylated	% methylation	coverage
1	0	3	0.00	3
2	5	979	0.51	984
3	0	264	0.00	264
4	3	186	1.59	189
5	0	134	0.00	134
6	1	90	1.10	91
7	0	99	0.00	99
8	1	135	0.74	136
9	1	128	0.78	129
10	0	140	0.00	140
11	0	89	0.00	89
12	0	88	0.00	88
13	0	59	0.00	59
14	0	85	0.00	85
15	0	83	0.00	83
16	0	75	0.00	75
17	0	61	0.00	61
18	0	72	0.00	72
19	2	79	2.47	81
20	0	66	0.00	66
21	0	46	0.00	46
22	1	36	2.70	37
23	0	44	0.00	44
24	0	37	0.00	37
25	0	42	0.00	42
26	1	41	2.38	42
27	0	29	0.00	29
28	0	37	0.00	37
29	0	34	0.00	34
30	0	24	0.00	24
31	0	29	0.00	29
32	0	30	0.00	30
33	0	11	0.00	11
34	0	26	0.00	26
35	0	24	0.00	24
36	0	16	0.00	16
37	0	12	0.00	12
38	1	17	5.56	18
39	0	11	0.00	11
40	0	19	0.00	19
41	0	13	0.00	13
42	0	11	0.00	11
43	0	16	0.00	16
44	0	22	0.00	22
45	0	10	0.00	10
46	0	21	0.00	21
47	0	16	0.00	16
48	0	5	0.00	5
49	0	11	0.00	11
50	0	6	0.00	6
51	0	15	0.00	15
52	0	9	0.00	9
53	0	14	0.00	14
54	0	9	0.00	9
55	0	11	0.00	11
56	0	7	0.00	7
57	0	7	0.00	7
58	0	4	0.00	4
59	0	0		0
60	0	1	0.00	1
61	0	1	0.00	1
62	0	1	0.00	1
63	0	0		0
64	0	1	0.00	1
65	0	3	0.00	3
66	0	1	0.00	1
67	0	0		0
68	0	2	0.00	2
69	0	1	0.00	1
70	0	0		0
71	0	1	0.00	1
72	0	1	0.00	1
73	0	0		0
74	0	2	0.00	2
75	0	0		0
76	0	0		0
77	0	0		0
78	0	0		0
79	0	0		0
80	0	0		0
81	0	0		0
82	0	0		0
83	0	0		0
84	0	0		0
85	0	0		0
86	0	0		0
87	0	0		0
88	0	0		0
89	0	0		0
90	0	0		0
91	0	0		0
92	0	0		0
93	0	0		0
94	0	0		0
95	0	0		0
96	0	0		0

