CpG context (R1)
================
position	count methylated	count unmethylated	% methylation	coverage
1	200	2193	8.36	2393
2	0	10	0.00	10
3	1	12	7.69	13
4	7	172	3.91	179
5	13	190	6.40	203
6	14	241	5.49	255
7	8	217	3.56	225
8	11	265	3.99	276
9	12	250	4.58	262
10	7	236	2.88	243
11	14	243	5.45	257
12	10	246	3.91	256
13	16	275	5.50	291
14	11	242	4.35	253
15	10	215	4.44	225
16	16	298	5.10	314
17	17	241	6.59	258
18	9	247	3.52	256
19	17	291	5.52	308
20	14	221	5.96	235
21	13	223	5.51	236
22	11	281	3.77	292
23	16	268	5.63	284
24	20	229	8.03	249
25	12	312	3.70	324
26	12	291	3.96	303
27	11	270	3.91	281
28	19	273	6.51	292
29	9	263	3.31	272
30	18	264	6.38	282
31	7	290	2.36	297
32	15	281	5.07	296
33	10	210	4.55	220
34	14	253	5.24	267
35	10	287	3.37	297
36	9	215	4.02	224
37	18	269	6.27	287
38	8	230	3.36	238
39	12	247	4.63	259
40	11	259	4.07	270
41	12	229	4.98	241
42	13	292	4.26	305
43	19	257	6.88	276
44	13	265	4.68	278
45	21	273	7.14	294
46	17	232	6.83	249
47	16	266	5.67	282
48	15	241	5.86	256
49	17	229	6.91	246
50	14	225	5.86	239
51	12	233	4.90	245
52	15	250	5.66	265
53	9	221	3.91	230
54	12	266	4.32	278
55	20	316	5.95	336
56	17	227	6.97	244
57	13	222	5.53	235
58	10	251	3.83	261
59	11	266	3.97	277
60	11	232	4.53	243
61	8	255	3.04	263
62	12	213	5.33	225
63	13	212	5.78	225
64	12	209	5.43	221
65	17	245	6.49	262
66	11	249	4.23	260
67	10	213	4.48	223
68	18	208	7.96	226
69	6	200	2.91	206
70	18	235	7.11	253
71	13	224	5.49	237
72	11	245	4.30	256
73	10	226	4.24	236
74	10	198	4.81	208
75	9	174	4.92	183
76	13	219	5.60	232
77	5	220	2.22	225
78	12	214	5.31	226
79	8	223	3.46	231
80	8	183	4.19	191
81	6	158	3.66	164
82	7	211	3.21	218
83	6	140	4.11	146
84	4	164	2.38	168
85	5	197	2.48	202
86	12	156	7.14	168
87	8	164	4.65	172
88	6	139	4.14	145
89	11	146	7.01	157
90	5	116	4.13	121
91	6	157	3.68	163
92	5	159	3.05	164
93	12	151	7.36	163
94	4	127	3.05	131
95	8	109	6.84	117
96	6	107	5.31	113
97	12	136	8.11	148
98	4	99	3.88	103
99	6	52	10.34	58
100	0	9	0.00	9
101	0	3	0.00	3
102	0	4	0.00	4
103	0	11	0.00	11
104	1	7	12.50	8
105	0	8	0.00	8
106	0	5	0.00	5
107	2	3	40.00	5
108	0	6	0.00	6
109	0	10	0.00	10
110	0	6	0.00	6
111	0	6	0.00	6
112	1	4	20.00	5
113	0	7	0.00	7
114	1	3	25.00	4
115	1	6	14.29	7
116	1	1	50.00	2
117	0	3	0.00	3
118	1	1	50.00	2
119	0	0		0
120	0	6	0.00	6
121	0	2	0.00	2
122	1	3	25.00	4
123	0	1	0.00	1
124	0	1	0.00	1
125	1	5	16.67	6
126	1	6	14.29	7
127	0	1	0.00	1
128	1	3	25.00	4
129	2	3	40.00	5
130	0	5	0.00	5
131	0	2	0.00	2
132	0	1	0.00	1
133	0	1	0.00	1
134	0	1	0.00	1
135	1	0	100.00	1
136	0	2	0.00	2
137	0	2	0.00	2
138	0	3	0.00	3
139	0	1	0.00	1
140	0	0		0
141	0	1	0.00	1
142	2	0	100.00	2
143	0	1	0.00	1
144	1	0	100.00	1
145	0	2	0.00	2
146	1	0	100.00	1
147	0	3	0.00	3
148	0	0		0
149	0	1	0.00	1

CHG context (R1)
================
position	count methylated	count unmethylated	% methylation	coverage
1	0	15	0.00	15
2	0	14	0.00	14
3	0	6	0.00	6
4	0	141	0.00	141
5	1	188	0.53	189
6	2	220	0.90	222
7	3	248	1.20	251
8	2	227	0.87	229
9	0	213	0.00	213
10	1	226	0.44	227
11	0	239	0.00	239
12	0	199	0.00	199
13	0	221	0.00	221
14	0	196	0.00	196
15	2	240	0.83	242
16	1	194	0.51	195
17	3	242	1.22	245
18	0	274	0.00	274
19	0	205	0.00	205
20	1	169	0.59	170
21	0	198	0.00	198
22	0	244	0.00	244
23	0	207	0.00	207
24	0	205	0.00	205
25	0	234	0.00	234
26	1	188	0.53	189
27	3	235	1.26	238
28	1	248	0.40	249
29	1	176	0.56	177
30	1	185	0.54	186
31	0	238	0.00	238
32	0	177	0.00	177
33	1	239	0.42	240
34	1	250	0.40	251
35	1	223	0.45	224
36	0	187	0.00	187
37	2	213	0.93	215
38	0	197	0.00	197
39	2	207	0.96	209
40	0	200	0.00	200
41	2	259	0.77	261
42	2	186	1.06	188
43	1	214	0.47	215
44	0	246	0.00	246
45	1	198	0.50	199
46	1	250	0.40	251
47	1	207	0.48	208
48	0	231	0.00	231
49	1	201	0.50	202
50	0	203	0.00	203
51	1	246	0.40	247
52	3	225	1.32	228
53	1	195	0.51	196
54	1	202	0.49	203
55	1	189	0.53	190
56	0	229	0.00	229
57	0	206	0.00	206
58	0	204	0.00	204
59	0	176	0.00	176
60	1	157	0.63	158
61	1	195	0.51	196
62	0	182	0.00	182
63	1	182	0.55	183
64	0	199	0.00	199
65	2	231	0.86	233
66	0	197	0.00	197
67	1	204	0.49	205
68	1	175	0.57	176
69	0	208	0.00	208
70	1	166	0.60	167
71	0	179	0.00	179
72	0	172	0.00	172
73	1	154	0.65	155
74	2	157	1.26	159
75	1	170	0.58	171
76	1	186	0.53	187
77	0	170	0.00	170
78	0	157	0.00	157
79	1	148	0.67	149
80	1	153	0.65	154
81	0	197	0.00	197
82	0	128	0.00	128
83	0	158	0.00	158
84	1	144	0.69	145
85	0	142	0.00	142
86	0	168	0.00	168
87	2	114	1.72	116
88	2	146	1.35	148
89	0	124	0.00	124
90	0	114	0.00	114
91	0	160	0.00	160
92	0	95	0.00	95
93	0	75	0.00	75
94	1	123	0.81	124
95	0	99	0.00	99
96	0	124	0.00	124
97	0	126	0.00	126
98	0	111	0.00	111
99	0	43	0.00	43
100	0	6	0.00	6
101	0	5	0.00	5
102	0	5	0.00	5
103	0	5	0.00	5
104	0	6	0.00	6
105	0	6	0.00	6
106	0	8	0.00	8
107	0	2	0.00	2
108	0	4	0.00	4
109	0	6	0.00	6
110	0	3	0.00	3
111	0	2	0.00	2
112	0	6	0.00	6
113	0	1	0.00	1
114	0	2	0.00	2
115	0	2	0.00	2
116	0	7	0.00	7
117	0	4	0.00	4
118	0	6	0.00	6
119	0	3	0.00	3
120	0	3	0.00	3
121	0	4	0.00	4
122	0	2	0.00	2
123	0	3	0.00	3
124	0	5	0.00	5
125	0	2	0.00	2
126	0	0		0
127	0	2	0.00	2
128	0	2	0.00	2
129	0	3	0.00	3
130	0	3	0.00	3
131	0	0		0
132	0	4	0.00	4
133	0	1	0.00	1
134	0	2	0.00	2
135	0	1	0.00	1
136	0	1	0.00	1
137	0	0		0
138	0	1	0.00	1
139	0	2	0.00	2
140	0	1	0.00	1
141	0	2	0.00	2
142	0	2	0.00	2
143	0	0		0
144	0	1	0.00	1
145	0	1	0.00	1
146	0	1	0.00	1
147	0	1	0.00	1
148	0	2	0.00	2
149	0	2	0.00	2

CHH context (R1)
================
position	count methylated	count unmethylated	% methylation	coverage
1	0	22	0.00	22
2	0	28	0.00	28
3	0	22	0.00	22
4	1	314	0.32	315
5	0	385	0.00	385
6	4	390	1.02	394
7	1	383	0.26	384
8	2	370	0.54	372
9	0	314	0.00	314
10	1	336	0.30	337
11	1	333	0.30	334
12	0	335	0.00	335
13	1	374	0.27	375
14	2	386	0.52	388
15	2	352	0.56	354
16	2	324	0.61	326
17	0	326	0.00	326
18	2	272	0.73	274
19	1	299	0.33	300
20	0	331	0.00	331
21	0	314	0.00	314
22	3	350	0.85	353
23	3	369	0.81	372
24	0	347	0.00	347
25	3	398	0.75	401
26	2	344	0.58	346
27	1	388	0.26	389
28	2	354	0.56	356
29	1	337	0.30	338
30	1	380	0.26	381
31	2	346	0.57	348
32	2	396	0.50	398
33	1	331	0.30	332
34	0	346	0.00	346
35	0	304	0.00	304
36	0	402	0.00	402
37	0	359	0.00	359
38	1	359	0.28	360
39	0	337	0.00	337
40	0	374	0.00	374
41	3	358	0.83	361
42	0	366	0.00	366
43	0	329	0.00	329
44	2	328	0.61	330
45	1	309	0.32	310
46	1	323	0.31	324
47	1	302	0.33	303
48	0	335	0.00	335
49	3	401	0.74	404
50	1	425	0.23	426
51	1	414	0.24	415
52	1	379	0.26	380
53	3	349	0.85	352
54	0	312	0.00	312
55	0	324	0.00	324
56	0	308	0.00	308
57	1	297	0.34	298
58	0	309	0.00	309
59	0	356	0.00	356
60	1	325	0.31	326
61	3	335	0.89	338
62	0	353	0.00	353
63	0	366	0.00	366
64	3	381	0.78	384
65	1	373	0.27	374
66	3	313	0.95	316
67	1	332	0.30	333
68	1	351	0.28	352
69	1	298	0.33	299
70	0	315	0.00	315
71	1	329	0.30	330
72	4	292	1.35	296
73	0	318	0.00	318
74	0	281	0.00	281
75	0	302	0.00	302
76	0	300	0.00	300
77	2	261	0.76	263
78	0	308	0.00	308
79	2	287	0.69	289
80	0	307	0.00	307
81	2	226	0.88	228
82	0	261	0.00	261
83	1	237	0.42	238
84	1	241	0.41	242
85	0	250	0.00	250
86	2	246	0.81	248
87	1	221	0.45	222
88	0	265	0.00	265
89	0	239	0.00	239
90	1	192	0.52	193
91	1	192	0.52	193
92	1	192	0.52	193
93	0	170	0.00	170
94	0	192	0.00	192
95	1	202	0.49	203
96	0	157	0.00	157
97	2	159	1.24	161
98	1	165	0.60	166
99	1	60	1.64	61
100	0	12	0.00	12
101	0	13	0.00	13
102	0	11	0.00	11
103	1	11	8.33	12
104	0	8	0.00	8
105	0	8	0.00	8
106	0	6	0.00	6
107	0	8	0.00	8
108	0	5	0.00	5
109	0	5	0.00	5
110	0	4	0.00	4
111	0	3	0.00	3
112	0	3	0.00	3
113	0	8	0.00	8
114	1	7	12.50	8
115	0	5	0.00	5
116	0	2	0.00	2
117	0	4	0.00	4
118	0	5	0.00	5
119	0	6	0.00	6
120	0	4	0.00	4
121	0	4	0.00	4
122	0	4	0.00	4
123	0	4	0.00	4
124	0	2	0.00	2
125	0	2	0.00	2
126	0	3	0.00	3
127	0	6	0.00	6
128	0	5	0.00	5
129	0	4	0.00	4
130	0	1	0.00	1
131	0	4	0.00	4
132	0	1	0.00	1
133	0	4	0.00	4
134	0	0		0
135	0	1	0.00	1
136	0	1	0.00	1
137	0	1	0.00	1
138	0	1	0.00	1
139	0	1	0.00	1
140	0	1	0.00	1
141	0	1	0.00	1
142	0	0		0
143	0	1	0.00	1
144	0	0		0
145	0	1	0.00	1
146	0	2	0.00	2
147	0	1	0.00	1
148	0	1	0.00	1
149	0	1	0.00	1

CpG context (R2)
================
position	count methylated	count unmethylated	% methylation	coverage
1	0	26	0.00	26
2	1	21	4.55	22
3	2	66	2.94	68
4	0	82	0.00	82
5	3	111	2.63	114
6	6	86	6.52	92
7	6	137	4.20	143
8	4	86	4.44	90
9	5	72	6.49	77
10	8	87	8.42	95
11	5	62	7.46	67
12	2	54	3.57	56
13	3	85	3.41	88
14	3	47	6.00	50
15	3	65	4.41	68
16	2	62	3.12	64
17	2	42	4.55	44
18	2	54	3.57	56
19	2	33	5.71	35
20	0	45	0.00	45
21	2	51	3.77	53
22	1	36	2.70	37
23	2	48	4.00	50
24	3	59	4.84	62
25	1	35	2.78	36
26	0	32	0.00	32
27	3	31	8.82	34
28	3	22	12.00	25
29	2	38	5.00	40
30	4	25	13.79	29
31	3	26	10.34	29
32	1	27	3.57	28
33	0	19	0.00	19
34	2	22	8.33	24
35	2	14	12.50	16
36	2	13	13.33	15
37	2	23	8.00	25
38	0	19	0.00	19
39	0	11	0.00	11
40	0	11	0.00	11
41	0	11	0.00	11
42	1	15	6.25	16
43	4	15	21.05	19
44	0	16	0.00	16
45	0	3	0.00	3
46	2	10	16.67	12
47	0	7	0.00	7
48	1	9	10.00	10
49	0	6	0.00	6
50	0	5	0.00	5
51	0	4	0.00	4
52	0	4	0.00	4
53	0	2	0.00	2
54	1	3	25.00	4
55	0	6	0.00	6
56	3	4	42.86	7
57	0	1	0.00	1
58	1	8	11.11	9
59	0	2	0.00	2
60	0	0		0
61	0	6	0.00	6
62	0	0		0
63	0	0		0
64	0	1	0.00	1
65	0	0		0
66	1	0	100.00	1
67	0	1	0.00	1
68	0	1	0.00	1
69	0	0		0
70	0	0		0
71	1	3	25.00	4
72	0	1	0.00	1
73	0	0		0
74	0	0		0
75	0	4	0.00	4
76	0	0		0
77	0	4	0.00	4
78	0	0		0
79	0	0		0
80	0	1	0.00	1
81	0	0		0
82	0	1	0.00	1
83	0	0		0
84	0	1	0.00	1
85	0	0		0
86	0	0		0
87	0	0		0
88	0	1	0.00	1
89	0	0		0
90	0	1	0.00	1
91	0	0		0
92	0	0		0
93	0	0		0
94	0	1	0.00	1
95	0	1	0.00	1
96	0	0		0
97	0	1	0.00	1

CHG context (R2)
================
position	count methylated	count unmethylated	% methylation	coverage
1	15	2144	0.69	2159
2	0	23	0.00	23
3	0	8	0.00	8
4	1	43	2.27	44
5	0	53	0.00	53
6	0	81	0.00	81
7	0	62	0.00	62
8	1	110	0.90	111
9	0	96	0.00	96
10	0	61	0.00	61
11	1	69	1.43	70
12	0	43	0.00	43
13	0	56	0.00	56
14	0	46	0.00	46
15	0	46	0.00	46
16	0	57	0.00	57
17	0	49	0.00	49
18	0	49	0.00	49
19	1	44	2.22	45
20	0	49	0.00	49
21	0	56	0.00	56
22	0	57	0.00	57
23	0	22	0.00	22
24	0	32	0.00	32
25	0	53	0.00	53
26	0	26	0.00	26
27	0	13	0.00	13
28	0	21	0.00	21
29	0	26	0.00	26
30	0	28	0.00	28
31	0	30	0.00	30
32	0	22	0.00	22
33	0	21	0.00	21
34	0	28	0.00	28
35	0	33	0.00	33
36	0	21	0.00	21
37	0	15	0.00	15
38	0	10	0.00	10
39	0	13	0.00	13
40	0	12	0.00	12
41	0	21	0.00	21
42	0	5	0.00	5
43	0	5	0.00	5
44	0	7	0.00	7
45	0	14	0.00	14
46	0	5	0.00	5
47	0	8	0.00	8
48	0	8	0.00	8
49	1	9	10.00	10
50	0	12	0.00	12
51	0	2	0.00	2
52	0	9	0.00	9
53	0	2	0.00	2
54	0	1	0.00	1
55	0	3	0.00	3
56	0	5	0.00	5
57	0	3	0.00	3
58	0	2	0.00	2
59	0	0		0
60	0	4	0.00	4
61	0	1	0.00	1
62	0	2	0.00	2
63	0	3	0.00	3
64	0	3	0.00	3
65	0	0		0
66	0	0		0
67	0	1	0.00	1
68	0	3	0.00	3
69	0	0		0
70	0	4	0.00	4
71	0	0		0
72	0	2	0.00	2
73	0	2	0.00	2
74	0	0		0
75	0	1	0.00	1
76	0	1	0.00	1
77	0	0		0
78	0	2	0.00	2
79	0	0		0
80	0	0		0
81	0	0		0
82	0	0		0
83	0	0		0
84	0	0		0
85	0	0		0
86	0	1	0.00	1
87	0	1	0.00	1
88	0	1	0.00	1
89	0	0		0
90	0	0		0
91	0	1	0.00	1
92	0	0		0
93	0	0		0
94	0	0		0
95	0	0		0
96	0	0		0
97	0	0		0

CHH context (R2)
================
position	count methylated	count unmethylated	% methylation	coverage
1	0	10	0.00	10
2	2	989	0.20	991
3	0	269	0.00	269
4	0	218	0.00	218
5	1	147	0.68	148
6	0	102	0.00	102
7	1	108	0.92	109
8	0	122	0.00	122
9	2	108	1.82	110
10	1	143	0.69	144
11	0	94	0.00	94
12	1	83	1.19	84
13	0	64	0.00	64
14	0	87	0.00	87
15	0	75	0.00	75
16	0	53	0.00	53
17	0	70	0.00	70
18	1	68	1.45	69
19	0	83	0.00	83
20	0	56	0.00	56
21	0	38	0.00	38
22	0	46	0.00	46
23	0	57	0.00	57
24	0	43	0.00	43
25	0	55	0.00	55
26	0	46	0.00	46
27	1	40	2.44	41
28	0	37	0.00	37
29	0	38	0.00	38
30	0	29	0.00	29
31	0	42	0.00	42
32	0	38	0.00	38
33	0	21	0.00	21
34	0	30	0.00	30
35	0	37	0.00	37
36	0	24	0.00	24
37	0	15	0.00	15
38	0	23	0.00	23
39	0	7	0.00	7
40	0	20	0.00	20
41	0	14	0.00	14
42	0	20	0.00	20
43	0	20	0.00	20
44	0	22	0.00	22
45	0	12	0.00	12
46	0	15	0.00	15
47	0	21	0.00	21
48	0	6	0.00	6
49	0	6	0.00	6
50	0	12	0.00	12
51	0	18	0.00	18
52	0	16	0.00	16
53	0	13	0.00	13
54	0	8	0.00	8
55	0	11	0.00	11
56	0	7	0.00	7
57	0	4	0.00	4
58	0	4	0.00	4
59	0	4	0.00	4
60	0	1	0.00	1
61	0	2	0.00	2
62	0	1	0.00	1
63	0	2	0.00	2
64	0	1	0.00	1
65	0	3	0.00	3
66	0	1	0.00	1
67	0	0		0
68	0	2	0.00	2
69	0	4	0.00	4
70	0	1	0.00	1
71	0	2	0.00	2
72	0	1	0.00	1
73	0	1	0.00	1
74	0	4	0.00	4
75	0	0		0
76	0	0		0
77	0	0		0
78	0	1	0.00	1
79	0	1	0.00	1
80	0	0		0
81	0	0		0
82	0	1	0.00	1
83	0	1	0.00	1
84	0	1	0.00	1
85	0	0		0
86	0	0		0
87	0	0		0
88	0	0		0
89	0	1	0.00	1
90	0	0		0
91	0	1	0.00	1
92	0	1	0.00	1
93	0	0		0
94	0	1	0.00	1
95	0	1	0.00	1
96	0	0		0
97	0	0		0

