CpG context (R1)
================
position	count methylated	count unmethylated	% methylation	coverage
1	205	2172	8.62	2377
2	0	17	0.00	17
3	1	14	6.67	15
4	7	193	3.50	200
5	10	207	4.61	217
6	10	275	3.51	285
7	14	233	5.67	247
8	15	274	5.19	289
9	15	225	6.25	240
10	16	257	5.86	273
11	7	272	2.51	279
12	20	278	6.71	298
13	16	271	5.57	287
14	9	273	3.19	282
15	14	238	5.56	252
16	17	273	5.86	290
17	6	250	2.34	256
18	10	261	3.69	271
19	15	320	4.48	335
20	9	257	3.38	266
21	8	239	3.24	247
22	8	274	2.84	282
23	10	252	3.82	262
24	13	235	5.24	248
25	12	293	3.93	305
26	10	273	3.53	283
27	13	270	4.59	283
28	17	267	5.99	284
29	8	293	2.66	301
30	14	272	4.90	286
31	10	263	3.66	273
32	16	274	5.52	290
33	9	210	4.11	219
34	17	271	5.90	288
35	11	269	3.93	280
36	7	217	3.12	224
37	10	272	3.55	282
38	14	231	5.71	245
39	12	267	4.30	279
40	12	240	4.76	252
41	13	250	4.94	263
42	17	295	5.45	312
43	10	250	3.85	260
44	6	251	2.33	257
45	14	283	4.71	297
46	12	244	4.69	256
47	16	267	5.65	283
48	13	259	4.78	272
49	16	230	6.50	246
50	18	261	6.45	279
51	7	200	3.38	207
52	11	245	4.30	256
53	14	247	5.36	261
54	12	261	4.40	273
55	16	288	5.26	304
56	6	233	2.51	239
57	11	225	4.66	236
58	10	268	3.60	278
59	15	273	5.21	288
60	10	222	4.31	232
61	13	257	4.81	270
62	9	233	3.72	242
63	13	204	5.99	217
64	12	260	4.41	272
65	12	224	5.08	236
66	15	266	5.34	281
67	17	223	7.08	240
68	14	194	6.73	208
69	4	204	1.92	208
70	13	220	5.58	233
71	16	238	6.30	254
72	3	231	1.28	234
73	17	249	6.39	266
74	3	194	1.52	197
75	11	171	6.04	182
76	11	183	5.67	194
77	9	223	3.88	232
78	14	203	6.45	217
79	5	211	2.31	216
80	6	190	3.06	196
81	10	171	5.52	181
82	11	209	5.00	220
83	6	139	4.14	145
84	1	154	0.65	155
85	7	199	3.40	206
86	5	162	2.99	167
87	9	198	4.35	207
88	4	132	2.94	136
89	12	159	7.02	171
90	3	140	2.10	143
91	11	149	6.88	160
92	7	144	4.64	151
93	7	160	4.19	167
94	6	153	3.77	159
95	11	92	10.68	103
96	6	131	4.38	137
97	7	136	4.90	143
98	2	118	1.67	120
99	2	63	3.08	65
100	0	8	0.00	8
101	0	5	0.00	5
102	1	4	20.00	5
103	1	4	20.00	5
104	1	7	12.50	8
105	3	3	50.00	6
106	0	4	0.00	4
107	1	5	16.67	6
108	0	5	0.00	5
109	1	8	11.11	9
110	0	3	0.00	3
111	2	1	66.67	3
112	0	5	0.00	5
113	0	3	0.00	3
114	0	3	0.00	3
115	0	4	0.00	4
116	1	1	50.00	2
117	1	5	16.67	6
118	0	0		0
119	0	1	0.00	1
120	1	1	50.00	2
121	1	1	50.00	2
122	0	0		0
123	1	4	20.00	5
124	1	0	100.00	1
125	1	1	50.00	2
126	0	1	0.00	1
127	1	1	50.00	2
128	0	0		0
129	0	0		0
130	1	0	100.00	1
131	0	0		0
132	1	1	50.00	2
133	0	0		0
134	1	1	50.00	2
135	0	1	0.00	1
136	0	2	0.00	2
137	0	0		0
138	0	1	0.00	1
139	0	1	0.00	1
140	0	0		0
141	0	0		0
142	0	2	0.00	2
143	1	0	100.00	1
144	0	3	0.00	3
145	1	0	100.00	1
146	0	1	0.00	1
147	0	0		0
148	0	0		0
149	0	2	0.00	2

CHG context (R1)
================
position	count methylated	count unmethylated	% methylation	coverage
1	0	17	0.00	17
2	0	23	0.00	23
3	0	9	0.00	9
4	1	138	0.72	139
5	1	192	0.52	193
6	2	255	0.78	257
7	4	257	1.53	261
8	0	188	0.00	188
9	0	249	0.00	249
10	1	205	0.49	206
11	0	220	0.00	220
12	0	209	0.00	209
13	0	210	0.00	210
14	1	227	0.44	228
15	2	222	0.89	224
16	1	186	0.53	187
17	0	244	0.00	244
18	0	263	0.00	263
19	1	203	0.49	204
20	0	161	0.00	161
21	3	226	1.31	229
22	1	257	0.39	258
23	0	224	0.00	224
24	0	174	0.00	174
25	0	232	0.00	232
26	0	198	0.00	198
27	0	226	0.00	226
28	0	247	0.00	247
29	1	165	0.60	166
30	0	179	0.00	179
31	1	239	0.42	240
32	0	203	0.00	203
33	0	236	0.00	236
34	2	200	0.99	202
35	1	215	0.46	216
36	0	256	0.00	256
37	0	213	0.00	213
38	3	164	1.80	167
39	1	231	0.43	232
40	2	198	1.00	200
41	2	268	0.74	270
42	0	201	0.00	201
43	1	204	0.49	205
44	0	231	0.00	231
45	0	221	0.00	221
46	0	214	0.00	214
47	1	191	0.52	192
48	1	206	0.48	207
49	1	222	0.45	223
50	0	211	0.00	211
51	1	242	0.41	243
52	0	247	0.00	247
53	3	198	1.49	201
54	1	200	0.50	201
55	1	175	0.57	176
56	0	219	0.00	219
57	2	200	0.99	202
58	0	234	0.00	234
59	0	164	0.00	164
60	0	163	0.00	163
61	0	188	0.00	188
62	0	166	0.00	166
63	0	189	0.00	189
64	1	190	0.52	191
65	0	197	0.00	197
66	0	187	0.00	187
67	1	183	0.54	184
68	1	203	0.49	204
69	0	180	0.00	180
70	1	177	0.56	178
71	1	169	0.59	170
72	1	166	0.60	167
73	1	175	0.57	176
74	1	160	0.62	161
75	0	132	0.00	132
76	0	174	0.00	174
77	0	179	0.00	179
78	0	154	0.00	154
79	0	150	0.00	150
80	2	130	1.52	132
81	1	180	0.55	181
82	1	108	0.92	109
83	0	130	0.00	130
84	1	135	0.74	136
85	0	133	0.00	133
86	0	168	0.00	168
87	0	119	0.00	119
88	1	125	0.79	126
89	0	122	0.00	122
90	1	107	0.93	108
91	0	130	0.00	130
92	0	101	0.00	101
93	0	95	0.00	95
94	1	92	1.08	93
95	1	109	0.91	110
96	0	108	0.00	108
97	0	114	0.00	114
98	0	103	0.00	103
99	0	40	0.00	40
100	0	4	0.00	4
101	0	8	0.00	8
102	0	4	0.00	4
103	0	7	0.00	7
104	0	4	0.00	4
105	0	0		0
106	0	5	0.00	5
107	0	4	0.00	4
108	1	6	14.29	7
109	0	3	0.00	3
110	0	0		0
111	0	3	0.00	3
112	0	2	0.00	2
113	0	2	0.00	2
114	0	3	0.00	3
115	0	1	0.00	1
116	0	1	0.00	1
117	0	0		0
118	0	2	0.00	2
119	0	1	0.00	1
120	0	2	0.00	2
121	0	0		0
122	0	2	0.00	2
123	0	1	0.00	1
124	0	1	0.00	1
125	0	1	0.00	1
126	0	1	0.00	1
127	0	0		0
128	0	1	0.00	1
129	0	0		0
130	0	1	0.00	1
131	0	1	0.00	1
132	0	1	0.00	1
133	0	2	0.00	2
134	0	1	0.00	1
135	0	1	0.00	1
136	0	0		0
137	0	0		0
138	0	1	0.00	1
139	0	1	0.00	1
140	0	1	0.00	1
141	0	1	0.00	1
142	0	0		0
143	0	1	0.00	1
144	0	0		0
145	0	0		0
146	0	0		0
147	0	1	0.00	1
148	0	3	0.00	3
149	0	1	0.00	1

CHH context (R1)
================
position	count methylated	count unmethylated	% methylation	coverage
1	2	36	5.26	38
2	0	28	0.00	28
3	0	20	0.00	20
4	1	348	0.29	349
5	2	373	0.53	375
6	1	384	0.26	385
7	4	367	1.08	371
8	1	333	0.30	334
9	3	339	0.88	342
10	1	325	0.31	326
11	0	296	0.00	296
12	3	340	0.87	343
13	0	358	0.00	358
14	1	356	0.28	357
15	2	344	0.58	346
16	1	324	0.31	325
17	0	318	0.00	318
18	3	264	1.12	267
19	0	314	0.00	314
20	2	369	0.54	371
21	0	342	0.00	342
22	1	327	0.30	328
23	2	314	0.63	316
24	2	357	0.56	359
25	0	374	0.00	374
26	2	333	0.60	335
27	1	384	0.26	385
28	1	367	0.27	368
29	0	346	0.00	346
30	1	369	0.27	370
31	0	355	0.00	355
32	1	361	0.28	362
33	4	340	1.16	344
34	1	346	0.29	347
35	0	329	0.00	329
36	1	403	0.25	404
37	3	390	0.76	393
38	1	349	0.29	350
39	1	321	0.31	322
40	1	335	0.30	336
41	1	328	0.30	329
42	2	357	0.56	359
43	1	318	0.31	319
44	0	348	0.00	348
45	0	298	0.00	298
46	1	314	0.32	315
47	2	310	0.64	312
48	4	329	1.20	333
49	1	395	0.25	396
50	1	372	0.27	373
51	0	408	0.00	408
52	0	354	0.00	354
53	2	316	0.63	318
54	0	331	0.00	331
55	2	309	0.64	311
56	0	295	0.00	295
57	2	288	0.69	290
58	0	302	0.00	302
59	0	297	0.00	297
60	2	300	0.66	302
61	1	326	0.31	327
62	3	330	0.90	333
63	2	309	0.64	311
64	0	361	0.00	361
65	0	312	0.00	312
66	3	284	1.05	287
67	1	307	0.32	308
68	1	346	0.29	347
69	2	297	0.67	299
70	0	299	0.00	299
71	1	284	0.35	285
72	0	296	0.00	296
73	0	292	0.00	292
74	1	264	0.38	265
75	0	317	0.00	317
76	0	318	0.00	318
77	2	268	0.74	270
78	0	274	0.00	274
79	1	253	0.39	254
80	2	297	0.67	299
81	2	260	0.76	262
82	2	271	0.73	273
83	1	264	0.38	265
84	1	266	0.37	267
85	2	292	0.68	294
86	0	262	0.00	262
87	1	185	0.54	186
88	0	240	0.00	240
89	0	200	0.00	200
90	2	181	1.09	183
91	0	186	0.00	186
92	0	184	0.00	184
93	1	170	0.58	171
94	1	161	0.62	162
95	1	190	0.52	191
96	0	162	0.00	162
97	2	165	1.20	167
98	2	165	1.20	167
99	0	77	0.00	77
100	0	3	0.00	3
101	0	9	0.00	9
102	0	7	0.00	7
103	0	6	0.00	6
104	0	7	0.00	7
105	0	4	0.00	4
106	0	5	0.00	5
107	0	7	0.00	7
108	0	2	0.00	2
109	0	3	0.00	3
110	0	9	0.00	9
111	0	7	0.00	7
112	0	3	0.00	3
113	0	4	0.00	4
114	0	3	0.00	3
115	0	6	0.00	6
116	0	4	0.00	4
117	0	1	0.00	1
118	0	1	0.00	1
119	0	2	0.00	2
120	0	1	0.00	1
121	0	5	0.00	5
122	0	2	0.00	2
123	0	3	0.00	3
124	0	1	0.00	1
125	0	2	0.00	2
126	0	5	0.00	5
127	0	1	0.00	1
128	0	1	0.00	1
129	0	2	0.00	2
130	0	2	0.00	2
131	0	2	0.00	2
132	0	2	0.00	2
133	0	1	0.00	1
134	0	0		0
135	0	1	0.00	1
136	0	1	0.00	1
137	0	1	0.00	1
138	0	2	0.00	2
139	0	0		0
140	0	0		0
141	0	2	0.00	2
142	0	0		0
143	0	1	0.00	1
144	0	0		0
145	0	0		0
146	0	1	0.00	1
147	0	0		0
148	0	0		0
149	0	1	0.00	1

CpG context (R2)
================
position	count methylated	count unmethylated	% methylation	coverage
1	0	23	0.00	23
2	1	17	5.56	18
3	2	78	2.50	80
4	4	76	5.00	80
5	3	97	3.00	100
6	3	84	3.45	87
7	4	132	2.94	136
8	5	74	6.33	79
9	1	92	1.08	93
10	4	84	4.55	88
11	9	72	11.11	81
12	0	56	0.00	56
13	3	85	3.41	88
14	2	41	4.65	43
15	4	68	5.56	72
16	1	68	1.45	69
17	0	30	0.00	30
18	3	58	4.92	61
19	2	42	4.55	44
20	0	51	0.00	51
21	2	46	4.17	48
22	2	36	5.26	38
23	1	46	2.13	47
24	3	61	4.69	64
25	1	35	2.78	36
26	0	26	0.00	26
27	0	40	0.00	40
28	2	25	7.41	27
29	2	45	4.26	47
30	0	21	0.00	21
31	3	37	7.50	40
32	2	26	7.14	28
33	1	13	7.14	14
34	0	20	0.00	20
35	1	7	12.50	8
36	1	4	20.00	5
37	0	32	0.00	32
38	1	26	3.70	27
39	0	4	0.00	4
40	1	13	7.14	14
41	0	9	0.00	9
42	1	8	11.11	9
43	0	16	0.00	16
44	0	14	0.00	14
45	0	5	0.00	5
46	2	18	10.00	20
47	1	10	9.09	11
48	0	8	0.00	8
49	0	4	0.00	4
50	0	4	0.00	4
51	0	5	0.00	5
52	0	7	0.00	7
53	0	3	0.00	3
54	2	5	28.57	7
55	0	6	0.00	6
56	1	3	25.00	4
57	1	2	33.33	3
58	0	2	0.00	2
59	0	3	0.00	3
60	1	1	50.00	2
61	0	2	0.00	2
62	0	1	0.00	1
63	0	4	0.00	4
64	0	4	0.00	4
65	1	0	100.00	1
66	0	3	0.00	3
67	0	1	0.00	1
68	0	0		0
69	0	0		0
70	0	0		0
71	0	0		0
72	0	1	0.00	1
73	0	0		0
74	0	1	0.00	1
75	0	1	0.00	1
76	0	0		0
77	0	0		0
78	0	1	0.00	1
79	0	0		0
80	0	0		0
81	0	2	0.00	2
82	0	0		0
83	0	0		0
84	0	0		0
85	0	0		0
86	0	0		0
87	0	0		0
88	0	0		0
89	0	0		0
90	0	0		0
91	0	0		0
92	0	0		0
93	0	0		0
94	0	1	0.00	1
95	0	1	0.00	1
96	0	0		0
97	0	1	0.00	1

CHG context (R2)
================
position	count methylated	count unmethylated	% methylation	coverage
1	13	2130	0.61	2143
2	0	32	0.00	32
3	0	6	0.00	6
4	0	53	0.00	53
5	0	55	0.00	55
6	0	73	0.00	73
7	0	89	0.00	89
8	1	93	1.06	94
9	0	91	0.00	91
10	1	54	1.82	55
11	1	67	1.47	68
12	0	45	0.00	45
13	0	45	0.00	45
14	1	49	2.00	50
15	1	43	2.27	44
16	0	48	0.00	48
17	0	55	0.00	55
18	0	53	0.00	53
19	0	54	0.00	54
20	0	65	0.00	65
21	0	48	0.00	48
22	0	49	0.00	49
23	0	29	0.00	29
24	0	19	0.00	19
25	0	36	0.00	36
26	0	24	0.00	24
27	0	22	0.00	22
28	0	19	0.00	19
29	0	27	0.00	27
30	0	36	0.00	36
31	0	21	0.00	21
32	0	21	0.00	21
33	0	21	0.00	21
34	0	21	0.00	21
35	0	25	0.00	25
36	0	23	0.00	23
37	0	4	0.00	4
38	0	16	0.00	16
39	0	13	0.00	13
40	0	10	0.00	10
41	0	26	0.00	26
42	0	9	0.00	9
43	0	7	0.00	7
44	0	2	0.00	2
45	0	8	0.00	8
46	0	3	0.00	3
47	0	13	0.00	13
48	0	5	0.00	5
49	0	7	0.00	7
50	0	12	0.00	12
51	0	0		0
52	0	6	0.00	6
53	0	5	0.00	5
54	0	1	0.00	1
55	0	6	0.00	6
56	0	3	0.00	3
57	0	0		0
58	0	6	0.00	6
59	0	0		0
60	0	4	0.00	4
61	0	3	0.00	3
62	0	0		0
63	0	1	0.00	1
64	0	3	0.00	3
65	0	0		0
66	0	0		0
67	0	1	0.00	1
68	0	2	0.00	2
69	0	0		0
70	0	2	0.00	2
71	0	1	0.00	1
72	0	1	0.00	1
73	0	1	0.00	1
74	0	1	0.00	1
75	0	1	0.00	1
76	0	0		0
77	0	1	0.00	1
78	0	1	0.00	1
79	0	0		0
80	0	0		0
81	0	0		0
82	0	1	0.00	1
83	0	0		0
84	0	1	0.00	1
85	0	1	0.00	1
86	0	0		0
87	0	1	0.00	1
88	0	0		0
89	0	1	0.00	1
90	0	0		0
91	0	1	0.00	1
92	0	0		0
93	0	0		0
94	0	0		0
95	0	0		0
96	0	1	0.00	1
97	0	0		0

CHH context (R2)
================
position	count methylated	count unmethylated	% methylation	coverage
1	0	12	0.00	12
2	4	955	0.42	959
3	1	260	0.38	261
4	0	177	0.00	177
5	2	137	1.44	139
6	0	105	0.00	105
7	0	99	0.00	99
8	0	135	0.00	135
9	0	119	0.00	119
10	0	139	0.00	139
11	0	93	0.00	93
12	0	96	0.00	96
13	1	77	1.28	78
14	0	81	0.00	81
15	0	96	0.00	96
16	0	81	0.00	81
17	0	60	0.00	60
18	0	78	0.00	78
19	0	81	0.00	81
20	0	64	0.00	64
21	0	56	0.00	56
22	0	47	0.00	47
23	0	50	0.00	50
24	1	42	2.33	43
25	0	53	0.00	53
26	0	38	0.00	38
27	0	49	0.00	49
28	0	39	0.00	39
29	0	33	0.00	33
30	0	32	0.00	32
31	0	26	0.00	26
32	0	25	0.00	25
33	0	26	0.00	26
34	0	35	0.00	35
35	0	21	0.00	21
36	0	29	0.00	29
37	0	12	0.00	12
38	0	24	0.00	24
39	0	9	0.00	9
40	0	19	0.00	19
41	0	17	0.00	17
42	0	25	0.00	25
43	0	23	0.00	23
44	0	22	0.00	22
45	0	15	0.00	15
46	1	16	5.88	17
47	0	13	0.00	13
48	0	7	0.00	7
49	0	11	0.00	11
50	0	7	0.00	7
51	0	15	0.00	15
52	1	13	7.14	14
53	0	10	0.00	10
54	0	10	0.00	10
55	0	10	0.00	10
56	0	7	0.00	7
57	0	6	0.00	6
58	0	4	0.00	4
59	1	2	33.33	3
60	0	3	0.00	3
61	0	3	0.00	3
62	0	3	0.00	3
63	0	0		0
64	0	1	0.00	1
65	0	2	0.00	2
66	0	0		0
67	0	1	0.00	1
68	0	1	0.00	1
69	0	2	0.00	2
70	0	1	0.00	1
71	0	1	0.00	1
72	0	0		0
73	0	1	0.00	1
74	0	1	0.00	1
75	0	0		0
76	0	0		0
77	0	0		0
78	1	1	50.00	2
79	0	1	0.00	1
80	0	1	0.00	1
81	0	1	0.00	1
82	0	0		0
83	0	0		0
84	0	0		0
85	0	0		0
86	0	0		0
87	0	0		0
88	0	0		0
89	0	0		0
90	0	0		0
91	0	0		0
92	0	0		0
93	0	1	0.00	1
94	0	0		0
95	0	0		0
96	0	0		0
97	0	0		0

