CpG context (R1)
================
position	count methylated	count unmethylated	% methylation	coverage
1	205	2166	8.65	2371
2	0	11	0.00	11
3	3	19	13.64	22
4	8	191	4.02	199
5	22	202	9.82	224
6	12	238	4.80	250
7	11	226	4.64	237
8	14	268	4.96	282
9	10	257	3.75	267
10	15	243	5.81	258
11	19	259	6.83	278
12	24	277	7.97	301
13	13	257	4.81	270
14	15	245	5.77	260
15	9	254	3.42	263
16	17	293	5.48	310
17	7	213	3.18	220
18	6	265	2.21	271
19	16	312	4.88	328
20	6	210	2.78	216
21	9	214	4.04	223
22	14	267	4.98	281
23	10	273	3.53	283
24	10	216	4.42	226
25	12	312	3.70	324
26	11	278	3.81	289
27	15	275	5.17	290
28	19	275	6.46	294
29	9	245	3.54	254
30	20	262	7.09	282
31	16	306	4.97	322
32	17	283	5.67	300
33	9	228	3.80	237
34	10	278	3.47	288
35	19	254	6.96	273
36	8	208	3.70	216
37	18	272	6.21	290
38	16	237	6.32	253
39	12	230	4.96	242
40	9	271	3.21	280
41	11	260	4.06	271
42	19	291	6.13	310
43	16	262	5.76	278
44	17	259	6.16	276
45	25	287	8.01	312
46	14	221	5.96	235
47	13	258	4.80	271
48	18	237	7.06	255
49	16	228	6.56	244
50	11	236	4.45	247
51	15	219	6.41	234
52	5	250	1.96	255
53	13	216	5.68	229
54	18	234	7.14	252
55	16	282	5.37	298
56	12	198	5.71	210
57	6	254	2.31	260
58	22	245	8.24	267
59	14	254	5.22	268
60	16	259	5.82	275
61	9	255	3.41	264
62	10	235	4.08	245
63	15	206	6.79	221
64	14	262	5.07	276
65	8	228	3.39	236
66	7	246	2.77	253
67	15	237	5.95	252
68	5	193	2.53	198
69	8	204	3.77	212
70	4	216	1.82	220
71	22	230	8.73	252
72	13	231	5.33	244
73	11	224	4.68	235
74	4	167	2.34	171
75	16	189	7.80	205
76	7	190	3.55	197
77	6	217	2.69	223
78	10	191	4.98	201
79	7	229	2.97	236
80	12	171	6.56	183
81	5	164	2.96	169
82	8	192	4.00	200
83	7	144	4.64	151
84	8	183	4.19	191
85	5	183	2.66	188
86	12	153	7.27	165
87	10	155	6.06	165
88	2	116	1.69	118
89	11	163	6.32	174
90	5	140	3.45	145
91	8	133	5.67	141
92	4	131	2.96	135
93	9	118	7.09	127
94	3	124	2.36	127
95	6	111	5.13	117
96	8	124	6.06	132
97	9	124	6.77	133
98	4	87	4.40	91
99	4	57	6.56	61
100	0	9	0.00	9
101	1	5	16.67	6
102	0	6	0.00	6
103	1	6	14.29	7
104	0	5	0.00	5
105	0	3	0.00	3
106	0	8	0.00	8
107	1	2	33.33	3
108	1	6	14.29	7
109	0	3	0.00	3
110	0	3	0.00	3
111	0	3	0.00	3
112	0	9	0.00	9
113	1	5	16.67	6
114	1	5	16.67	6
115	0	4	0.00	4
116	0	1	0.00	1
117	0	1	0.00	1
118	0	1	0.00	1
119	0	2	0.00	2
120	0	1	0.00	1
121	2	2	50.00	4
122	0	2	0.00	2
123	0	2	0.00	2
124	0	0		0
125	0	3	0.00	3
126	0	1	0.00	1
127	0	1	0.00	1
128	1	4	20.00	5
129	0	3	0.00	3
130	0	3	0.00	3
131	0	5	0.00	5
132	0	1	0.00	1
133	0	1	0.00	1
134	0	0		0
135	0	0		0
136	0	1	0.00	1
137	0	0		0
138	0	0		0
139	0	1	0.00	1
140	0	2	0.00	2
141	0	0		0
142	1	0	100.00	1
143	0	0		0
144	1	0	100.00	1
145	0	0		0
146	0	0		0
147	0	0		0
148	0	2	0.00	2

CHG context (R1)
================
position	count methylated	count unmethylated	% methylation	coverage
1	0	13	0.00	13
2	0	27	0.00	27
3	0	19	0.00	19
4	0	146	0.00	146
5	2	165	1.20	167
6	2	239	0.83	241
7	7	267	2.55	274
8	0	222	0.00	222
9	0	223	0.00	223
10	2	217	0.91	219
11	0	245	0.00	245
12	5	193	2.53	198
13	0	189	0.00	189
14	0	193	0.00	193
15	2	254	0.78	256
16	1	210	0.47	211
17	3	244	1.21	247
18	0	281	0.00	281
19	2	194	1.02	196
20	0	180	0.00	180
21	0	206	0.00	206
22	0	232	0.00	232
23	1	201	0.50	202
24	0	216	0.00	216
25	2	207	0.96	209
26	0	178	0.00	178
27	1	225	0.44	226
28	0	260	0.00	260
29	0	182	0.00	182
30	0	177	0.00	177
31	0	228	0.00	228
32	1	168	0.59	169
33	1	252	0.40	253
34	3	241	1.23	244
35	1	214	0.47	215
36	0	188	0.00	188
37	0	239	0.00	239
38	2	194	1.02	196
39	3	224	1.32	227
40	3	215	1.38	218
41	0	257	0.00	257
42	1	242	0.41	243
43	1	205	0.49	206
44	1	254	0.39	255
45	2	189	1.05	191
46	1	228	0.44	229
47	0	201	0.00	201
48	0	209	0.00	209
49	0	196	0.00	196
50	1	197	0.51	198
51	2	240	0.83	242
52	3	236	1.26	239
53	0	199	0.00	199
54	1	208	0.48	209
55	1	167	0.60	168
56	1	219	0.45	220
57	0	241	0.00	241
58	0	206	0.00	206
59	0	180	0.00	180
60	0	157	0.00	157
61	1	194	0.51	195
62	1	178	0.56	179
63	0	179	0.00	179
64	1	181	0.55	182
65	0	199	0.00	199
66	1	185	0.54	186
67	0	164	0.00	164
68	1	198	0.50	199
69	0	198	0.00	198
70	0	183	0.00	183
71	0	164	0.00	164
72	0	163	0.00	163
73	0	177	0.00	177
74	1	148	0.67	149
75	0	146	0.00	146
76	0	170	0.00	170
77	1	185	0.54	186
78	1	144	0.69	145
79	1	163	0.61	164
80	0	132	0.00	132
81	0	173	0.00	173
82	1	109	0.91	110
83	1	147	0.68	148
84	0	136	0.00	136
85	0	116	0.00	116
86	1	137	0.72	138
87	1	109	0.91	110
88	0	139	0.00	139
89	0	129	0.00	129
90	1	105	0.94	106
91	0	129	0.00	129
92	1	106	0.93	107
93	1	104	0.95	105
94	0	99	0.00	99
95	0	103	0.00	103
96	0	113	0.00	113
97	0	115	0.00	115
98	0	101	0.00	101
99	0	56	0.00	56
100	0	4	0.00	4
101	0	3	0.00	3
102	0	6	0.00	6
103	0	1	0.00	1
104	0	3	0.00	3
105	0	8	0.00	8
106	0	2	0.00	2
107	0	3	0.00	3
108	0	7	0.00	7
109	0	7	0.00	7
110	0	4	0.00	4
111	0	1	0.00	1
112	0	3	0.00	3
113	0	2	0.00	2
114	0	3	0.00	3
115	0	2	0.00	2
116	0	3	0.00	3
117	0	2	0.00	2
118	0	2	0.00	2
119	0	1	0.00	1
120	0	3	0.00	3
121	0	2	0.00	2
122	0	2	0.00	2
123	0	3	0.00	3
124	0	2	0.00	2
125	0	3	0.00	3
126	0	0		0
127	0	3	0.00	3
128	0	0		0
129	0	0		0
130	0	2	0.00	2
131	0	2	0.00	2
132	0	0		0
133	0	0		0
134	0	1	0.00	1
135	0	0		0
136	0	0		0
137	0	0		0
138	0	1	0.00	1
139	0	3	0.00	3
140	0	0		0
141	0	0		0
142	0	1	0.00	1
143	0	0		0
144	0	1	0.00	1
145	0	0		0
146	0	0		0
147	1	0	100.00	1
148	0	1	0.00	1

CHH context (R1)
================
position	count methylated	count unmethylated	% methylation	coverage
1	1	37	2.63	38
2	1	37	2.63	38
3	1	19	5.00	20
4	1	335	0.30	336
5	1	385	0.26	386
6	1	404	0.25	405
7	2	389	0.51	391
8	0	367	0.00	367
9	4	341	1.16	345
10	3	327	0.91	330
11	1	320	0.31	321
12	2	311	0.64	313
13	0	416	0.00	416
14	1	389	0.26	390
15	1	367	0.27	368
16	3	357	0.83	360
17	2	331	0.60	333
18	0	289	0.00	289
19	3	297	1.00	300
20	2	324	0.61	326
21	0	363	0.00	363
22	2	355	0.56	357
23	3	370	0.80	373
24	4	370	1.07	374
25	4	356	1.11	360
26	1	359	0.28	360
27	3	388	0.77	391
28	1	363	0.27	364
29	1	334	0.30	335
30	1	387	0.26	388
31	0	318	0.00	318
32	0	385	0.00	385
33	2	322	0.62	324
34	2	353	0.56	355
35	2	313	0.63	315
36	2	392	0.51	394
37	2	360	0.55	362
38	1	336	0.30	337
39	2	311	0.64	313
40	1	309	0.32	310
41	1	288	0.35	289
42	0	303	0.00	303
43	0	311	0.00	311
44	2	305	0.65	307
45	1	301	0.33	302
46	1	336	0.30	337
47	1	284	0.35	285
48	5	336	1.47	341
49	2	408	0.49	410
50	1	386	0.26	387
51	1	388	0.26	389
52	2	368	0.54	370
53	1	329	0.30	330
54	0	287	0.00	287
55	1	338	0.29	339
56	0	304	0.00	304
57	2	297	0.67	299
58	0	277	0.00	277
59	0	325	0.00	325
60	2	331	0.60	333
61	1	331	0.30	332
62	0	328	0.00	328
63	3	342	0.87	345
64	2	355	0.56	357
65	0	327	0.00	327
66	2	309	0.64	311
67	1	317	0.31	318
68	1	337	0.30	338
69	1	323	0.31	324
70	2	285	0.70	287
71	0	271	0.00	271
72	1	276	0.36	277
73	1	283	0.35	284
74	0	288	0.00	288
75	0	314	0.00	314
76	1	321	0.31	322
77	0	286	0.00	286
78	2	282	0.70	284
79	0	249	0.00	249
80	2	295	0.67	297
81	1	269	0.37	270
82	0	272	0.00	272
83	2	201	0.99	203
84	0	218	0.00	218
85	1	234	0.43	235
86	0	287	0.00	287
87	1	226	0.44	227
88	0	264	0.00	264
89	1	186	0.53	187
90	0	172	0.00	172
91	0	187	0.00	187
92	1	202	0.49	203
93	1	142	0.70	143
94	0	158	0.00	158
95	0	180	0.00	180
96	0	164	0.00	164
97	0	155	0.00	155
98	0	169	0.00	169
99	0	72	0.00	72
100	0	8	0.00	8
101	0	9	0.00	9
102	0	5	0.00	5
103	1	7	12.50	8
104	0	13	0.00	13
105	0	13	0.00	13
106	0	10	0.00	10
107	0	9	0.00	9
108	0	8	0.00	8
109	0	3	0.00	3
110	0	6	0.00	6
111	0	1	0.00	1
112	0	6	0.00	6
113	0	3	0.00	3
114	0	5	0.00	5
115	0	3	0.00	3
116	0	5	0.00	5
117	0	4	0.00	4
118	0	4	0.00	4
119	0	5	0.00	5
120	0	4	0.00	4
121	0	6	0.00	6
122	0	2	0.00	2
123	0	5	0.00	5
124	0	5	0.00	5
125	0	2	0.00	2
126	0	2	0.00	2
127	0	3	0.00	3
128	0	2	0.00	2
129	0	3	0.00	3
130	0	3	0.00	3
131	0	4	0.00	4
132	0	2	0.00	2
133	0	0		0
134	0	1	0.00	1
135	0	0		0
136	0	2	0.00	2
137	0	4	0.00	4
138	0	3	0.00	3
139	0	0		0
140	0	0		0
141	0	1	0.00	1
142	0	1	0.00	1
143	0	1	0.00	1
144	0	1	0.00	1
145	0	0		0
146	0	2	0.00	2
147	0	0		0
148	0	0		0

CpG context (R2)
================
position	count methylated	count unmethylated	% methylation	coverage
1	0	21	0.00	21
2	0	18	0.00	18
3	1	83	1.19	84
4	2	87	2.25	89
5	6	93	6.06	99
6	7	76	8.43	83
7	3	119	2.46	122
8	2	85	2.30	87
9	4	86	4.44	90
10	4	96	4.00	100
11	4	62	6.06	66
12	2	54	3.57	56
13	3	79	3.66	82
14	2	53	3.64	55
15	3	57	5.00	60
16	2	61	3.17	63
17	0	33	0.00	33
18	4	54	6.90	58
19	1	31	3.12	32
20	2	44	4.35	46
21	1	45	2.17	46
22	3	31	8.82	34
23	0	45	0.00	45
24	1	49	2.00	50
25	1	24	4.00	25
26	1	23	4.17	24
27	4	32	11.11	36
28	2	24	7.69	26
29	3	38	7.32	41
30	1	19	5.00	20
31	0	26	0.00	26
32	0	20	0.00	20
33	1	15	6.25	16
34	4	19	17.39	23
35	0	13	0.00	13
36	1	14	6.67	15
37	0	20	0.00	20
38	0	26	0.00	26
39	0	12	0.00	12
40	2	7	22.22	9
41	0	12	0.00	12
42	1	6	14.29	7
43	0	17	0.00	17
44	0	15	0.00	15
45	1	3	25.00	4
46	3	15	16.67	18
47	0	4	0.00	4
48	1	11	8.33	12
49	0	6	0.00	6
50	0	4	0.00	4
51	0	2	0.00	2
52	1	7	12.50	8
53	1	1	50.00	2
54	0	2	0.00	2
55	0	3	0.00	3
56	0	5	0.00	5
57	1	1	50.00	2
58	0	3	0.00	3
59	0	4	0.00	4
60	0	2	0.00	2
61	0	4	0.00	4
62	0	2	0.00	2
63	0	3	0.00	3
64	0	3	0.00	3
65	0	1	0.00	1
66	0	3	0.00	3
67	0	3	0.00	3
68	0	1	0.00	1
69	0	3	0.00	3
70	0	0		0
71	0	0		0
72	0	3	0.00	3
73	0	1	0.00	1
74	0	0		0
75	0	1	0.00	1
76	0	1	0.00	1
77	0	2	0.00	2
78	0	1	0.00	1
79	0	2	0.00	2
80	0	0		0
81	0	0		0
82	0	1	0.00	1
83	0	0		0
84	0	0		0
85	0	0		0
86	0	2	0.00	2
87	0	0		0
88	0	0		0
89	0	0		0
90	0	0		0
91	0	1	0.00	1
92	0	0		0
93	0	0		0
94	0	0		0
95	0	0		0
96	0	0		0
97	1	0	100.00	1

CHG context (R2)
================
position	count methylated	count unmethylated	% methylation	coverage
1	15	2122	0.70	2137
2	0	27	0.00	27
3	0	4	0.00	4
4	0	51	0.00	51
5	0	70	0.00	70
6	1	65	1.52	66
7	0	81	0.00	81
8	0	95	0.00	95
9	0	74	0.00	74
10	0	75	0.00	75
11	0	64	0.00	64
12	0	38	0.00	38
13	0	53	0.00	53
14	1	54	1.82	55
15	0	49	0.00	49
16	0	48	0.00	48
17	0	54	0.00	54
18	0	56	0.00	56
19	0	42	0.00	42
20	0	50	0.00	50
21	0	42	0.00	42
22	0	48	0.00	48
23	0	30	0.00	30
24	0	19	0.00	19
25	0	38	0.00	38
26	0	21	0.00	21
27	0	6	0.00	6
28	0	22	0.00	22
29	0	22	0.00	22
30	0	21	0.00	21
31	0	17	0.00	17
32	0	24	0.00	24
33	0	25	0.00	25
34	0	22	0.00	22
35	0	27	0.00	27
36	0	16	0.00	16
37	0	12	0.00	12
38	0	7	0.00	7
39	0	13	0.00	13
40	0	13	0.00	13
41	0	17	0.00	17
42	0	11	0.00	11
43	0	2	0.00	2
44	0	6	0.00	6
45	0	12	0.00	12
46	0	5	0.00	5
47	0	9	0.00	9
48	0	6	0.00	6
49	0	10	0.00	10
50	1	7	12.50	8
51	0	0		0
52	0	8	0.00	8
53	0	6	0.00	6
54	0	2	0.00	2
55	0	4	0.00	4
56	0	5	0.00	5
57	0	2	0.00	2
58	0	1	0.00	1
59	0	0		0
60	0	6	0.00	6
61	0	1	0.00	1
62	0	0		0
63	0	2	0.00	2
64	0	3	0.00	3
65	0	0		0
66	0	0		0
67	0	1	0.00	1
68	0	0		0
69	0	0		0
70	1	3	25.00	4
71	0	2	0.00	2
72	0	0		0
73	0	4	0.00	4
74	0	0		0
75	0	0		0
76	0	0		0
77	0	0		0
78	0	0		0
79	0	0		0
80	0	1	0.00	1
81	0	0		0
82	0	0		0
83	0	0		0
84	0	0		0
85	0	0		0
86	0	1	0.00	1
87	0	0		0
88	0	0		0
89	0	0		0
90	0	0		0
91	0	0		0
92	0	0		0
93	0	0		0
94	0	0		0
95	0	1	0.00	1
96	0	0		0
97	0	0		0

CHH context (R2)
================
position	count methylated	count unmethylated	% methylation	coverage
1	0	5	0.00	5
2	4	951	0.42	955
3	0	219	0.00	219
4	1	182	0.55	183
5	1	148	0.67	149
6	0	128	0.00	128
7	0	120	0.00	120
8	0	119	0.00	119
9	0	95	0.00	95
10	0	115	0.00	115
11	0	89	0.00	89
12	0	95	0.00	95
13	0	68	0.00	68
14	0	81	0.00	81
15	0	79	0.00	79
16	0	68	0.00	68
17	0	71	0.00	71
18	0	75	0.00	75
19	0	61	0.00	61
20	0	60	0.00	60
21	0	45	0.00	45
22	0	38	0.00	38
23	0	36	0.00	36
24	0	37	0.00	37
25	0	42	0.00	42
26	0	36	0.00	36
27	0	26	0.00	26
28	1	23	4.17	24
29	0	32	0.00	32
30	0	25	0.00	25
31	0	26	0.00	26
32	0	25	0.00	25
33	0	19	0.00	19
34	0	22	0.00	22
35	0	30	0.00	30
36	0	27	0.00	27
37	0	15	0.00	15
38	0	13	0.00	13
39	0	6	0.00	6
40	0	10	0.00	10
41	0	12	0.00	12
42	0	17	0.00	17
43	0	14	0.00	14
44	0	9	0.00	9
45	0	10	0.00	10
46	0	9	0.00	9
47	0	9	0.00	9
48	0	10	0.00	10
49	0	6	0.00	6
50	0	11	0.00	11
51	2	10	16.67	12
52	0	15	0.00	15
53	0	13	0.00	13
54	0	11	0.00	11
55	0	14	0.00	14
56	0	13	0.00	13
57	0	5	0.00	5
58	0	5	0.00	5
59	0	5	0.00	5
60	0	1	0.00	1
61	0	1	0.00	1
62	0	3	0.00	3
63	0	1	0.00	1
64	0	4	0.00	4
65	0	3	0.00	3
66	0	2	0.00	2
67	0	1	0.00	1
68	0	2	0.00	2
69	0	1	0.00	1
70	0	1	0.00	1
71	0	1	0.00	1
72	0	0		0
73	0	0		0
74	0	1	0.00	1
75	0	1	0.00	1
76	0	0		0
77	0	1	0.00	1
78	0	1	0.00	1
79	0	0		0
80	0	0		0
81	0	0		0
82	0	0		0
83	0	0		0
84	0	0		0
85	0	0		0
86	0	0		0
87	0	1	0.00	1
88	0	0		0
89	0	2	0.00	2
90	0	0		0
91	0	0		0
92	0	0		0
93	0	0		0
94	0	0		0
95	0	0		0
96	0	0		0
97	0	0		0

