CpG context (R1)
================
position	count methylated	count unmethylated	% methylation	coverage
1	194	2205	8.09	2399
2	0	11	0.00	11
3	1	20	4.76	21
4	8	169	4.52	177
5	18	218	7.63	236
6	13	269	4.61	282
7	21	221	8.68	242
8	14	274	4.86	288
9	14	225	5.86	239
10	13	235	5.24	248
11	8	247	3.14	255
12	10	259	3.72	269
13	13	294	4.23	307
14	12	243	4.71	255
15	11	261	4.04	272
16	10	291	3.32	301
17	8	220	3.51	228
18	9	225	3.85	234
19	18	304	5.59	322
20	13	243	5.08	256
21	14	202	6.48	216
22	14	296	4.52	310
23	15	265	5.36	280
24	13	238	5.18	251
25	13	274	4.53	287
26	18	300	5.66	318
27	13	246	5.02	259
28	33	269	10.93	302
29	8	270	2.88	278
30	13	242	5.10	255
31	21	252	7.69	273
32	17	292	5.50	309
33	11	233	4.51	244
34	16	269	5.61	285
35	21	276	7.07	297
36	10	213	4.48	223
37	9	281	3.10	290
38	17	224	7.05	241
39	19	250	7.06	269
40	10	273	3.53	283
41	12	238	4.80	250
42	16	288	5.26	304
43	10	253	3.80	263
44	18	246	6.82	264
45	9	282	3.09	291
46	24	221	9.80	245
47	21	263	7.39	284
48	14	262	5.07	276
49	19	233	7.54	252
50	15	249	5.68	264
51	15	205	6.82	220
52	9	249	3.49	258
53	15	229	6.15	244
54	14	273	4.88	287
55	15	288	4.95	303
56	11	249	4.23	260
57	14	241	5.49	255
58	12	221	5.15	233
59	13	275	4.51	288
60	17	241	6.59	258
61	15	237	5.95	252
62	9	239	3.63	248
63	15	187	7.43	202
64	9	262	3.32	271
65	15	264	5.38	279
66	8	261	2.97	269
67	23	202	10.22	225
68	6	207	2.82	213
69	11	217	4.82	228
70	10	234	4.10	244
71	21	248	7.81	269
72	7	247	2.76	254
73	10	233	4.12	243
74	15	204	6.85	219
75	9	172	4.97	181
76	8	214	3.60	222
77	10	207	4.61	217
78	14	189	6.90	203
79	8	190	4.04	198
80	11	188	5.53	199
81	9	182	4.71	191
82	5	213	2.29	218
83	10	151	6.21	161
84	7	163	4.12	170
85	10	164	5.75	174
86	11	161	6.40	172
87	5	185	2.63	190
88	5	126	3.82	131
89	6	150	3.85	156
90	2	127	1.55	129
91	13	141	8.44	154
92	4	171	2.29	175
93	5	121	3.97	126
94	5	112	4.27	117
95	9	119	7.03	128
96	6	120	4.76	126
97	8	135	5.59	143
98	9	97	8.49	106
99	1	53	1.85	54
100	0	13	0.00	13
101	0	6	0.00	6
102	0	8	0.00	8
103	0	7	0.00	7
104	0	5	0.00	5
105	0	4	0.00	4
106	0	3	0.00	3
107	1	1	50.00	2
108	0	8	0.00	8
109	0	4	0.00	4
110	0	3	0.00	3
111	0	6	0.00	6
112	0	2	0.00	2
113	0	2	0.00	2
114	0	7	0.00	7
115	0	2	0.00	2
116	0	1	0.00	1
117	0	8	0.00	8
118	0	1	0.00	1
119	0	3	0.00	3
120	0	0		0
121	0	6	0.00	6
122	0	4	0.00	4
123	0	3	0.00	3
124	0	2	0.00	2
125	0	2	0.00	2
126	0	3	0.00	3
127	0	2	0.00	2
128	0	2	0.00	2
129	0	1	0.00	1
130	0	3	0.00	3
131	0	3	0.00	3
132	0	0		0
133	0	0		0
134	0	1	0.00	1
135	0	0		0
136	0	2	0.00	2
137	0	3	0.00	3
138	0	2	0.00	2
139	0	1	0.00	1
140	0	3	0.00	3
141	0	1	0.00	1
142	0	1	0.00	1
143	0	1	0.00	1
144	0	1	0.00	1
145	0	0		0
146	0	0		0
147	0	0		0
148	0	1	0.00	1
149	0	1	0.00	1

CHG context (R1)
================
position	count methylated	count unmethylated	% methylation	coverage
1	0	9	0.00	9
2	0	17	0.00	17
3	0	17	0.00	17
4	0	135	0.00	135
5	0	194	0.00	194
6	4	233	1.69	237
7	2	267	0.74	269
8	1	199	0.50	200
9	2	252	0.79	254
10	1	231	0.43	232
11	1	253	0.39	254
12	1	212	0.47	213
13	2	193	1.03	195
14	0	206	0.00	206
15	0	242	0.00	242
16	0	206	0.00	206
17	0	237	0.00	237
18	0	243	0.00	243
19	2	244	0.81	246
20	0	165	0.00	165
21	3	204	1.45	207
22	0	242	0.00	242
23	1	212	0.47	213
24	1	191	0.52	192
25	1	244	0.41	245
26	0	188	0.00	188
27	0	240	0.00	240
28	0	227	0.00	227
29	1	174	0.57	175
30	0	198	0.00	198
31	0	240	0.00	240
32	2	218	0.91	220
33	1	221	0.45	222
34	1	226	0.44	227
35	2	241	0.82	243
36	0	207	0.00	207
37	0	192	0.00	192
38	0	196	0.00	196
39	1	241	0.41	242
40	0	201	0.00	201
41	2	269	0.74	271
42	2	205	0.97	207
43	2	227	0.87	229
44	0	262	0.00	262
45	0	203	0.00	203
46	0	213	0.00	213
47	0	194	0.00	194
48	1	201	0.50	202
49	2	225	0.88	227
50	0	190	0.00	190
51	0	202	0.00	202
52	2	254	0.78	256
53	1	193	0.52	194
54	1	195	0.51	196
55	0	174	0.00	174
56	0	234	0.00	234
57	0	196	0.00	196
58	1	235	0.42	236
59	0	200	0.00	200
60	0	152	0.00	152
61	0	181	0.00	181
62	0	181	0.00	181
63	0	196	0.00	196
64	0	177	0.00	177
65	2	191	1.04	193
66	1	188	0.53	189
67	2	173	1.14	175
68	0	186	0.00	186
69	0	179	0.00	179
70	0	192	0.00	192
71	1	186	0.53	187
72	0	157	0.00	157
73	0	165	0.00	165
74	0	153	0.00	153
75	2	174	1.14	176
76	0	171	0.00	171
77	0	164	0.00	164
78	3	130	2.26	133
79	2	155	1.27	157
80	2	136	1.45	138
81	1	186	0.53	187
82	0	128	0.00	128
83	0	141	0.00	141
84	0	128	0.00	128
85	1	133	0.75	134
86	0	159	0.00	159
87	0	108	0.00	108
88	1	134	0.74	135
89	1	131	0.76	132
90	0	101	0.00	101
91	1	137	0.72	138
92	0	100	0.00	100
93	0	88	0.00	88
94	1	115	0.86	116
95	0	112	0.00	112
96	0	122	0.00	122
97	0	116	0.00	116
98	0	91	0.00	91
99	0	44	0.00	44
100	0	7	0.00	7
101	0	6	0.00	6
102	0	6	0.00	6
103	0	7	0.00	7
104	0	6	0.00	6
105	0	6	0.00	6
106	0	8	0.00	8
107	0	3	0.00	3
108	1	5	16.67	6
109	0	4	0.00	4
110	0	3	0.00	3
111	1	2	33.33	3
112	0	4	0.00	4
113	0	6	0.00	6
114	0	2	0.00	2
115	0	1	0.00	1
116	0	4	0.00	4
117	0	2	0.00	2
118	0	2	0.00	2
119	0	0		0
120	0	2	0.00	2
121	0	3	0.00	3
122	0	4	0.00	4
123	0	6	0.00	6
124	0	1	0.00	1
125	0	1	0.00	1
126	0	1	0.00	1
127	0	2	0.00	2
128	0	2	0.00	2
129	0	1	0.00	1
130	0	5	0.00	5
131	0	1	0.00	1
132	0	3	0.00	3
133	0	0		0
134	0	0		0
135	0	1	0.00	1
136	0	4	0.00	4
137	0	0		0
138	0	0		0
139	0	2	0.00	2
140	0	0		0
141	0	1	0.00	1
142	0	1	0.00	1
143	0	0		0
144	0	0		0
145	0	1	0.00	1
146	0	0		0
147	0	0		0
148	0	1	0.00	1
149	0	1	0.00	1

CHH context (R1)
================
position	count methylated	count unmethylated	% methylation	coverage
1	2	28	6.67	30
2	0	31	0.00	31
3	0	17	0.00	17
4	0	334	0.00	334
5	1	397	0.25	398
6	0	442	0.00	442
7	1	392	0.25	393
8	2	367	0.54	369
9	1	307	0.32	308
10	0	341	0.00	341
11	2	334	0.60	336
12	1	317	0.31	318
13	0	379	0.00	379
14	0	398	0.00	398
15	2	380	0.52	382
16	0	369	0.00	369
17	1	332	0.30	333
18	3	312	0.95	315
19	0	318	0.00	318
20	3	307	0.97	310
21	0	328	0.00	328
22	1	344	0.29	345
23	0	360	0.00	360
24	1	357	0.28	358
25	3	386	0.77	389
26	2	380	0.52	382
27	1	385	0.26	386
28	2	369	0.54	371
29	0	338	0.00	338
30	0	386	0.00	386
31	2	360	0.55	362
32	0	365	0.00	365
33	2	308	0.65	310
34	1	316	0.32	317
35	0	288	0.00	288
36	1	374	0.27	375
37	0	368	0.00	368
38	3	369	0.81	372
39	0	357	0.00	357
40	1	331	0.30	332
41	2	334	0.60	336
42	1	346	0.29	347
43	1	311	0.32	312
44	1	344	0.29	345
45	2	308	0.65	310
46	2	342	0.58	344
47	0	346	0.00	346
48	1	331	0.30	332
49	0	380	0.00	380
50	0	393	0.00	393
51	1	426	0.23	427
52	2	336	0.59	338
53	1	324	0.31	325
54	1	319	0.31	320
55	2	317	0.63	319
56	0	278	0.00	278
57	0	283	0.00	283
58	1	299	0.33	300
59	0	308	0.00	308
60	0	306	0.00	306
61	0	325	0.00	325
62	2	342	0.58	344
63	4	292	1.35	296
64	0	339	0.00	339
65	1	304	0.33	305
66	0	285	0.00	285
67	1	307	0.32	308
68	0	326	0.00	326
69	3	282	1.05	285
70	1	277	0.36	278
71	0	281	0.00	281
72	1	250	0.40	251
73	0	272	0.00	272
74	1	255	0.39	256
75	0	288	0.00	288
76	1	301	0.33	302
77	0	286	0.00	286
78	1	310	0.32	311
79	1	299	0.33	300
80	0	312	0.00	312
81	2	242	0.82	244
82	0	252	0.00	252
83	1	245	0.41	246
84	6	247	2.37	253
85	4	242	1.63	246
86	1	266	0.37	267
87	0	221	0.00	221
88	3	256	1.16	259
89	1	206	0.48	207
90	1	194	0.51	195
91	0	194	0.00	194
92	3	209	1.42	212
93	1	180	0.55	181
94	1	195	0.51	196
95	1	207	0.48	208
96	0	152	0.00	152
97	1	161	0.62	162
98	0	176	0.00	176
99	2	76	2.56	78
100	0	13	0.00	13
101	0	7	0.00	7
102	0	9	0.00	9
103	0	3	0.00	3
104	0	4	0.00	4
105	0	7	0.00	7
106	0	9	0.00	9
107	0	4	0.00	4
108	0	4	0.00	4
109	0	4	0.00	4
110	0	5	0.00	5
111	0	5	0.00	5
112	0	4	0.00	4
113	0	6	0.00	6
114	0	4	0.00	4
115	0	1	0.00	1
116	0	3	0.00	3
117	0	4	0.00	4
118	0	3	0.00	3
119	0	4	0.00	4
120	0	6	0.00	6
121	0	3	0.00	3
122	0	2	0.00	2
123	0	1	0.00	1
124	0	2	0.00	2
125	0	3	0.00	3
126	0	5	0.00	5
127	0	2	0.00	2
128	0	4	0.00	4
129	0	5	0.00	5
130	0	0		0
131	0	0		0
132	0	1	0.00	1
133	0	6	0.00	6
134	0	4	0.00	4
135	0	2	0.00	2
136	0	1	0.00	1
137	0	0		0
138	0	0		0
139	0	0		0
140	0	1	0.00	1
141	0	1	0.00	1
142	0	0		0
143	0	2	0.00	2
144	0	0		0
145	0	0		0
146	0	0		0
147	0	1	0.00	1
148	0	1	0.00	1
149	0	0		0

CpG context (R2)
================
position	count methylated	count unmethylated	% methylation	coverage
1	0	14	0.00	14
2	0	19	0.00	19
3	2	96	2.04	98
4	4	71	5.33	75
5	2	103	1.90	105
6	1	90	1.10	91
7	4	143	2.72	147
8	3	74	3.90	77
9	2	74	2.63	76
10	1	82	1.20	83
11	3	72	4.00	75
12	1	64	1.54	65
13	6	98	5.77	104
14	1	36	2.70	37
15	3	58	4.92	61
16	3	65	4.41	68
17	2	37	5.13	39
18	5	46	9.80	51
19	2	38	5.00	40
20	0	62	0.00	62
21	2	31	6.06	33
22	4	46	8.00	50
23	0	38	0.00	38
24	4	61	6.15	65
25	2	30	6.25	32
26	1	37	2.63	38
27	1	31	3.12	32
28	2	31	6.06	33
29	2	40	4.76	42
30	0	21	0.00	21
31	2	29	6.45	31
32	0	28	0.00	28
33	1	20	4.76	21
34	1	21	4.55	22
35	0	11	0.00	11
36	1	20	4.76	21
37	1	14	6.67	15
38	0	25	0.00	25
39	0	9	0.00	9
40	1	6	14.29	7
41	0	19	0.00	19
42	1	11	8.33	12
43	1	22	4.35	23
44	0	13	0.00	13
45	1	2	33.33	3
46	0	13	0.00	13
47	0	13	0.00	13
48	0	4	0.00	4
49	0	7	0.00	7
50	1	7	12.50	8
51	0	7	0.00	7
52	1	7	12.50	8
53	0	2	0.00	2
54	1	5	16.67	6
55	0	1	0.00	1
56	1	3	25.00	4
57	0	2	0.00	2
58	0	5	0.00	5
59	0	4	0.00	4
60	0	0		0
61	0	3	0.00	3
62	0	0		0
63	0	1	0.00	1
64	0	2	0.00	2
65	0	0		0
66	0	1	0.00	1
67	0	2	0.00	2
68	0	0		0
69	0	2	0.00	2
70	0	0		0
71	0	0		0
72	0	2	0.00	2
73	0	1	0.00	1
74	0	0		0
75	0	0		0
76	0	0		0
77	0	0		0
78	0	0		0
79	0	0		0
80	0	1	0.00	1
81	0	0		0
82	0	0		0
83	0	0		0
84	0	0		0
85	0	0		0
86	0	1	0.00	1
87	0	0		0
88	0	0		0
89	0	0		0
90	0	0		0
91	0	1	0.00	1
92	0	0		0
93	0	0		0
94	0	0		0
95	0	0		0
96	0	0		0

CHG context (R2)
================
position	count methylated	count unmethylated	% methylation	coverage
1	18	2111	0.85	2129
2	0	21	0.00	21
3	0	4	0.00	4
4	0	52	0.00	52
5	1	67	1.47	68
6	1	66	1.49	67
7	0	81	0.00	81
8	1	102	0.97	103
9	0	68	0.00	68
10	0	61	0.00	61
11	1	66	1.49	67
12	0	31	0.00	31
13	0	42	0.00	42
14	0	49	0.00	49
15	0	45	0.00	45
16	0	62	0.00	62
17	1	53	1.85	54
18	0	47	0.00	47
19	1	51	1.92	52
20	0	55	0.00	55
21	0	31	0.00	31
22	0	54	0.00	54
23	0	21	0.00	21
24	0	16	0.00	16
25	0	35	0.00	35
26	0	20	0.00	20
27	0	16	0.00	16
28	0	26	0.00	26
29	0	28	0.00	28
30	0	17	0.00	17
31	1	31	3.12	32
32	0	20	0.00	20
33	0	23	0.00	23
34	1	19	5.00	20
35	0	25	0.00	25
36	0	21	0.00	21
37	0	20	0.00	20
38	0	8	0.00	8
39	0	16	0.00	16
40	0	17	0.00	17
41	0	16	0.00	16
42	0	6	0.00	6
43	0	9	0.00	9
44	0	6	0.00	6
45	0	10	0.00	10
46	0	5	0.00	5
47	0	8	0.00	8
48	0	8	0.00	8
49	0	10	0.00	10
50	0	8	0.00	8
51	0	4	0.00	4
52	0	11	0.00	11
53	0	4	0.00	4
54	0	1	0.00	1
55	0	9	0.00	9
56	0	2	0.00	2
57	0	1	0.00	1
58	0	0		0
59	0	3	0.00	3
60	0	8	0.00	8
61	0	0		0
62	0	1	0.00	1
63	0	3	0.00	3
64	0	1	0.00	1
65	0	1	0.00	1
66	0	1	0.00	1
67	0	0		0
68	0	0		0
69	0	0		0
70	0	2	0.00	2
71	0	2	0.00	2
72	0	1	0.00	1
73	0	2	0.00	2
74	0	1	0.00	1
75	0	0		0
76	0	0		0
77	0	0		0
78	0	0		0
79	0	0		0
80	0	0		0
81	0	1	0.00	1
82	0	0		0
83	0	0		0
84	0	0		0
85	0	0		0
86	0	0		0
87	0	0		0
88	0	0		0
89	0	1	0.00	1
90	0	0		0
91	0	0		0
92	0	0		0
93	0	0		0
94	0	1	0.00	1
95	0	0		0
96	0	0		0

CHH context (R2)
================
position	count methylated	count unmethylated	% methylation	coverage
1	0	10	0.00	10
2	1	981	0.10	982
3	0	266	0.00	266
4	0	192	0.00	192
5	0	148	0.00	148
6	0	85	0.00	85
7	0	103	0.00	103
8	0	129	0.00	129
9	3	123	2.38	126
10	0	137	0.00	137
11	0	85	0.00	85
12	0	76	0.00	76
13	0	66	0.00	66
14	0	89	0.00	89
15	0	83	0.00	83
16	0	64	0.00	64
17	0	88	0.00	88
18	0	77	0.00	77
19	0	78	0.00	78
20	0	49	0.00	49
21	0	50	0.00	50
22	0	47	0.00	47
23	0	45	0.00	45
24	0	36	0.00	36
25	1	28	3.45	29
26	0	37	0.00	37
27	1	29	3.33	30
28	0	27	0.00	27
29	0	31	0.00	31
30	0	23	0.00	23
31	0	21	0.00	21
32	0	31	0.00	31
33	0	20	0.00	20
34	0	29	0.00	29
35	0	32	0.00	32
36	0	17	0.00	17
37	0	16	0.00	16
38	0	23	0.00	23
39	0	7	0.00	7
40	1	16	5.88	17
41	0	13	0.00	13
42	0	7	0.00	7
43	0	15	0.00	15
44	0	20	0.00	20
45	0	14	0.00	14
46	0	14	0.00	14
47	0	8	0.00	8
48	0	7	0.00	7
49	0	13	0.00	13
50	0	11	0.00	11
51	0	15	0.00	15
52	0	8	0.00	8
53	0	10	0.00	10
54	0	13	0.00	13
55	0	9	0.00	9
56	1	10	9.09	11
57	0	5	0.00	5
58	0	5	0.00	5
59	0	3	0.00	3
60	0	0		0
61	0	3	0.00	3
62	0	3	0.00	3
63	0	2	0.00	2
64	0	0		0
65	0	0		0
66	0	0		0
67	0	0		0
68	0	2	0.00	2
69	0	1	0.00	1
70	0	0		0
71	0	0		0
72	0	0		0
73	0	0		0
74	0	0		0
75	0	3	0.00	3
76	0	0		0
77	0	2	0.00	2
78	0	3	0.00	3
79	0	0		0
80	0	1	0.00	1
81	0	0		0
82	0	1	0.00	1
83	0	1	0.00	1
84	0	0		0
85	0	1	0.00	1
86	0	0		0
87	0	0		0
88	0	0		0
89	0	0		0
90	0	1	0.00	1
91	0	0		0
92	0	0		0
93	0	0		0
94	0	1	0.00	1
95	0	1	0.00	1
96	0	1	0.00	1

