CpG context (R1)
================
position	count methylated	count unmethylated	% methylation	coverage
1	217	2152	9.16	2369
2	0	19	0.00	19
3	1	21	4.55	22
4	9	206	4.19	215
5	10	195	4.88	205
6	7	270	2.53	277
7	11	234	4.49	245
8	14	290	4.61	304
9	16	275	5.50	291
10	18	235	7.11	253
11	7	275	2.48	282
12	14	293	4.56	307
13	15	297	4.81	312
14	9	239	3.63	248
15	7	245	2.78	252
16	9	308	2.84	317
17	7	221	3.07	228
18	5	251	1.95	256
19	16	273	5.54	289
20	22	240	8.40	262
21	14	219	6.01	233
22	11	260	4.06	271
23	6	272	2.16	278
24	23	230	9.09	253
25	11	272	3.89	283
26	14	287	4.65	301
27	11	261	4.04	272
28	17	264	6.05	281
29	18	256	6.57	274
30	9	249	3.49	258
31	17	282	5.69	299
32	11	259	4.07	270
33	18	238	7.03	256
34	15	269	5.28	284
35	13	262	4.73	275
36	14	232	5.69	246
37	14	277	4.81	291
38	13	226	5.44	239
39	8	261	2.97	269
40	5	262	1.87	267
41	16	243	6.18	259
42	6	297	1.98	303
43	12	250	4.58	262
44	10	215	4.44	225
45	15	257	5.51	272
46	23	221	9.43	244
47	21	253	7.66	274
48	15	243	5.81	258
49	17	257	6.20	274
50	14	250	5.30	264
51	12	239	4.78	251
52	18	242	6.92	260
53	14	249	5.32	263
54	7	239	2.85	246
55	19	289	6.17	308
56	10	225	4.26	235
57	17	219	7.20	236
58	11	255	4.14	266
59	7	234	2.90	241
60	10	235	4.08	245
61	14	239	5.53	253
62	17	224	7.05	241
63	12	205	5.53	217
64	18	249	6.74	267
65	11	252	4.18	263
66	8	250	3.10	258
67	18	210	7.89	228
68	9	228	3.80	237
69	7	182	3.70	189
70	11	243	4.33	254
71	8	245	3.16	253
72	10	218	4.39	228
73	2	242	0.82	244
74	8	189	4.06	197
75	8	166	4.60	174
76	14	202	6.48	216
77	8	201	3.83	209
78	8	200	3.85	208
79	14	230	5.74	244
80	12	172	6.52	184
81	6	163	3.55	169
82	5	199	2.45	204
83	9	125	6.72	134
84	7	157	4.27	164
85	5	184	2.65	189
86	6	153	3.77	159
87	9	170	5.03	179
88	5	120	4.00	125
89	4	166	2.35	170
90	14	109	11.38	123
91	5	141	3.42	146
92	10	150	6.25	160
93	5	131	3.68	136
94	8	107	6.96	115
95	5	116	4.13	121
96	5	99	4.81	104
97	4	131	2.96	135
98	4	103	3.74	107
99	5	61	7.58	66
100	1	8	11.11	9
101	0	0		0
102	0	4	0.00	4
103	2	8	20.00	10
104	1	4	20.00	5
105	1	6	14.29	7
106	3	4	42.86	7
107	0	4	0.00	4
108	2	8	20.00	10
109	0	4	0.00	4
110	0	2	0.00	2
111	1	7	12.50	8
112	0	3	0.00	3
113	0	3	0.00	3
114	0	1	0.00	1
115	0	3	0.00	3
116	1	1	50.00	2
117	0	3	0.00	3
118	0	1	0.00	1
119	0	1	0.00	1
120	0	2	0.00	2
121	0	1	0.00	1
122	0	2	0.00	2
123	0	1	0.00	1
124	0	2	0.00	2
125	0	2	0.00	2
126	0	3	0.00	3
127	0	1	0.00	1
128	0	3	0.00	3
129	0	0		0
130	0	3	0.00	3
131	0	1	0.00	1
132	0	1	0.00	1
133	0	1	0.00	1
134	0	1	0.00	1
135	0	0		0
136	0	2	0.00	2
137	0	3	0.00	3
138	0	1	0.00	1
139	0	1	0.00	1
140	0	2	0.00	2
141	0	1	0.00	1
142	0	0		0
143	0	2	0.00	2
144	0	1	0.00	1
145	0	1	0.00	1
146	0	0		0
147	0	0		0
148	0	1	0.00	1
149	0	1	0.00	1

CHG context (R1)
================
position	count methylated	count unmethylated	% methylation	coverage
1	1	19	5.00	20
2	0	21	0.00	21
3	0	13	0.00	13
4	0	131	0.00	131
5	0	199	0.00	199
6	0	248	0.00	248
7	2	231	0.86	233
8	0	206	0.00	206
9	2	216	0.92	218
10	1	220	0.45	221
11	2	260	0.76	262
12	3	207	1.43	210
13	0	203	0.00	203
14	0	196	0.00	196
15	0	258	0.00	258
16	0	241	0.00	241
17	1	219	0.45	220
18	1	255	0.39	256
19	0	200	0.00	200
20	0	155	0.00	155
21	5	220	2.22	225
22	0	233	0.00	233
23	1	211	0.47	212
24	1	190	0.52	191
25	0	245	0.00	245
26	0	214	0.00	214
27	0	233	0.00	233
28	0	249	0.00	249
29	1	196	0.51	197
30	0	200	0.00	200
31	1	254	0.39	255
32	1	212	0.47	213
33	0	236	0.00	236
34	1	223	0.45	224
35	2	216	0.92	218
36	0	241	0.00	241
37	1	214	0.47	215
38	0	210	0.00	210
39	0	227	0.00	227
40	1	220	0.45	221
41	1	274	0.36	275
42	0	223	0.00	223
43	1	206	0.48	207
44	1	259	0.38	260
45	0	202	0.00	202
46	0	224	0.00	224
47	0	173	0.00	173
48	1	218	0.46	219
49	1	232	0.43	233
50	1	199	0.50	200
51	0	221	0.00	221
52	0	221	0.00	221
53	1	207	0.48	208
54	0	210	0.00	210
55	0	175	0.00	175
56	0	206	0.00	206
57	2	233	0.85	235
58	0	217	0.00	217
59	2	174	1.14	176
60	1	174	0.57	175
61	2	159	1.24	161
62	1	166	0.60	167
63	0	195	0.00	195
64	0	202	0.00	202
65	3	170	1.73	173
66	2	180	1.10	182
67	0	190	0.00	190
68	2	203	0.98	205
69	1	196	0.51	197
70	0	207	0.00	207
71	0	159	0.00	159
72	0	154	0.00	154
73	2	187	1.06	189
74	0	164	0.00	164
75	0	142	0.00	142
76	0	170	0.00	170
77	0	178	0.00	178
78	2	148	1.33	150
79	0	164	0.00	164
80	1	150	0.66	151
81	0	182	0.00	182
82	1	105	0.94	106
83	0	136	0.00	136
84	1	115	0.86	116
85	0	120	0.00	120
86	0	165	0.00	165
87	1	96	1.03	97
88	0	126	0.00	126
89	0	119	0.00	119
90	0	98	0.00	98
91	0	135	0.00	135
92	0	103	0.00	103
93	0	74	0.00	74
94	0	97	0.00	97
95	1	96	1.03	97
96	0	114	0.00	114
97	1	112	0.88	113
98	1	85	1.16	86
99	0	37	0.00	37
100	0	5	0.00	5
101	0	2	0.00	2
102	0	6	0.00	6
103	1	4	20.00	5
104	0	3	0.00	3
105	0	2	0.00	2
106	0	5	0.00	5
107	0	0		0
108	0	4	0.00	4
109	0	4	0.00	4
110	0	2	0.00	2
111	0	2	0.00	2
112	0	2	0.00	2
113	0	3	0.00	3
114	0	1	0.00	1
115	0	1	0.00	1
116	0	2	0.00	2
117	0	0		0
118	0	3	0.00	3
119	0	2	0.00	2
120	0	2	0.00	2
121	0	1	0.00	1
122	0	2	0.00	2
123	0	1	0.00	1
124	0	3	0.00	3
125	0	0		0
126	0	1	0.00	1
127	0	3	0.00	3
128	0	0		0
129	0	1	0.00	1
130	0	2	0.00	2
131	0	0		0
132	0	0		0
133	0	1	0.00	1
134	0	1	0.00	1
135	0	0		0
136	0	2	0.00	2
137	0	0		0
138	0	0		0
139	0	3	0.00	3
140	0	0		0
141	0	1	0.00	1
142	0	3	0.00	3
143	0	0		0
144	0	0		0
145	0	1	0.00	1
146	0	0		0
147	0	1	0.00	1
148	0	1	0.00	1
149	0	0		0

CHH context (R1)
================
position	count methylated	count unmethylated	% methylation	coverage
1	0	25	0.00	25
2	0	33	0.00	33
3	0	24	0.00	24
4	0	355	0.00	355
5	2	405	0.49	407
6	1	422	0.24	423
7	2	384	0.52	386
8	0	366	0.00	366
9	0	314	0.00	314
10	1	314	0.32	315
11	1	306	0.33	307
12	0	316	0.00	316
13	1	371	0.27	372
14	2	404	0.49	406
15	2	398	0.50	400
16	0	376	0.00	376
17	2	340	0.58	342
18	1	327	0.30	328
19	1	329	0.30	330
20	1	357	0.28	358
21	0	363	0.00	363
22	0	319	0.00	319
23	2	364	0.55	366
24	2	355	0.56	357
25	1	376	0.27	377
26	0	382	0.00	382
27	1	377	0.26	378
28	2	349	0.57	351
29	2	331	0.60	333
30	1	377	0.26	378
31	1	358	0.28	359
32	1	383	0.26	384
33	0	318	0.00	318
34	0	334	0.00	334
35	1	332	0.30	333
36	0	366	0.00	366
37	1	356	0.28	357
38	0	351	0.00	351
39	2	334	0.60	336
40	2	331	0.60	333
41	4	353	1.12	357
42	0	305	0.00	305
43	2	322	0.62	324
44	0	333	0.00	333
45	1	301	0.33	302
46	0	314	0.00	314
47	2	337	0.59	339
48	2	322	0.62	324
49	1	376	0.27	377
50	0	388	0.00	388
51	0	394	0.00	394
52	2	326	0.61	328
53	3	334	0.89	337
54	0	328	0.00	328
55	0	308	0.00	308
56	0	311	0.00	311
57	0	292	0.00	292
58	2	301	0.66	303
59	1	352	0.28	353
60	0	322	0.00	322
61	2	309	0.64	311
62	1	334	0.30	335
63	1	322	0.31	323
64	1	331	0.30	332
65	1	295	0.34	296
66	3	284	1.05	287
67	1	334	0.30	335
68	1	330	0.30	331
69	2	294	0.68	296
70	1	263	0.38	264
71	1	297	0.34	298
72	0	281	0.00	281
73	1	288	0.35	289
74	0	255	0.00	255
75	1	302	0.33	303
76	0	304	0.00	304
77	0	269	0.00	269
78	2	266	0.75	268
79	0	265	0.00	265
80	2	271	0.73	273
81	0	197	0.00	197
82	3	266	1.12	269
83	1	209	0.48	210
84	0	223	0.00	223
85	0	253	0.00	253
86	0	239	0.00	239
87	0	212	0.00	212
88	1	230	0.43	231
89	1	190	0.52	191
90	1	179	0.56	180
91	0	189	0.00	189
92	0	187	0.00	187
93	4	160	2.44	164
94	0	172	0.00	172
95	1	194	0.51	195
96	1	153	0.65	154
97	0	148	0.00	148
98	3	166	1.78	169
99	1	70	1.41	71
100	0	12	0.00	12
101	0	7	0.00	7
102	0	5	0.00	5
103	0	4	0.00	4
104	0	5	0.00	5
105	0	7	0.00	7
106	0	8	0.00	8
107	0	7	0.00	7
108	0	4	0.00	4
109	0	1	0.00	1
110	0	3	0.00	3
111	0	0		0
112	0	3	0.00	3
113	0	5	0.00	5
114	0	3	0.00	3
115	0	4	0.00	4
116	0	3	0.00	3
117	0	7	0.00	7
118	0	1	0.00	1
119	0	2	0.00	2
120	0	1	0.00	1
121	0	3	0.00	3
122	0	1	0.00	1
123	0	1	0.00	1
124	0	2	0.00	2
125	0	2	0.00	2
126	0	2	0.00	2
127	0	1	0.00	1
128	0	1	0.00	1
129	0	3	0.00	3
130	0	1	0.00	1
131	0	2	0.00	2
132	0	4	0.00	4
133	0	3	0.00	3
134	0	2	0.00	2
135	0	2	0.00	2
136	0	0		0
137	0	0		0
138	0	0		0
139	0	2	0.00	2
140	0	0		0
141	0	0		0
142	0	0		0
143	0	1	0.00	1
144	0	0		0
145	0	0		0
146	0	1	0.00	1
147	0	2	0.00	2
148	0	2	0.00	2
149	0	1	0.00	1

CpG context (R2)
================
position	count methylated	count unmethylated	% methylation	coverage
1	0	18	0.00	18
2	0	18	0.00	18
3	2	88	2.22	90
4	2	78	2.50	80
5	7	109	6.03	116
6	5	88	5.38	93
7	8	122	6.15	130
8	3	72	4.00	75
9	5	82	5.75	87
10	6	76	7.32	82
11	6	71	7.79	77
12	7	70	9.09	77
13	5	86	5.49	91
14	3	52	5.45	55
15	2	75	2.60	77
16	0	48	0.00	48
17	2	42	4.55	44
18	3	46	6.12	49
19	1	32	3.03	33
20	2	54	3.57	56
21	3	37	7.50	40
22	2	39	4.88	41
23	4	35	10.26	39
24	2	77	2.53	79
25	3	28	9.68	31
26	0	38	0.00	38
27	2	35	5.41	37
28	1	17	5.56	18
29	2	26	7.14	28
30	2	24	7.69	26
31	1	24	4.00	25
32	3	31	8.82	34
33	1	13	7.14	14
34	2	20	9.09	22
35	2	13	13.33	15
36	1	19	5.00	20
37	4	19	17.39	23
38	2	16	11.11	18
39	0	10	0.00	10
40	3	9	25.00	12
41	1	10	9.09	11
42	0	13	0.00	13
43	0	14	0.00	14
44	2	13	13.33	15
45	1	1	50.00	2
46	1	10	9.09	11
47	0	5	0.00	5
48	0	5	0.00	5
49	0	5	0.00	5
50	1	7	12.50	8
51	1	3	25.00	4
52	1	4	20.00	5
53	1	3	25.00	4
54	1	7	12.50	8
55	0	3	0.00	3
56	0	3	0.00	3
57	1	5	16.67	6
58	0	4	0.00	4
59	1	1	50.00	2
60	1	4	20.00	5
61	2	1	66.67	3
62	0	2	0.00	2
63	0	2	0.00	2
64	0	1	0.00	1
65	1	0	100.00	1
66	0	1	0.00	1
67	0	4	0.00	4
68	0	1	0.00	1
69	0	3	0.00	3
70	0	0		0
71	0	1	0.00	1
72	0	3	0.00	3
73	0	0		0
74	0	0		0
75	0	1	0.00	1
76	0	0		0
77	0	2	0.00	2
78	0	0		0
79	0	1	0.00	1
80	0	0		0
81	0	1	0.00	1
82	0	1	0.00	1
83	0	0		0
84	0	0		0
85	0	1	0.00	1
86	0	1	0.00	1
87	0	0		0
88	0	0		0
89	0	1	0.00	1
90	0	0		0
91	0	1	0.00	1
92	0	0		0
93	0	0		0
94	0	0		0
95	0	0		0
96	0	0		0
97	0	1	0.00	1

CHG context (R2)
================
position	count methylated	count unmethylated	% methylation	coverage
1	8	2137	0.37	2145
2	0	17	0.00	17
3	0	9	0.00	9
4	1	47	2.08	48
5	0	61	0.00	61
6	0	75	0.00	75
7	0	76	0.00	76
8	1	78	1.27	79
9	0	72	0.00	72
10	0	54	0.00	54
11	3	66	4.35	69
12	0	35	0.00	35
13	0	45	0.00	45
14	0	65	0.00	65
15	0	35	0.00	35
16	0	54	0.00	54
17	0	51	0.00	51
18	1	55	1.79	56
19	0	38	0.00	38
20	0	44	0.00	44
21	0	38	0.00	38
22	0	48	0.00	48
23	0	17	0.00	17
24	0	20	0.00	20
25	0	47	0.00	47
26	0	26	0.00	26
27	0	10	0.00	10
28	0	18	0.00	18
29	0	25	0.00	25
30	0	24	0.00	24
31	0	25	0.00	25
32	0	20	0.00	20
33	0	25	0.00	25
34	0	10	0.00	10
35	0	22	0.00	22
36	0	14	0.00	14
37	0	15	0.00	15
38	0	15	0.00	15
39	0	9	0.00	9
40	0	15	0.00	15
41	0	14	0.00	14
42	0	4	0.00	4
43	0	6	0.00	6
44	0	1	0.00	1
45	0	12	0.00	12
46	0	3	0.00	3
47	0	6	0.00	6
48	1	10	9.09	11
49	0	7	0.00	7
50	1	5	16.67	6
51	0	3	0.00	3
52	0	9	0.00	9
53	0	4	0.00	4
54	0	2	0.00	2
55	0	8	0.00	8
56	0	3	0.00	3
57	0	0		0
58	0	1	0.00	1
59	0	1	0.00	1
60	0	4	0.00	4
61	0	5	0.00	5
62	0	1	0.00	1
63	0	1	0.00	1
64	1	1	50.00	2
65	0	0		0
66	0	0		0
67	0	0		0
68	0	1	0.00	1
69	0	0		0
70	1	1	50.00	2
71	0	1	0.00	1
72	0	0		0
73	0	4	0.00	4
74	0	2	0.00	2
75	0	0		0
76	0	0		0
77	0	1	0.00	1
78	0	0		0
79	0	0		0
80	0	1	0.00	1
81	0	0		0
82	0	1	0.00	1
83	0	0		0
84	0	0		0
85	0	1	0.00	1
86	0	1	0.00	1
87	0	0		0
88	0	0		0
89	0	0		0
90	0	0		0
91	0	0		0
92	0	0		0
93	0	1	0.00	1
94	0	0		0
95	0	1	0.00	1
96	0	0		0
97	0	0		0

CHH context (R2)
================
position	count methylated	count unmethylated	% methylation	coverage
1	0	14	0.00	14
2	2	962	0.21	964
3	0	257	0.00	257
4	0	155	0.00	155
5	0	120	0.00	120
6	0	80	0.00	80
7	0	89	0.00	89
8	1	136	0.73	137
9	1	119	0.83	120
10	0	126	0.00	126
11	0	76	0.00	76
12	1	76	1.30	77
13	1	56	1.75	57
14	0	72	0.00	72
15	0	82	0.00	82
16	0	52	0.00	52
17	0	71	0.00	71
18	0	88	0.00	88
19	0	86	0.00	86
20	0	41	0.00	41
21	0	48	0.00	48
22	0	36	0.00	36
23	0	38	0.00	38
24	0	39	0.00	39
25	0	30	0.00	30
26	0	37	0.00	37
27	0	28	0.00	28
28	1	22	4.35	23
29	1	33	2.94	34
30	0	26	0.00	26
31	0	30	0.00	30
32	0	31	0.00	31
33	0	25	0.00	25
34	0	25	0.00	25
35	0	14	0.00	14
36	0	16	0.00	16
37	0	18	0.00	18
38	0	12	0.00	12
39	0	7	0.00	7
40	0	13	0.00	13
41	0	14	0.00	14
42	0	17	0.00	17
43	0	22	0.00	22
44	0	19	0.00	19
45	0	16	0.00	16
46	0	15	0.00	15
47	0	10	0.00	10
48	0	6	0.00	6
49	0	8	0.00	8
50	0	6	0.00	6
51	0	13	0.00	13
52	0	13	0.00	13
53	0	7	0.00	7
54	0	11	0.00	11
55	0	8	0.00	8
56	0	7	0.00	7
57	0	3	0.00	3
58	0	4	0.00	4
59	0	1	0.00	1
60	0	0		0
61	0	1	0.00	1
62	0	5	0.00	5
63	0	2	0.00	2
64	0	2	0.00	2
65	0	2	0.00	2
66	0	1	0.00	1
67	0	0		0
68	0	2	0.00	2
69	0	2	0.00	2
70	0	1	0.00	1
71	0	0		0
72	0	0		0
73	0	0		0
74	0	1	0.00	1
75	0	3	0.00	3
76	0	0		0
77	0	2	0.00	2
78	1	2	33.33	3
79	0	0		0
80	0	0		0
81	0	0		0
82	0	0		0
83	0	0		0
84	0	0		0
85	0	0		0
86	0	0		0
87	0	1	0.00	1
88	0	0		0
89	0	1	0.00	1
90	0	0		0
91	0	0		0
92	0	0		0
93	0	0		0
94	0	0		0
95	0	0		0
96	0	0		0
97	0	0		0

