CpG context (R1)
================
position	count methylated	count unmethylated	% methylation	coverage
1	227	2156	9.53	2383
2	0	12	0.00	12
3	1	16	5.88	17
4	16	167	8.74	183
5	11	240	4.38	251
6	13	275	4.51	288
7	8	215	3.59	223
8	19	271	6.55	290
9	13	221	5.56	234
10	14	285	4.68	299
11	12	217	5.24	229
12	20	271	6.87	291
13	18	263	6.41	281
14	14	264	5.04	278
15	13	239	5.16	252
16	27	281	8.77	308
17	10	225	4.26	235
18	10	238	4.03	248
19	17	288	5.57	305
20	9	228	3.80	237
21	11	241	4.37	252
22	7	290	2.36	297
23	18	247	6.79	265
24	10	232	4.13	242
25	9	326	2.69	335
26	10	270	3.57	280
27	15	270	5.26	285
28	17	271	5.90	288
29	9	274	3.18	283
30	8	256	3.03	264
31	18	265	6.36	283
32	10	284	3.40	294
33	5	223	2.19	228
34	11	246	4.28	257
35	12	302	3.82	314
36	7	227	2.99	234
37	18	293	5.79	311
38	11	246	4.28	257
39	10	256	3.76	266
40	19	249	7.09	268
41	15	246	5.75	261
42	13	271	4.58	284
43	9	267	3.26	276
44	17	256	6.23	273
45	10	257	3.75	267
46	14	258	5.15	272
47	16	278	5.44	294
48	11	254	4.15	265
49	13	213	5.75	226
50	9	268	3.25	277
51	15	252	5.62	267
52	11	246	4.28	257
53	12	218	5.22	230
54	14	263	5.05	277
55	16	283	5.35	299
56	8	235	3.29	243
57	7	242	2.81	249
58	13	242	5.10	255
59	9	282	3.09	291
60	13	231	5.33	244
61	10	232	4.13	242
62	7	243	2.80	250
63	12	210	5.41	222
64	14	222	5.93	236
65	11	269	3.93	280
66	10	248	3.88	258
67	12	220	5.17	232
68	5	205	2.38	210
69	11	213	4.91	224
70	11	229	4.58	240
71	11	251	4.20	262
72	7	227	2.99	234
73	9	235	3.69	244
74	11	208	5.02	219
75	8	165	4.62	173
76	21	201	9.46	222
77	7	212	3.20	219
78	12	187	6.03	199
79	5	205	2.38	210
80	6	178	3.26	184
81	7	171	3.93	178
82	4	188	2.08	192
83	8	112	6.67	120
84	9	164	5.20	173
85	2	179	1.10	181
86	9	145	5.84	154
87	11	164	6.29	175
88	3	121	2.42	124
89	11	160	6.43	171
90	7	113	5.83	120
91	9	141	6.00	150
92	4	133	2.92	137
93	5	127	3.79	132
94	3	105	2.78	108
95	4	102	3.77	106
96	6	94	6.00	100
97	5	109	4.39	114
98	5	107	4.46	112
99	1	52	1.89	53
100	1	6	14.29	7
101	0	3	0.00	3
102	1	6	14.29	7
103	2	5	28.57	7
104	0	5	0.00	5
105	0	1	0.00	1
106	1	13	7.14	14
107	1	3	25.00	4
108	0	7	0.00	7
109	0	6	0.00	6
110	0	2	0.00	2
111	1	8	11.11	9
112	0	3	0.00	3
113	1	3	25.00	4
114	0	6	0.00	6
115	0	2	0.00	2
116	0	1	0.00	1
117	0	4	0.00	4
118	0	6	0.00	6
119	0	4	0.00	4
120	0	3	0.00	3
121	1	4	20.00	5
122	0	1	0.00	1
123	0	5	0.00	5
124	0	2	0.00	2
125	0	3	0.00	3
126	0	1	0.00	1
127	0	1	0.00	1
128	0	2	0.00	2
129	0	2	0.00	2
130	1	2	33.33	3
131	0	2	0.00	2
132	0	0		0
133	2	2	50.00	4
134	0	2	0.00	2
135	0	1	0.00	1
136	1	2	33.33	3
137	0	1	0.00	1
138	1	4	20.00	5
139	0	1	0.00	1
140	0	1	0.00	1
141	0	1	0.00	1
142	0	4	0.00	4
143	1	0	100.00	1
144	0	2	0.00	2
145	0	2	0.00	2
146	0	0		0
147	0	1	0.00	1
148	1	0	100.00	1
149	0	1	0.00	1

CHG context (R1)
================
position	count methylated	count unmethylated	% methylation	coverage
1	0	10	0.00	10
2	2	25	7.41	27
3	0	9	0.00	9
4	0	145	0.00	145
5	1	214	0.47	215
6	3	234	1.27	237
7	1	240	0.41	241
8	0	202	0.00	202
9	1	236	0.42	237
10	2	216	0.92	218
11	0	241	0.00	241
12	1	202	0.49	203
13	0	226	0.00	226
14	1	204	0.49	205
15	2	240	0.83	242
16	0	221	0.00	221
17	1	246	0.40	247
18	1	240	0.41	241
19	0	203	0.00	203
20	1	165	0.60	166
21	2	213	0.93	215
22	2	262	0.76	264
23	1	173	0.57	174
24	0	221	0.00	221
25	2	223	0.89	225
26	0	201	0.00	201
27	1	229	0.43	230
28	1	244	0.41	245
29	1	195	0.51	196
30	1	174	0.57	175
31	1	265	0.38	266
32	2	213	0.93	215
33	0	239	0.00	239
34	0	230	0.00	230
35	0	239	0.00	239
36	0	203	0.00	203
37	0	207	0.00	207
38	0	225	0.00	225
39	0	223	0.00	223
40	0	186	0.00	186
41	1	272	0.37	273
42	2	212	0.93	214
43	0	218	0.00	218
44	3	246	1.20	249
45	1	221	0.45	222
46	0	218	0.00	218
47	2	186	1.06	188
48	0	205	0.00	205
49	0	210	0.00	210
50	1	209	0.48	210
51	1	223	0.45	224
52	1	218	0.46	219
53	1	215	0.46	216
54	1	181	0.55	182
55	0	191	0.00	191
56	2	208	0.95	210
57	1	184	0.54	185
58	3	201	1.47	204
59	1	176	0.56	177
60	1	148	0.67	149
61	0	175	0.00	175
62	0	170	0.00	170
63	1	159	0.62	160
64	1	195	0.51	196
65	0	180	0.00	180
66	0	179	0.00	179
67	0	176	0.00	176
68	1	187	0.53	188
69	0	173	0.00	173
70	0	168	0.00	168
71	0	172	0.00	172
72	0	152	0.00	152
73	1	193	0.52	194
74	0	165	0.00	165
75	0	157	0.00	157
76	1	158	0.63	159
77	2	170	1.16	172
78	0	153	0.00	153
79	0	149	0.00	149
80	0	127	0.00	127
81	0	187	0.00	187
82	0	111	0.00	111
83	0	123	0.00	123
84	0	141	0.00	141
85	0	109	0.00	109
86	0	159	0.00	159
87	0	101	0.00	101
88	1	120	0.83	121
89	0	125	0.00	125
90	2	96	2.04	98
91	0	129	0.00	129
92	0	93	0.00	93
93	0	79	0.00	79
94	0	110	0.00	110
95	1	97	1.02	98
96	0	86	0.00	86
97	0	113	0.00	113
98	0	104	0.00	104
99	1	39	2.50	40
100	1	6	14.29	7
101	0	6	0.00	6
102	0	3	0.00	3
103	0	7	0.00	7
104	0	4	0.00	4
105	0	8	0.00	8
106	0	5	0.00	5
107	1	5	16.67	6
108	0	3	0.00	3
109	0	2	0.00	2
110	0	3	0.00	3
111	0	2	0.00	2
112	0	2	0.00	2
113	0	6	0.00	6
114	0	2	0.00	2
115	0	0		0
116	0	5	0.00	5
117	0	3	0.00	3
118	0	3	0.00	3
119	0	2	0.00	2
120	0	2	0.00	2
121	0	3	0.00	3
122	0	4	0.00	4
123	0	4	0.00	4
124	0	2	0.00	2
125	0	3	0.00	3
126	0	2	0.00	2
127	0	4	0.00	4
128	0	2	0.00	2
129	0	0		0
130	0	3	0.00	3
131	0	3	0.00	3
132	0	4	0.00	4
133	0	1	0.00	1
134	0	1	0.00	1
135	0	2	0.00	2
136	0	2	0.00	2
137	0	0		0
138	0	0		0
139	0	1	0.00	1
140	0	1	0.00	1
141	0	2	0.00	2
142	0	1	0.00	1
143	0	0		0
144	0	1	0.00	1
145	0	0		0
146	0	0		0
147	0	1	0.00	1
148	0	1	0.00	1
149	0	0		0

CHH context (R1)
================
position	count methylated	count unmethylated	% methylation	coverage
1	2	40	4.76	42
2	0	28	0.00	28
3	0	22	0.00	22
4	1	350	0.28	351
5	2	407	0.49	409
6	3	388	0.77	391
7	0	368	0.00	368
8	2	354	0.56	356
9	0	317	0.00	317
10	2	343	0.58	345
11	1	333	0.30	334
12	0	334	0.00	334
13	2	392	0.51	394
14	0	335	0.00	335
15	2	388	0.51	390
16	0	364	0.00	364
17	0	314	0.00	314
18	1	308	0.32	309
19	1	324	0.31	325
20	3	361	0.82	364
21	2	337	0.59	339
22	1	313	0.32	314
23	3	326	0.91	329
24	1	347	0.29	348
25	1	393	0.25	394
26	3	346	0.86	349
27	1	405	0.25	406
28	2	363	0.55	365
29	0	343	0.00	343
30	2	358	0.56	360
31	0	339	0.00	339
32	0	350	0.00	350
33	6	334	1.76	340
34	1	310	0.32	311
35	0	299	0.00	299
36	0	404	0.00	404
37	1	381	0.26	382
38	1	358	0.28	359
39	1	321	0.31	322
40	1	325	0.31	326
41	0	325	0.00	325
42	0	341	0.00	341
43	0	330	0.00	330
44	2	356	0.56	358
45	1	328	0.30	329
46	1	329	0.30	330
47	0	335	0.00	335
48	1	328	0.30	329
49	0	378	0.00	378
50	0	386	0.00	386
51	0	372	0.00	372
52	1	308	0.32	309
53	1	331	0.30	332
54	0	332	0.00	332
55	0	318	0.00	318
56	4	297	1.33	301
57	1	289	0.34	290
58	0	285	0.00	285
59	0	297	0.00	297
60	3	312	0.95	315
61	1	335	0.30	336
62	0	328	0.00	328
63	1	278	0.36	279
64	0	363	0.00	363
65	1	338	0.29	339
66	1	273	0.36	274
67	2	335	0.59	337
68	1	363	0.27	364
69	1	288	0.35	289
70	4	273	1.44	277
71	0	278	0.00	278
72	0	300	0.00	300
73	0	285	0.00	285
74	0	224	0.00	224
75	0	294	0.00	294
76	1	276	0.36	277
77	0	261	0.00	261
78	1	246	0.40	247
79	1	236	0.42	237
80	1	284	0.35	285
81	1	262	0.38	263
82	1	262	0.38	263
83	1	265	0.38	266
84	1	245	0.41	246
85	1	274	0.36	275
86	1	266	0.37	267
87	1	214	0.47	215
88	0	249	0.00	249
89	0	201	0.00	201
90	0	177	0.00	177
91	0	145	0.00	145
92	2	175	1.13	177
93	5	191	2.55	196
94	0	163	0.00	163
95	0	191	0.00	191
96	1	179	0.56	180
97	0	182	0.00	182
98	1	151	0.66	152
99	0	67	0.00	67
100	0	8	0.00	8
101	0	17	0.00	17
102	0	11	0.00	11
103	0	11	0.00	11
104	0	14	0.00	14
105	0	7	0.00	7
106	0	14	0.00	14
107	0	8	0.00	8
108	0	3	0.00	3
109	0	3	0.00	3
110	0	5	0.00	5
111	1	0	100.00	1
112	0	7	0.00	7
113	0	6	0.00	6
114	0	6	0.00	6
115	0	6	0.00	6
116	0	3	0.00	3
117	0	5	0.00	5
118	0	4	0.00	4
119	0	3	0.00	3
120	0	5	0.00	5
121	0	6	0.00	6
122	0	4	0.00	4
123	0	1	0.00	1
124	0	2	0.00	2
125	0	2	0.00	2
126	0	4	0.00	4
127	0	5	0.00	5
128	0	5	0.00	5
129	0	4	0.00	4
130	0	3	0.00	3
131	0	2	0.00	2
132	0	3	0.00	3
133	0	1	0.00	1
134	0	2	0.00	2
135	0	5	0.00	5
136	0	0		0
137	0	0		0
138	0	0		0
139	0	0		0
140	0	3	0.00	3
141	0	1	0.00	1
142	0	0		0
143	0	1	0.00	1
144	0	0		0
145	0	1	0.00	1
146	0	2	0.00	2
147	0	2	0.00	2
148	0	1	0.00	1
149	0	0		0

CpG context (R2)
================
position	count methylated	count unmethylated	% methylation	coverage
1	1	26	3.70	27
2	0	12	0.00	12
3	0	69	0.00	69
4	1	76	1.30	77
5	1	102	0.97	103
6	6	67	8.22	73
7	8	126	5.97	134
8	6	54	10.00	60
9	7	77	8.33	84
10	2	71	2.74	73
11	5	66	7.04	71
12	5	54	8.47	59
13	1	66	1.49	67
14	2	39	4.88	41
15	2	57	3.39	59
16	3	50	5.66	53
17	0	32	0.00	32
18	5	46	9.80	51
19	0	39	0.00	39
20	2	50	3.85	52
21	0	24	0.00	24
22	1	39	2.50	40
23	4	39	9.30	43
24	0	44	0.00	44
25	0	31	0.00	31
26	2	24	7.69	26
27	4	31	11.43	35
28	0	17	0.00	17
29	2	37	5.13	39
30	3	13	18.75	16
31	3	28	9.68	31
32	0	19	0.00	19
33	1	14	6.67	15
34	1	25	3.85	26
35	2	9	18.18	11
36	0	18	0.00	18
37	0	19	0.00	19
38	5	19	20.83	24
39	0	10	0.00	10
40	0	10	0.00	10
41	0	12	0.00	12
42	0	8	0.00	8
43	2	13	13.33	15
44	0	17	0.00	17
45	1	5	16.67	6
46	2	14	12.50	16
47	1	5	16.67	6
48	0	5	0.00	5
49	0	4	0.00	4
50	1	4	20.00	5
51	0	4	0.00	4
52	2	10	16.67	12
53	0	2	0.00	2
54	1	4	20.00	5
55	0	6	0.00	6
56	0	1	0.00	1
57	0	3	0.00	3
58	0	6	0.00	6
59	0	3	0.00	3
60	1	2	33.33	3
61	0	2	0.00	2
62	0	0		0
63	0	3	0.00	3
64	0	1	0.00	1
65	0	0		0
66	0	1	0.00	1
67	1	0	100.00	1
68	0	1	0.00	1
69	0	0		0
70	1	0	100.00	1
71	0	2	0.00	2
72	0	0		0
73	0	0		0
74	0	0		0
75	0	2	0.00	2
76	0	0		0
77	0	2	0.00	2
78	0	0		0
79	0	1	0.00	1
80	0	0		0
81	0	0		0
82	0	1	0.00	1
83	0	0		0
84	0	0		0
85	0	0		0
86	0	0		0

CHG context (R2)
================
position	count methylated	count unmethylated	% methylation	coverage
1	13	2103	0.61	2116
2	0	36	0.00	36
3	0	6	0.00	6
4	1	36	2.70	37
5	0	59	0.00	59
6	1	54	1.82	55
7	0	55	0.00	55
8	1	92	1.08	93
9	0	66	0.00	66
10	0	65	0.00	65
11	0	81	0.00	81
12	0	31	0.00	31
13	0	39	0.00	39
14	1	43	2.27	44
15	0	42	0.00	42
16	0	29	0.00	29
17	0	52	0.00	52
18	0	47	0.00	47
19	0	32	0.00	32
20	0	51	0.00	51
21	0	38	0.00	38
22	0	42	0.00	42
23	0	19	0.00	19
24	0	25	0.00	25
25	0	33	0.00	33
26	0	18	0.00	18
27	1	13	7.14	14
28	0	20	0.00	20
29	0	19	0.00	19
30	1	28	3.45	29
31	1	20	4.76	21
32	0	22	0.00	22
33	0	20	0.00	20
34	0	20	0.00	20
35	0	20	0.00	20
36	0	13	0.00	13
37	0	11	0.00	11
38	0	14	0.00	14
39	0	15	0.00	15
40	0	13	0.00	13
41	0	17	0.00	17
42	0	4	0.00	4
43	0	12	0.00	12
44	0	3	0.00	3
45	0	9	0.00	9
46	0	3	0.00	3
47	0	7	0.00	7
48	0	9	0.00	9
49	0	6	0.00	6
50	0	7	0.00	7
51	0	2	0.00	2
52	0	9	0.00	9
53	0	7	0.00	7
54	0	0		0
55	0	7	0.00	7
56	0	1	0.00	1
57	0	0		0
58	0	6	0.00	6
59	0	1	0.00	1
60	0	5	0.00	5
61	0	1	0.00	1
62	0	0		0
63	0	3	0.00	3
64	0	3	0.00	3
65	0	0		0
66	0	0		0
67	0	1	0.00	1
68	0	2	0.00	2
69	0	1	0.00	1
70	0	0		0
71	0	2	0.00	2
72	0	0		0
73	0	0		0
74	0	0		0
75	0	0		0
76	0	1	0.00	1
77	0	0		0
78	0	0		0
79	0	0		0
80	0	0		0
81	0	0		0
82	0	0		0
83	0	1	0.00	1
84	0	0		0
85	0	0		0
86	0	1	0.00	1

CHH context (R2)
================
position	count methylated	count unmethylated	% methylation	coverage
1	0	12	0.00	12
2	4	995	0.40	999
3	0	242	0.00	242
4	0	178	0.00	178
5	0	151	0.00	151
6	2	94	2.08	96
7	0	120	0.00	120
8	1	126	0.79	127
9	0	103	0.00	103
10	0	129	0.00	129
11	0	84	0.00	84
12	0	79	0.00	79
13	0	64	0.00	64
14	0	81	0.00	81
15	0	52	0.00	52
16	0	51	0.00	51
17	0	67	0.00	67
18	1	68	1.45	69
19	1	75	1.32	76
20	0	46	0.00	46
21	0	51	0.00	51
22	0	37	0.00	37
23	0	51	0.00	51
24	1	33	2.94	34
25	0	49	0.00	49
26	0	36	0.00	36
27	0	32	0.00	32
28	0	35	0.00	35
29	0	34	0.00	34
30	0	24	0.00	24
31	0	28	0.00	28
32	1	36	2.70	37
33	0	15	0.00	15
34	0	23	0.00	23
35	0	21	0.00	21
36	0	18	0.00	18
37	0	11	0.00	11
38	0	15	0.00	15
39	0	8	0.00	8
40	0	21	0.00	21
41	1	18	5.26	19
42	0	19	0.00	19
43	0	15	0.00	15
44	0	21	0.00	21
45	0	12	0.00	12
46	0	12	0.00	12
47	0	14	0.00	14
48	0	8	0.00	8
49	0	10	0.00	10
50	0	4	0.00	4
51	0	14	0.00	14
52	1	12	7.69	13
53	0	11	0.00	11
54	0	11	0.00	11
55	0	11	0.00	11
56	0	13	0.00	13
57	0	1	0.00	1
58	0	5	0.00	5
59	0	2	0.00	2
60	0	1	0.00	1
61	0	1	0.00	1
62	0	1	0.00	1
63	0	0		0
64	0	0		0
65	0	0		0
66	0	0		0
67	0	0		0
68	0	3	0.00	3
69	0	3	0.00	3
70	0	1	0.00	1
71	0	1	0.00	1
72	0	0		0
73	0	1	0.00	1
74	0	0		0
75	0	0		0
76	0	0		0
77	0	0		0
78	0	0		0
79	0	0		0
80	0	0		0
81	0	0		0
82	0	0		0
83	0	0		0
84	0	0		0
85	0	0		0
86	0	0		0

