CpG context (R1)
================
position	count methylated	count unmethylated	% methylation	coverage
1	203	2175	8.54	2378
2	3	13	18.75	16
3	1	11	8.33	12
4	8	187	4.10	195
5	17	197	7.94	214
6	12	266	4.32	278
7	6	206	2.83	212
8	13	290	4.29	303
9	11	223	4.70	234
10	14	239	5.53	253
11	11	259	4.07	270
12	16	280	5.41	296
13	12	303	3.81	315
14	13	240	5.14	253
15	21	274	7.12	295
16	14	258	5.15	272
17	16	243	6.18	259
18	10	242	3.97	252
19	13	302	4.13	315
20	9	227	3.81	236
21	9	230	3.77	239
22	13	292	4.26	305
23	9	265	3.28	274
24	12	231	4.94	243
25	10	278	3.47	288
26	11	276	3.83	287
27	10	257	3.75	267
28	15	260	5.45	275
29	8	259	3.00	267
30	15	257	5.51	272
31	18	256	6.57	274
32	12	320	3.61	332
33	17	217	7.26	234
34	8	253	3.07	261
35	11	266	3.97	277
36	11	222	4.72	233
37	13	237	5.20	250
38	10	260	3.70	270
39	6	228	2.56	234
40	12	267	4.30	279
41	11	225	4.66	236
42	10	258	3.73	268
43	13	251	4.92	264
44	12	216	5.26	228
45	14	302	4.43	316
46	17	224	7.05	241
47	9	271	3.21	280
48	15	235	6.00	250
49	12	234	4.88	246
50	11	243	4.33	254
51	12	236	4.84	248
52	7	215	3.15	222
53	10	236	4.07	246
54	7	244	2.79	251
55	9	274	3.18	283
56	19	206	8.44	225
57	10	225	4.26	235
58	10	254	3.79	264
59	13	263	4.71	276
60	12	232	4.92	244
61	17	227	6.97	244
62	10	237	4.05	247
63	13	233	5.28	246
64	16	233	6.43	249
65	20	237	7.78	257
66	10	277	3.48	287
67	16	215	6.93	231
68	11	203	5.14	214
69	6	209	2.79	215
70	11	207	5.05	218
71	14	253	5.24	267
72	10	244	3.94	254
73	5	233	2.10	238
74	15	194	7.18	209
75	12	187	6.03	199
76	12	207	5.48	219
77	9	237	3.66	246
78	5	201	2.43	206
79	14	223	5.91	237
80	7	190	3.55	197
81	5	167	2.91	172
82	5	202	2.42	207
83	11	154	6.67	165
84	4	146	2.67	150
85	9	188	4.57	197
86	12	150	7.41	162
87	6	173	3.35	179
88	3	112	2.61	115
89	10	158	5.95	168
90	5	121	3.97	126
91	4	136	2.86	140
92	6	142	4.05	148
93	3	122	2.40	125
94	5	131	3.68	136
95	5	118	4.07	123
96	3	106	2.75	109
97	6	133	4.32	139
98	6	93	6.06	99
99	3	41	6.82	44
100	1	6	14.29	7
101	1	4	20.00	5
102	0	1	0.00	1
103	0	8	0.00	8
104	1	4	20.00	5
105	0	3	0.00	3
106	0	4	0.00	4
107	0	1	0.00	1
108	0	7	0.00	7
109	0	6	0.00	6
110	0	2	0.00	2
111	0	2	0.00	2
112	0	9	0.00	9
113	0	2	0.00	2
114	0	4	0.00	4
115	1	2	33.33	3
116	0	4	0.00	4
117	0	5	0.00	5
118	1	3	25.00	4
119	0	2	0.00	2
120	0	0		0
121	0	5	0.00	5
122	1	1	50.00	2
123	0	4	0.00	4
124	0	3	0.00	3
125	0	2	0.00	2
126	0	3	0.00	3
127	0	1	0.00	1
128	0	2	0.00	2
129	0	2	0.00	2
130	0	1	0.00	1
131	0	4	0.00	4
132	0	1	0.00	1
133	0	3	0.00	3
134	0	1	0.00	1
135	0	1	0.00	1
136	0	0		0
137	0	2	0.00	2
138	0	1	0.00	1
139	0	1	0.00	1
140	0	0		0
141	0	3	0.00	3
142	0	2	0.00	2
143	0	3	0.00	3
144	0	2	0.00	2
145	0	0		0
146	1	0	100.00	1
147	0	0		0
148	0	0		0
149	0	3	0.00	3

CHG context (R1)
================
position	count methylated	count unmethylated	% methylation	coverage
1	0	13	0.00	13
2	0	20	0.00	20
3	0	9	0.00	9
4	0	140	0.00	140
5	2	219	0.90	221
6	0	226	0.00	226
7	3	269	1.10	272
8	0	206	0.00	206
9	1	222	0.45	223
10	1	244	0.41	245
11	0	248	0.00	248
12	0	194	0.00	194
13	0	193	0.00	193
14	0	210	0.00	210
15	2	218	0.91	220
16	1	228	0.44	229
17	0	226	0.00	226
18	0	239	0.00	239
19	3	214	1.38	217
20	0	166	0.00	166
21	2	215	0.92	217
22	0	214	0.00	214
23	0	199	0.00	199
24	1	190	0.52	191
25	1	256	0.39	257
26	0	191	0.00	191
27	2	236	0.84	238
28	0	250	0.00	250
29	1	193	0.52	194
30	1	168	0.59	169
31	1	239	0.42	240
32	0	191	0.00	191
33	1	226	0.44	227
34	1	222	0.45	223
35	0	223	0.00	223
36	0	183	0.00	183
37	0	219	0.00	219
38	0	195	0.00	195
39	1	205	0.49	206
40	1	208	0.48	209
41	2	264	0.75	266
42	0	234	0.00	234
43	1	196	0.51	197
44	1	267	0.37	268
45	1	199	0.50	200
46	0	226	0.00	226
47	0	171	0.00	171
48	1	205	0.49	206
49	0	211	0.00	211
50	2	189	1.05	191
51	2	231	0.86	233
52	2	219	0.90	221
53	2	178	1.11	180
54	2	183	1.08	185
55	0	192	0.00	192
56	3	248	1.20	251
57	0	199	0.00	199
58	2	197	1.01	199
59	1	190	0.52	191
60	0	137	0.00	137
61	0	214	0.00	214
62	3	145	2.03	148
63	2	195	1.02	197
64	0	190	0.00	190
65	0	178	0.00	178
66	0	177	0.00	177
67	1	205	0.49	206
68	0	186	0.00	186
69	0	200	0.00	200
70	0	198	0.00	198
71	0	152	0.00	152
72	1	171	0.58	172
73	0	159	0.00	159
74	1	144	0.69	145
75	1	155	0.64	156
76	1	181	0.55	182
77	0	160	0.00	160
78	0	156	0.00	156
79	2	155	1.27	157
80	0	138	0.00	138
81	1	184	0.54	185
82	0	123	0.00	123
83	0	138	0.00	138
84	0	132	0.00	132
85	0	116	0.00	116
86	0	160	0.00	160
87	0	108	0.00	108
88	0	130	0.00	130
89	0	110	0.00	110
90	1	94	1.05	95
91	0	141	0.00	141
92	0	93	0.00	93
93	1	80	1.23	81
94	0	103	0.00	103
95	0	95	0.00	95
96	0	113	0.00	113
97	0	125	0.00	125
98	1	90	1.10	91
99	0	40	0.00	40
100	0	7	0.00	7
101	0	4	0.00	4
102	0	7	0.00	7
103	0	4	0.00	4
104	0	5	0.00	5
105	0	5	0.00	5
106	0	4	0.00	4
107	0	1	0.00	1
108	0	5	0.00	5
109	0	4	0.00	4
110	0	1	0.00	1
111	0	3	0.00	3
112	1	5	16.67	6
113	0	2	0.00	2
114	0	2	0.00	2
115	0	2	0.00	2
116	0	3	0.00	3
117	0	2	0.00	2
118	0	5	0.00	5
119	0	0		0
120	0	2	0.00	2
121	0	3	0.00	3
122	0	0		0
123	0	1	0.00	1
124	0	4	0.00	4
125	0	3	0.00	3
126	0	2	0.00	2
127	0	2	0.00	2
128	0	1	0.00	1
129	0	0		0
130	0	2	0.00	2
131	0	0		0
132	0	2	0.00	2
133	0	2	0.00	2
134	0	1	0.00	1
135	0	0		0
136	0	0		0
137	0	0		0
138	0	0		0
139	0	1	0.00	1
140	0	1	0.00	1
141	0	1	0.00	1
142	0	1	0.00	1
143	0	0		0
144	0	0		0
145	0	1	0.00	1
146	0	0		0
147	1	1	50.00	2
148	0	3	0.00	3
149	0	0		0

CHH context (R1)
================
position	count methylated	count unmethylated	% methylation	coverage
1	1	26	3.70	27
2	0	25	0.00	25
3	0	20	0.00	20
4	2	328	0.61	330
5	0	392	0.00	392
6	5	397	1.24	402
7	2	369	0.54	371
8	1	382	0.26	383
9	2	331	0.60	333
10	3	322	0.92	325
11	2	300	0.66	302
12	0	332	0.00	332
13	1	375	0.27	376
14	2	374	0.53	376
15	2	369	0.54	371
16	2	315	0.63	317
17	0	309	0.00	309
18	0	279	0.00	279
19	0	316	0.00	316
20	2	343	0.58	345
21	2	326	0.61	328
22	2	336	0.59	338
23	2	321	0.62	323
24	0	365	0.00	365
25	4	386	1.03	390
26	3	339	0.88	342
27	0	352	0.00	352
28	3	353	0.84	356
29	0	320	0.00	320
30	1	370	0.27	371
31	0	346	0.00	346
32	1	347	0.29	348
33	2	331	0.60	333
34	0	318	0.00	318
35	0	301	0.00	301
36	3	375	0.79	378
37	3	356	0.84	359
38	1	372	0.27	373
39	2	348	0.57	350
40	2	339	0.59	341
41	2	318	0.62	320
42	2	355	0.56	357
43	1	358	0.28	359
44	1	312	0.32	313
45	1	297	0.34	298
46	0	349	0.00	349
47	0	349	0.00	349
48	0	331	0.00	331
49	1	427	0.23	428
50	2	397	0.50	399
51	0	386	0.00	386
52	1	357	0.28	358
53	1	328	0.30	329
54	1	332	0.30	333
55	2	332	0.60	334
56	1	282	0.35	283
57	1	286	0.35	287
58	1	266	0.37	267
59	2	307	0.65	309
60	1	317	0.31	318
61	3	320	0.93	323
62	2	354	0.56	356
63	1	326	0.31	327
64	1	327	0.30	328
65	1	349	0.29	350
66	0	283	0.00	283
67	1	323	0.31	324
68	0	295	0.00	295
69	1	314	0.32	315
70	2	252	0.79	254
71	0	277	0.00	277
72	0	265	0.00	265
73	0	305	0.00	305
74	0	243	0.00	243
75	1	296	0.34	297
76	0	268	0.00	268
77	0	248	0.00	248
78	2	253	0.78	255
79	0	273	0.00	273
80	1	286	0.35	287
81	1	235	0.42	236
82	1	258	0.39	259
83	2	231	0.86	233
84	0	239	0.00	239
85	0	249	0.00	249
86	0	249	0.00	249
87	0	234	0.00	234
88	0	265	0.00	265
89	1	215	0.46	216
90	0	184	0.00	184
91	0	155	0.00	155
92	2	194	1.02	196
93	3	169	1.74	172
94	0	173	0.00	173
95	0	186	0.00	186
96	1	134	0.74	135
97	0	146	0.00	146
98	0	145	0.00	145
99	0	55	0.00	55
100	0	8	0.00	8
101	0	11	0.00	11
102	0	11	0.00	11
103	0	8	0.00	8
104	0	8	0.00	8
105	0	11	0.00	11
106	0	9	0.00	9
107	0	8	0.00	8
108	0	5	0.00	5
109	0	1	0.00	1
110	0	8	0.00	8
111	0	3	0.00	3
112	0	4	0.00	4
113	0	5	0.00	5
114	0	7	0.00	7
115	0	9	0.00	9
116	0	2	0.00	2
117	0	3	0.00	3
118	0	2	0.00	2
119	0	5	0.00	5
120	0	2	0.00	2
121	0	3	0.00	3
122	0	1	0.00	1
123	0	2	0.00	2
124	0	4	0.00	4
125	0	3	0.00	3
126	0	3	0.00	3
127	0	1	0.00	1
128	0	2	0.00	2
129	0	2	0.00	2
130	0	0		0
131	0	4	0.00	4
132	0	2	0.00	2
133	0	2	0.00	2
134	0	0		0
135	0	2	0.00	2
136	0	1	0.00	1
137	0	2	0.00	2
138	0	1	0.00	1
139	0	0		0
140	0	1	0.00	1
141	0	0		0
142	0	0		0
143	0	0		0
144	0	1	0.00	1
145	0	0		0
146	0	2	0.00	2
147	0	3	0.00	3
148	0	2	0.00	2
149	0	0		0

CpG context (R2)
================
position	count methylated	count unmethylated	% methylation	coverage
1	0	21	0.00	21
2	0	17	0.00	17
3	5	69	6.76	74
4	3	77	3.75	80
5	5	102	4.67	107
6	5	90	5.26	95
7	5	119	4.03	124
8	3	89	3.26	92
9	4	69	5.48	73
10	1	81	1.22	82
11	4	65	5.80	69
12	3	67	4.29	70
13	8	79	9.20	87
14	0	44	0.00	44
15	4	68	5.56	72
16	1	51	1.92	52
17	0	29	0.00	29
18	3	50	5.66	53
19	2	43	4.44	45
20	4	30	11.76	34
21	1	34	2.86	35
22	4	33	10.81	37
23	4	35	10.26	39
24	2	54	3.57	56
25	1	34	2.86	35
26	1	38	2.56	39
27	5	40	11.11	45
28	0	27	0.00	27
29	1	34	2.86	35
30	2	17	10.53	19
31	3	33	8.33	36
32	0	14	0.00	14
33	4	26	13.33	30
34	2	16	11.11	18
35	1	15	6.25	16
36	2	9	18.18	11
37	3	21	12.50	24
38	1	20	4.76	21
39	0	11	0.00	11
40	0	6	0.00	6
41	0	12	0.00	12
42	0	9	0.00	9
43	2	10	16.67	12
44	1	15	6.25	16
45	0	0		0
46	2	8	20.00	10
47	0	11	0.00	11
48	1	9	10.00	10
49	0	5	0.00	5
50	1	7	12.50	8
51	0	10	0.00	10
52	0	8	0.00	8
53	1	2	33.33	3
54	2	7	22.22	9
55	0	4	0.00	4
56	0	1	0.00	1
57	4	2	66.67	6
58	0	4	0.00	4
59	0	2	0.00	2
60	2	1	66.67	3
61	0	2	0.00	2
62	1	0	100.00	1
63	0	5	0.00	5
64	0	2	0.00	2
65	2	2	50.00	4
66	0	0		0
67	0	2	0.00	2
68	0	0		0
69	0	2	0.00	2
70	0	0		0
71	0	0		0
72	0	1	0.00	1
73	0	0		0
74	0	0		0
75	0	0		0
76	0	0		0
77	0	0		0
78	0	0		0
79	0	1	0.00	1
80	0	1	0.00	1
81	0	1	0.00	1
82	0	0		0
83	0	1	0.00	1
84	0	0		0
85	0	0		0
86	0	0		0
87	0	0		0
88	0	0		0
89	0	0		0
90	0	0		0
91	0	0		0
92	0	0		0
93	0	0		0
94	0	1	0.00	1
95	0	0		0
96	0	0		0
97	0	1	0.00	1

CHG context (R2)
================
position	count methylated	count unmethylated	% methylation	coverage
1	19	2123	0.89	2142
2	0	27	0.00	27
3	0	8	0.00	8
4	0	35	0.00	35
5	0	51	0.00	51
6	0	76	0.00	76
7	0	82	0.00	82
8	1	78	1.27	79
9	0	73	0.00	73
10	3	50	5.66	53
11	0	76	0.00	76
12	0	34	0.00	34
13	0	41	0.00	41
14	1	57	1.72	58
15	0	59	0.00	59
16	0	44	0.00	44
17	0	52	0.00	52
18	0	43	0.00	43
19	0	52	0.00	52
20	0	60	0.00	60
21	0	33	0.00	33
22	0	44	0.00	44
23	0	30	0.00	30
24	0	14	0.00	14
25	1	34	2.86	35
26	1	23	4.17	24
27	0	13	0.00	13
28	0	23	0.00	23
29	0	27	0.00	27
30	0	23	0.00	23
31	1	34	2.86	35
32	0	17	0.00	17
33	0	12	0.00	12
34	0	26	0.00	26
35	0	21	0.00	21
36	0	22	0.00	22
37	0	11	0.00	11
38	0	9	0.00	9
39	0	10	0.00	10
40	0	14	0.00	14
41	0	14	0.00	14
42	0	5	0.00	5
43	0	14	0.00	14
44	0	2	0.00	2
45	0	10	0.00	10
46	0	3	0.00	3
47	0	4	0.00	4
48	0	7	0.00	7
49	0	17	0.00	17
50	0	5	0.00	5
51	0	2	0.00	2
52	0	6	0.00	6
53	0	3	0.00	3
54	0	1	0.00	1
55	0	6	0.00	6
56	0	3	0.00	3
57	0	2	0.00	2
58	0	3	0.00	3
59	0	2	0.00	2
60	0	3	0.00	3
61	0	1	0.00	1
62	0	1	0.00	1
63	0	3	0.00	3
64	0	1	0.00	1
65	0	0		0
66	0	0		0
67	0	2	0.00	2
68	0	0		0
69	0	0		0
70	0	0		0
71	0	0		0
72	0	1	0.00	1
73	0	1	0.00	1
74	0	2	0.00	2
75	0	2	0.00	2
76	0	0		0
77	0	0		0
78	0	2	0.00	2
79	0	0		0
80	0	0		0
81	0	0		0
82	0	0		0
83	0	0		0
84	0	0		0
85	0	0		0
86	0	0		0
87	1	0	100.00	1
88	0	0		0
89	0	0		0
90	0	0		0
91	0	0		0
92	0	0		0
93	0	0		0
94	0	0		0
95	0	0		0
96	0	0		0
97	0	0		0

CHH context (R2)
================
position	count methylated	count unmethylated	% methylation	coverage
1	0	11	0.00	11
2	2	994	0.20	996
3	0	237	0.00	237
4	0	205	0.00	205
5	1	135	0.74	136
6	0	101	0.00	101
7	0	104	0.00	104
8	1	124	0.80	125
9	0	90	0.00	90
10	0	121	0.00	121
11	0	82	0.00	82
12	1	82	1.20	83
13	0	57	0.00	57
14	0	81	0.00	81
15	1	71	1.39	72
16	0	85	0.00	85
17	0	69	0.00	69
18	0	76	0.00	76
19	0	77	0.00	77
20	0	61	0.00	61
21	0	60	0.00	60
22	0	40	0.00	40
23	0	39	0.00	39
24	0	36	0.00	36
25	0	32	0.00	32
26	0	29	0.00	29
27	0	32	0.00	32
28	0	30	0.00	30
29	0	39	0.00	39
30	0	27	0.00	27
31	0	22	0.00	22
32	0	31	0.00	31
33	0	23	0.00	23
34	0	15	0.00	15
35	0	31	0.00	31
36	0	22	0.00	22
37	0	19	0.00	19
38	0	26	0.00	26
39	0	5	0.00	5
40	0	16	0.00	16
41	0	15	0.00	15
42	0	20	0.00	20
43	0	11	0.00	11
44	0	17	0.00	17
45	0	13	0.00	13
46	0	16	0.00	16
47	0	8	0.00	8
48	0	3	0.00	3
49	0	15	0.00	15
50	0	9	0.00	9
51	0	14	0.00	14
52	0	14	0.00	14
53	0	10	0.00	10
54	0	13	0.00	13
55	0	9	0.00	9
56	0	8	0.00	8
57	0	3	0.00	3
58	0	4	0.00	4
59	0	2	0.00	2
60	0	2	0.00	2
61	0	3	0.00	3
62	0	2	0.00	2
63	0	1	0.00	1
64	0	2	0.00	2
65	0	1	0.00	1
66	0	1	0.00	1
67	0	0		0
68	0	3	0.00	3
69	0	2	0.00	2
70	0	0		0
71	0	0		0
72	0	1	0.00	1
73	0	0		0
74	0	0		0
75	0	2	0.00	2
76	0	1	0.00	1
77	0	1	0.00	1
78	0	1	0.00	1
79	0	1	0.00	1
80	0	0		0
81	0	0		0
82	0	0		0
83	0	0		0
84	0	0		0
85	0	0		0
86	0	0		0
87	0	0		0
88	0	0		0
89	0	0		0
90	0	0		0
91	0	0		0
92	0	0		0
93	0	0		0
94	0	0		0
95	0	0		0
96	0	0		0
97	0	0		0

