CpG context (R1)
================
position	count methylated	count unmethylated	% methylation	coverage
1	189	2165	8.03	2354
2	0	27	0.00	27
3	0	13	0.00	13
4	11	185	5.61	196
5	14	221	5.96	235
6	12	281	4.10	293
7	13	243	5.08	256
8	19	267	6.64	286
9	14	245	5.41	259
10	11	248	4.25	259
11	11	251	4.20	262
12	19	277	6.42	296
13	16	295	5.14	311
14	10	274	3.52	284
15	14	208	6.31	222
16	14	292	4.58	306
17	8	241	3.21	249
18	12	235	4.86	247
19	14	271	4.91	285
20	12	231	4.94	243
21	18	193	8.53	211
22	11	293	3.62	304
23	16	259	5.82	275
24	13	266	4.66	279
25	11	290	3.65	301
26	12	288	4.00	300
27	11	266	3.97	277
28	13	248	4.98	261
29	13	282	4.41	295
30	11	280	3.78	291
31	17	245	6.49	262
32	15	288	4.95	303
33	10	223	4.29	233
34	15	302	4.73	317
35	15	251	5.64	266
36	6	237	2.47	243
37	12	292	3.95	304
38	9	225	3.85	234
39	11	277	3.82	288
40	11	267	3.96	278
41	14	228	5.79	242
42	14	261	5.09	275
43	9	268	3.25	277
44	16	260	5.80	276
45	14	292	4.58	306
46	14	246	5.38	260
47	25	267	8.56	292
48	7	272	2.51	279
49	19	226	7.76	245
50	9	254	3.42	263
51	18	220	7.56	238
52	12	240	4.76	252
53	7	233	2.92	240
54	12	250	4.58	262
55	10	278	3.47	288
56	9	218	3.96	227
57	21	236	8.17	257
58	14	252	5.26	266
59	13	257	4.81	270
60	10	227	4.22	237
61	12	226	5.04	238
62	11	226	4.64	237
63	8	199	3.86	207
64	8	254	3.05	262
65	12	271	4.24	283
66	10	244	3.94	254
67	19	227	7.72	246
68	14	205	6.39	219
69	6	193	3.02	199
70	8	205	3.76	213
71	16	240	6.25	256
72	9	219	3.95	228
73	14	220	5.98	234
74	5	200	2.44	205
75	7	177	3.80	184
76	11	201	5.19	212
77	5	248	1.98	253
78	12	167	6.70	179
79	7	233	2.92	240
80	7	186	3.63	193
81	5	200	2.44	205
82	7	184	3.66	191
83	7	137	4.86	144
84	6	178	3.26	184
85	6	185	3.14	191
86	2	168	1.18	170
87	10	179	5.29	189
88	5	125	3.85	130
89	6	157	3.68	163
90	3	127	2.31	130
91	7	137	4.86	144
92	3	147	2.00	150
93	6	138	4.17	144
94	9	136	6.21	145
95	4	105	3.67	109
96	7	118	5.60	125
97	7	126	5.26	133
98	2	88	2.22	90
99	0	51	0.00	51
100	1	10	9.09	11
101	0	3	0.00	3
102	1	6	14.29	7
103	1	9	10.00	10
104	0	5	0.00	5
105	0	4	0.00	4
106	2	9	18.18	11
107	0	5	0.00	5
108	0	4	0.00	4
109	0	8	0.00	8
110	0	4	0.00	4
111	1	5	16.67	6
112	0	6	0.00	6
113	0	4	0.00	4
114	0	6	0.00	6
115	0	3	0.00	3
116	1	5	16.67	6
117	0	4	0.00	4
118	1	4	20.00	5
119	0	1	0.00	1
120	0	3	0.00	3
121	2	4	33.33	6
122	0	4	0.00	4
123	0	2	0.00	2
124	0	2	0.00	2
125	0	3	0.00	3
126	1	4	20.00	5
127	0	1	0.00	1
128	0	3	0.00	3
129	0	3	0.00	3
130	0	3	0.00	3
131	0	1	0.00	1
132	0	2	0.00	2
133	0	2	0.00	2
134	0	2	0.00	2
135	1	2	33.33	3
136	0	2	0.00	2
137	0	4	0.00	4
138	0	4	0.00	4
139	0	4	0.00	4
140	0	1	0.00	1
141	0	2	0.00	2
142	0	1	0.00	1
143	0	0		0
144	0	3	0.00	3
145	0	2	0.00	2
146	0	0		0
147	0	1	0.00	1
148	1	0	100.00	1
149	0	1	0.00	1

CHG context (R1)
================
position	count methylated	count unmethylated	% methylation	coverage
1	1	22	4.35	23
2	1	18	5.26	19
3	0	13	0.00	13
4	2	123	1.60	125
5	2	202	0.98	204
6	1	219	0.45	220
7	1	257	0.39	258
8	0	243	0.00	243
9	0	258	0.00	258
10	0	194	0.00	194
11	3	263	1.13	266
12	2	219	0.90	221
13	1	183	0.54	184
14	1	179	0.56	180
15	1	263	0.38	264
16	0	233	0.00	233
17	0	226	0.00	226
18	2	260	0.76	262
19	3	190	1.55	193
20	1	165	0.60	166
21	1	258	0.39	259
22	1	221	0.45	222
23	0	230	0.00	230
24	1	177	0.56	178
25	1	228	0.44	229
26	2	244	0.81	246
27	1	210	0.47	211
28	2	250	0.79	252
29	2	174	1.14	176
30	1	182	0.55	183
31	2	260	0.76	262
32	1	187	0.53	188
33	1	222	0.45	223
34	1	237	0.42	238
35	0	226	0.00	226
36	0	222	0.00	222
37	1	172	0.58	173
38	0	187	0.00	187
39	1	236	0.42	237
40	2	202	0.98	204
41	0	244	0.00	244
42	3	195	1.52	198
43	2	214	0.93	216
44	0	262	0.00	262
45	1	182	0.55	183
46	0	221	0.00	221
47	2	210	0.94	212
48	0	206	0.00	206
49	0	213	0.00	213
50	1	200	0.50	201
51	2	228	0.87	230
52	0	201	0.00	201
53	1	198	0.50	199
54	0	195	0.00	195
55	0	153	0.00	153
56	0	218	0.00	218
57	0	192	0.00	192
58	0	216	0.00	216
59	0	204	0.00	204
60	0	148	0.00	148
61	0	185	0.00	185
62	1	168	0.59	169
63	0	196	0.00	196
64	0	210	0.00	210
65	0	201	0.00	201
66	0	182	0.00	182
67	2	180	1.10	182
68	0	180	0.00	180
69	0	186	0.00	186
70	0	166	0.00	166
71	0	187	0.00	187
72	0	145	0.00	145
73	0	174	0.00	174
74	0	164	0.00	164
75	1	152	0.65	153
76	0	196	0.00	196
77	0	163	0.00	163
78	0	168	0.00	168
79	0	155	0.00	155
80	1	147	0.68	148
81	0	194	0.00	194
82	0	134	0.00	134
83	0	135	0.00	135
84	0	117	0.00	117
85	1	100	0.99	101
86	0	161	0.00	161
87	0	109	0.00	109
88	2	144	1.37	146
89	0	111	0.00	111
90	0	111	0.00	111
91	0	144	0.00	144
92	0	86	0.00	86
93	1	80	1.23	81
94	1	101	0.98	102
95	0	87	0.00	87
96	0	114	0.00	114
97	0	115	0.00	115
98	0	104	0.00	104
99	0	43	0.00	43
100	0	4	0.00	4
101	0	7	0.00	7
102	0	11	0.00	11
103	0	1	0.00	1
104	0	4	0.00	4
105	0	10	0.00	10
106	0	8	0.00	8
107	0	4	0.00	4
108	0	8	0.00	8
109	0	4	0.00	4
110	0	2	0.00	2
111	0	4	0.00	4
112	0	5	0.00	5
113	0	3	0.00	3
114	0	2	0.00	2
115	0	3	0.00	3
116	0	3	0.00	3
117	0	2	0.00	2
118	0	3	0.00	3
119	0	3	0.00	3
120	0	6	0.00	6
121	0	4	0.00	4
122	0	3	0.00	3
123	0	3	0.00	3
124	0	3	0.00	3
125	0	1	0.00	1
126	0	0		0
127	0	1	0.00	1
128	0	2	0.00	2
129	0	0		0
130	0	4	0.00	4
131	0	1	0.00	1
132	0	3	0.00	3
133	0	2	0.00	2
134	0	0		0
135	0	1	0.00	1
136	0	4	0.00	4
137	0	0		0
138	0	0		0
139	0	3	0.00	3
140	0	1	0.00	1
141	0	2	0.00	2
142	0	0		0
143	0	1	0.00	1
144	0	1	0.00	1
145	0	0		0
146	0	0		0
147	0	1	0.00	1
148	0	2	0.00	2
149	0	1	0.00	1

CHH context (R1)
================
position	count methylated	count unmethylated	% methylation	coverage
1	0	31	0.00	31
2	0	34	0.00	34
3	0	24	0.00	24
4	1	335	0.30	336
5	0	390	0.00	390
6	2	401	0.50	403
7	3	377	0.79	380
8	1	352	0.28	353
9	3	318	0.93	321
10	1	328	0.30	329
11	1	330	0.30	331
12	0	328	0.00	328
13	1	318	0.31	319
14	3	367	0.81	370
15	0	369	0.00	369
16	2	325	0.61	327
17	0	328	0.00	328
18	0	299	0.00	299
19	0	321	0.00	321
20	1	371	0.27	372
21	2	326	0.61	328
22	0	332	0.00	332
23	0	312	0.00	312
24	0	346	0.00	346
25	0	383	0.00	383
26	1	361	0.28	362
27	2	415	0.48	417
28	0	382	0.00	382
29	1	361	0.28	362
30	0	416	0.00	416
31	0	364	0.00	364
32	0	391	0.00	391
33	2	307	0.65	309
34	1	352	0.28	353
35	0	306	0.00	306
36	1	376	0.27	377
37	0	324	0.00	324
38	1	391	0.26	392
39	2	310	0.64	312
40	1	321	0.31	322
41	1	351	0.28	352
42	0	379	0.00	379
43	2	332	0.60	334
44	2	344	0.58	346
45	1	300	0.33	301
46	2	318	0.62	320
47	2	333	0.60	335
48	0	319	0.00	319
49	2	384	0.52	386
50	2	396	0.50	398
51	0	426	0.00	426
52	4	360	1.10	364
53	2	330	0.60	332
54	1	335	0.30	336
55	0	346	0.00	346
56	1	297	0.34	298
57	1	325	0.31	326
58	0	317	0.00	317
59	2	325	0.61	327
60	1	332	0.30	333
61	0	363	0.00	363
62	4	382	1.04	386
63	3	332	0.90	335
64	0	340	0.00	340
65	1	298	0.33	299
66	0	280	0.00	280
67	1	321	0.31	322
68	1	339	0.29	340
69	1	303	0.33	304
70	3	308	0.96	311
71	0	313	0.00	313
72	2	297	0.67	299
73	0	332	0.00	332
74	2	270	0.74	272
75	0	321	0.00	321
76	0	298	0.00	298
77	0	283	0.00	283
78	3	254	1.17	257
79	1	254	0.39	255
80	0	306	0.00	306
81	1	254	0.39	255
82	2	261	0.76	263
83	1	253	0.39	254
84	1	233	0.43	234
85	1	259	0.38	260
86	2	271	0.73	273
87	2	240	0.83	242
88	1	238	0.42	239
89	0	215	0.00	215
90	1	209	0.48	210
91	1	192	0.52	193
92	0	210	0.00	210
93	1	159	0.62	160
94	0	187	0.00	187
95	0	170	0.00	170
96	0	160	0.00	160
97	1	182	0.55	183
98	0	186	0.00	186
99	1	67	1.47	68
100	0	13	0.00	13
101	0	12	0.00	12
102	0	7	0.00	7
103	0	8	0.00	8
104	0	8	0.00	8
105	0	10	0.00	10
106	0	5	0.00	5
107	0	4	0.00	4
108	0	4	0.00	4
109	0	3	0.00	3
110	0	6	0.00	6
111	0	5	0.00	5
112	0	6	0.00	6
113	0	3	0.00	3
114	0	2	0.00	2
115	0	2	0.00	2
116	0	3	0.00	3
117	0	4	0.00	4
118	0	5	0.00	5
119	0	0		0
120	0	6	0.00	6
121	0	6	0.00	6
122	0	3	0.00	3
123	0	3	0.00	3
124	0	2	0.00	2
125	0	2	0.00	2
126	0	3	0.00	3
127	0	8	0.00	8
128	0	4	0.00	4
129	0	4	0.00	4
130	0	4	0.00	4
131	0	2	0.00	2
132	0	3	0.00	3
133	0	3	0.00	3
134	0	6	0.00	6
135	0	4	0.00	4
136	0	1	0.00	1
137	0	1	0.00	1
138	0	0		0
139	0	1	0.00	1
140	0	1	0.00	1
141	0	0		0
142	0	1	0.00	1
143	0	1	0.00	1
144	0	0		0
145	0	1	0.00	1
146	0	3	0.00	3
147	0	3	0.00	3
148	0	2	0.00	2
149	0	2	0.00	2

CpG context (R2)
================
position	count methylated	count unmethylated	% methylation	coverage
1	0	30	0.00	30
2	0	12	0.00	12
3	0	58	0.00	58
4	4	57	6.56	61
5	4	105	3.67	109
6	3	68	4.23	71
7	5	126	3.82	131
8	2	72	2.70	74
9	7	66	9.59	73
10	5	88	5.38	93
11	3	59	4.84	62
12	6	55	9.84	61
13	1	74	1.33	75
14	0	44	0.00	44
15	2	51	3.77	53
16	1	54	1.82	55
17	2	40	4.76	42
18	10	47	17.54	57
19	1	31	3.12	32
20	1	43	2.27	44
21	4	36	10.00	40
22	2	40	4.76	42
23	0	42	0.00	42
24	3	40	6.98	43
25	2	30	6.25	32
26	2	28	6.67	30
27	3	50	5.66	53
28	1	29	3.33	30
29	2	40	4.76	42
30	1	24	4.00	25
31	3	30	9.09	33
32	0	28	0.00	28
33	1	17	5.56	18
34	2	22	8.33	24
35	0	16	0.00	16
36	1	13	7.14	14
37	0	19	0.00	19
38	2	24	7.69	26
39	0	12	0.00	12
40	0	9	0.00	9
41	0	11	0.00	11
42	0	7	0.00	7
43	1	12	7.69	13
44	1	14	6.67	15
45	1	4	20.00	5
46	4	14	22.22	18
47	0	7	0.00	7
48	1	4	20.00	5
49	0	5	0.00	5
50	0	4	0.00	4
51	0	8	0.00	8
52	0	7	0.00	7
53	0	2	0.00	2
54	1	2	33.33	3
55	0	5	0.00	5
56	1	4	20.00	5
57	0	0		0
58	0	9	0.00	9
59	0	3	0.00	3
60	0	2	0.00	2
61	0	3	0.00	3
62	0	1	0.00	1
63	0	3	0.00	3
64	0	3	0.00	3
65	0	0		0
66	0	3	0.00	3
67	1	0	100.00	1
68	0	1	0.00	1
69	0	0		0
70	1	0	100.00	1
71	0	2	0.00	2
72	0	1	0.00	1
73	0	0		0
74	0	1	0.00	1
75	0	4	0.00	4
76	0	0		0
77	0	2	0.00	2
78	0	1	0.00	1
79	1	1	50.00	2
80	0	0		0
81	0	1	0.00	1
82	0	2	0.00	2
83	0	0		0
84	0	0		0
85	0	0		0
86	0	0		0
87	0	0		0
88	1	0	100.00	1
89	0	0		0
90	0	0		0
91	0	2	0.00	2
92	0	0		0
93	0	1	0.00	1
94	0	0		0
95	0	0		0
96	0	0		0
97	0	1	0.00	1

CHG context (R2)
================
position	count methylated	count unmethylated	% methylation	coverage
1	13	2116	0.61	2129
2	0	28	0.00	28
3	0	4	0.00	4
4	1	42	2.33	43
5	0	65	0.00	65
6	2	77	2.53	79
7	2	70	2.78	72
8	1	84	1.18	85
9	0	65	0.00	65
10	1	63	1.56	64
11	0	77	0.00	77
12	0	38	0.00	38
13	0	43	0.00	43
14	0	46	0.00	46
15	0	41	0.00	41
16	0	43	0.00	43
17	1	54	1.82	55
18	0	49	0.00	49
19	0	49	0.00	49
20	0	41	0.00	41
21	0	39	0.00	39
22	0	57	0.00	57
23	0	19	0.00	19
24	0	15	0.00	15
25	0	44	0.00	44
26	0	22	0.00	22
27	0	21	0.00	21
28	0	22	0.00	22
29	0	27	0.00	27
30	0	33	0.00	33
31	1	26	3.70	27
32	0	21	0.00	21
33	0	22	0.00	22
34	0	22	0.00	22
35	1	22	4.35	23
36	0	27	0.00	27
37	0	12	0.00	12
38	0	8	0.00	8
39	0	10	0.00	10
40	0	19	0.00	19
41	0	18	0.00	18
42	0	9	0.00	9
43	0	11	0.00	11
44	0	5	0.00	5
45	0	13	0.00	13
46	0	1	0.00	1
47	0	8	0.00	8
48	0	8	0.00	8
49	0	13	0.00	13
50	0	10	0.00	10
51	0	3	0.00	3
52	0	14	0.00	14
53	0	6	0.00	6
54	0	1	0.00	1
55	0	5	0.00	5
56	0	1	0.00	1
57	0	0		0
58	0	4	0.00	4
59	0	0		0
60	1	8	11.11	9
61	0	2	0.00	2
62	0	0		0
63	0	2	0.00	2
64	0	4	0.00	4
65	0	0		0
66	0	0		0
67	0	3	0.00	3
68	0	3	0.00	3
69	0	1	0.00	1
70	0	2	0.00	2
71	0	0		0
72	0	0		0
73	0	2	0.00	2
74	0	1	0.00	1
75	0	0		0
76	0	2	0.00	2
77	0	0		0
78	0	1	0.00	1
79	0	0		0
80	0	1	0.00	1
81	0	0		0
82	0	1	0.00	1
83	0	1	0.00	1
84	0	1	0.00	1
85	0	0		0
86	0	2	0.00	2
87	0	0		0
88	0	0		0
89	0	1	0.00	1
90	0	0		0
91	0	0		0
92	0	0		0
93	0	0		0
94	0	0		0
95	0	1	0.00	1
96	0	0		0
97	0	0		0

CHH context (R2)
================
position	count methylated	count unmethylated	% methylation	coverage
1	0	13	0.00	13
2	4	962	0.41	966
3	0	266	0.00	266
4	0	180	0.00	180
5	1	149	0.67	150
6	0	90	0.00	90
7	1	116	0.85	117
8	0	142	0.00	142
9	1	110	0.90	111
10	0	124	0.00	124
11	0	90	0.00	90
12	0	95	0.00	95
13	0	63	0.00	63
14	0	89	0.00	89
15	0	83	0.00	83
16	0	77	0.00	77
17	0	51	0.00	51
18	0	68	0.00	68
19	2	83	2.35	85
20	0	58	0.00	58
21	0	45	0.00	45
22	0	41	0.00	41
23	0	53	0.00	53
24	0	42	0.00	42
25	0	44	0.00	44
26	1	37	2.63	38
27	0	33	0.00	33
28	1	29	3.33	30
29	0	34	0.00	34
30	0	29	0.00	29
31	0	37	0.00	37
32	0	37	0.00	37
33	0	16	0.00	16
34	0	21	0.00	21
35	0	20	0.00	20
36	0	23	0.00	23
37	1	19	5.00	20
38	0	17	0.00	17
39	0	10	0.00	10
40	0	15	0.00	15
41	0	19	0.00	19
42	0	17	0.00	17
43	0	18	0.00	18
44	0	18	0.00	18
45	0	11	0.00	11
46	0	13	0.00	13
47	1	18	5.26	19
48	0	8	0.00	8
49	0	14	0.00	14
50	0	5	0.00	5
51	0	17	0.00	17
52	0	17	0.00	17
53	0	10	0.00	10
54	0	11	0.00	11
55	0	19	0.00	19
56	0	14	0.00	14
57	0	5	0.00	5
58	0	5	0.00	5
59	0	5	0.00	5
60	0	1	0.00	1
61	0	1	0.00	1
62	0	4	0.00	4
63	0	0		0
64	0	1	0.00	1
65	0	1	0.00	1
66	0	1	0.00	1
67	0	1	0.00	1
68	0	4	0.00	4
69	0	5	0.00	5
70	0	2	0.00	2
71	0	2	0.00	2
72	0	0		0
73	0	1	0.00	1
74	0	1	0.00	1
75	0	1	0.00	1
76	0	0		0
77	0	1	0.00	1
78	0	1	0.00	1
79	0	0		0
80	0	1	0.00	1
81	0	1	0.00	1
82	0	0		0
83	0	0		0
84	0	1	0.00	1
85	0	1	0.00	1
86	0	0		0
87	0	1	0.00	1
88	0	0		0
89	0	0		0
90	0	0		0
91	0	0		0
92	0	0		0
93	0	0		0
94	0	0		0
95	0	1	0.00	1
96	0	0		0
97	0	0		0

