CpG context (R1)
================
position	count methylated	count unmethylated	% methylation	coverage
1	202	2195	8.43	2397
2	0	17	0.00	17
3	1	18	5.26	19
4	9	174	4.92	183
5	13	210	5.83	223
6	11	233	4.51	244
7	9	243	3.57	252
8	11	296	3.58	307
9	10	237	4.05	247
10	18	232	7.20	250
11	9	232	3.73	241
12	10	311	3.12	321
13	10	294	3.29	304
14	9	233	3.72	242
15	10	226	4.24	236
16	14	269	4.95	283
17	8	251	3.09	259
18	9	240	3.61	249
19	18	296	5.73	314
20	5	240	2.04	245
21	11	242	4.35	253
22	12	266	4.32	278
23	15	284	5.02	299
24	17	242	6.56	259
25	11	295	3.59	306
26	14	307	4.36	321
27	8	275	2.83	283
28	22	258	7.86	280
29	11	268	3.94	279
30	12	258	4.44	270
31	16	291	5.21	307
32	12	283	4.07	295
33	14	238	5.56	252
34	18	253	6.64	271
35	11	258	4.09	269
36	13	217	5.65	230
37	18	268	6.29	286
38	18	236	7.09	254
39	17	219	7.20	236
40	13	273	4.55	286
41	6	247	2.37	253
42	19	286	6.23	305
43	15	258	5.49	273
44	14	252	5.26	266
45	9	266	3.27	275
46	16	196	7.55	212
47	20	265	7.02	285
48	13	248	4.98	261
49	14	220	5.98	234
50	16	244	6.15	260
51	15	231	6.10	246
52	15	244	5.79	259
53	12	218	5.22	230
54	9	237	3.66	246
55	10	289	3.34	299
56	19	252	7.01	271
57	9	218	3.96	227
58	12	249	4.60	261
59	13	267	4.64	280
60	17	241	6.59	258
61	11	221	4.74	232
62	8	232	3.33	240
63	14	210	6.25	224
64	10	250	3.85	260
65	17	286	5.61	303
66	9	259	3.36	268
67	17	233	6.80	250
68	6	189	3.08	195
69	9	215	4.02	224
70	11	229	4.58	240
71	16	248	6.06	264
72	16	241	6.23	257
73	13	226	5.44	239
74	18	213	7.79	231
75	10	179	5.29	189
76	9	197	4.37	206
77	14	219	6.01	233
78	7	187	3.61	194
79	11	223	4.70	234
80	12	178	6.32	190
81	8	166	4.60	174
82	9	185	4.64	194
83	10	157	5.99	167
84	4	173	2.26	177
85	10	193	4.93	203
86	5	157	3.09	162
87	8	134	5.63	142
88	4	119	3.25	123
89	9	161	5.29	170
90	6	126	4.55	132
91	7	132	5.04	139
92	8	136	5.56	144
93	8	118	6.35	126
94	4	122	3.17	126
95	8	112	6.67	120
96	9	96	8.57	105
97	10	132	7.04	142
98	7	119	5.56	126
99	0	46	0.00	46
100	0	8	0.00	8
101	1	11	8.33	12
102	0	8	0.00	8
103	0	6	0.00	6
104	2	5	28.57	7
105	0	6	0.00	6
106	1	7	12.50	8
107	0	1	0.00	1
108	0	6	0.00	6
109	0	8	0.00	8
110	1	4	20.00	5
111	0	3	0.00	3
112	1	2	33.33	3
113	0	2	0.00	2
114	0	4	0.00	4
115	1	7	12.50	8
116	0	2	0.00	2
117	1	1	50.00	2
118	0	3	0.00	3
119	1	3	25.00	4
120	0	6	0.00	6
121	1	0	100.00	1
122	0	5	0.00	5
123	0	1	0.00	1
124	0	0		0
125	1	3	25.00	4
126	1	1	50.00	2
127	0	3	0.00	3
128	0	3	0.00	3
129	1	5	16.67	6
130	0	2	0.00	2
131	1	5	16.67	6
132	0	1	0.00	1
133	0	0		0
134	1	1	50.00	2
135	0	0		0
136	0	1	0.00	1
137	0	1	0.00	1
138	0	1	0.00	1
139	0	0		0
140	1	1	50.00	2
141	0	2	0.00	2
142	1	0	100.00	1
143	0	1	0.00	1
144	0	0		0
145	0	1	0.00	1
146	0	0		0
147	0	0		0
148	1	0	100.00	1
149	0	0		0

CHG context (R1)
================
position	count methylated	count unmethylated	% methylation	coverage
1	0	12	0.00	12
2	0	20	0.00	20
3	0	7	0.00	7
4	1	135	0.74	136
5	0	208	0.00	208
6	1	235	0.42	236
7	3	240	1.23	243
8	0	198	0.00	198
9	1	229	0.43	230
10	1	225	0.44	226
11	1	251	0.40	252
12	0	223	0.00	223
13	1	183	0.54	184
14	0	200	0.00	200
15	2	252	0.79	254
16	0	216	0.00	216
17	0	246	0.00	246
18	1	255	0.39	256
19	1	213	0.47	214
20	0	202	0.00	202
21	0	202	0.00	202
22	2	251	0.79	253
23	2	212	0.93	214
24	0	182	0.00	182
25	1	241	0.41	242
26	1	211	0.47	212
27	1	215	0.46	216
28	0	226	0.00	226
29	2	200	0.99	202
30	0	170	0.00	170
31	1	234	0.43	235
32	0	191	0.00	191
33	1	229	0.43	230
34	0	224	0.00	224
35	0	233	0.00	233
36	0	208	0.00	208
37	1	207	0.48	208
38	0	180	0.00	180
39	1	223	0.45	224
40	0	204	0.00	204
41	2	268	0.74	270
42	1	220	0.45	221
43	1	203	0.49	204
44	0	242	0.00	242
45	0	201	0.00	201
46	0	245	0.00	245
47	1	167	0.60	168
48	1	213	0.47	214
49	0	238	0.00	238
50	0	183	0.00	183
51	0	204	0.00	204
52	1	207	0.48	208
53	0	208	0.00	208
54	2	202	0.98	204
55	0	177	0.00	177
56	0	178	0.00	178
57	1	192	0.52	193
58	0	218	0.00	218
59	0	156	0.00	156
60	1	166	0.60	167
61	0	208	0.00	208
62	1	187	0.53	188
63	1	182	0.55	183
64	1	213	0.47	214
65	0	198	0.00	198
66	0	174	0.00	174
67	1	186	0.53	187
68	2	173	1.14	175
69	2	180	1.10	182
70	0	180	0.00	180
71	0	182	0.00	182
72	1	164	0.61	165
73	1	177	0.56	178
74	2	155	1.27	157
75	1	130	0.76	131
76	0	178	0.00	178
77	0	169	0.00	169
78	0	163	0.00	163
79	2	156	1.27	158
80	3	142	2.07	145
81	0	182	0.00	182
82	0	112	0.00	112
83	2	133	1.48	135
84	0	123	0.00	123
85	0	129	0.00	129
86	0	138	0.00	138
87	1	110	0.90	111
88	6	140	4.11	146
89	0	113	0.00	113
90	1	90	1.10	91
91	0	151	0.00	151
92	1	95	1.04	96
93	0	71	0.00	71
94	0	81	0.00	81
95	0	108	0.00	108
96	1	115	0.86	116
97	1	116	0.85	117
98	0	93	0.00	93
99	0	39	0.00	39
100	0	8	0.00	8
101	0	5	0.00	5
102	0	4	0.00	4
103	0	4	0.00	4
104	0	4	0.00	4
105	0	9	0.00	9
106	0	5	0.00	5
107	0	6	0.00	6
108	0	7	0.00	7
109	0	4	0.00	4
110	0	7	0.00	7
111	0	3	0.00	3
112	0	7	0.00	7
113	0	2	0.00	2
114	0	1	0.00	1
115	0	3	0.00	3
116	0	2	0.00	2
117	0	4	0.00	4
118	0	3	0.00	3
119	0	2	0.00	2
120	0	2	0.00	2
121	0	2	0.00	2
122	0	3	0.00	3
123	0	1	0.00	1
124	0	4	0.00	4
125	0	1	0.00	1
126	0	0		0
127	0	4	0.00	4
128	0	5	0.00	5
129	0	0		0
130	0	2	0.00	2
131	0	1	0.00	1
132	0	1	0.00	1
133	0	0		0
134	0	2	0.00	2
135	0	1	0.00	1
136	0	1	0.00	1
137	0	1	0.00	1
138	0	0		0
139	0	1	0.00	1
140	0	1	0.00	1
141	0	0		0
142	0	0		0
143	0	0		0
144	0	0		0
145	0	0		0
146	0	0		0
147	0	1	0.00	1
148	0	0		0
149	0	2	0.00	2

CHH context (R1)
================
position	count methylated	count unmethylated	% methylation	coverage
1	0	24	0.00	24
2	0	17	0.00	17
3	0	20	0.00	20
4	3	328	0.91	331
5	0	397	0.00	397
6	1	418	0.24	419
7	1	377	0.26	378
8	0	348	0.00	348
9	1	335	0.30	336
10	3	351	0.85	354
11	2	300	0.66	302
12	0	323	0.00	323
13	1	374	0.27	375
14	3	348	0.85	351
15	1	369	0.27	370
16	0	362	0.00	362
17	2	320	0.62	322
18	3	296	1.00	299
19	1	304	0.33	305
20	2	337	0.59	339
21	2	342	0.58	344
22	0	330	0.00	330
23	0	347	0.00	347
24	0	344	0.00	344
25	1	365	0.27	366
26	1	347	0.29	348
27	0	375	0.00	375
28	3	379	0.79	382
29	1	333	0.30	334
30	0	371	0.00	371
31	1	322	0.31	323
32	0	352	0.00	352
33	0	318	0.00	318
34	0	319	0.00	319
35	0	331	0.00	331
36	2	333	0.60	335
37	0	332	0.00	332
38	0	361	0.00	361
39	3	364	0.82	367
40	0	372	0.00	372
41	2	330	0.60	332
42	2	342	0.58	344
43	1	358	0.28	359
44	2	346	0.57	348
45	2	308	0.65	310
46	1	335	0.30	336
47	0	319	0.00	319
48	1	326	0.31	327
49	2	372	0.53	374
50	0	378	0.00	378
51	0	383	0.00	383
52	0	329	0.00	329
53	3	305	0.97	308
54	0	291	0.00	291
55	2	325	0.61	327
56	1	307	0.32	308
57	0	325	0.00	325
58	2	322	0.62	324
59	1	321	0.31	322
60	1	322	0.31	323
61	1	330	0.30	331
62	1	313	0.32	314
63	0	302	0.00	302
64	0	323	0.00	323
65	1	275	0.36	276
66	0	278	0.00	278
67	1	308	0.32	309
68	2	325	0.61	327
69	0	317	0.00	317
70	2	303	0.66	305
71	1	283	0.35	284
72	1	306	0.33	307
73	0	259	0.00	259
74	0	244	0.00	244
75	1	323	0.31	324
76	0	302	0.00	302
77	1	269	0.37	270
78	2	279	0.71	281
79	1	268	0.37	269
80	1	300	0.33	301
81	2	256	0.78	258
82	1	279	0.36	280
83	1	262	0.38	263
84	2	253	0.78	255
85	2	263	0.75	265
86	1	283	0.35	284
87	1	222	0.45	223
88	0	261	0.00	261
89	0	194	0.00	194
90	1	185	0.54	186
91	1	179	0.56	180
92	0	198	0.00	198
93	3	173	1.70	176
94	0	169	0.00	169
95	0	195	0.00	195
96	0	149	0.00	149
97	1	146	0.68	147
98	1	145	0.68	146
99	0	70	0.00	70
100	0	13	0.00	13
101	0	7	0.00	7
102	0	4	0.00	4
103	0	5	0.00	5
104	0	8	0.00	8
105	0	5	0.00	5
106	1	7	12.50	8
107	0	8	0.00	8
108	0	7	0.00	7
109	0	4	0.00	4
110	0	8	0.00	8
111	0	4	0.00	4
112	0	4	0.00	4
113	0	3	0.00	3
114	0	2	0.00	2
115	0	2	0.00	2
116	0	1	0.00	1
117	0	2	0.00	2
118	0	3	0.00	3
119	0	3	0.00	3
120	0	4	0.00	4
121	0	5	0.00	5
122	0	5	0.00	5
123	0	4	0.00	4
124	0	3	0.00	3
125	0	2	0.00	2
126	0	1	0.00	1
127	0	2	0.00	2
128	0	0		0
129	0	1	0.00	1
130	0	0		0
131	0	2	0.00	2
132	0	1	0.00	1
133	0	4	0.00	4
134	0	2	0.00	2
135	0	0		0
136	0	1	0.00	1
137	0	2	0.00	2
138	0	2	0.00	2
139	0	3	0.00	3
140	0	1	0.00	1
141	0	0		0
142	0	1	0.00	1
143	0	0		0
144	0	1	0.00	1
145	0	1	0.00	1
146	0	0		0
147	0	1	0.00	1
148	0	0		0
149	0	1	0.00	1

CpG context (R2)
================
position	count methylated	count unmethylated	% methylation	coverage
1	0	31	0.00	31
2	0	15	0.00	15
3	2	74	2.63	76
4	6	73	7.59	79
5	5	86	5.49	91
6	6	79	7.06	85
7	8	117	6.40	125
8	1	75	1.32	76
9	2	74	2.63	76
10	5	77	6.10	82
11	6	77	7.23	83
12	0	66	0.00	66
13	4	78	4.88	82
14	1	47	2.08	48
15	2	65	2.99	67
16	2	49	3.92	51
17	3	45	6.25	48
18	5	47	9.62	52
19	1	42	2.33	43
20	2	50	3.85	52
21	2	36	5.26	38
22	2	41	4.65	43
23	4	36	10.00	40
24	2	50	3.85	52
25	0	33	0.00	33
26	0	30	0.00	30
27	1	42	2.33	43
28	1	19	5.00	20
29	0	41	0.00	41
30	1	24	4.00	25
31	3	38	7.32	41
32	1	18	5.26	19
33	3	12	20.00	15
34	0	18	0.00	18
35	1	11	8.33	12
36	0	15	0.00	15
37	2	19	9.52	21
38	0	21	0.00	21
39	0	13	0.00	13
40	0	9	0.00	9
41	0	11	0.00	11
42	1	8	11.11	9
43	1	12	7.69	13
44	0	14	0.00	14
45	3	1	75.00	4
46	1	15	6.25	16
47	0	9	0.00	9
48	0	13	0.00	13
49	1	4	20.00	5
50	0	3	0.00	3
51	0	6	0.00	6
52	1	4	20.00	5
53	0	4	0.00	4
54	0	5	0.00	5
55	2	2	50.00	4
56	0	4	0.00	4
57	0	0		0
58	0	5	0.00	5
59	0	2	0.00	2
60	0	1	0.00	1
61	0	4	0.00	4
62	0	0		0
63	0	2	0.00	2
64	0	0		0
65	0	0		0
66	0	4	0.00	4
67	0	1	0.00	1
68	0	0		0
69	0	0		0
70	0	0		0
71	0	1	0.00	1
72	0	0		0
73	0	0		0
74	0	0		0
75	0	0		0
76	0	2	0.00	2
77	0	0		0
78	0	0		0
79	0	0		0
80	0	0		0
81	0	2	0.00	2
82	0	0		0
83	0	1	0.00	1
84	0	0		0
85	0	0		0
86	0	0		0
87	0	0		0
88	0	0		0
89	0	0		0
90	0	0		0
91	0	0		0
92	0	0		0
93	0	0		0
94	0	1	0.00	1
95	0	0		0
96	0	1	0.00	1
97	0	0		0

CHG context (R2)
================
position	count methylated	count unmethylated	% methylation	coverage
1	8	2115	0.38	2123
2	1	32	3.03	33
3	0	6	0.00	6
4	1	47	2.08	48
5	0	56	0.00	56
6	0	75	0.00	75
7	0	85	0.00	85
8	1	87	1.14	88
9	2	66	2.94	68
10	0	49	0.00	49
11	0	64	0.00	64
12	2	42	4.55	44
13	0	35	0.00	35
14	1	41	2.38	42
15	0	53	0.00	53
16	0	42	0.00	42
17	1	43	2.27	44
18	0	54	0.00	54
19	0	50	0.00	50
20	0	46	0.00	46
21	0	46	0.00	46
22	0	45	0.00	45
23	0	27	0.00	27
24	0	18	0.00	18
25	0	44	0.00	44
26	0	17	0.00	17
27	0	15	0.00	15
28	0	26	0.00	26
29	0	23	0.00	23
30	0	31	0.00	31
31	0	26	0.00	26
32	0	24	0.00	24
33	0	22	0.00	22
34	0	18	0.00	18
35	0	17	0.00	17
36	0	24	0.00	24
37	0	9	0.00	9
38	0	12	0.00	12
39	0	13	0.00	13
40	0	15	0.00	15
41	0	14	0.00	14
42	0	5	0.00	5
43	0	10	0.00	10
44	0	5	0.00	5
45	0	3	0.00	3
46	0	2	0.00	2
47	0	8	0.00	8
48	0	10	0.00	10
49	0	11	0.00	11
50	0	5	0.00	5
51	0	3	0.00	3
52	0	11	0.00	11
53	0	4	0.00	4
54	0	2	0.00	2
55	0	5	0.00	5
56	0	4	0.00	4
57	0	0		0
58	0	1	0.00	1
59	0	0		0
60	0	3	0.00	3
61	0	1	0.00	1
62	0	1	0.00	1
63	0	3	0.00	3
64	0	2	0.00	2
65	0	0		0
66	0	0		0
67	0	1	0.00	1
68	0	1	0.00	1
69	0	0		0
70	0	0		0
71	0	2	0.00	2
72	0	0		0
73	0	1	0.00	1
74	0	1	0.00	1
75	0	0		0
76	0	0		0
77	0	0		0
78	0	0		0
79	0	0		0
80	0	0		0
81	0	0		0
82	0	0		0
83	0	0		0
84	0	0		0
85	0	0		0
86	0	0		0
87	0	0		0
88	0	0		0
89	0	0		0
90	0	0		0
91	0	0		0
92	0	1	0.00	1
93	0	0		0
94	0	0		0
95	0	0		0
96	0	0		0
97	0	1	0.00	1

CHH context (R2)
================
position	count methylated	count unmethylated	% methylation	coverage
1	0	20	0.00	20
2	5	998	0.50	1003
3	2	240	0.83	242
4	0	171	0.00	171
5	0	141	0.00	141
6	0	102	0.00	102
7	0	111	0.00	111
8	0	127	0.00	127
9	1	112	0.88	113
10	0	102	0.00	102
11	1	97	1.02	98
12	0	83	0.00	83
13	0	62	0.00	62
14	0	79	0.00	79
15	0	71	0.00	71
16	0	64	0.00	64
17	0	54	0.00	54
18	0	63	0.00	63
19	0	56	0.00	56
20	0	59	0.00	59
21	0	60	0.00	60
22	0	43	0.00	43
23	0	41	0.00	41
24	0	41	0.00	41
25	0	45	0.00	45
26	0	45	0.00	45
27	0	31	0.00	31
28	0	25	0.00	25
29	0	28	0.00	28
30	0	20	0.00	20
31	0	18	0.00	18
32	0	31	0.00	31
33	0	27	0.00	27
34	0	27	0.00	27
35	0	28	0.00	28
36	0	24	0.00	24
37	0	11	0.00	11
38	0	18	0.00	18
39	0	9	0.00	9
40	0	19	0.00	19
41	0	15	0.00	15
42	0	13	0.00	13
43	0	18	0.00	18
44	0	17	0.00	17
45	0	13	0.00	13
46	0	11	0.00	11
47	0	9	0.00	9
48	0	7	0.00	7
49	0	12	0.00	12
50	0	11	0.00	11
51	0	14	0.00	14
52	0	12	0.00	12
53	0	11	0.00	11
54	0	11	0.00	11
55	1	8	11.11	9
56	0	10	0.00	10
57	0	7	0.00	7
58	0	6	0.00	6
59	0	4	0.00	4
60	0	1	0.00	1
61	0	1	0.00	1
62	0	3	0.00	3
63	0	1	0.00	1
64	0	1	0.00	1
65	0	1	0.00	1
66	0	0		0
67	0	0		0
68	0	3	0.00	3
69	0	0		0
70	0	0		0
71	0	0		0
72	0	0		0
73	0	0		0
74	0	0		0
75	0	0		0
76	0	0		0
77	0	0		0
78	0	0		0
79	0	0		0
80	0	0		0
81	0	0		0
82	0	0		0
83	0	1	0.00	1
84	0	0		0
85	0	0		0
86	0	0		0
87	0	0		0
88	0	1	0.00	1
89	0	0		0
90	0	1	0.00	1
91	0	1	0.00	1
92	0	0		0
93	0	1	0.00	1
94	0	1	0.00	1
95	0	0		0
96	0	0		0
97	0	0		0

