CpG context (R1)
================
position	count methylated	count unmethylated	% methylation	coverage
1	201	2192	8.40	2393
2	0	19	0.00	19
3	1	18	5.26	19
4	16	180	8.16	196
5	8	214	3.60	222
6	10	248	3.88	258
7	8	204	3.77	212
8	14	279	4.78	293
9	13	247	5.00	260
10	12	241	4.74	253
11	7	252	2.70	259
12	23	293	7.28	316
13	13	250	4.94	263
14	9	241	3.60	250
15	15	232	6.07	247
16	7	285	2.40	292
17	7	210	3.23	217
18	14	259	5.13	273
19	17	280	5.72	297
20	4	230	1.71	234
21	15	239	5.91	254
22	7	302	2.27	309
23	10	263	3.66	273
24	14	226	5.83	240
25	13	286	4.35	299
26	18	290	5.84	308
27	7	248	2.75	255
28	28	269	9.43	297
29	11	288	3.68	299
30	18	270	6.25	288
31	15	317	4.52	332
32	14	265	5.02	279
33	4	253	1.56	257
34	11	277	3.82	288
35	13	262	4.73	275
36	13	229	5.37	242
37	15	237	5.95	252
38	16	245	6.13	261
39	11	235	4.47	246
40	12	269	4.27	281
41	13	226	5.44	239
42	12	273	4.21	285
43	9	231	3.75	240
44	13	259	4.78	272
45	14	265	5.02	279
46	10	228	4.20	238
47	19	262	6.76	281
48	14	262	5.07	276
49	15	218	6.44	233
50	14	230	5.74	244
51	10	231	4.15	241
52	11	247	4.26	258
53	9	217	3.98	226
54	15	231	6.10	246
55	16	291	5.21	307
56	14	228	5.79	242
57	16	245	6.13	261
58	13	257	4.81	270
59	9	273	3.19	282
60	13	238	5.18	251
61	11	233	4.51	244
62	11	232	4.53	243
63	11	226	4.64	237
64	8	245	3.16	253
65	6	255	2.30	261
66	16	271	5.57	287
67	10	218	4.39	228
68	12	176	6.38	188
69	9	215	4.02	224
70	12	223	5.11	235
71	10	259	3.72	269
72	7	244	2.79	251
73	10	210	4.55	220
74	9	198	4.35	207
75	9	174	4.92	183
76	9	201	4.29	210
77	7	234	2.90	241
78	8	186	4.12	194
79	6	227	2.58	233
80	7	180	3.74	187
81	12	181	6.22	193
82	6	199	2.93	205
83	7	131	5.07	138
84	11	192	5.42	203
85	7	199	3.40	206
86	11	155	6.63	166
87	8	187	4.10	195
88	5	115	4.17	120
89	12	162	6.90	174
90	5	97	4.90	102
91	4	152	2.56	156
92	9	136	6.21	145
93	6	130	4.41	136
94	6	132	4.35	138
95	9	111	7.50	120
96	6	113	5.04	119
97	9	115	7.26	124
98	13	91	12.50	104
99	1	61	1.61	62
100	0	7	0.00	7
101	0	7	0.00	7
102	0	6	0.00	6
103	1	9	10.00	10
104	1	3	25.00	4
105	0	4	0.00	4
106	0	4	0.00	4
107	0	4	0.00	4
108	1	4	20.00	5
109	0	6	0.00	6
110	0	2	0.00	2
111	0	5	0.00	5
112	0	4	0.00	4
113	0	0		0
114	0	4	0.00	4
115	0	4	0.00	4
116	1	0	100.00	1
117	0	2	0.00	2
118	0	1	0.00	1
119	0	1	0.00	1
120	0	4	0.00	4
121	0	1	0.00	1
122	0	5	0.00	5
123	0	1	0.00	1
124	0	1	0.00	1
125	0	2	0.00	2
126	0	0		0
127	0	0		0
128	0	3	0.00	3
129	0	0		0
130	0	4	0.00	4
131	1	3	25.00	4
132	0	1	0.00	1
133	1	1	50.00	2
134	0	2	0.00	2
135	0	0		0
136	0	1	0.00	1
137	0	1	0.00	1
138	0	2	0.00	2
139	0	0		0
140	0	0		0
141	0	3	0.00	3
142	0	1	0.00	1
143	0	1	0.00	1
144	0	2	0.00	2
145	0	3	0.00	3
146	0	1	0.00	1
147	0	1	0.00	1
148	1	1	50.00	2
149	0	2	0.00	2

CHG context (R1)
================
position	count methylated	count unmethylated	% methylation	coverage
1	0	11	0.00	11
2	0	23	0.00	23
3	0	13	0.00	13
4	0	132	0.00	132
5	2	196	1.01	198
6	0	217	0.00	217
7	3	231	1.28	234
8	0	215	0.00	215
9	1	232	0.43	233
10	2	212	0.93	214
11	0	238	0.00	238
12	1	196	0.51	197
13	0	186	0.00	186
14	0	188	0.00	188
15	4	236	1.67	240
16	0	221	0.00	221
17	1	241	0.41	242
18	0	270	0.00	270
19	0	210	0.00	210
20	0	189	0.00	189
21	0	217	0.00	217
22	1	231	0.43	232
23	0	187	0.00	187
24	2	190	1.04	192
25	0	241	0.00	241
26	0	196	0.00	196
27	0	247	0.00	247
28	0	264	0.00	264
29	0	163	0.00	163
30	1	183	0.54	184
31	0	219	0.00	219
32	2	160	1.23	162
33	0	241	0.00	241
34	2	239	0.83	241
35	0	229	0.00	229
36	1	233	0.43	234
37	2	207	0.96	209
38	1	187	0.53	188
39	0	226	0.00	226
40	0	230	0.00	230
41	5	234	2.09	239
42	0	208	0.00	208
43	1	206	0.48	207
44	0	259	0.00	259
45	2	212	0.93	214
46	1	225	0.44	226
47	0	188	0.00	188
48	0	197	0.00	197
49	1	222	0.45	223
50	2	203	0.98	205
51	0	247	0.00	247
52	1	202	0.49	203
53	1	197	0.51	198
54	1	196	0.51	197
55	1	193	0.52	194
56	0	213	0.00	213
57	2	217	0.91	219
58	0	223	0.00	223
59	0	175	0.00	175
60	1	133	0.75	134
61	0	174	0.00	174
62	2	148	1.33	150
63	0	191	0.00	191
64	0	188	0.00	188
65	3	188	1.57	191
66	0	171	0.00	171
67	1	192	0.52	193
68	0	199	0.00	199
69	1	180	0.55	181
70	2	186	1.06	188
71	0	173	0.00	173
72	0	163	0.00	163
73	1	167	0.60	168
74	1	154	0.65	155
75	1	145	0.68	146
76	0	169	0.00	169
77	0	187	0.00	187
78	0	169	0.00	169
79	0	159	0.00	159
80	0	150	0.00	150
81	0	207	0.00	207
82	0	121	0.00	121
83	1	125	0.79	126
84	0	146	0.00	146
85	1	132	0.75	133
86	0	165	0.00	165
87	0	109	0.00	109
88	0	128	0.00	128
89	0	120	0.00	120
90	1	124	0.80	125
91	0	130	0.00	130
92	0	97	0.00	97
93	0	96	0.00	96
94	1	89	1.11	90
95	0	109	0.00	109
96	0	110	0.00	110
97	0	105	0.00	105
98	0	101	0.00	101
99	0	33	0.00	33
100	0	4	0.00	4
101	0	6	0.00	6
102	0	4	0.00	4
103	0	5	0.00	5
104	0	3	0.00	3
105	0	5	0.00	5
106	0	9	0.00	9
107	0	2	0.00	2
108	0	6	0.00	6
109	0	2	0.00	2
110	0	6	0.00	6
111	0	3	0.00	3
112	0	2	0.00	2
113	0	4	0.00	4
114	0	2	0.00	2
115	0	0		0
116	0	2	0.00	2
117	0	2	0.00	2
118	0	2	0.00	2
119	0	6	0.00	6
120	0	2	0.00	2
121	0	3	0.00	3
122	0	2	0.00	2
123	0	1	0.00	1
124	0	0		0
125	0	1	0.00	1
126	0	1	0.00	1
127	0	2	0.00	2
128	0	1	0.00	1
129	0	1	0.00	1
130	0	3	0.00	3
131	0	0		0
132	0	1	0.00	1
133	0	0		0
134	0	2	0.00	2
135	0	2	0.00	2
136	0	0		0
137	0	0		0
138	0	0		0
139	0	0		0
140	1	0	100.00	1
141	0	1	0.00	1
142	0	0		0
143	0	2	0.00	2
144	0	1	0.00	1
145	0	0		0
146	0	1	0.00	1
147	0	1	0.00	1
148	0	1	0.00	1
149	0	0		0

CHH context (R1)
================
position	count methylated	count unmethylated	% methylation	coverage
1	0	28	0.00	28
2	0	19	0.00	19
3	0	18	0.00	18
4	2	295	0.67	297
5	1	375	0.27	376
6	2	415	0.48	417
7	0	385	0.00	385
8	1	371	0.27	372
9	1	335	0.30	336
10	0	304	0.00	304
11	2	339	0.59	341
12	0	327	0.00	327
13	1	363	0.27	364
14	1	396	0.25	397
15	0	400	0.00	400
16	1	365	0.27	366
17	3	335	0.89	338
18	2	299	0.66	301
19	1	307	0.32	308
20	1	336	0.30	337
21	2	321	0.62	323
22	0	321	0.00	321
23	0	327	0.00	327
24	0	361	0.00	361
25	1	383	0.26	384
26	0	351	0.00	351
27	0	394	0.00	394
28	0	355	0.00	355
29	2	305	0.65	307
30	0	378	0.00	378
31	1	320	0.31	321
32	1	341	0.29	342
33	3	306	0.97	309
34	1	329	0.30	330
35	1	300	0.33	301
36	0	361	0.00	361
37	1	337	0.30	338
38	1	345	0.29	346
39	1	332	0.30	333
40	3	297	1.00	300
41	2	336	0.59	338
42	0	372	0.00	372
43	0	347	0.00	347
44	2	336	0.59	338
45	2	293	0.68	295
46	2	328	0.61	330
47	0	319	0.00	319
48	3	336	0.88	339
49	0	382	0.00	382
50	1	384	0.26	385
51	1	404	0.25	405
52	0	374	0.00	374
53	3	327	0.91	330
54	1	331	0.30	332
55	2	337	0.59	339
56	1	280	0.36	281
57	0	297	0.00	297
58	1	260	0.38	261
59	2	298	0.67	300
60	0	296	0.00	296
61	0	344	0.00	344
62	1	347	0.29	348
63	1	290	0.34	291
64	2	357	0.56	359
65	0	307	0.00	307
66	0	286	0.00	286
67	1	320	0.31	321
68	2	343	0.58	345
69	0	329	0.00	329
70	3	274	1.08	277
71	2	265	0.75	267
72	0	258	0.00	258
73	1	277	0.36	278
74	0	242	0.00	242
75	1	324	0.31	325
76	0	289	0.00	289
77	0	247	0.00	247
78	1	265	0.38	266
79	0	251	0.00	251
80	2	280	0.71	282
81	1	247	0.40	248
82	2	266	0.75	268
83	2	253	0.78	255
84	1	257	0.39	258
85	0	260	0.00	260
86	1	250	0.40	251
87	1	224	0.44	225
88	2	252	0.79	254
89	0	211	0.00	211
90	1	193	0.52	194
91	0	170	0.00	170
92	1	193	0.52	194
93	2	163	1.21	165
94	0	159	0.00	159
95	0	185	0.00	185
96	1	147	0.68	148
97	0	165	0.00	165
98	0	166	0.00	166
99	0	64	0.00	64
100	0	8	0.00	8
101	0	7	0.00	7
102	1	9	10.00	10
103	0	4	0.00	4
104	0	13	0.00	13
105	0	9	0.00	9
106	0	5	0.00	5
107	0	8	0.00	8
108	0	5	0.00	5
109	0	2	0.00	2
110	0	8	0.00	8
111	0	4	0.00	4
112	0	1	0.00	1
113	0	4	0.00	4
114	0	5	0.00	5
115	0	3	0.00	3
116	0	5	0.00	5
117	0	4	0.00	4
118	0	3	0.00	3
119	0	5	0.00	5
120	0	2	0.00	2
121	0	3	0.00	3
122	0	5	0.00	5
123	0	2	0.00	2
124	0	1	0.00	1
125	0	1	0.00	1
126	0	2	0.00	2
127	0	0		0
128	0	6	0.00	6
129	0	3	0.00	3
130	0	1	0.00	1
131	0	2	0.00	2
132	0	2	0.00	2
133	0	4	0.00	4
134	0	1	0.00	1
135	0	2	0.00	2
136	0	1	0.00	1
137	0	3	0.00	3
138	0	0		0
139	0	4	0.00	4
140	0	1	0.00	1
141	0	3	0.00	3
142	0	2	0.00	2
143	0	3	0.00	3
144	0	0		0
145	0	0		0
146	0	0		0
147	0	0		0
148	0	0		0
149	0	2	0.00	2

CpG context (R2)
================
position	count methylated	count unmethylated	% methylation	coverage
1	0	32	0.00	32
2	0	16	0.00	16
3	4	75	5.06	79
4	2	86	2.27	88
5	6	87	6.45	93
6	6	102	5.56	108
7	3	121	2.42	124
8	1	81	1.22	82
9	2	82	2.38	84
10	10	83	10.75	93
11	9	66	12.00	75
12	3	58	4.92	61
13	2	76	2.56	78
14	2	46	4.17	48
15	1	54	1.82	55
16	2	66	2.94	68
17	1	31	3.12	32
18	1	43	2.27	44
19	1	30	3.23	31
20	2	43	4.44	45
21	1	30	3.23	31
22	1	43	2.27	44
23	2	40	4.76	42
24	0	61	0.00	61
25	0	40	0.00	40
26	2	33	5.71	35
27	2	34	5.56	36
28	2	22	8.33	24
29	2	46	4.17	48
30	3	20	13.04	23
31	2	33	5.71	35
32	0	19	0.00	19
33	0	14	0.00	14
34	6	30	16.67	36
35	0	9	0.00	9
36	0	16	0.00	16
37	0	21	0.00	21
38	2	18	10.00	20
39	2	4	33.33	6
40	0	10	0.00	10
41	0	16	0.00	16
42	0	8	0.00	8
43	3	17	15.00	20
44	1	16	5.88	17
45	0	1	0.00	1
46	2	15	11.76	17
47	1	7	12.50	8
48	0	12	0.00	12
49	0	2	0.00	2
50	0	2	0.00	2
51	1	9	10.00	10
52	1	3	25.00	4
53	0	0		0
54	0	4	0.00	4
55	0	0		0
56	1	2	33.33	3
57	0	0		0
58	0	10	0.00	10
59	0	0		0
60	0	0		0
61	0	6	0.00	6
62	0	0		0
63	0	1	0.00	1
64	0	0		0
65	0	1	0.00	1
66	0	1	0.00	1
67	0	0		0
68	0	0		0
69	0	1	0.00	1
70	0	0		0
71	0	0		0
72	0	0		0
73	0	1	0.00	1
74	0	0		0
75	0	0		0
76	0	2	0.00	2
77	0	0		0
78	0	0		0
79	0	1	0.00	1
80	0	0		0
81	0	0		0
82	0	2	0.00	2
83	0	0		0
84	0	0		0
85	0	1	0.00	1
86	0	0		0
87	0	1	0.00	1
88	0	0		0
89	0	1	0.00	1
90	0	0		0
91	0	2	0.00	2
92	0	0		0
93	0	2	0.00	2
94	0	0		0

CHG context (R2)
================
position	count methylated	count unmethylated	% methylation	coverage
1	12	2132	0.56	2144
2	0	28	0.00	28
3	0	2	0.00	2
4	1	50	1.96	51
5	0	53	0.00	53
6	1	64	1.54	65
7	2	73	2.67	75
8	0	89	0.00	89
9	1	73	1.35	74
10	0	66	0.00	66
11	0	65	0.00	65
12	0	48	0.00	48
13	0	55	0.00	55
14	0	54	0.00	54
15	0	58	0.00	58
16	0	45	0.00	45
17	0	58	0.00	58
18	1	46	2.13	47
19	0	46	0.00	46
20	0	57	0.00	57
21	0	46	0.00	46
22	0	44	0.00	44
23	0	35	0.00	35
24	0	16	0.00	16
25	0	48	0.00	48
26	0	19	0.00	19
27	0	13	0.00	13
28	0	22	0.00	22
29	1	26	3.70	27
30	0	38	0.00	38
31	0	29	0.00	29
32	0	25	0.00	25
33	1	17	5.56	18
34	0	34	0.00	34
35	0	35	0.00	35
36	0	17	0.00	17
37	0	12	0.00	12
38	0	13	0.00	13
39	0	12	0.00	12
40	0	20	0.00	20
41	0	11	0.00	11
42	0	6	0.00	6
43	0	5	0.00	5
44	0	11	0.00	11
45	1	8	11.11	9
46	0	3	0.00	3
47	0	12	0.00	12
48	0	5	0.00	5
49	0	12	0.00	12
50	0	9	0.00	9
51	0	1	0.00	1
52	0	13	0.00	13
53	0	3	0.00	3
54	0	0		0
55	0	3	0.00	3
56	0	7	0.00	7
57	0	0		0
58	0	0		0
59	0	0		0
60	0	2	0.00	2
61	0	0		0
62	0	1	0.00	1
63	0	3	0.00	3
64	0	1	0.00	1
65	0	0		0
66	0	1	0.00	1
67	0	1	0.00	1
68	0	0		0
69	0	1	0.00	1
70	0	0		0
71	0	0		0
72	0	1	0.00	1
73	0	1	0.00	1
74	0	0		0
75	0	0		0
76	0	1	0.00	1
77	0	0		0
78	0	0		0
79	0	1	0.00	1
80	0	0		0
81	0	0		0
82	0	0		0
83	0	1	0.00	1
84	0	0		0
85	0	1	0.00	1
86	0	2	0.00	2
87	0	0		0
88	0	0		0
89	0	0		0
90	0	0		0
91	0	0		0
92	0	0		0
93	0	0		0
94	0	1	0.00	1

CHH context (R2)
================
position	count methylated	count unmethylated	% methylation	coverage
1	0	8	0.00	8
2	1	917	0.11	918
3	1	261	0.38	262
4	1	202	0.49	203
5	2	136	1.45	138
6	0	99	0.00	99
7	0	110	0.00	110
8	0	129	0.00	129
9	0	119	0.00	119
10	0	111	0.00	111
11	0	85	0.00	85
12	0	86	0.00	86
13	2	54	3.57	56
14	1	93	1.06	94
15	0	84	0.00	84
16	1	73	1.35	74
17	0	77	0.00	77
18	1	73	1.35	74
19	0	71	0.00	71
20	0	54	0.00	54
21	0	45	0.00	45
22	0	40	0.00	40
23	0	47	0.00	47
24	0	38	0.00	38
25	0	51	0.00	51
26	0	38	0.00	38
27	0	29	0.00	29
28	0	27	0.00	27
29	0	36	0.00	36
30	0	29	0.00	29
31	0	35	0.00	35
32	2	32	5.88	34
33	0	22	0.00	22
34	0	24	0.00	24
35	0	33	0.00	33
36	0	30	0.00	30
37	0	21	0.00	21
38	0	17	0.00	17
39	0	12	0.00	12
40	0	17	0.00	17
41	0	22	0.00	22
42	0	20	0.00	20
43	0	17	0.00	17
44	0	21	0.00	21
45	0	18	0.00	18
46	1	14	6.67	15
47	0	10	0.00	10
48	0	3	0.00	3
49	0	13	0.00	13
50	0	12	0.00	12
51	0	16	0.00	16
52	0	13	0.00	13
53	0	18	0.00	18
54	0	6	0.00	6
55	0	14	0.00	14
56	0	7	0.00	7
57	0	2	0.00	2
58	0	3	0.00	3
59	0	2	0.00	2
60	0	0		0
61	0	1	0.00	1
62	0	0		0
63	0	0		0
64	0	0		0
65	0	0		0
66	0	0		0
67	0	0		0
68	0	2	0.00	2
69	0	0		0
70	0	1	0.00	1
71	0	1	0.00	1
72	0	0		0
73	0	2	0.00	2
74	0	2	0.00	2
75	0	0		0
76	0	0		0
77	0	0		0
78	0	0		0
79	0	0		0
80	0	1	0.00	1
81	0	0		0
82	0	0		0
83	0	0		0
84	0	0		0
85	0	0		0
86	0	0		0
87	0	0		0
88	0	0		0
89	0	0		0
90	0	0		0
91	0	0		0
92	0	0		0
93	0	0		0
94	0	0		0

