CpG context (R1)
================
position	count methylated	count unmethylated	% methylation	coverage
1	244	2124	10.30	2368
2	0	18	0.00	18
3	2	16	11.11	18
4	9	172	4.97	181
5	14	190	6.86	204
6	12	244	4.69	256
7	12	204	5.56	216
8	15	278	5.12	293
9	10	257	3.75	267
10	14	237	5.58	251
11	13	224	5.49	237
12	13	300	4.15	313
13	11	290	3.65	301
14	9	280	3.11	289
15	5	214	2.28	219
16	22	315	6.53	337
17	6	217	2.69	223
18	4	260	1.52	264
19	8	304	2.56	312
20	4	225	1.75	229
21	17	223	7.08	240
22	16	290	5.23	306
23	17	262	6.09	279
24	18	278	6.08	296
25	16	268	5.63	284
26	15	271	5.24	286
27	11	262	4.03	273
28	20	276	6.76	296
29	8	254	3.05	262
30	14	255	5.20	269
31	11	294	3.61	305
32	18	278	6.08	296
33	8	243	3.19	251
34	22	274	7.43	296
35	11	260	4.06	271
36	14	214	6.14	228
37	18	268	6.29	286
38	16	246	6.11	262
39	15	221	6.36	236
40	5	267	1.84	272
41	13	231	5.33	244
42	10	257	3.75	267
43	8	259	3.00	267
44	14	233	5.67	247
45	9	276	3.16	285
46	20	243	7.60	263
47	15	261	5.43	276
48	19	278	6.40	297
49	16	217	6.87	233
50	12	240	4.76	252
51	12	214	5.31	226
52	9	229	3.78	238
53	9	253	3.44	262
54	11	248	4.25	259
55	18	289	5.86	307
56	14	217	6.06	231
57	9	227	3.81	236
58	8	245	3.16	253
59	14	251	5.28	265
60	8	236	3.28	244
61	11	233	4.51	244
62	13	232	5.31	245
63	11	218	4.80	229
64	13	271	4.58	284
65	23	223	9.35	246
66	13	231	5.33	244
67	15	211	6.64	226
68	9	171	5.00	180
69	7	191	3.54	198
70	16	236	6.35	252
71	12	244	4.69	256
72	7	240	2.83	247
73	5	242	2.02	247
74	6	192	3.03	198
75	10	174	5.43	184
76	11	215	4.87	226
77	10	214	4.46	224
78	6	188	3.09	194
79	7	198	3.41	205
80	6	170	3.41	176
81	9	177	4.84	186
82	7	182	3.70	189
83	1	145	0.68	146
84	8	155	4.91	163
85	8	169	4.52	177
86	9	176	4.86	185
87	11	170	6.08	181
88	12	108	10.00	120
89	8	147	5.16	155
90	6	119	4.80	125
91	4	139	2.80	143
92	7	131	5.07	138
93	10	134	6.94	144
94	2	115	1.71	117
95	10	98	9.26	108
96	8	103	7.21	111
97	5	135	3.57	140
98	4	101	3.81	105
99	4	37	9.76	41
100	0	13	0.00	13
101	1	8	11.11	9
102	0	3	0.00	3
103	2	10	16.67	12
104	0	6	0.00	6
105	0	1	0.00	1
106	2	4	33.33	6
107	1	2	33.33	3
108	0	5	0.00	5
109	1	6	14.29	7
110	0	1	0.00	1
111	1	2	33.33	3
112	1	6	14.29	7
113	0	2	0.00	2
114	0	2	0.00	2
115	0	1	0.00	1
116	0	2	0.00	2
117	0	5	0.00	5
118	0	1	0.00	1
119	0	4	0.00	4
120	1	3	25.00	4
121	1	3	25.00	4
122	1	4	20.00	5
123	0	2	0.00	2
124	0	5	0.00	5
125	0	1	0.00	1
126	0	0		0
127	0	1	0.00	1
128	0	2	0.00	2
129	0	1	0.00	1
130	0	1	0.00	1
131	0	3	0.00	3
132	0	0		0
133	0	1	0.00	1
134	0	1	0.00	1
135	0	1	0.00	1
136	0	1	0.00	1
137	0	0		0
138	0	1	0.00	1
139	0	1	0.00	1
140	0	0		0
141	0	1	0.00	1
142	0	1	0.00	1
143	0	1	0.00	1
144	0	0		0
145	0	0		0
146	0	0		0
147	0	0		0
148	0	0		0
149	0	1	0.00	1

CHG context (R1)
================
position	count methylated	count unmethylated	% methylation	coverage
1	0	13	0.00	13
2	0	27	0.00	27
3	0	12	0.00	12
4	0	126	0.00	126
5	0	189	0.00	189
6	1	249	0.40	250
7	2	243	0.82	245
8	2	242	0.82	244
9	0	225	0.00	225
10	1	215	0.46	216
11	1	269	0.37	270
12	0	203	0.00	203
13	0	205	0.00	205
14	0	194	0.00	194
15	0	229	0.00	229
16	2	241	0.82	243
17	0	245	0.00	245
18	3	260	1.14	263
19	0	206	0.00	206
20	0	166	0.00	166
21	0	219	0.00	219
22	0	229	0.00	229
23	1	196	0.51	197
24	0	173	0.00	173
25	1	252	0.40	253
26	0	238	0.00	238
27	2	213	0.93	215
28	1	234	0.43	235
29	1	194	0.51	195
30	1	193	0.52	194
31	1	212	0.47	213
32	0	210	0.00	210
33	0	227	0.00	227
34	3	247	1.20	250
35	1	240	0.41	241
36	0	216	0.00	216
37	0	213	0.00	213
38	0	197	0.00	197
39	1	229	0.43	230
40	0	239	0.00	239
41	0	253	0.00	253
42	1	203	0.49	204
43	1	220	0.45	221
44	1	250	0.40	251
45	0	193	0.00	193
46	0	226	0.00	226
47	1	209	0.48	210
48	1	205	0.49	206
49	0	214	0.00	214
50	0	229	0.00	229
51	1	203	0.49	204
52	3	227	1.30	230
53	0	224	0.00	224
54	1	186	0.53	187
55	1	168	0.59	169
56	1	195	0.51	196
57	1	197	0.51	198
58	1	201	0.50	202
59	0	160	0.00	160
60	0	143	0.00	143
61	1	189	0.53	190
62	0	183	0.00	183
63	1	196	0.51	197
64	0	192	0.00	192
65	0	212	0.00	212
66	1	175	0.57	176
67	0	168	0.00	168
68	0	202	0.00	202
69	0	196	0.00	196
70	0	182	0.00	182
71	0	157	0.00	157
72	0	153	0.00	153
73	0	187	0.00	187
74	0	164	0.00	164
75	0	147	0.00	147
76	1	173	0.57	174
77	0	169	0.00	169
78	0	169	0.00	169
79	0	169	0.00	169
80	1	116	0.85	117
81	0	166	0.00	166
82	2	115	1.71	117
83	0	125	0.00	125
84	0	99	0.00	99
85	1	125	0.79	126
86	0	154	0.00	154
87	0	103	0.00	103
88	0	138	0.00	138
89	0	116	0.00	116
90	0	105	0.00	105
91	0	129	0.00	129
92	0	77	0.00	77
93	0	74	0.00	74
94	0	99	0.00	99
95	0	95	0.00	95
96	0	122	0.00	122
97	1	103	0.96	104
98	0	84	0.00	84
99	0	42	0.00	42
100	0	6	0.00	6
101	0	7	0.00	7
102	0	11	0.00	11
103	0	2	0.00	2
104	0	2	0.00	2
105	0	9	0.00	9
106	0	7	0.00	7
107	0	1	0.00	1
108	0	2	0.00	2
109	0	5	0.00	5
110	0	4	0.00	4
111	0	5	0.00	5
112	0	5	0.00	5
113	0	2	0.00	2
114	0	1	0.00	1
115	0	2	0.00	2
116	0	5	0.00	5
117	0	3	0.00	3
118	0	3	0.00	3
119	0	1	0.00	1
120	0	2	0.00	2
121	0	3	0.00	3
122	0	2	0.00	2
123	0	2	0.00	2
124	0	3	0.00	3
125	0	1	0.00	1
126	0	2	0.00	2
127	0	2	0.00	2
128	0	1	0.00	1
129	0	2	0.00	2
130	0	1	0.00	1
131	0	0		0
132	0	2	0.00	2
133	0	2	0.00	2
134	0	0		0
135	0	0		0
136	0	0		0
137	0	0		0
138	0	0		0
139	0	1	0.00	1
140	0	0		0
141	0	1	0.00	1
142	0	1	0.00	1
143	0	0		0
144	0	0		0
145	0	1	0.00	1
146	0	0		0
147	0	0		0
148	0	1	0.00	1
149	0	0		0

CHH context (R1)
================
position	count methylated	count unmethylated	% methylation	coverage
1	4	41	8.89	45
2	0	26	0.00	26
3	0	17	0.00	17
4	1	337	0.30	338
5	1	413	0.24	414
6	0	453	0.00	453
7	4	433	0.92	437
8	0	345	0.00	345
9	1	345	0.29	346
10	2	355	0.56	357
11	2	329	0.60	331
12	1	315	0.32	316
13	2	392	0.51	394
14	2	393	0.51	395
15	1	380	0.26	381
16	2	384	0.52	386
17	0	334	0.00	334
18	2	297	0.67	299
19	1	299	0.33	300
20	2	340	0.58	342
21	1	340	0.29	341
22	0	331	0.00	331
23	2	352	0.56	354
24	2	369	0.54	371
25	1	376	0.27	377
26	2	377	0.53	379
27	3	425	0.70	428
28	3	409	0.73	412
29	0	363	0.00	363
30	0	386	0.00	386
31	0	353	0.00	353
32	0	373	0.00	373
33	0	321	0.00	321
34	1	323	0.31	324
35	2	303	0.66	305
36	0	355	0.00	355
37	1	328	0.30	329
38	2	356	0.56	358
39	0	352	0.00	352
40	0	308	0.00	308
41	3	312	0.95	315
42	1	348	0.29	349
43	0	363	0.00	363
44	1	343	0.29	344
45	0	294	0.00	294
46	2	353	0.56	355
47	2	311	0.64	313
48	0	322	0.00	322
49	0	393	0.00	393
50	1	405	0.25	406
51	2	418	0.48	420
52	0	378	0.00	378
53	0	349	0.00	349
54	0	322	0.00	322
55	1	298	0.33	299
56	2	291	0.68	293
57	0	299	0.00	299
58	0	302	0.00	302
59	0	319	0.00	319
60	1	347	0.29	348
61	0	329	0.00	329
62	2	373	0.53	375
63	1	336	0.30	337
64	1	343	0.29	344
65	1	277	0.36	278
66	1	297	0.34	298
67	0	327	0.00	327
68	0	314	0.00	314
69	0	328	0.00	328
70	0	277	0.00	277
71	1	326	0.31	327
72	2	275	0.72	277
73	0	290	0.00	290
74	0	267	0.00	267
75	0	274	0.00	274
76	1	293	0.34	294
77	1	265	0.38	266
78	1	257	0.39	258
79	0	255	0.00	255
80	2	289	0.69	291
81	0	244	0.00	244
82	2	278	0.71	280
83	2	250	0.79	252
84	0	290	0.00	290
85	1	267	0.37	268
86	0	241	0.00	241
87	0	195	0.00	195
88	0	234	0.00	234
89	0	200	0.00	200
90	0	170	0.00	170
91	1	166	0.60	167
92	0	181	0.00	181
93	2	142	1.39	144
94	0	175	0.00	175
95	0	169	0.00	169
96	1	139	0.71	140
97	0	128	0.00	128
98	0	155	0.00	155
99	0	58	0.00	58
100	0	8	0.00	8
101	0	9	0.00	9
102	0	7	0.00	7
103	0	9	0.00	9
104	0	7	0.00	7
105	0	7	0.00	7
106	0	6	0.00	6
107	0	6	0.00	6
108	0	5	0.00	5
109	0	6	0.00	6
110	0	8	0.00	8
111	0	3	0.00	3
112	0	4	0.00	4
113	0	5	0.00	5
114	0	5	0.00	5
115	0	6	0.00	6
116	0	7	0.00	7
117	0	5	0.00	5
118	0	2	0.00	2
119	0	3	0.00	3
120	0	1	0.00	1
121	0	3	0.00	3
122	0	1	0.00	1
123	0	3	0.00	3
124	0	1	0.00	1
125	0	1	0.00	1
126	0	3	0.00	3
127	0	0		0
128	0	2	0.00	2
129	0	4	0.00	4
130	0	0		0
131	0	4	0.00	4
132	0	3	0.00	3
133	0	0		0
134	0	1	0.00	1
135	0	0		0
136	0	1	0.00	1
137	0	1	0.00	1
138	0	1	0.00	1
139	0	1	0.00	1
140	0	0		0
141	0	1	0.00	1
142	0	1	0.00	1
143	0	0		0
144	0	0		0
145	0	0		0
146	0	0		0
147	0	0		0
148	0	1	0.00	1
149	0	0		0

CpG context (R2)
================
position	count methylated	count unmethylated	% methylation	coverage
1	0	14	0.00	14
2	1	21	4.55	22
3	4	69	5.48	73
4	5	72	6.49	77
5	7	105	6.25	112
6	6	79	7.06	85
7	5	130	3.70	135
8	2	72	2.70	74
9	0	75	0.00	75
10	4	86	4.44	90
11	5	55	8.33	60
12	2	54	3.57	56
13	3	57	5.00	60
14	3	32	8.57	35
15	3	57	5.00	60
16	0	46	0.00	46
17	0	42	0.00	42
18	6	31	16.22	37
19	1	39	2.50	40
20	3	37	7.50	40
21	0	42	0.00	42
22	0	35	0.00	35
23	1	35	2.78	36
24	5	61	7.58	66
25	1	25	3.85	26
26	4	42	8.70	46
27	0	29	0.00	29
28	1	21	4.55	22
29	1	31	3.12	32
30	3	17	15.00	20
31	2	25	7.41	27
32	1	27	3.57	28
33	3	13	18.75	16
34	2	24	7.69	26
35	0	9	0.00	9
36	2	19	9.52	21
37	0	15	0.00	15
38	0	18	0.00	18
39	0	8	0.00	8
40	0	8	0.00	8
41	1	14	6.67	15
42	0	9	0.00	9
43	1	14	6.67	15
44	0	16	0.00	16
45	0	3	0.00	3
46	3	8	27.27	11
47	0	11	0.00	11
48	1	7	12.50	8
49	1	5	16.67	6
50	1	3	25.00	4
51	0	8	0.00	8
52	1	4	20.00	5
53	0	2	0.00	2
54	1	3	25.00	4
55	1	5	16.67	6
56	0	3	0.00	3
57	0	5	0.00	5
58	0	4	0.00	4
59	0	2	0.00	2
60	1	3	25.00	4
61	0	7	0.00	7
62	0	3	0.00	3
63	0	6	0.00	6
64	0	2	0.00	2
65	0	1	0.00	1
66	0	5	0.00	5
67	0	1	0.00	1
68	0	2	0.00	2
69	0	1	0.00	1
70	1	0	100.00	1
71	0	0		0
72	0	2	0.00	2
73	0	0		0
74	0	1	0.00	1
75	0	0		0
76	0	0		0
77	0	0		0
78	0	0		0
79	0	0		0
80	0	0		0
81	0	1	0.00	1
82	0	1	0.00	1
83	0	1	0.00	1
84	0	0		0
85	0	0		0
86	0	0		0
87	0	0		0
88	0	0		0
89	0	0		0
90	0	0		0
91	1	0	100.00	1
92	0	0		0
93	0	0		0
94	0	0		0
95	0	0		0
96	0	0		0
97	0	0		0
98	0	0		0

CHG context (R2)
================
position	count methylated	count unmethylated	% methylation	coverage
1	11	2143	0.51	2154
2	0	22	0.00	22
3	0	6	0.00	6
4	1	43	2.27	44
5	0	51	0.00	51
6	0	61	0.00	61
7	1	83	1.19	84
8	1	89	1.11	90
9	0	60	0.00	60
10	0	53	0.00	53
11	0	92	0.00	92
12	0	36	0.00	36
13	0	48	0.00	48
14	0	42	0.00	42
15	1	46	2.13	47
16	1	46	2.13	47
17	0	43	0.00	43
18	0	49	0.00	49
19	0	36	0.00	36
20	0	58	0.00	58
21	0	36	0.00	36
22	0	44	0.00	44
23	0	25	0.00	25
24	0	14	0.00	14
25	0	39	0.00	39
26	0	15	0.00	15
27	0	15	0.00	15
28	0	19	0.00	19
29	0	29	0.00	29
30	0	16	0.00	16
31	0	27	0.00	27
32	1	17	5.56	18
33	1	21	4.55	22
34	0	18	0.00	18
35	0	27	0.00	27
36	0	11	0.00	11
37	0	11	0.00	11
38	0	15	0.00	15
39	1	4	20.00	5
40	0	15	0.00	15
41	0	16	0.00	16
42	0	5	0.00	5
43	1	3	25.00	4
44	0	6	0.00	6
45	0	8	0.00	8
46	0	1	0.00	1
47	0	5	0.00	5
48	0	9	0.00	9
49	0	6	0.00	6
50	0	6	0.00	6
51	0	2	0.00	2
52	0	8	0.00	8
53	0	7	0.00	7
54	0	2	0.00	2
55	0	4	0.00	4
56	0	6	0.00	6
57	0	0		0
58	0	1	0.00	1
59	0	0		0
60	0	6	0.00	6
61	0	1	0.00	1
62	0	1	0.00	1
63	0	2	0.00	2
64	0	5	0.00	5
65	0	0		0
66	0	0		0
67	0	0		0
68	0	1	0.00	1
69	0	1	0.00	1
70	0	1	0.00	1
71	0	4	0.00	4
72	0	0		0
73	0	2	0.00	2
74	0	0		0
75	0	1	0.00	1
76	0	0		0
77	0	0		0
78	0	0		0
79	0	0		0
80	0	1	0.00	1
81	0	0		0
82	0	0		0
83	0	0		0
84	0	2	0.00	2
85	0	0		0
86	0	1	0.00	1
87	0	0		0
88	0	0		0
89	0	1	0.00	1
90	0	0		0
91	0	0		0
92	0	0		0
93	0	0		0
94	0	0		0
95	0	1	0.00	1
96	0	1	0.00	1
97	0	0		0
98	0	0		0

CHH context (R2)
================
position	count methylated	count unmethylated	% methylation	coverage
1	0	17	0.00	17
2	2	974	0.20	976
3	1	270	0.37	271
4	0	168	0.00	168
5	0	123	0.00	123
6	0	92	0.00	92
7	0	99	0.00	99
8	1	132	0.75	133
9	0	104	0.00	104
10	2	122	1.61	124
11	0	90	0.00	90
12	0	93	0.00	93
13	0	64	0.00	64
14	0	95	0.00	95
15	0	68	0.00	68
16	0	63	0.00	63
17	0	70	0.00	70
18	1	77	1.28	78
19	1	73	1.35	74
20	0	44	0.00	44
21	0	50	0.00	50
22	0	48	0.00	48
23	0	46	0.00	46
24	1	45	2.17	46
25	0	33	0.00	33
26	0	37	0.00	37
27	0	38	0.00	38
28	0	34	0.00	34
29	0	38	0.00	38
30	0	33	0.00	33
31	0	21	0.00	21
32	0	29	0.00	29
33	0	15	0.00	15
34	0	16	0.00	16
35	0	19	0.00	19
36	0	16	0.00	16
37	0	13	0.00	13
38	0	14	0.00	14
39	0	6	0.00	6
40	0	16	0.00	16
41	0	14	0.00	14
42	0	22	0.00	22
43	0	17	0.00	17
44	0	16	0.00	16
45	0	11	0.00	11
46	1	11	8.33	12
47	0	7	0.00	7
48	0	3	0.00	3
49	0	9	0.00	9
50	0	7	0.00	7
51	0	10	0.00	10
52	0	13	0.00	13
53	0	11	0.00	11
54	0	11	0.00	11
55	0	7	0.00	7
56	0	10	0.00	10
57	0	7	0.00	7
58	0	4	0.00	4
59	0	1	0.00	1
60	0	1	0.00	1
61	0	1	0.00	1
62	0	3	0.00	3
63	0	1	0.00	1
64	0	1	0.00	1
65	0	1	0.00	1
66	0	1	0.00	1
67	0	0		0
68	0	2	0.00	2
69	0	0		0
70	0	0		0
71	0	0		0
72	0	0		0
73	0	0		0
74	0	1	0.00	1
75	0	1	0.00	1
76	0	0		0
77	0	1	0.00	1
78	0	2	0.00	2
79	0	0		0
80	0	1	0.00	1
81	0	1	0.00	1
82	0	0		0
83	0	0		0
84	0	0		0
85	0	0		0
86	0	0		0
87	0	1	0.00	1
88	0	0		0
89	0	0		0
90	0	0		0
91	0	0		0
92	0	0		0
93	0	0		0
94	0	0		0
95	0	0		0
96	0	0		0
97	0	0		0
98	0	1	0.00	1

