CpG context (R1)
================
position	count methylated	count unmethylated	% methylation	coverage
1	212	2172	8.89	2384
2	0	15	0.00	15
3	0	15	0.00	15
4	4	159	2.45	163
5	12	183	6.15	195
6	12	265	4.33	277
7	11	230	4.56	241
8	15	294	4.85	309
9	8	237	3.27	245
10	9	253	3.44	262
11	12	255	4.49	267
12	19	264	6.71	283
13	11	263	4.01	274
14	19	272	6.53	291
15	13	238	5.18	251
16	13	281	4.42	294
17	8	229	3.38	237
18	13	228	5.39	241
19	16	314	4.85	330
20	12	210	5.41	222
21	11	214	4.89	225
22	9	287	3.04	296
23	16	255	5.90	271
24	14	238	5.56	252
25	14	277	4.81	291
26	16	300	5.06	316
27	16	276	5.48	292
28	17	260	6.14	277
29	16	279	5.42	295
30	14	291	4.59	305
31	20	269	6.92	289
32	16	285	5.32	301
33	6	184	3.16	190
34	17	235	6.75	252
35	9	270	3.23	279
36	18	204	8.11	222
37	14	241	5.49	255
38	26	225	10.36	251
39	11	256	4.12	267
40	13	248	4.98	261
41	14	251	5.28	265
42	12	269	4.27	281
43	15	229	6.15	244
44	8	247	3.14	255
45	20	259	7.17	279
46	17	222	7.11	239
47	20	266	6.99	286
48	8	258	3.01	266
49	16	238	6.30	254
50	12	251	4.56	263
51	16	216	6.90	232
52	15	237	5.95	252
53	10	212	4.50	222
54	20	250	7.41	270
55	17	242	6.56	259
56	16	221	6.75	237
57	13	238	5.18	251
58	13	236	5.22	249
59	10	265	3.64	275
60	10	284	3.40	294
61	6	226	2.59	232
62	18	265	6.36	283
63	13	220	5.58	233
64	12	263	4.36	275
65	10	251	3.83	261
66	14	266	5.00	280
67	15	215	6.52	230
68	10	185	5.13	195
69	8	211	3.65	219
70	14	220	5.98	234
71	13	237	5.20	250
72	9	239	3.63	248
73	17	244	6.51	261
74	8	222	3.48	230
75	10	150	6.25	160
76	12	230	4.96	242
77	8	221	3.49	229
78	13	204	5.99	217
79	14	187	6.97	201
80	11	185	5.61	196
81	5	163	2.98	168
82	9	206	4.19	215
83	8	150	5.06	158
84	4	160	2.44	164
85	8	198	3.88	206
86	4	164	2.38	168
87	4	184	2.13	188
88	3	125	2.34	128
89	9	159	5.36	168
90	3	126	2.33	129
91	5	143	3.38	148
92	4	160	2.44	164
93	4	144	2.70	148
94	0	149	0.00	149
95	5	104	4.59	109
96	6	100	5.66	106
97	5	137	3.52	142
98	4	89	4.30	93
99	6	39	13.33	45
100	0	11	0.00	11
101	0	5	0.00	5
102	0	3	0.00	3
103	0	8	0.00	8
104	1	4	20.00	5
105	0	6	0.00	6
106	0	5	0.00	5
107	0	2	0.00	2
108	0	7	0.00	7
109	0	8	0.00	8
110	0	3	0.00	3
111	0	5	0.00	5
112	0	2	0.00	2
113	0	4	0.00	4
114	0	2	0.00	2
115	0	4	0.00	4
116	1	1	50.00	2
117	0	7	0.00	7
118	0	3	0.00	3
119	0	3	0.00	3
120	0	3	0.00	3
121	0	1	0.00	1
122	1	3	25.00	4
123	1	2	33.33	3
124	0	3	0.00	3
125	0	1	0.00	1
126	0	3	0.00	3
127	0	2	0.00	2
128	0	3	0.00	3
129	0	2	0.00	2
130	0	1	0.00	1
131	0	4	0.00	4
132	0	3	0.00	3
133	0	5	0.00	5
134	0	1	0.00	1
135	0	2	0.00	2
136	0	3	0.00	3
137	0	1	0.00	1
138	0	2	0.00	2
139	0	4	0.00	4
140	0	1	0.00	1
141	0	3	0.00	3
142	0	0		0
143	0	1	0.00	1
144	1	0	100.00	1
145	0	1	0.00	1
146	0	0		0
147	0	1	0.00	1
148	0	2	0.00	2
149	0	1	0.00	1

CHG context (R1)
================
position	count methylated	count unmethylated	% methylation	coverage
1	0	11	0.00	11
2	0	19	0.00	19
3	0	11	0.00	11
4	0	149	0.00	149
5	0	203	0.00	203
6	1	243	0.41	244
7	3	252	1.18	255
8	0	206	0.00	206
9	3	228	1.30	231
10	1	204	0.49	205
11	0	217	0.00	217
12	0	194	0.00	194
13	0	222	0.00	222
14	0	227	0.00	227
15	2	239	0.83	241
16	1	199	0.50	200
17	1	227	0.44	228
18	1	253	0.39	254
19	1	204	0.49	205
20	1	180	0.55	181
21	1	214	0.47	215
22	1	233	0.43	234
23	0	218	0.00	218
24	0	179	0.00	179
25	0	260	0.00	260
26	1	245	0.41	246
27	1	225	0.44	226
28	1	226	0.44	227
29	0	202	0.00	202
30	0	182	0.00	182
31	0	231	0.00	231
32	0	179	0.00	179
33	0	245	0.00	245
34	2	252	0.79	254
35	1	219	0.45	220
36	0	199	0.00	199
37	2	201	0.99	203
38	0	197	0.00	197
39	0	236	0.00	236
40	2	234	0.85	236
41	2	259	0.77	261
42	0	207	0.00	207
43	0	222	0.00	222
44	1	254	0.39	255
45	0	169	0.00	169
46	2	234	0.85	236
47	0	182	0.00	182
48	1	211	0.47	212
49	0	210	0.00	210
50	0	255	0.00	255
51	0	197	0.00	197
52	0	220	0.00	220
53	0	253	0.00	253
54	1	191	0.52	192
55	0	145	0.00	145
56	1	230	0.43	231
57	0	193	0.00	193
58	1	189	0.53	190
59	0	204	0.00	204
60	0	155	0.00	155
61	0	178	0.00	178
62	0	169	0.00	169
63	1	186	0.53	187
64	0	189	0.00	189
65	1	235	0.42	236
66	0	173	0.00	173
67	0	154	0.00	154
68	0	196	0.00	196
69	0	178	0.00	178
70	2	196	1.01	198
71	1	194	0.51	195
72	1	156	0.64	157
73	1	187	0.53	188
74	1	148	0.67	149
75	2	142	1.39	144
76	0	170	0.00	170
77	0	184	0.00	184
78	0	134	0.00	134
79	0	159	0.00	159
80	3	122	2.40	125
81	0	169	0.00	169
82	0	105	0.00	105
83	1	131	0.76	132
84	0	144	0.00	144
85	1	110	0.90	111
86	1	154	0.65	155
87	0	121	0.00	121
88	1	127	0.78	128
89	1	114	0.87	115
90	0	97	0.00	97
91	0	154	0.00	154
92	0	109	0.00	109
93	0	80	0.00	80
94	2	113	1.74	115
95	0	102	0.00	102
96	0	135	0.00	135
97	0	106	0.00	106
98	0	87	0.00	87
99	0	48	0.00	48
100	0	6	0.00	6
101	0	4	0.00	4
102	0	6	0.00	6
103	0	5	0.00	5
104	0	3	0.00	3
105	0	3	0.00	3
106	0	9	0.00	9
107	0	4	0.00	4
108	0	5	0.00	5
109	0	3	0.00	3
110	0	4	0.00	4
111	0	1	0.00	1
112	0	3	0.00	3
113	0	2	0.00	2
114	0	1	0.00	1
115	0	2	0.00	2
116	0	1	0.00	1
117	0	3	0.00	3
118	0	2	0.00	2
119	0	1	0.00	1
120	0	2	0.00	2
121	0	3	0.00	3
122	0	1	0.00	1
123	0	2	0.00	2
124	0	3	0.00	3
125	0	5	0.00	5
126	0	0		0
127	0	2	0.00	2
128	0	2	0.00	2
129	0	1	0.00	1
130	0	4	0.00	4
131	0	0		0
132	0	4	0.00	4
133	0	2	0.00	2
134	0	0		0
135	0	1	0.00	1
136	0	1	0.00	1
137	0	1	0.00	1
138	0	0		0
139	0	1	0.00	1
140	0	2	0.00	2
141	0	1	0.00	1
142	0	1	0.00	1
143	0	0		0
144	0	0		0
145	0	1	0.00	1
146	0	0		0
147	0	1	0.00	1
148	0	1	0.00	1
149	0	2	0.00	2

CHH context (R1)
================
position	count methylated	count unmethylated	% methylation	coverage
1	0	29	0.00	29
2	0	31	0.00	31
3	0	19	0.00	19
4	1	357	0.28	358
5	1	389	0.26	390
6	1	437	0.23	438
7	2	385	0.52	387
8	0	349	0.00	349
9	1	344	0.29	345
10	0	318	0.00	318
11	1	327	0.30	328
12	0	361	0.00	361
13	1	383	0.26	384
14	3	351	0.85	354
15	2	349	0.57	351
16	0	346	0.00	346
17	1	322	0.31	323
18	1	307	0.32	308
19	2	342	0.58	344
20	2	336	0.59	338
21	2	372	0.53	374
22	2	332	0.60	334
23	0	332	0.00	332
24	1	413	0.24	414
25	3	384	0.78	387
26	0	354	0.00	354
27	3	385	0.77	388
28	0	358	0.00	358
29	0	367	0.00	367
30	0	371	0.00	371
31	0	345	0.00	345
32	1	373	0.27	374
33	4	314	1.26	318
34	0	365	0.00	365
35	1	337	0.30	338
36	0	380	0.00	380
37	2	354	0.56	356
38	2	367	0.54	369
39	1	351	0.28	352
40	1	321	0.31	322
41	2	320	0.62	322
42	1	344	0.29	345
43	3	331	0.90	334
44	1	346	0.29	347
45	1	300	0.33	301
46	0	309	0.00	309
47	0	315	0.00	315
48	0	355	0.00	355
49	0	387	0.00	387
50	0	409	0.00	409
51	2	400	0.50	402
52	0	361	0.00	361
53	2	320	0.62	322
54	1	295	0.34	296
55	1	305	0.33	306
56	1	298	0.33	299
57	0	289	0.00	289
58	0	313	0.00	313
59	1	333	0.30	334
60	0	335	0.00	335
61	1	295	0.34	296
62	4	310	1.27	314
63	1	284	0.35	285
64	1	323	0.31	324
65	2	287	0.69	289
66	1	275	0.36	276
67	1	317	0.31	318
68	1	333	0.30	334
69	2	271	0.73	273
70	2	271	0.73	273
71	0	270	0.00	270
72	0	251	0.00	251
73	0	259	0.00	259
74	1	252	0.40	253
75	0	295	0.00	295
76	0	313	0.00	313
77	0	254	0.00	254
78	0	245	0.00	245
79	2	262	0.76	264
80	1	269	0.37	270
81	1	224	0.44	225
82	2	265	0.75	267
83	1	236	0.42	237
84	1	217	0.46	218
85	0	284	0.00	284
86	1	268	0.37	269
87	0	210	0.00	210
88	0	245	0.00	245
89	0	210	0.00	210
90	0	196	0.00	196
91	0	208	0.00	208
92	1	193	0.52	194
93	2	176	1.12	178
94	0	158	0.00	158
95	0	188	0.00	188
96	0	160	0.00	160
97	1	166	0.60	167
98	4	172	2.27	176
99	0	62	0.00	62
100	0	8	0.00	8
101	0	10	0.00	10
102	0	8	0.00	8
103	0	7	0.00	7
104	0	7	0.00	7
105	0	4	0.00	4
106	0	4	0.00	4
107	0	2	0.00	2
108	0	2	0.00	2
109	0	2	0.00	2
110	0	3	0.00	3
111	0	3	0.00	3
112	0	3	0.00	3
113	0	4	0.00	4
114	0	5	0.00	5
115	0	5	0.00	5
116	0	1	0.00	1
117	0	4	0.00	4
118	0	2	0.00	2
119	0	7	0.00	7
120	0	3	0.00	3
121	0	4	0.00	4
122	0	5	0.00	5
123	0	2	0.00	2
124	0	4	0.00	4
125	0	1	0.00	1
126	0	3	0.00	3
127	0	3	0.00	3
128	0	3	0.00	3
129	0	1	0.00	1
130	0	1	0.00	1
131	0	1	0.00	1
132	0	3	0.00	3
133	0	3	0.00	3
134	0	2	0.00	2
135	0	1	0.00	1
136	0	1	0.00	1
137	0	1	0.00	1
138	0	1	0.00	1
139	0	0		0
140	0	2	0.00	2
141	0	0		0
142	0	0		0
143	0	0		0
144	0	2	0.00	2
145	0	1	0.00	1
146	0	0		0
147	0	0		0
148	0	1	0.00	1
149	0	0		0

CpG context (R2)
================
position	count methylated	count unmethylated	% methylation	coverage
1	0	14	0.00	14
2	0	14	0.00	14
3	2	79	2.47	81
4	4	69	5.48	73
5	4	95	4.04	99
6	3	76	3.80	79
7	6	120	4.76	126
8	1	92	1.08	93
9	4	63	5.97	67
10	3	83	3.49	86
11	8	66	10.81	74
12	5	75	6.25	80
13	8	70	10.26	78
14	0	44	0.00	44
15	4	52	7.14	56
16	2	52	3.70	54
17	3	30	9.09	33
18	4	42	8.70	46
19	4	40	9.09	44
20	5	45	10.00	50
21	2	35	5.41	37
22	3	48	5.88	51
23	4	34	10.53	38
24	1	73	1.35	74
25	4	30	11.76	34
26	0	33	0.00	33
27	4	39	9.30	43
28	0	36	0.00	36
29	4	34	10.53	38
30	3	22	12.00	25
31	1	40	2.44	41
32	1	28	3.45	29
33	0	14	0.00	14
34	1	15	6.25	16
35	1	11	8.33	12
36	1	13	7.14	14
37	2	14	12.50	16
38	2	16	11.11	18
39	0	14	0.00	14
40	0	8	0.00	8
41	0	12	0.00	12
42	0	8	0.00	8
43	1	15	6.25	16
44	0	14	0.00	14
45	0	5	0.00	5
46	1	14	6.67	15
47	0	5	0.00	5
48	2	6	25.00	8
49	0	2	0.00	2
50	1	8	11.11	9
51	0	5	0.00	5
52	1	10	9.09	11
53	0	5	0.00	5
54	0	8	0.00	8
55	0	5	0.00	5
56	0	1	0.00	1
57	0	6	0.00	6
58	1	2	33.33	3
59	0	6	0.00	6
60	0	2	0.00	2
61	0	0		0
62	0	1	0.00	1
63	0	2	0.00	2
64	0	1	0.00	1
65	0	0		0
66	0	0		0
67	0	1	0.00	1
68	1	1	50.00	2
69	0	1	0.00	1
70	0	1	0.00	1
71	0	1	0.00	1
72	0	1	0.00	1
73	0	0		0
74	0	0		0
75	0	2	0.00	2
76	0	0		0
77	0	1	0.00	1
78	0	0		0
79	0	0		0
80	0	0		0
81	0	0		0
82	0	1	0.00	1
83	0	0		0
84	0	0		0
85	0	0		0
86	0	0		0
87	0	0		0
88	0	0		0
89	0	0		0
90	0	0		0
91	0	1	0.00	1
92	0	0		0
93	0	0		0
94	0	1	0.00	1
95	0	0		0
96	0	0		0
97	0	2	0.00	2

CHG context (R2)
================
position	count methylated	count unmethylated	% methylation	coverage
1	21	2132	0.98	2153
2	0	20	0.00	20
3	0	6	0.00	6
4	2	44	4.35	46
5	1	57	1.72	58
6	1	72	1.37	73
7	0	47	0.00	47
8	1	104	0.95	105
9	0	81	0.00	81
10	1	53	1.85	54
11	1	77	1.28	78
12	0	25	0.00	25
13	0	55	0.00	55
14	0	62	0.00	62
15	0	44	0.00	44
16	0	47	0.00	47
17	1	55	1.79	56
18	0	60	0.00	60
19	0	50	0.00	50
20	1	54	1.82	55
21	0	41	0.00	41
22	0	59	0.00	59
23	0	36	0.00	36
24	0	18	0.00	18
25	0	45	0.00	45
26	0	19	0.00	19
27	0	14	0.00	14
28	0	22	0.00	22
29	0	25	0.00	25
30	0	16	0.00	16
31	0	26	0.00	26
32	0	20	0.00	20
33	0	26	0.00	26
34	0	18	0.00	18
35	0	20	0.00	20
36	0	17	0.00	17
37	0	14	0.00	14
38	0	14	0.00	14
39	0	13	0.00	13
40	0	8	0.00	8
41	0	20	0.00	20
42	0	5	0.00	5
43	0	4	0.00	4
44	0	2	0.00	2
45	1	7	12.50	8
46	0	4	0.00	4
47	0	9	0.00	9
48	0	14	0.00	14
49	0	9	0.00	9
50	0	9	0.00	9
51	0	9	0.00	9
52	0	9	0.00	9
53	0	5	0.00	5
54	0	1	0.00	1
55	0	8	0.00	8
56	0	6	0.00	6
57	0	0		0
58	0	3	0.00	3
59	0	1	0.00	1
60	0	9	0.00	9
61	0	3	0.00	3
62	0	0		0
63	1	6	14.29	7
64	0	3	0.00	3
65	0	0		0
66	0	1	0.00	1
67	0	0		0
68	0	1	0.00	1
69	0	0		0
70	0	1	0.00	1
71	0	0		0
72	0	2	0.00	2
73	0	2	0.00	2
74	0	0		0
75	0	1	0.00	1
76	0	0		0
77	0	0		0
78	0	1	0.00	1
79	0	0		0
80	0	1	0.00	1
81	0	0		0
82	0	0		0
83	0	0		0
84	0	0		0
85	0	0		0
86	0	1	0.00	1
87	0	1	0.00	1
88	0	0		0
89	0	0		0
90	0	0		0
91	0	0		0
92	0	0		0
93	0	0		0
94	0	0		0
95	0	1	0.00	1
96	0	0		0
97	0	0		0

CHH context (R2)
================
position	count methylated	count unmethylated	% methylation	coverage
1	0	10	0.00	10
2	1	968	0.10	969
3	0	264	0.00	264
4	0	170	0.00	170
5	1	132	0.75	133
6	0	111	0.00	111
7	0	105	0.00	105
8	0	132	0.00	132
9	1	121	0.82	122
10	1	107	0.93	108
11	0	69	0.00	69
12	0	71	0.00	71
13	0	71	0.00	71
14	0	95	0.00	95
15	1	76	1.30	77
16	1	66	1.49	67
17	0	70	0.00	70
18	0	67	0.00	67
19	0	76	0.00	76
20	0	58	0.00	58
21	1	45	2.17	46
22	1	38	2.56	39
23	1	50	1.96	51
24	1	38	2.56	39
25	0	49	0.00	49
26	0	28	0.00	28
27	0	29	0.00	29
28	0	34	0.00	34
29	0	35	0.00	35
30	0	37	0.00	37
31	0	25	0.00	25
32	0	27	0.00	27
33	1	23	4.17	24
34	0	25	0.00	25
35	0	27	0.00	27
36	0	23	0.00	23
37	0	13	0.00	13
38	0	30	0.00	30
39	0	9	0.00	9
40	0	19	0.00	19
41	0	14	0.00	14
42	0	23	0.00	23
43	0	24	0.00	24
44	0	22	0.00	22
45	0	9	0.00	9
46	0	15	0.00	15
47	0	14	0.00	14
48	0	6	0.00	6
49	0	12	0.00	12
50	0	7	0.00	7
51	0	12	0.00	12
52	0	7	0.00	7
53	0	10	0.00	10
54	0	11	0.00	11
55	0	7	0.00	7
56	0	12	0.00	12
57	0	6	0.00	6
58	0	8	0.00	8
59	0	2	0.00	2
60	0	2	0.00	2
61	0	5	0.00	5
62	0	4	0.00	4
63	0	1	0.00	1
64	0	1	0.00	1
65	0	1	0.00	1
66	0	1	0.00	1
67	0	0		0
68	0	6	0.00	6
69	0	1	0.00	1
70	0	0		0
71	0	0		0
72	0	0		0
73	0	1	0.00	1
74	0	2	0.00	2
75	0	1	0.00	1
76	0	0		0
77	0	1	0.00	1
78	0	0		0
79	0	1	0.00	1
80	0	0		0
81	0	0		0
82	0	0		0
83	0	0		0
84	0	0		0
85	0	0		0
86	0	0		0
87	0	1	0.00	1
88	0	0		0
89	0	0		0
90	0	0		0
91	0	0		0
92	0	0		0
93	0	0		0
94	0	0		0
95	0	0		0
96	0	0		0
97	0	0		0

