CpG context (R1)
================
position	count methylated	count unmethylated	% methylation	coverage
1	199	2174	8.39	2373
2	2	18	10.00	20
3	2	15	11.76	17
4	11	174	5.95	185
5	21	213	8.97	234
6	14	241	5.49	255
7	6	206	2.83	212
8	17	266	6.01	283
9	11	255	4.14	266
10	21	254	7.64	275
11	11	249	4.23	260
12	15	257	5.51	272
13	14	274	4.86	288
14	10	262	3.68	272
15	7	257	2.65	264
16	15	283	5.03	298
17	7	214	3.17	221
18	14	227	5.81	241
19	20	316	5.95	336
20	11	219	4.78	230
21	10	230	4.17	240
22	14	252	5.26	266
23	15	246	5.75	261
24	16	236	6.35	252
25	10	291	3.32	301
26	9	276	3.16	285
27	6	294	2.00	300
28	29	243	10.66	272
29	12	275	4.18	287
30	16	258	5.84	274
31	19	290	6.15	309
32	17	275	5.82	292
33	7	259	2.63	266
34	10	249	3.86	259
35	7	257	2.65	264
36	7	208	3.26	215
37	18	262	6.43	280
38	17	220	7.17	237
39	18	254	6.62	272
40	9	271	3.21	280
41	13	235	5.24	248
42	24	242	9.02	266
43	15	253	5.60	268
44	16	235	6.37	251
45	10	267	3.61	277
46	10	248	3.88	258
47	19	239	7.36	258
48	22	242	8.33	264
49	21	210	9.09	231
50	12	249	4.60	261
51	9	218	3.96	227
52	9	233	3.72	242
53	9	234	3.70	243
54	14	234	5.65	248
55	14	254	5.22	268
56	16	231	6.48	247
57	13	226	5.44	239
58	12	233	4.90	245
59	13	257	4.81	270
60	10	273	3.53	283
61	14	227	5.81	241
62	12	230	4.96	242
63	6	235	2.49	241
64	9	236	3.67	245
65	13	273	4.55	286
66	11	219	4.78	230
67	15	220	6.38	235
68	7	222	3.06	229
69	9	188	4.57	197
70	6	203	2.87	209
71	12	254	4.51	266
72	10	254	3.79	264
73	12	202	5.61	214
74	11	206	5.07	217
75	9	180	4.76	189
76	14	203	6.45	217
77	6	214	2.73	220
78	6	216	2.70	222
79	14	204	6.42	218
80	9	196	4.39	205
81	3	176	1.68	179
82	9	222	3.90	231
83	4	124	3.12	128
84	10	163	5.78	173
85	9	184	4.66	193
86	8	168	4.55	176
87	11	178	5.82	189
88	7	122	5.43	129
89	9	139	6.08	148
90	5	130	3.70	135
91	8	133	5.67	141
92	2	126	1.56	128
93	12	131	8.39	143
94	4	136	2.86	140
95	4	95	4.04	99
96	3	110	2.65	113
97	6	138	4.17	144
98	9	100	8.26	109
99	8	53	13.11	61
100	0	10	0.00	10
101	0	2	0.00	2
102	0	4	0.00	4
103	1	5	16.67	6
104	1	7	12.50	8
105	1	5	16.67	6
106	0	10	0.00	10
107	1	1	50.00	2
108	0	6	0.00	6
109	0	8	0.00	8
110	0	4	0.00	4
111	0	4	0.00	4
112	0	6	0.00	6
113	0	1	0.00	1
114	0	1	0.00	1
115	0	4	0.00	4
116	0	2	0.00	2
117	0	4	0.00	4
118	0	6	0.00	6
119	0	1	0.00	1
120	2	4	33.33	6
121	0	0		0
122	0	3	0.00	3
123	2	1	66.67	3
124	0	3	0.00	3
125	0	2	0.00	2
126	1	0	100.00	1
127	0	4	0.00	4
128	0	0		0
129	1	3	25.00	4
130	0	1	0.00	1
131	0	4	0.00	4
132	1	0	100.00	1
133	0	3	0.00	3
134	0	1	0.00	1
135	0	2	0.00	2
136	0	0		0
137	0	2	0.00	2
138	0	0		0
139	0	2	0.00	2
140	0	1	0.00	1
141	0	3	0.00	3
142	0	0		0
143	0	3	0.00	3
144	0	0		0
145	0	0		0
146	0	0		0
147	0	0		0
148	0	1	0.00	1
149	0	1	0.00	1

CHG context (R1)
================
position	count methylated	count unmethylated	% methylation	coverage
1	0	19	0.00	19
2	0	25	0.00	25
3	0	8	0.00	8
4	0	133	0.00	133
5	1	198	0.50	199
6	0	220	0.00	220
7	0	273	0.00	273
8	1	200	0.50	201
9	0	225	0.00	225
10	1	216	0.46	217
11	0	258	0.00	258
12	1	201	0.50	202
13	0	215	0.00	215
14	0	186	0.00	186
15	0	248	0.00	248
16	0	232	0.00	232
17	2	231	0.86	233
18	0	259	0.00	259
19	1	202	0.49	203
20	2	164	1.20	166
21	1	220	0.45	221
22	1	239	0.42	240
23	0	203	0.00	203
24	0	198	0.00	198
25	2	228	0.87	230
26	0	241	0.00	241
27	1	213	0.47	214
28	2	231	0.86	233
29	0	159	0.00	159
30	2	189	1.05	191
31	0	239	0.00	239
32	0	211	0.00	211
33	0	205	0.00	205
34	1	209	0.48	210
35	0	208	0.00	208
36	0	226	0.00	226
37	1	225	0.44	226
38	0	242	0.00	242
39	0	217	0.00	217
40	0	191	0.00	191
41	0	256	0.00	256
42	1	239	0.42	240
43	0	210	0.00	210
44	0	240	0.00	240
45	1	232	0.43	233
46	0	230	0.00	230
47	0	182	0.00	182
48	0	223	0.00	223
49	1	224	0.44	225
50	0	210	0.00	210
51	0	201	0.00	201
52	2	234	0.85	236
53	0	221	0.00	221
54	1	196	0.51	197
55	0	180	0.00	180
56	0	220	0.00	220
57	1	213	0.47	214
58	0	200	0.00	200
59	0	189	0.00	189
60	2	143	1.38	145
61	2	192	1.03	194
62	0	186	0.00	186
63	0	185	0.00	185
64	0	187	0.00	187
65	0	212	0.00	212
66	1	157	0.63	158
67	1	194	0.51	195
68	1	187	0.53	188
69	0	186	0.00	186
70	1	177	0.56	178
71	1	181	0.55	182
72	0	166	0.00	166
73	2	163	1.21	165
74	1	157	0.63	158
75	0	153	0.00	153
76	0	183	0.00	183
77	2	210	0.94	212
78	0	160	0.00	160
79	1	137	0.72	138
80	2	145	1.36	147
81	1	191	0.52	192
82	0	126	0.00	126
83	0	148	0.00	148
84	0	139	0.00	139
85	0	122	0.00	122
86	0	159	0.00	159
87	0	108	0.00	108
88	0	131	0.00	131
89	0	122	0.00	122
90	1	98	1.01	99
91	1	143	0.69	144
92	0	102	0.00	102
93	0	97	0.00	97
94	1	114	0.87	115
95	0	93	0.00	93
96	0	117	0.00	117
97	0	122	0.00	122
98	0	96	0.00	96
99	1	51	1.92	52
100	0	1	0.00	1
101	0	8	0.00	8
102	0	3	0.00	3
103	0	3	0.00	3
104	0	9	0.00	9
105	0	7	0.00	7
106	0	4	0.00	4
107	0	1	0.00	1
108	1	7	12.50	8
109	0	5	0.00	5
110	0	3	0.00	3
111	0	3	0.00	3
112	0	3	0.00	3
113	0	4	0.00	4
114	0	1	0.00	1
115	0	1	0.00	1
116	0	5	0.00	5
117	0	4	0.00	4
118	0	1	0.00	1
119	0	1	0.00	1
120	0	3	0.00	3
121	0	5	0.00	5
122	0	0		0
123	0	2	0.00	2
124	0	3	0.00	3
125	0	2	0.00	2
126	0	2	0.00	2
127	0	0		0
128	0	0		0
129	0	0		0
130	0	3	0.00	3
131	0	1	0.00	1
132	0	2	0.00	2
133	0	0		0
134	0	2	0.00	2
135	0	0		0
136	0	3	0.00	3
137	0	0		0
138	0	0		0
139	0	0		0
140	0	1	0.00	1
141	0	0		0
142	0	0		0
143	0	1	0.00	1
144	0	0		0
145	0	0		0
146	0	0		0
147	0	1	0.00	1
148	0	1	0.00	1
149	0	0		0

CHH context (R1)
================
position	count methylated	count unmethylated	% methylation	coverage
1	1	34	2.86	35
2	0	27	0.00	27
3	0	23	0.00	23
4	2	346	0.57	348
5	4	444	0.89	448
6	2	410	0.49	412
7	2	377	0.53	379
8	2	372	0.53	374
9	2	307	0.65	309
10	2	319	0.62	321
11	2	337	0.59	339
12	1	345	0.29	346
13	1	386	0.26	387
14	1	382	0.26	383
15	2	376	0.53	378
16	0	360	0.00	360
17	1	350	0.28	351
18	2	303	0.66	305
19	0	342	0.00	342
20	3	343	0.87	346
21	0	356	0.00	356
22	0	331	0.00	331
23	1	353	0.28	354
24	3	358	0.83	361
25	0	365	0.00	365
26	0	332	0.00	332
27	1	376	0.27	377
28	3	356	0.84	359
29	0	342	0.00	342
30	2	368	0.54	370
31	0	356	0.00	356
32	0	368	0.00	368
33	0	323	0.00	323
34	0	342	0.00	342
35	1	341	0.29	342
36	0	397	0.00	397
37	1	347	0.29	348
38	1	334	0.30	335
39	1	325	0.31	326
40	0	346	0.00	346
41	5	373	1.32	378
42	4	356	1.11	360
43	1	324	0.31	325
44	1	350	0.28	351
45	0	303	0.00	303
46	0	341	0.00	341
47	2	321	0.62	323
48	1	359	0.28	360
49	1	370	0.27	371
50	0	390	0.00	390
51	2	398	0.50	400
52	2	356	0.56	358
53	2	331	0.60	333
54	0	300	0.00	300
55	1	315	0.32	316
56	2	281	0.71	283
57	0	290	0.00	290
58	1	295	0.34	296
59	2	300	0.66	302
60	0	320	0.00	320
61	1	358	0.28	359
62	1	352	0.28	353
63	1	306	0.33	307
64	1	337	0.30	338
65	0	291	0.00	291
66	0	276	0.00	276
67	4	335	1.18	339
68	3	324	0.92	327
69	1	308	0.32	309
70	0	287	0.00	287
71	2	283	0.70	285
72	1	293	0.34	294
73	0	334	0.00	334
74	0	268	0.00	268
75	0	314	0.00	314
76	1	307	0.32	308
77	1	251	0.40	252
78	0	251	0.00	251
79	2	282	0.70	284
80	1	301	0.33	302
81	2	265	0.75	267
82	1	299	0.33	300
83	1	225	0.44	226
84	0	225	0.00	225
85	0	258	0.00	258
86	0	252	0.00	252
87	1	235	0.42	236
88	0	278	0.00	278
89	1	223	0.45	224
90	0	200	0.00	200
91	0	208	0.00	208
92	0	196	0.00	196
93	0	154	0.00	154
94	0	159	0.00	159
95	0	193	0.00	193
96	0	156	0.00	156
97	2	144	1.37	146
98	1	158	0.63	159
99	0	61	0.00	61
100	0	12	0.00	12
101	0	10	0.00	10
102	0	7	0.00	7
103	0	9	0.00	9
104	0	7	0.00	7
105	0	4	0.00	4
106	0	5	0.00	5
107	0	4	0.00	4
108	0	6	0.00	6
109	0	6	0.00	6
110	1	6	14.29	7
111	0	5	0.00	5
112	0	5	0.00	5
113	0	5	0.00	5
114	0	7	0.00	7
115	0	8	0.00	8
116	0	3	0.00	3
117	0	5	0.00	5
118	0	2	0.00	2
119	0	8	0.00	8
120	0	4	0.00	4
121	0	2	0.00	2
122	0	3	0.00	3
123	0	1	0.00	1
124	0	3	0.00	3
125	0	0		0
126	0	4	0.00	4
127	0	2	0.00	2
128	0	2	0.00	2
129	0	1	0.00	1
130	0	1	0.00	1
131	0	1	0.00	1
132	0	1	0.00	1
133	0	2	0.00	2
134	0	0		0
135	0	3	0.00	3
136	0	0		0
137	0	1	0.00	1
138	0	0		0
139	0	1	0.00	1
140	0	0		0
141	0	0		0
142	0	2	0.00	2
143	0	1	0.00	1
144	0	0		0
145	0	1	0.00	1
146	0	2	0.00	2
147	0	2	0.00	2
148	0	2	0.00	2
149	0	1	0.00	1

CpG context (R2)
================
position	count methylated	count unmethylated	% methylation	coverage
1	0	21	0.00	21
2	1	13	7.14	14
3	4	73	5.19	77
4	4	80	4.76	84
5	7	107	6.14	114
6	1	104	0.95	105
7	4	129	3.01	133
8	1	76	1.30	77
9	5	87	5.43	92
10	6	86	6.52	92
11	4	66	5.71	70
12	1	50	1.96	51
13	6	82	6.82	88
14	4	42	8.70	46
15	1	54	1.82	55
16	2	53	3.64	55
17	1	30	3.23	31
18	1	46	2.13	47
19	0	29	0.00	29
20	6	45	11.76	51
21	2	33	5.71	35
22	2	28	6.67	30
23	6	44	12.00	50
24	2	53	3.64	55
25	1	27	3.57	28
26	2	27	6.90	29
27	1	34	2.86	35
28	1	16	5.88	17
29	1	38	2.56	39
30	1	25	3.85	26
31	2	26	7.14	28
32	1	40	2.44	41
33	1	16	5.88	17
34	2	20	9.09	22
35	0	13	0.00	13
36	1	12	7.69	13
37	2	25	7.41	27
38	1	22	4.35	23
39	0	9	0.00	9
40	0	11	0.00	11
41	0	12	0.00	12
42	0	16	0.00	16
43	1	13	7.14	14
44	0	18	0.00	18
45	0	8	0.00	8
46	2	9	18.18	11
47	0	9	0.00	9
48	0	3	0.00	3
49	0	6	0.00	6
50	0	5	0.00	5
51	0	1	0.00	1
52	2	9	18.18	11
53	0	1	0.00	1
54	1	4	20.00	5
55	0	3	0.00	3
56	0	4	0.00	4
57	0	3	0.00	3
58	0	8	0.00	8
59	0	2	0.00	2
60	0	1	0.00	1
61	0	2	0.00	2
62	0	2	0.00	2
63	0	0		0
64	0	1	0.00	1
65	0	0		0
66	0	1	0.00	1
67	0	3	0.00	3
68	0	1	0.00	1
69	0	1	0.00	1
70	0	2	0.00	2
71	0	2	0.00	2
72	0	0		0
73	0	2	0.00	2
74	0	0		0
75	0	2	0.00	2
76	0	0		0
77	0	1	0.00	1
78	0	0		0
79	1	0	100.00	1
80	0	2	0.00	2
81	0	0		0
82	0	0		0
83	0	0		0
84	0	0		0
85	0	1	0.00	1
86	0	2	0.00	2
87	0	1	0.00	1
88	1	1	50.00	2
89	0	0		0
90	0	0		0
91	0	2	0.00	2
92	0	1	0.00	1
93	0	1	0.00	1
94	0	1	0.00	1
95	0	0		0
96	0	0		0
97	0	2	0.00	2

CHG context (R2)
================
position	count methylated	count unmethylated	% methylation	coverage
1	11	2097	0.52	2108
2	0	19	0.00	19
3	0	6	0.00	6
4	0	39	0.00	39
5	0	67	0.00	67
6	1	81	1.22	82
7	0	78	0.00	78
8	1	90	1.10	91
9	0	72	0.00	72
10	0	54	0.00	54
11	1	83	1.19	84
12	0	28	0.00	28
13	0	47	0.00	47
14	0	55	0.00	55
15	0	54	0.00	54
16	0	48	0.00	48
17	0	62	0.00	62
18	1	58	1.69	59
19	0	45	0.00	45
20	0	52	0.00	52
21	0	34	0.00	34
22	0	46	0.00	46
23	0	28	0.00	28
24	0	14	0.00	14
25	0	46	0.00	46
26	0	21	0.00	21
27	0	6	0.00	6
28	0	28	0.00	28
29	0	15	0.00	15
30	0	26	0.00	26
31	0	27	0.00	27
32	0	24	0.00	24
33	0	27	0.00	27
34	0	24	0.00	24
35	0	31	0.00	31
36	2	14	12.50	16
37	0	8	0.00	8
38	0	11	0.00	11
39	0	11	0.00	11
40	0	17	0.00	17
41	0	17	0.00	17
42	0	7	0.00	7
43	0	5	0.00	5
44	0	3	0.00	3
45	0	13	0.00	13
46	0	1	0.00	1
47	0	6	0.00	6
48	0	10	0.00	10
49	0	5	0.00	5
50	0	10	0.00	10
51	0	1	0.00	1
52	0	6	0.00	6
53	0	6	0.00	6
54	0	2	0.00	2
55	0	5	0.00	5
56	0	3	0.00	3
57	0	1	0.00	1
58	0	2	0.00	2
59	0	1	0.00	1
60	0	2	0.00	2
61	0	2	0.00	2
62	0	1	0.00	1
63	0	5	0.00	5
64	0	1	0.00	1
65	0	2	0.00	2
66	0	2	0.00	2
67	0	1	0.00	1
68	0	1	0.00	1
69	0	0		0
70	0	2	0.00	2
71	0	0		0
72	0	2	0.00	2
73	0	2	0.00	2
74	0	0		0
75	0	1	0.00	1
76	0	1	0.00	1
77	0	0		0
78	0	1	0.00	1
79	0	0		0
80	0	0		0
81	0	1	0.00	1
82	0	1	0.00	1
83	0	0		0
84	0	0		0
85	0	0		0
86	0	0		0
87	0	1	0.00	1
88	0	1	0.00	1
89	0	1	0.00	1
90	0	0		0
91	0	0		0
92	0	0		0
93	0	0		0
94	0	0		0
95	0	0		0
96	0	0		0
97	0	0		0

CHH context (R2)
================
position	count methylated	count unmethylated	% methylation	coverage
1	0	10	0.00	10
2	1	945	0.11	946
3	1	258	0.39	259
4	1	154	0.65	155
5	0	113	0.00	113
6	1	96	1.03	97
7	1	95	1.04	96
8	0	133	0.00	133
9	0	124	0.00	124
10	0	115	0.00	115
11	0	82	0.00	82
12	0	90	0.00	90
13	0	71	0.00	71
14	2	96	2.04	98
15	0	78	0.00	78
16	0	64	0.00	64
17	0	77	0.00	77
18	0	61	0.00	61
19	1	67	1.47	68
20	0	61	0.00	61
21	0	46	0.00	46
22	0	44	0.00	44
23	0	44	0.00	44
24	0	49	0.00	49
25	0	54	0.00	54
26	0	38	0.00	38
27	0	36	0.00	36
28	0	31	0.00	31
29	0	40	0.00	40
30	0	40	0.00	40
31	0	22	0.00	22
32	0	28	0.00	28
33	0	23	0.00	23
34	0	17	0.00	17
35	0	39	0.00	39
36	0	23	0.00	23
37	1	8	11.11	9
38	0	15	0.00	15
39	0	7	0.00	7
40	0	23	0.00	23
41	0	10	0.00	10
42	0	10	0.00	10
43	0	9	0.00	9
44	0	17	0.00	17
45	0	9	0.00	9
46	1	18	5.26	19
47	1	17	5.56	18
48	0	5	0.00	5
49	0	9	0.00	9
50	0	9	0.00	9
51	0	12	0.00	12
52	0	7	0.00	7
53	0	11	0.00	11
54	0	7	0.00	7
55	0	5	0.00	5
56	0	11	0.00	11
57	0	4	0.00	4
58	0	8	0.00	8
59	0	4	0.00	4
60	0	3	0.00	3
61	0	3	0.00	3
62	0	4	0.00	4
63	0	0		0
64	0	1	0.00	1
65	0	1	0.00	1
66	0	0		0
67	0	1	0.00	1
68	0	5	0.00	5
69	0	3	0.00	3
70	0	1	0.00	1
71	0	0		0
72	0	1	0.00	1
73	0	1	0.00	1
74	0	3	0.00	3
75	0	3	0.00	3
76	0	0		0
77	0	1	0.00	1
78	0	0		0
79	0	2	0.00	2
80	0	0		0
81	0	0		0
82	0	1	0.00	1
83	0	0		0
84	0	1	0.00	1
85	0	2	0.00	2
86	0	0		0
87	0	0		0
88	0	0		0
89	0	0		0
90	0	1	0.00	1
91	0	0		0
92	0	0		0
93	0	0		0
94	0	1	0.00	1
95	0	1	0.00	1
96	0	0		0
97	0	0		0

