CpG context (R1)
================
position	count methylated	count unmethylated	% methylation	coverage
1	227	2162	9.50	2389
2	0	23	0.00	23
3	1	12	7.69	13
4	13	168	7.18	181
5	9	198	4.35	207
6	14	230	5.74	244
7	7	242	2.81	249
8	9	288	3.03	297
9	10	257	3.75	267
10	13	241	5.12	254
11	7	267	2.55	274
12	15	252	5.62	267
13	13	277	4.48	290
14	12	244	4.69	256
15	13	238	5.18	251
16	17	286	5.61	303
17	4	248	1.59	252
18	12	231	4.94	243
19	10	285	3.39	295
20	10	227	4.22	237
21	11	211	4.95	222
22	16	279	5.42	295
23	11	271	3.90	282
24	12	266	4.32	278
25	12	278	4.14	290
26	15	290	4.92	305
27	9	239	3.63	248
28	13	236	5.22	249
29	8	280	2.78	288
30	14	273	4.88	287
31	20	289	6.47	309
32	11	295	3.59	306
33	9	222	3.90	231
34	10	246	3.91	256
35	10	287	3.37	297
36	10	221	4.33	231
37	23	281	7.57	304
38	16	219	6.81	235
39	14	247	5.36	261
40	10	262	3.68	272
41	16	237	6.32	253
42	6	279	2.11	285
43	12	249	4.60	261
44	9	273	3.19	282
45	17	292	5.50	309
46	16	253	5.95	269
47	17	268	5.96	285
48	10	243	3.95	253
49	17	250	6.37	267
50	8	239	3.24	247
51	13	232	5.31	245
52	14	247	5.36	261
53	10	239	4.02	249
54	9	248	3.50	257
55	14	292	4.58	306
56	14	210	6.25	224
57	8	241	3.21	249
58	12	259	4.43	271
59	8	282	2.76	290
60	12	247	4.63	259
61	9	251	3.46	260
62	11	263	4.01	274
63	10	188	5.05	198
64	12	242	4.72	254
65	10	252	3.82	262
66	12	236	4.84	248
67	22	218	9.17	240
68	11	188	5.53	199
69	5	205	2.38	210
70	10	242	3.97	252
71	10	250	3.85	260
72	2	242	0.82	244
73	13	207	5.91	220
74	6	165	3.51	171
75	12	173	6.49	185
76	14	196	6.67	210
77	9	182	4.71	191
78	13	207	5.91	220
79	7	222	3.06	229
80	6	184	3.16	190
81	7	176	3.83	183
82	4	191	2.05	195
83	7	130	5.11	137
84	4	182	2.15	186
85	9	175	4.89	184
86	15	178	7.77	193
87	6	159	3.64	165
88	6	130	4.41	136
89	8	135	5.59	143
90	5	130	3.70	135
91	4	150	2.60	154
92	5	134	3.60	139
93	8	130	5.80	138
94	5	133	3.62	138
95	3	119	2.46	122
96	6	106	5.36	112
97	9	131	6.43	140
98	5	106	4.50	111
99	3	51	5.56	54
100	0	6	0.00	6
101	1	3	25.00	4
102	0	7	0.00	7
103	0	8	0.00	8
104	0	4	0.00	4
105	0	1	0.00	1
106	1	3	25.00	4
107	0	2	0.00	2
108	0	3	0.00	3
109	0	7	0.00	7
110	1	2	33.33	3
111	0	2	0.00	2
112	0	5	0.00	5
113	2	1	66.67	3
114	0	2	0.00	2
115	1	2	33.33	3
116	0	1	0.00	1
117	0	2	0.00	2
118	0	0		0
119	0	3	0.00	3
120	0	2	0.00	2
121	0	1	0.00	1
122	0	2	0.00	2
123	0	0		0
124	0	1	0.00	1
125	0	0		0
126	0	2	0.00	2
127	0	1	0.00	1
128	0	1	0.00	1
129	0	3	0.00	3
130	0	1	0.00	1
131	0	2	0.00	2
132	0	1	0.00	1
133	0	0		0
134	0	0		0
135	0	0		0
136	0	0		0
137	0	0		0
138	0	0		0
139	0	1	0.00	1
140	0	0		0
141	0	0		0
142	0	0		0
143	0	0		0
144	0	0		0
145	0	0		0
146	0	1	0.00	1
147	0	0		0
148	0	0		0
149	0	0		0

CHG context (R1)
================
position	count methylated	count unmethylated	% methylation	coverage
1	0	17	0.00	17
2	0	22	0.00	22
3	0	7	0.00	7
4	0	129	0.00	129
5	0	224	0.00	224
6	1	259	0.38	260
7	2	259	0.77	261
8	0	232	0.00	232
9	1	224	0.44	225
10	1	203	0.49	204
11	2	228	0.87	230
12	1	233	0.43	234
13	0	179	0.00	179
14	0	206	0.00	206
15	3	218	1.36	221
16	0	207	0.00	207
17	1	243	0.41	244
18	1	244	0.41	245
19	3	223	1.33	226
20	2	163	1.21	165
21	3	202	1.46	205
22	0	251	0.00	251
23	1	233	0.43	234
24	0	180	0.00	180
25	1	247	0.40	248
26	0	196	0.00	196
27	0	221	0.00	221
28	1	242	0.41	243
29	0	189	0.00	189
30	0	190	0.00	190
31	1	261	0.38	262
32	0	172	0.00	172
33	0	246	0.00	246
34	0	231	0.00	231
35	1	226	0.44	227
36	0	231	0.00	231
37	0	236	0.00	236
38	3	174	1.69	177
39	0	224	0.00	224
40	1	191	0.52	192
41	0	257	0.00	257
42	2	210	0.94	212
43	0	207	0.00	207
44	0	251	0.00	251
45	1	196	0.51	197
46	0	229	0.00	229
47	2	191	1.04	193
48	1	225	0.44	226
49	1	215	0.46	216
50	0	178	0.00	178
51	0	225	0.00	225
52	0	235	0.00	235
53	0	220	0.00	220
54	0	199	0.00	199
55	0	169	0.00	169
56	0	203	0.00	203
57	0	191	0.00	191
58	0	221	0.00	221
59	0	220	0.00	220
60	0	161	0.00	161
61	1	190	0.52	191
62	0	143	0.00	143
63	2	173	1.14	175
64	1	188	0.53	189
65	1	209	0.48	210
66	1	181	0.55	182
67	0	169	0.00	169
68	2	206	0.96	208
69	1	189	0.53	190
70	0	198	0.00	198
71	1	165	0.60	166
72	0	161	0.00	161
73	0	153	0.00	153
74	1	196	0.51	197
75	1	141	0.70	142
76	0	167	0.00	167
77	3	183	1.61	186
78	0	171	0.00	171
79	1	138	0.72	139
80	0	157	0.00	157
81	1	184	0.54	185
82	0	131	0.00	131
83	0	141	0.00	141
84	0	114	0.00	114
85	0	132	0.00	132
86	0	159	0.00	159
87	0	126	0.00	126
88	0	125	0.00	125
89	0	111	0.00	111
90	0	109	0.00	109
91	0	142	0.00	142
92	0	98	0.00	98
93	0	98	0.00	98
94	0	106	0.00	106
95	0	83	0.00	83
96	0	120	0.00	120
97	0	98	0.00	98
98	0	96	0.00	96
99	0	52	0.00	52
100	0	3	0.00	3
101	0	3	0.00	3
102	0	8	0.00	8
103	0	2	0.00	2
104	0	3	0.00	3
105	0	9	0.00	9
106	0	1	0.00	1
107	0	3	0.00	3
108	0	4	0.00	4
109	0	2	0.00	2
110	0	2	0.00	2
111	0	4	0.00	4
112	0	2	0.00	2
113	0	2	0.00	2
114	0	2	0.00	2
115	0	3	0.00	3
116	0	0		0
117	0	0		0
118	0	3	0.00	3
119	0	2	0.00	2
120	0	3	0.00	3
121	0	2	0.00	2
122	0	0		0
123	0	2	0.00	2
124	0	3	0.00	3
125	0	1	0.00	1
126	0	1	0.00	1
127	0	2	0.00	2
128	0	0		0
129	0	1	0.00	1
130	0	1	0.00	1
131	0	0		0
132	0	2	0.00	2
133	0	0		0
134	0	0		0
135	0	1	0.00	1
136	0	0		0
137	0	0		0
138	0	1	0.00	1
139	0	0		0
140	0	0		0
141	0	1	0.00	1
142	0	0		0
143	0	0		0
144	0	0		0
145	0	0		0
146	0	0		0
147	1	0	100.00	1
148	0	0		0
149	0	0		0

CHH context (R1)
================
position	count methylated	count unmethylated	% methylation	coverage
1	0	22	0.00	22
2	1	24	4.00	25
3	0	13	0.00	13
4	1	342	0.29	343
5	2	420	0.47	422
6	3	427	0.70	430
7	2	393	0.51	395
8	2	323	0.62	325
9	3	345	0.86	348
10	2	344	0.58	346
11	0	336	0.00	336
12	1	339	0.29	340
13	2	375	0.53	377
14	3	375	0.79	378
15	1	361	0.28	362
16	2	341	0.58	343
17	2	339	0.59	341
18	5	314	1.57	319
19	0	309	0.00	309
20	0	369	0.00	369
21	1	363	0.27	364
22	0	365	0.00	365
23	0	315	0.00	315
24	2	357	0.56	359
25	2	377	0.53	379
26	3	345	0.86	348
27	0	398	0.00	398
28	1	391	0.26	392
29	0	360	0.00	360
30	0	353	0.00	353
31	2	351	0.57	353
32	3	334	0.89	337
33	4	330	1.20	334
34	1	358	0.28	359
35	0	310	0.00	310
36	2	363	0.55	365
37	3	351	0.85	354
38	2	360	0.55	362
39	0	328	0.00	328
40	2	317	0.63	319
41	2	324	0.61	326
42	0	352	0.00	352
43	2	323	0.62	325
44	3	315	0.94	318
45	1	304	0.33	305
46	1	343	0.29	344
47	2	280	0.71	282
48	1	311	0.32	312
49	0	369	0.00	369
50	0	395	0.00	395
51	0	411	0.00	411
52	2	359	0.55	361
53	1	323	0.31	324
54	1	311	0.32	312
55	0	335	0.00	335
56	1	295	0.34	296
57	1	306	0.33	307
58	0	303	0.00	303
59	0	316	0.00	316
60	2	330	0.60	332
61	0	310	0.00	310
62	0	347	0.00	347
63	0	300	0.00	300
64	0	346	0.00	346
65	0	330	0.00	330
66	1	286	0.35	287
67	1	351	0.28	352
68	0	338	0.00	338
69	2	298	0.67	300
70	1	266	0.37	267
71	1	274	0.36	275
72	1	266	0.37	267
73	0	313	0.00	313
74	1	240	0.41	241
75	1	329	0.30	330
76	1	317	0.31	318
77	0	302	0.00	302
78	1	277	0.36	278
79	1	259	0.38	260
80	1	288	0.35	289
81	1	254	0.39	255
82	3	274	1.08	277
83	0	239	0.00	239
84	1	240	0.41	241
85	0	242	0.00	242
86	1	252	0.40	253
87	0	204	0.00	204
88	1	257	0.39	258
89	1	221	0.45	222
90	0	212	0.00	212
91	1	194	0.51	195
92	0	200	0.00	200
93	1	183	0.54	184
94	1	161	0.62	162
95	1	179	0.56	180
96	1	141	0.70	142
97	0	152	0.00	152
98	1	165	0.60	166
99	0	72	0.00	72
100	0	10	0.00	10
101	0	10	0.00	10
102	0	4	0.00	4
103	0	7	0.00	7
104	0	11	0.00	11
105	0	6	0.00	6
106	1	7	12.50	8
107	0	7	0.00	7
108	0	5	0.00	5
109	0	4	0.00	4
110	0	5	0.00	5
111	0	1	0.00	1
112	0	5	0.00	5
113	0	4	0.00	4
114	0	4	0.00	4
115	0	1	0.00	1
116	0	5	0.00	5
117	0	4	0.00	4
118	0	5	0.00	5
119	0	5	0.00	5
120	0	2	0.00	2
121	0	2	0.00	2
122	0	3	0.00	3
123	0	2	0.00	2
124	0	2	0.00	2
125	0	1	0.00	1
126	0	3	0.00	3
127	0	1	0.00	1
128	0	2	0.00	2
129	0	1	0.00	1
130	0	0		0
131	0	2	0.00	2
132	1	1	50.00	2
133	0	1	0.00	1
134	0	0		0
135	0	0		0
136	0	1	0.00	1
137	0	0		0
138	0	1	0.00	1
139	0	0		0
140	0	0		0
141	0	0		0
142	0	0		0
143	0	0		0
144	0	1	0.00	1
145	0	0		0
146	0	1	0.00	1
147	0	0		0
148	0	0		0
149	0	1	0.00	1

CpG context (R2)
================
position	count methylated	count unmethylated	% methylation	coverage
1	0	26	0.00	26
2	0	19	0.00	19
3	2	82	2.38	84
4	0	64	0.00	64
5	3	81	3.57	84
6	3	69	4.17	72
7	4	127	3.05	131
8	2	92	2.13	94
9	2	91	2.15	93
10	1	80	1.23	81
11	1	59	1.67	60
12	5	72	6.49	77
13	7	90	7.22	97
14	3	47	6.00	50
15	2	69	2.82	71
16	0	73	0.00	73
17	2	37	5.13	39
18	2	48	4.00	50
19	1	38	2.56	39
20	1	50	1.96	51
21	2	33	5.71	35
22	0	44	0.00	44
23	2	42	4.55	44
24	0	66	0.00	66
25	0	35	0.00	35
26	1	31	3.12	32
27	1	29	3.33	30
28	2	26	7.14	28
29	0	40	0.00	40
30	0	19	0.00	19
31	0	22	0.00	22
32	0	24	0.00	24
33	3	17	15.00	20
34	1	16	5.88	17
35	0	13	0.00	13
36	1	7	12.50	8
37	0	14	0.00	14
38	1	18	5.26	19
39	1	13	7.14	14
40	0	13	0.00	13
41	0	15	0.00	15
42	0	17	0.00	17
43	0	9	0.00	9
44	0	10	0.00	10
45	0	4	0.00	4
46	1	14	6.67	15
47	0	10	0.00	10
48	0	7	0.00	7
49	0	4	0.00	4
50	1	9	10.00	10
51	0	6	0.00	6
52	1	9	10.00	10
53	0	4	0.00	4
54	0	6	0.00	6
55	0	3	0.00	3
56	0	4	0.00	4
57	0	2	0.00	2
58	0	11	0.00	11
59	0	3	0.00	3
60	0	3	0.00	3
61	0	6	0.00	6
62	0	0		0
63	0	4	0.00	4
64	0	4	0.00	4
65	0	2	0.00	2
66	0	4	0.00	4
67	0	1	0.00	1
68	0	2	0.00	2
69	0	0		0
70	0	1	0.00	1
71	0	2	0.00	2
72	0	0		0
73	0	1	0.00	1
74	0	0		0
75	0	1	0.00	1
76	0	0		0
77	0	0		0
78	0	1	0.00	1
79	0	0		0
80	0	0		0
81	0	1	0.00	1
82	0	0		0
83	0	1	0.00	1
84	0	0		0
85	0	1	0.00	1
86	0	0		0
87	0	1	0.00	1
88	0	1	0.00	1
89	0	0		0
90	0	0		0
91	0	0		0
92	0	1	0.00	1
93	0	0		0
94	0	1	0.00	1
95	0	0		0
96	0	1	0.00	1

CHG context (R2)
================
position	count methylated	count unmethylated	% methylation	coverage
1	14	2146	0.65	2160
2	0	23	0.00	23
3	0	6	0.00	6
4	0	50	0.00	50
5	0	62	0.00	62
6	0	85	0.00	85
7	0	76	0.00	76
8	1	88	1.12	89
9	0	68	0.00	68
10	0	69	0.00	69
11	0	71	0.00	71
12	0	34	0.00	34
13	0	38	0.00	38
14	0	39	0.00	39
15	0	50	0.00	50
16	0	56	0.00	56
17	1	71	1.39	72
18	1	47	2.08	48
19	0	44	0.00	44
20	0	47	0.00	47
21	0	44	0.00	44
22	0	39	0.00	39
23	0	24	0.00	24
24	0	9	0.00	9
25	0	41	0.00	41
26	0	37	0.00	37
27	0	13	0.00	13
28	0	17	0.00	17
29	0	23	0.00	23
30	0	18	0.00	18
31	0	18	0.00	18
32	0	9	0.00	9
33	0	25	0.00	25
34	1	22	4.35	23
35	0	20	0.00	20
36	0	22	0.00	22
37	0	8	0.00	8
38	0	11	0.00	11
39	0	8	0.00	8
40	0	13	0.00	13
41	0	27	0.00	27
42	0	4	0.00	4
43	0	8	0.00	8
44	0	4	0.00	4
45	0	16	0.00	16
46	0	2	0.00	2
47	0	8	0.00	8
48	0	7	0.00	7
49	0	8	0.00	8
50	0	8	0.00	8
51	0	1	0.00	1
52	0	10	0.00	10
53	0	6	0.00	6
54	0	2	0.00	2
55	0	4	0.00	4
56	0	2	0.00	2
57	0	2	0.00	2
58	0	3	0.00	3
59	0	1	0.00	1
60	0	4	0.00	4
61	0	1	0.00	1
62	0	3	0.00	3
63	0	4	0.00	4
64	0	0		0
65	0	2	0.00	2
66	0	0		0
67	0	1	0.00	1
68	0	1	0.00	1
69	0	0		0
70	0	1	0.00	1
71	0	0		0
72	0	0		0
73	0	0		0
74	0	0		0
75	0	0		0
76	0	1	0.00	1
77	0	0		0
78	0	1	0.00	1
79	0	0		0
80	0	0		0
81	0	0		0
82	0	0		0
83	0	0		0
84	0	0		0
85	0	0		0
86	0	0		0
87	0	0		0
88	0	0		0
89	0	1	0.00	1
90	0	0		0
91	0	0		0
92	0	0		0
93	0	0		0
94	0	0		0
95	0	0		0
96	0	0		0

CHH context (R2)
================
position	count methylated	count unmethylated	% methylation	coverage
1	0	11	0.00	11
2	3	970	0.31	973
3	1	265	0.38	266
4	0	179	0.00	179
5	1	150	0.66	151
6	0	91	0.00	91
7	0	104	0.00	104
8	1	121	0.82	122
9	1	119	0.83	120
10	0	118	0.00	118
11	0	84	0.00	84
12	0	84	0.00	84
13	0	66	0.00	66
14	0	81	0.00	81
15	0	69	0.00	69
16	0	51	0.00	51
17	0	66	0.00	66
18	0	66	0.00	66
19	2	65	2.99	67
20	0	48	0.00	48
21	0	40	0.00	40
22	0	35	0.00	35
23	0	41	0.00	41
24	1	32	3.03	33
25	0	24	0.00	24
26	0	31	0.00	31
27	0	40	0.00	40
28	0	26	0.00	26
29	0	27	0.00	27
30	0	34	0.00	34
31	0	16	0.00	16
32	0	28	0.00	28
33	0	14	0.00	14
34	0	26	0.00	26
35	0	32	0.00	32
36	0	32	0.00	32
37	0	18	0.00	18
38	0	25	0.00	25
39	0	5	0.00	5
40	0	16	0.00	16
41	0	10	0.00	10
42	0	18	0.00	18
43	0	13	0.00	13
44	0	25	0.00	25
45	1	10	9.09	11
46	0	9	0.00	9
47	0	8	0.00	8
48	0	6	0.00	6
49	0	8	0.00	8
50	0	7	0.00	7
51	0	10	0.00	10
52	0	10	0.00	10
53	0	9	0.00	9
54	0	12	0.00	12
55	0	7	0.00	7
56	0	9	0.00	9
57	0	2	0.00	2
58	0	5	0.00	5
59	1	1	50.00	2
60	0	2	0.00	2
61	0	2	0.00	2
62	0	4	0.00	4
63	0	0		0
64	0	0		0
65	0	0		0
66	0	0		0
67	0	2	0.00	2
68	0	3	0.00	3
69	0	2	0.00	2
70	0	1	0.00	1
71	0	1	0.00	1
72	0	1	0.00	1
73	0	0		0
74	0	0		0
75	0	0		0
76	0	0		0
77	0	0		0
78	0	0		0
79	0	0		0
80	0	0		0
81	0	0		0
82	0	0		0
83	0	0		0
84	0	0		0
85	0	0		0
86	0	0		0
87	0	0		0
88	0	0		0
89	0	0		0
90	0	0		0
91	0	0		0
92	0	0		0
93	0	0		0
94	0	0		0
95	0	0		0
96	0	0		0

