CpG context (R1)
================
position	count methylated	count unmethylated	% methylation	coverage
1	188	2188	7.91	2376
2	0	12	0.00	12
3	0	12	0.00	12
4	5	188	2.59	193
5	15	196	7.11	211
6	11	260	4.06	271
7	10	216	4.42	226
8	17	271	5.90	288
9	10	241	3.98	251
10	11	245	4.30	256
11	11	231	4.55	242
12	24	250	8.76	274
13	11	266	3.97	277
14	19	249	7.09	268
15	14	236	5.60	250
16	10	281	3.44	291
17	9	225	3.85	234
18	12	258	4.44	270
19	17	294	5.47	311
20	22	224	8.94	246
21	9	230	3.77	239
22	14	247	5.36	261
23	16	281	5.39	297
24	17	229	6.91	246
25	11	269	3.93	280
26	8	297	2.62	305
27	15	232	6.07	247
28	17	240	6.61	257
29	15	262	5.42	277
30	16	256	5.88	272
31	16	298	5.10	314
32	7	295	2.32	302
33	12	232	4.92	244
34	18	269	6.27	287
35	22	257	7.89	279
36	15	229	6.15	244
37	16	285	5.32	301
38	14	228	5.79	242
39	11	243	4.33	254
40	8	257	3.02	265
41	10	235	4.08	245
42	14	262	5.07	276
43	15	270	5.26	285
44	14	246	5.38	260
45	9	277	3.15	286
46	13	239	5.16	252
47	17	258	6.18	275
48	14	242	5.47	256
49	22	241	8.37	263
50	9	271	3.21	280
51	8	259	3.00	267
52	10	247	3.89	257
53	8	246	3.15	254
54	6	263	2.23	269
55	15	304	4.70	319
56	12	221	5.15	233
57	10	237	4.05	247
58	15	238	5.93	253
59	15	283	5.03	298
60	13	216	5.68	229
61	16	246	6.11	262
62	17	228	6.94	245
63	10	213	4.48	223
64	16	243	6.18	259
65	9	246	3.53	255
66	14	251	5.28	265
67	16	231	6.48	247
68	7	193	3.50	200
69	11	185	5.61	196
70	7	208	3.26	215
71	17	215	7.33	232
72	7	248	2.75	255
73	15	211	6.64	226
74	8	173	4.42	181
75	3	153	1.92	156
76	6	215	2.71	221
77	6	217	2.69	223
78	8	201	3.83	209
79	7	211	3.21	218
80	5	191	2.55	196
81	9	167	5.11	176
82	14	188	6.93	202
83	10	119	7.75	129
84	6	154	3.75	160
85	6	179	3.24	185
86	9	135	6.25	144
87	15	166	8.29	181
88	5	126	3.82	131
89	6	155	3.73	161
90	6	109	5.22	115
91	11	132	7.69	143
92	14	144	8.86	158
93	14	142	8.97	156
94	8	138	5.48	146
95	12	112	9.68	124
96	4	106	3.64	110
97	3	132	2.22	135
98	6	91	6.19	97
99	2	41	4.65	43
100	1	10	9.09	11
101	0	6	0.00	6
102	1	9	10.00	10
103	1	13	7.14	14
104	1	3	25.00	4
105	1	5	16.67	6
106	0	5	0.00	5
107	1	4	20.00	5
108	1	5	16.67	6
109	1	6	14.29	7
110	0	1	0.00	1
111	1	6	14.29	7
112	1	2	33.33	3
113	0	4	0.00	4
114	0	0		0
115	0	3	0.00	3
116	1	1	50.00	2
117	0	5	0.00	5
118	0	0		0
119	0	2	0.00	2
120	0	0		0
121	2	5	28.57	7
122	0	4	0.00	4
123	0	4	0.00	4
124	0	2	0.00	2
125	0	1	0.00	1
126	0	6	0.00	6
127	0	1	0.00	1
128	0	3	0.00	3
129	0	5	0.00	5
130	0	0		0
131	0	4	0.00	4
132	2	5	28.57	7
133	0	3	0.00	3
134	0	0		0
135	0	1	0.00	1
136	0	3	0.00	3
137	0	1	0.00	1
138	0	4	0.00	4
139	0	2	0.00	2
140	0	1	0.00	1
141	0	1	0.00	1
142	0	2	0.00	2
143	0	1	0.00	1
144	0	0		0
145	0	0		0
146	0	0		0
147	0	0		0
148	0	2	0.00	2
149	0	1	0.00	1

CHG context (R1)
================
position	count methylated	count unmethylated	% methylation	coverage
1	0	11	0.00	11
2	0	21	0.00	21
3	0	13	0.00	13
4	1	127	0.78	128
5	0	217	0.00	217
6	1	244	0.41	245
7	3	242	1.22	245
8	1	202	0.49	203
9	1	229	0.43	230
10	4	209	1.88	213
11	0	241	0.00	241
12	2	203	0.98	205
13	1	211	0.47	212
14	2	196	1.01	198
15	2	229	0.87	231
16	1	214	0.47	215
17	1	230	0.43	231
18	2	266	0.75	268
19	0	221	0.00	221
20	0	157	0.00	157
21	2	216	0.92	218
22	0	219	0.00	219
23	0	201	0.00	201
24	0	172	0.00	172
25	0	250	0.00	250
26	1	171	0.58	172
27	4	225	1.75	229
28	0	262	0.00	262
29	1	168	0.59	169
30	0	211	0.00	211
31	0	226	0.00	226
32	1	169	0.59	170
33	1	236	0.42	237
34	0	227	0.00	227
35	1	206	0.48	207
36	0	243	0.00	243
37	0	182	0.00	182
38	0	196	0.00	196
39	0	251	0.00	251
40	0	200	0.00	200
41	1	229	0.43	230
42	3	219	1.35	222
43	3	201	1.47	204
44	1	219	0.45	220
45	0	210	0.00	210
46	1	215	0.46	216
47	0	180	0.00	180
48	1	232	0.43	233
49	0	205	0.00	205
50	0	216	0.00	216
51	0	196	0.00	196
52	1	232	0.43	233
53	1	200	0.50	201
54	0	202	0.00	202
55	1	173	0.57	174
56	0	218	0.00	218
57	1	218	0.46	219
58	0	244	0.00	244
59	0	161	0.00	161
60	0	142	0.00	142
61	0	190	0.00	190
62	0	163	0.00	163
63	0	179	0.00	179
64	0	200	0.00	200
65	1	202	0.49	203
66	0	181	0.00	181
67	1	175	0.57	176
68	0	193	0.00	193
69	0	182	0.00	182
70	1	193	0.52	194
71	1	174	0.57	175
72	2	160	1.23	162
73	1	177	0.56	178
74	0	157	0.00	157
75	1	158	0.63	159
76	1	172	0.58	173
77	0	167	0.00	167
78	0	158	0.00	158
79	0	154	0.00	154
80	0	143	0.00	143
81	0	168	0.00	168
82	0	121	0.00	121
83	0	145	0.00	145
84	0	131	0.00	131
85	0	125	0.00	125
86	0	160	0.00	160
87	0	132	0.00	132
88	3	128	2.29	131
89	1	111	0.89	112
90	1	99	1.00	100
91	0	139	0.00	139
92	0	76	0.00	76
93	1	109	0.91	110
94	1	92	1.08	93
95	2	98	2.00	100
96	0	101	0.00	101
97	1	111	0.89	112
98	0	109	0.00	109
99	0	30	0.00	30
100	0	5	0.00	5
101	0	7	0.00	7
102	0	7	0.00	7
103	1	7	12.50	8
104	0	4	0.00	4
105	0	7	0.00	7
106	0	2	0.00	2
107	0	2	0.00	2
108	0	9	0.00	9
109	0	4	0.00	4
110	0	5	0.00	5
111	0	1	0.00	1
112	0	6	0.00	6
113	0	0		0
114	0	2	0.00	2
115	0	3	0.00	3
116	0	0		0
117	0	1	0.00	1
118	0	3	0.00	3
119	0	0		0
120	0	4	0.00	4
121	0	4	0.00	4
122	0	0		0
123	0	2	0.00	2
124	0	3	0.00	3
125	0	3	0.00	3
126	0	1	0.00	1
127	0	0		0
128	0	2	0.00	2
129	0	0		0
130	0	3	0.00	3
131	0	2	0.00	2
132	0	2	0.00	2
133	0	1	0.00	1
134	0	1	0.00	1
135	0	2	0.00	2
136	0	2	0.00	2
137	0	1	0.00	1
138	0	1	0.00	1
139	1	2	33.33	3
140	0	0		0
141	0	0		0
142	0	2	0.00	2
143	0	0		0
144	0	1	0.00	1
145	0	0		0
146	0	0		0
147	0	1	0.00	1
148	0	1	0.00	1
149	0	1	0.00	1

CHH context (R1)
================
position	count methylated	count unmethylated	% methylation	coverage
1	0	35	0.00	35
2	0	30	0.00	30
3	0	29	0.00	29
4	4	338	1.17	342
5	1	390	0.26	391
6	3	411	0.72	414
7	0	384	0.00	384
8	1	325	0.31	326
9	1	324	0.31	325
10	2	312	0.64	314
11	0	335	0.00	335
12	1	337	0.30	338
13	3	360	0.83	363
14	3	363	0.82	366
15	3	352	0.85	355
16	0	387	0.00	387
17	0	336	0.00	336
18	0	313	0.00	313
19	0	315	0.00	315
20	4	343	1.15	347
21	1	359	0.28	360
22	1	344	0.29	345
23	2	373	0.53	375
24	2	359	0.55	361
25	1	380	0.26	381
26	1	356	0.28	357
27	0	366	0.00	366
28	0	349	0.00	349
29	1	332	0.30	333
30	0	345	0.00	345
31	4	346	1.14	350
32	3	361	0.82	364
33	1	327	0.30	328
34	2	329	0.60	331
35	2	284	0.70	286
36	1	312	0.32	313
37	3	327	0.91	330
38	0	333	0.00	333
39	3	344	0.86	347
40	2	327	0.61	329
41	2	351	0.57	353
42	1	336	0.30	337
43	0	340	0.00	340
44	0	328	0.00	328
45	0	305	0.00	305
46	2	348	0.57	350
47	0	346	0.00	346
48	4	319	1.24	323
49	0	358	0.00	358
50	0	351	0.00	351
51	0	418	0.00	418
52	0	345	0.00	345
53	1	333	0.30	334
54	1	305	0.33	306
55	5	306	1.61	311
56	2	291	0.68	293
57	0	294	0.00	294
58	3	284	1.05	287
59	0	304	0.00	304
60	3	299	0.99	302
61	2	349	0.57	351
62	0	354	0.00	354
63	2	311	0.64	313
64	0	331	0.00	331
65	1	308	0.32	309
66	1	256	0.39	257
67	2	316	0.63	318
68	1	320	0.31	321
69	1	308	0.32	309
70	4	293	1.35	297
71	2	304	0.65	306
72	2	264	0.75	266
73	0	299	0.00	299
74	1	278	0.36	279
75	0	310	0.00	310
76	1	290	0.34	291
77	2	270	0.74	272
78	0	297	0.00	297
79	1	263	0.38	264
80	0	263	0.00	263
81	2	254	0.78	256
82	0	246	0.00	246
83	1	231	0.43	232
84	1	256	0.39	257
85	2	281	0.71	283
86	3	256	1.16	259
87	1	197	0.51	198
88	0	230	0.00	230
89	0	172	0.00	172
90	3	200	1.48	203
91	1	177	0.56	178
92	0	205	0.00	205
93	0	183	0.00	183
94	0	167	0.00	167
95	0	175	0.00	175
96	0	176	0.00	176
97	1	156	0.64	157
98	2	151	1.31	153
99	0	59	0.00	59
100	0	6	0.00	6
101	0	12	0.00	12
102	0	7	0.00	7
103	0	5	0.00	5
104	0	8	0.00	8
105	0	7	0.00	7
106	0	4	0.00	4
107	0	3	0.00	3
108	0	4	0.00	4
109	0	1	0.00	1
110	0	6	0.00	6
111	0	7	0.00	7
112	0	1	0.00	1
113	0	2	0.00	2
114	0	5	0.00	5
115	0	4	0.00	4
116	0	3	0.00	3
117	0	5	0.00	5
118	0	6	0.00	6
119	0	2	0.00	2
120	0	6	0.00	6
121	0	2	0.00	2
122	0	5	0.00	5
123	0	8	0.00	8
124	0	6	0.00	6
125	0	1	0.00	1
126	0	1	0.00	1
127	0	4	0.00	4
128	0	1	0.00	1
129	0	1	0.00	1
130	0	2	0.00	2
131	0	0		0
132	0	0		0
133	0	1	0.00	1
134	0	1	0.00	1
135	0	2	0.00	2
136	0	0		0
137	0	0		0
138	0	1	0.00	1
139	0	0		0
140	0	2	0.00	2
141	0	2	0.00	2
142	0	1	0.00	1
143	0	3	0.00	3
144	0	0		0
145	0	3	0.00	3
146	0	0		0
147	0	2	0.00	2
148	0	1	0.00	1
149	0	1	0.00	1

CpG context (R2)
================
position	count methylated	count unmethylated	% methylation	coverage
1	0	18	0.00	18
2	0	10	0.00	10
3	5	74	6.33	79
4	4	66	5.71	70
5	5	98	4.85	103
6	5	94	5.05	99
7	4	146	2.67	150
8	3	73	3.95	76
9	2	87	2.25	89
10	7	101	6.48	108
11	6	76	7.32	82
12	3	75	3.85	78
13	7	68	9.33	75
14	3	49	5.77	52
15	2	47	4.08	49
16	1	55	1.79	56
17	0	41	0.00	41
18	2	55	3.51	57
19	2	38	5.00	40
20	2	46	4.17	48
21	1	45	2.17	46
22	2	36	5.26	38
23	3	33	8.33	36
24	2	65	2.99	67
25	0	36	0.00	36
26	2	38	5.00	40
27	3	39	7.14	42
28	1	26	3.70	27
29	0	38	0.00	38
30	1	25	3.85	26
31	0	22	0.00	22
32	0	22	0.00	22
33	3	15	16.67	18
34	1	28	3.45	29
35	0	16	0.00	16
36	2	16	11.11	18
37	1	23	4.17	24
38	0	18	0.00	18
39	0	13	0.00	13
40	0	7	0.00	7
41	0	9	0.00	9
42	0	18	0.00	18
43	0	8	0.00	8
44	0	18	0.00	18
45	0	3	0.00	3
46	5	10	33.33	15
47	0	8	0.00	8
48	1	13	7.14	14
49	0	6	0.00	6
50	4	7	36.36	11
51	0	8	0.00	8
52	0	5	0.00	5
53	0	3	0.00	3
54	1	0	100.00	1
55	0	2	0.00	2
56	0	1	0.00	1
57	0	2	0.00	2
58	0	4	0.00	4
59	0	0		0
60	0	2	0.00	2
61	0	2	0.00	2
62	0	3	0.00	3
63	0	1	0.00	1
64	0	1	0.00	1
65	0	0		0
66	0	0		0
67	0	1	0.00	1
68	0	2	0.00	2
69	0	0		0
70	0	1	0.00	1
71	0	0		0
72	0	0		0
73	0	1	0.00	1
74	0	0		0
75	0	1	0.00	1
76	0	0		0
77	0	0		0
78	0	0		0
79	0	0		0
80	0	0		0
81	0	0		0
82	0	1	0.00	1
83	0	0		0
84	0	0		0
85	0	0		0
86	0	0		0
87	0	0		0
88	0	0		0
89	0	0		0
90	0	0		0
91	0	1	0.00	1
92	0	0		0
93	0	0		0
94	0	0		0
95	0	1	0.00	1
96	0	0		0
97	0	1	0.00	1

CHG context (R2)
================
position	count methylated	count unmethylated	% methylation	coverage
1	10	2171	0.46	2181
2	1	20	4.76	21
3	0	6	0.00	6
4	0	39	0.00	39
5	0	58	0.00	58
6	1	85	1.16	86
7	0	78	0.00	78
8	0	101	0.00	101
9	0	67	0.00	67
10	0	53	0.00	53
11	0	72	0.00	72
12	1	41	2.38	42
13	0	40	0.00	40
14	0	39	0.00	39
15	0	50	0.00	50
16	0	58	0.00	58
17	1	56	1.75	57
18	0	42	0.00	42
19	0	51	0.00	51
20	0	63	0.00	63
21	0	33	0.00	33
22	0	47	0.00	47
23	0	29	0.00	29
24	0	15	0.00	15
25	1	35	2.78	36
26	0	18	0.00	18
27	0	18	0.00	18
28	0	19	0.00	19
29	0	25	0.00	25
30	0	24	0.00	24
31	0	28	0.00	28
32	0	18	0.00	18
33	0	24	0.00	24
34	2	21	8.70	23
35	0	30	0.00	30
36	0	18	0.00	18
37	0	13	0.00	13
38	0	13	0.00	13
39	0	8	0.00	8
40	0	21	0.00	21
41	0	15	0.00	15
42	0	5	0.00	5
43	0	7	0.00	7
44	0	5	0.00	5
45	0	8	0.00	8
46	0	3	0.00	3
47	0	12	0.00	12
48	1	4	20.00	5
49	0	9	0.00	9
50	1	5	16.67	6
51	0	4	0.00	4
52	0	5	0.00	5
53	0	6	0.00	6
54	0	1	0.00	1
55	0	4	0.00	4
56	0	5	0.00	5
57	0	0		0
58	0	0		0
59	0	1	0.00	1
60	0	4	0.00	4
61	0	1	0.00	1
62	0	1	0.00	1
63	0	1	0.00	1
64	0	1	0.00	1
65	0	0		0
66	0	0		0
67	0	0		0
68	0	1	0.00	1
69	0	0		0
70	0	2	0.00	2
71	0	1	0.00	1
72	0	0		0
73	0	0		0
74	0	1	0.00	1
75	0	0		0
76	0	0		0
77	0	0		0
78	0	0		0
79	0	0		0
80	0	1	0.00	1
81	0	0		0
82	0	0		0
83	0	0		0
84	0	0		0
85	0	0		0
86	0	1	0.00	1
87	0	0		0
88	0	0		0
89	0	0		0
90	0	0		0
91	0	0		0
92	0	0		0
93	0	0		0
94	0	0		0
95	0	1	0.00	1
96	0	0		0
97	0	0		0

CHH context (R2)
================
position	count methylated	count unmethylated	% methylation	coverage
1	0	17	0.00	17
2	0	983	0.00	983
3	2	300	0.66	302
4	0	211	0.00	211
5	1	132	0.75	133
6	0	100	0.00	100
7	1	104	0.95	105
8	0	139	0.00	139
9	0	125	0.00	125
10	1	123	0.81	124
11	0	78	0.00	78
12	1	96	1.03	97
13	0	77	0.00	77
14	1	73	1.35	74
15	0	78	0.00	78
16	0	82	0.00	82
17	0	70	0.00	70
18	0	74	0.00	74
19	0	73	0.00	73
20	0	57	0.00	57
21	0	47	0.00	47
22	0	51	0.00	51
23	0	44	0.00	44
24	1	52	1.89	53
25	0	44	0.00	44
26	0	32	0.00	32
27	0	32	0.00	32
28	0	24	0.00	24
29	0	33	0.00	33
30	0	32	0.00	32
31	0	25	0.00	25
32	1	28	3.45	29
33	0	17	0.00	17
34	0	24	0.00	24
35	0	27	0.00	27
36	0	23	0.00	23
37	0	18	0.00	18
38	0	22	0.00	22
39	0	13	0.00	13
40	0	17	0.00	17
41	0	14	0.00	14
42	0	18	0.00	18
43	0	14	0.00	14
44	0	24	0.00	24
45	0	12	0.00	12
46	1	16	5.88	17
47	0	11	0.00	11
48	0	8	0.00	8
49	0	14	0.00	14
50	0	9	0.00	9
51	0	13	0.00	13
52	0	10	0.00	10
53	0	13	0.00	13
54	1	7	12.50	8
55	0	8	0.00	8
56	0	9	0.00	9
57	0	8	0.00	8
58	1	4	20.00	5
59	0	3	0.00	3
60	0	0		0
61	0	0		0
62	0	1	0.00	1
63	0	1	0.00	1
64	0	2	0.00	2
65	0	0		0
66	0	1	0.00	1
67	0	0		0
68	0	1	0.00	1
69	0	2	0.00	2
70	0	0		0
71	0	1	0.00	1
72	0	2	0.00	2
73	0	0		0
74	0	0		0
75	0	0		0
76	0	0		0
77	0	0		0
78	0	0		0
79	0	0		0
80	0	0		0
81	0	0		0
82	0	0		0
83	0	0		0
84	0	1	0.00	1
85	0	0		0
86	0	0		0
87	0	1	0.00	1
88	0	0		0
89	0	0		0
90	0	0		0
91	0	0		0
92	0	0		0
93	0	0		0
94	0	0		0
95	0	0		0
96	0	0		0
97	0	0		0

