CpG context (R1)
================
position	count methylated	count unmethylated	% methylation	coverage
1	221	2151	9.32	2372
2	0	15	0.00	15
3	0	24	0.00	24
4	17	179	8.67	196
5	7	177	3.80	184
6	7	286	2.39	293
7	10	234	4.10	244
8	18	312	5.45	330
9	10	253	3.80	263
10	6	256	2.29	262
11	5	253	1.94	258
12	18	287	5.90	305
13	12	265	4.33	277
14	10	231	4.15	241
15	11	248	4.25	259
16	18	283	5.98	301
17	11	213	4.91	224
18	10	257	3.75	267
19	15	294	4.85	309
20	9	223	3.88	232
21	11	236	4.45	247
22	4	273	1.44	277
23	15	260	5.45	275
24	17	235	6.75	252
25	15	302	4.73	317
26	12	274	4.20	286
27	11	245	4.30	256
28	18	253	6.64	271
29	8	272	2.86	280
30	13	257	4.81	270
31	12	263	4.36	275
32	15	302	4.73	317
33	10	232	4.13	242
34	13	262	4.73	275
35	13	287	4.33	300
36	15	199	7.01	214
37	11	257	4.10	268
38	9	255	3.41	264
39	7	231	2.94	238
40	12	263	4.36	275
41	9	233	3.72	242
42	11	272	3.89	283
43	13	230	5.35	243
44	16	264	5.71	280
45	12	274	4.20	286
46	16	223	6.69	239
47	18	287	5.90	305
48	12	243	4.71	255
49	12	267	4.30	279
50	12	240	4.76	252
51	12	251	4.56	263
52	13	244	5.06	257
53	15	210	6.67	225
54	19	240	7.34	259
55	13	260	4.76	273
56	8	233	3.32	241
57	16	216	6.90	232
58	9	255	3.41	264
59	17	261	6.12	278
60	13	236	5.22	249
61	8	250	3.10	258
62	11	224	4.68	235
63	10	190	5.00	200
64	12	257	4.46	269
65	13	241	5.12	254
66	7	265	2.57	272
67	17	214	7.36	231
68	10	207	4.61	217
69	8	217	3.56	225
70	10	242	3.97	252
71	8	254	3.05	262
72	8	260	2.99	268
73	11	216	4.85	227
74	9	191	4.50	200
75	10	202	4.72	212
76	7	189	3.57	196
77	4	229	1.72	233
78	3	188	1.57	191
79	8	230	3.36	238
80	6	171	3.39	177
81	7	189	3.57	196
82	7	190	3.55	197
83	7	144	4.64	151
84	4	176	2.22	180
85	8	188	4.08	196
86	7	152	4.40	159
87	7	189	3.57	196
88	4	127	3.05	131
89	7	141	4.73	148
90	7	102	6.42	109
91	12	115	9.45	127
92	8	133	5.67	141
93	9	104	7.96	113
94	1	143	0.69	144
95	8	115	6.50	123
96	3	115	2.54	118
97	7	138	4.83	145
98	5	99	4.81	104
99	4	42	8.70	46
100	1	6	14.29	7
101	0	5	0.00	5
102	0	7	0.00	7
103	2	6	25.00	8
104	1	3	25.00	4
105	0	3	0.00	3
106	0	7	0.00	7
107	0	2	0.00	2
108	0	5	0.00	5
109	0	3	0.00	3
110	0	3	0.00	3
111	1	2	33.33	3
112	0	6	0.00	6
113	0	3	0.00	3
114	0	1	0.00	1
115	0	5	0.00	5
116	1	1	50.00	2
117	0	2	0.00	2
118	0	3	0.00	3
119	0	2	0.00	2
120	0	0		0
121	1	2	33.33	3
122	0	2	0.00	2
123	1	1	50.00	2
124	0	0		0
125	0	1	0.00	1
126	0	2	0.00	2
127	0	1	0.00	1
128	0	1	0.00	1
129	0	1	0.00	1
130	0	0		0
131	0	1	0.00	1
132	0	1	0.00	1
133	0	1	0.00	1
134	0	1	0.00	1
135	0	0		0
136	0	2	0.00	2
137	0	0		0
138	0	1	0.00	1
139	0	0		0
140	0	1	0.00	1
141	0	1	0.00	1
142	0	0		0
143	0	0		0
144	0	1	0.00	1
145	0	0		0
146	0	0		0
147	0	0		0
148	0	1	0.00	1
149	0	1	0.00	1

CHG context (R1)
================
position	count methylated	count unmethylated	% methylation	coverage
1	0	16	0.00	16
2	0	26	0.00	26
3	0	9	0.00	9
4	0	128	0.00	128
5	0	225	0.00	225
6	1	227	0.44	228
7	1	255	0.39	256
8	0	219	0.00	219
9	1	202	0.49	203
10	0	232	0.00	232
11	1	250	0.40	251
12	0	203	0.00	203
13	1	190	0.52	191
14	0	210	0.00	210
15	1	240	0.41	241
16	0	220	0.00	220
17	1	236	0.42	237
18	2	221	0.90	223
19	2	221	0.90	223
20	1	160	0.62	161
21	0	218	0.00	218
22	0	248	0.00	248
23	1	179	0.56	180
24	0	192	0.00	192
25	0	256	0.00	256
26	0	190	0.00	190
27	1	218	0.46	219
28	2	259	0.77	261
29	1	190	0.52	191
30	0	164	0.00	164
31	1	266	0.37	267
32	0	202	0.00	202
33	0	208	0.00	208
34	1	210	0.47	211
35	0	216	0.00	216
36	1	228	0.44	229
37	1	216	0.46	217
38	3	188	1.57	191
39	0	224	0.00	224
40	0	198	0.00	198
41	0	285	0.00	285
42	1	222	0.45	223
43	1	207	0.48	208
44	1	264	0.38	265
45	2	174	1.14	176
46	2	239	0.83	241
47	0	187	0.00	187
48	0	205	0.00	205
49	0	189	0.00	189
50	0	211	0.00	211
51	0	224	0.00	224
52	2	213	0.93	215
53	2	189	1.05	191
54	1	206	0.48	207
55	0	169	0.00	169
56	0	232	0.00	232
57	1	218	0.46	219
58	1	208	0.48	209
59	0	183	0.00	183
60	1	159	0.62	160
61	0	190	0.00	190
62	1	174	0.57	175
63	0	192	0.00	192
64	1	196	0.51	197
65	1	196	0.51	197
66	0	196	0.00	196
67	0	173	0.00	173
68	0	188	0.00	188
69	0	185	0.00	185
70	1	194	0.51	195
71	1	182	0.55	183
72	1	152	0.65	153
73	0	167	0.00	167
74	0	184	0.00	184
75	0	139	0.00	139
76	1	168	0.59	169
77	2	184	1.08	186
78	0	158	0.00	158
79	0	179	0.00	179
80	1	142	0.70	143
81	0	165	0.00	165
82	0	121	0.00	121
83	0	156	0.00	156
84	0	130	0.00	130
85	1	110	0.90	111
86	0	152	0.00	152
87	0	100	0.00	100
88	2	137	1.44	139
89	0	134	0.00	134
90	1	109	0.91	110
91	0	163	0.00	163
92	0	114	0.00	114
93	0	96	0.00	96
94	1	93	1.06	94
95	0	100	0.00	100
96	0	112	0.00	112
97	0	121	0.00	121
98	0	105	0.00	105
99	0	38	0.00	38
100	0	3	0.00	3
101	0	9	0.00	9
102	0	5	0.00	5
103	0	9	0.00	9
104	0	2	0.00	2
105	0	5	0.00	5
106	0	2	0.00	2
107	0	2	0.00	2
108	0	3	0.00	3
109	0	4	0.00	4
110	0	1	0.00	1
111	0	1	0.00	1
112	1	2	33.33	3
113	0	1	0.00	1
114	0	4	0.00	4
115	0	0		0
116	0	1	0.00	1
117	0	3	0.00	3
118	0	1	0.00	1
119	0	1	0.00	1
120	0	1	0.00	1
121	0	2	0.00	2
122	0	2	0.00	2
123	0	0		0
124	0	2	0.00	2
125	0	0		0
126	0	0		0
127	0	1	0.00	1
128	0	2	0.00	2
129	0	0		0
130	0	1	0.00	1
131	0	0		0
132	0	0		0
133	0	0		0
134	0	1	0.00	1
135	0	1	0.00	1
136	0	0		0
137	0	0		0
138	0	0		0
139	0	1	0.00	1
140	0	0		0
141	0	0		0
142	0	1	0.00	1
143	0	1	0.00	1
144	0	0		0
145	0	0		0
146	0	1	0.00	1
147	0	1	0.00	1
148	0	1	0.00	1
149	0	1	0.00	1

CHH context (R1)
================
position	count methylated	count unmethylated	% methylation	coverage
1	1	36	2.70	37
2	0	28	0.00	28
3	0	23	0.00	23
4	1	314	0.32	315
5	0	423	0.00	423
6	1	400	0.25	401
7	2	349	0.57	351
8	2	323	0.62	325
9	0	314	0.00	314
10	2	344	0.58	346
11	2	324	0.61	326
12	1	334	0.30	335
13	0	424	0.00	424
14	2	379	0.52	381
15	1	365	0.27	366
16	2	360	0.55	362
17	0	322	0.00	322
18	0	300	0.00	300
19	1	312	0.32	313
20	3	372	0.80	375
21	2	317	0.63	319
22	0	355	0.00	355
23	2	337	0.59	339
24	2	369	0.54	371
25	1	385	0.26	386
26	1	390	0.26	391
27	1	398	0.25	399
28	1	395	0.25	396
29	0	317	0.00	317
30	0	368	0.00	368
31	4	344	1.15	348
32	1	344	0.29	345
33	0	318	0.00	318
34	1	328	0.30	329
35	2	303	0.66	305
36	1	387	0.26	388
37	2	363	0.55	365
38	0	357	0.00	357
39	2	326	0.61	328
40	1	344	0.29	345
41	1	344	0.29	345
42	0	347	0.00	347
43	1	351	0.28	352
44	0	338	0.00	338
45	0	316	0.00	316
46	3	330	0.90	333
47	1	324	0.31	325
48	0	340	0.00	340
49	2	378	0.53	380
50	0	369	0.00	369
51	1	376	0.27	377
52	2	388	0.51	390
53	0	325	0.00	325
54	1	300	0.33	301
55	1	371	0.27	372
56	1	280	0.36	281
57	3	300	0.99	303
58	0	261	0.00	261
59	2	303	0.66	305
60	0	310	0.00	310
61	2	305	0.65	307
62	0	373	0.00	373
63	0	301	0.00	301
64	1	340	0.29	341
65	0	313	0.00	313
66	0	266	0.00	266
67	0	327	0.00	327
68	0	350	0.00	350
69	0	321	0.00	321
70	1	303	0.33	304
71	1	294	0.34	295
72	0	285	0.00	285
73	1	297	0.34	298
74	0	238	0.00	238
75	0	298	0.00	298
76	0	283	0.00	283
77	0	281	0.00	281
78	1	276	0.36	277
79	0	278	0.00	278
80	0	282	0.00	282
81	1	255	0.39	256
82	1	272	0.37	273
83	0	225	0.00	225
84	0	240	0.00	240
85	0	284	0.00	284
86	0	260	0.00	260
87	0	223	0.00	223
88	0	274	0.00	274
89	0	214	0.00	214
90	2	198	1.00	200
91	0	191	0.00	191
92	2	199	1.00	201
93	0	166	0.00	166
94	1	170	0.58	171
95	0	181	0.00	181
96	0	174	0.00	174
97	2	157	1.26	159
98	1	175	0.57	176
99	0	66	0.00	66
100	0	9	0.00	9
101	0	7	0.00	7
102	0	4	0.00	4
103	0	3	0.00	3
104	0	5	0.00	5
105	0	1	0.00	1
106	0	3	0.00	3
107	0	2	0.00	2
108	0	3	0.00	3
109	0	1	0.00	1
110	0	4	0.00	4
111	0	3	0.00	3
112	0	3	0.00	3
113	0	1	0.00	1
114	0	3	0.00	3
115	0	3	0.00	3
116	0	2	0.00	2
117	0	4	0.00	4
118	0	1	0.00	1
119	0	2	0.00	2
120	0	3	0.00	3
121	0	4	0.00	4
122	0	3	0.00	3
123	0	3	0.00	3
124	0	1	0.00	1
125	0	0		0
126	0	0		0
127	0	1	0.00	1
128	0	2	0.00	2
129	0	1	0.00	1
130	0	0		0
131	0	2	0.00	2
132	0	1	0.00	1
133	0	2	0.00	2
134	0	1	0.00	1
135	0	0		0
136	0	1	0.00	1
137	0	1	0.00	1
138	0	0		0
139	0	0		0
140	0	0		0
141	0	0		0
142	0	0		0
143	0	0		0
144	0	0		0
145	0	0		0
146	0	0		0
147	0	0		0
148	0	0		0
149	0	1	0.00	1

CpG context (R2)
================
position	count methylated	count unmethylated	% methylation	coverage
1	0	19	0.00	19
2	0	15	0.00	15
3	4	72	5.26	76
4	2	81	2.41	83
5	2	105	1.87	107
6	4	77	4.94	81
7	2	120	1.64	122
8	3	89	3.26	92
9	5	86	5.49	91
10	6	99	5.71	105
11	2	62	3.12	64
12	4	68	5.56	72
13	8	83	8.79	91
14	3	38	7.32	41
15	3	69	4.17	72
16	0	58	0.00	58
17	1	39	2.50	40
18	4	54	6.90	58
19	2	41	4.65	43
20	2	45	4.26	47
21	5	49	9.26	54
22	1	47	2.08	48
23	3	44	6.38	47
24	6	46	11.54	52
25	0	43	0.00	43
26	0	27	0.00	27
27	3	20	13.04	23
28	1	21	4.55	22
29	1	37	2.63	38
30	2	20	9.09	22
31	0	31	0.00	31
32	2	29	6.45	31
33	0	14	0.00	14
34	1	27	3.57	28
35	1	3	25.00	4
36	0	17	0.00	17
37	3	8	27.27	11
38	3	19	13.64	22
39	0	7	0.00	7
40	0	2	0.00	2
41	0	18	0.00	18
42	3	5	37.50	8
43	0	18	0.00	18
44	2	8	20.00	10
45	1	3	25.00	4
46	3	11	21.43	14
47	0	9	0.00	9
48	1	4	20.00	5
49	1	1	50.00	2
50	0	3	0.00	3
51	0	7	0.00	7
52	1	4	20.00	5
53	0	1	0.00	1
54	1	3	25.00	4
55	0	1	0.00	1
56	0	2	0.00	2
57	0	2	0.00	2
58	0	3	0.00	3
59	0	2	0.00	2
60	0	1	0.00	1
61	0	3	0.00	3
62	0	0		0
63	1	1	50.00	2
64	0	1	0.00	1
65	1	0	100.00	1
66	0	2	0.00	2
67	0	0		0
68	0	0		0
69	0	0		0
70	0	0		0
71	0	0		0
72	0	0		0
73	0	0		0
74	0	0		0
75	0	1	0.00	1
76	0	0		0
77	0	0		0
78	0	1	0.00	1
79	0	0		0
80	0	0		0
81	0	1	0.00	1
82	0	0		0
83	0	0		0
84	0	0		0
85	0	0		0
86	0	0		0
87	0	0		0
88	0	0		0
89	0	0		0
90	0	0		0
91	0	0		0
92	0	0		0
93	0	0		0
94	0	0		0
95	0	1	0.00	1
96	0	0		0

CHG context (R2)
================
position	count methylated	count unmethylated	% methylation	coverage
1	17	2116	0.80	2133
2	0	21	0.00	21
3	0	3	0.00	3
4	0	38	0.00	38
5	0	54	0.00	54
6	0	85	0.00	85
7	0	74	0.00	74
8	1	85	1.16	86
9	0	75	0.00	75
10	0	65	0.00	65
11	0	72	0.00	72
12	0	35	0.00	35
13	0	56	0.00	56
14	1	54	1.82	55
15	0	53	0.00	53
16	1	55	1.79	56
17	0	56	0.00	56
18	0	48	0.00	48
19	1	49	2.00	50
20	0	37	0.00	37
21	0	35	0.00	35
22	0	48	0.00	48
23	1	17	5.56	18
24	0	14	0.00	14
25	0	38	0.00	38
26	0	24	0.00	24
27	0	12	0.00	12
28	1	21	4.55	22
29	0	25	0.00	25
30	0	24	0.00	24
31	0	25	0.00	25
32	0	36	0.00	36
33	2	18	10.00	20
34	0	18	0.00	18
35	0	25	0.00	25
36	0	16	0.00	16
37	0	15	0.00	15
38	0	12	0.00	12
39	0	15	0.00	15
40	0	16	0.00	16
41	0	11	0.00	11
42	0	4	0.00	4
43	0	11	0.00	11
44	0	6	0.00	6
45	0	6	0.00	6
46	0	3	0.00	3
47	0	11	0.00	11
48	0	4	0.00	4
49	0	7	0.00	7
50	0	7	0.00	7
51	0	1	0.00	1
52	0	9	0.00	9
53	0	3	0.00	3
54	0	1	0.00	1
55	0	4	0.00	4
56	0	0		0
57	0	0		0
58	0	2	0.00	2
59	0	0		0
60	0	3	0.00	3
61	0	0		0
62	0	1	0.00	1
63	0	2	0.00	2
64	0	1	0.00	1
65	0	0		0
66	0	0		0
67	0	1	0.00	1
68	0	1	0.00	1
69	0	0		0
70	0	1	0.00	1
71	0	0		0
72	0	0		0
73	0	0		0
74	0	0		0
75	0	0		0
76	0	0		0
77	0	0		0
78	0	0		0
79	0	0		0
80	0	0		0
81	0	0		0
82	0	0		0
83	0	0		0
84	0	0		0
85	0	0		0
86	0	0		0
87	0	0		0
88	0	0		0
89	0	0		0
90	0	0		0
91	0	1	0.00	1
92	0	0		0
93	0	0		0
94	0	0		0
95	0	0		0
96	0	1	0.00	1

CHH context (R2)
================
position	count methylated	count unmethylated	% methylation	coverage
1	0	14	0.00	14
2	2	991	0.20	993
3	1	282	0.35	283
4	0	190	0.00	190
5	0	135	0.00	135
6	0	101	0.00	101
7	2	96	2.04	98
8	0	123	0.00	123
9	0	107	0.00	107
10	0	114	0.00	114
11	0	88	0.00	88
12	0	92	0.00	92
13	0	58	0.00	58
14	0	91	0.00	91
15	0	75	0.00	75
16	0	67	0.00	67
17	0	74	0.00	74
18	1	71	1.39	72
19	0	86	0.00	86
20	0	57	0.00	57
21	0	46	0.00	46
22	0	44	0.00	44
23	0	45	0.00	45
24	0	38	0.00	38
25	0	42	0.00	42
26	0	42	0.00	42
27	0	30	0.00	30
28	0	34	0.00	34
29	0	39	0.00	39
30	0	30	0.00	30
31	0	27	0.00	27
32	1	28	3.45	29
33	2	24	7.69	26
34	0	23	0.00	23
35	0	27	0.00	27
36	0	20	0.00	20
37	0	17	0.00	17
38	0	17	0.00	17
39	0	7	0.00	7
40	0	22	0.00	22
41	0	21	0.00	21
42	0	19	0.00	19
43	0	14	0.00	14
44	0	14	0.00	14
45	0	19	0.00	19
46	0	14	0.00	14
47	1	6	14.29	7
48	0	7	0.00	7
49	0	11	0.00	11
50	0	7	0.00	7
51	0	8	0.00	8
52	0	6	0.00	6
53	0	11	0.00	11
54	0	9	0.00	9
55	0	10	0.00	10
56	0	10	0.00	10
57	0	4	0.00	4
58	0	4	0.00	4
59	0	3	0.00	3
60	0	1	0.00	1
61	0	0		0
62	0	1	0.00	1
63	0	0		0
64	0	1	0.00	1
65	0	1	0.00	1
66	0	0		0
67	0	1	0.00	1
68	0	2	0.00	2
69	0	1	0.00	1
70	0	0		0
71	0	1	0.00	1
72	0	0		0
73	0	1	0.00	1
74	0	0		0
75	0	0		0
76	0	0		0
77	0	0		0
78	0	0		0
79	0	0		0
80	0	0		0
81	0	0		0
82	0	0		0
83	0	0		0
84	0	0		0
85	0	0		0
86	0	0		0
87	0	0		0
88	0	0		0
89	0	0		0
90	0	0		0
91	0	0		0
92	0	0		0
93	0	1	0.00	1
94	0	0		0
95	0	0		0
96	0	0		0

