CpG context (R1)
================
position	count methylated	count unmethylated	% methylation	coverage
1	189	2174	8.00	2363
2	0	23	0.00	23
3	0	23	0.00	23
4	9	180	4.76	189
5	8	215	3.59	223
6	12	252	4.55	264
7	11	237	4.44	248
8	13	291	4.28	304
9	4	238	1.65	242
10	9	251	3.46	260
11	11	252	4.18	263
12	21	266	7.32	287
13	18	286	5.92	304
14	9	257	3.38	266
15	13	250	4.94	263
16	16	291	5.21	307
17	11	228	4.60	239
18	6	257	2.28	263
19	24	280	7.89	304
20	9	222	3.90	231
21	13	214	5.73	227
22	16	278	5.44	294
23	11	267	3.96	278
24	12	239	4.78	251
25	16	296	5.13	312
26	11	301	3.53	312
27	11	275	3.85	286
28	22	242	8.33	264
29	11	265	3.99	276
30	14	254	5.22	268
31	15	292	4.89	307
32	17	266	6.01	283
33	11	245	4.30	256
34	13	274	4.53	287
35	19	288	6.19	307
36	14	227	5.81	241
37	19	280	6.35	299
38	10	256	3.76	266
39	11	239	4.40	250
40	15	267	5.32	282
41	7	279	2.45	286
42	13	281	4.42	294
43	12	257	4.46	269
44	10	262	3.68	272
45	16	278	5.44	294
46	21	248	7.81	269
47	19	262	6.76	281
48	12	254	4.51	266
49	15	225	6.25	240
50	16	227	6.58	243
51	13	245	5.04	258
52	10	256	3.76	266
53	10	243	3.95	253
54	14	223	5.91	237
55	8	286	2.72	294
56	14	231	5.71	245
57	9	235	3.69	244
58	15	250	5.66	265
59	10	260	3.70	270
60	14	262	5.07	276
61	14	247	5.36	261
62	13	245	5.04	258
63	15	190	7.32	205
64	14	233	5.67	247
65	13	228	5.39	241
66	15	231	6.10	246
67	13	215	5.70	228
68	7	194	3.48	201
69	13	201	6.07	214
70	14	216	6.09	230
71	9	256	3.40	265
72	17	228	6.94	245
73	8	234	3.31	242
74	7	183	3.68	190
75	8	156	4.88	164
76	10	197	4.83	207
77	7	215	3.15	222
78	12	188	6.00	200
79	18	212	7.83	230
80	9	180	4.76	189
81	10	153	6.13	163
82	8	197	3.90	205
83	13	106	10.92	119
84	8	163	4.68	171
85	7	189	3.57	196
86	12	175	6.42	187
87	2	165	1.20	167
88	4	121	3.20	125
89	5	147	3.29	152
90	3	139	2.11	142
91	2	130	1.52	132
92	4	149	2.61	153
93	10	128	7.25	138
94	6	137	4.20	143
95	7	108	6.09	115
96	6	88	6.38	94
97	5	135	3.57	140
98	4	97	3.96	101
99	3	44	6.38	47
100	1	9	10.00	10
101	0	4	0.00	4
102	0	4	0.00	4
103	1	9	10.00	10
104	0	4	0.00	4
105	1	0	100.00	1
106	0	7	0.00	7
107	0	4	0.00	4
108	0	11	0.00	11
109	0	6	0.00	6
110	0	2	0.00	2
111	0	2	0.00	2
112	0	7	0.00	7
113	0	3	0.00	3
114	0	2	0.00	2
115	1	4	20.00	5
116	0	3	0.00	3
117	0	3	0.00	3
118	0	3	0.00	3
119	0	4	0.00	4
120	0	5	0.00	5
121	0	2	0.00	2
122	0	6	0.00	6
123	0	5	0.00	5
124	0	0		0
125	0	4	0.00	4
126	0	0		0
127	0	2	0.00	2
128	0	1	0.00	1
129	0	5	0.00	5
130	0	1	0.00	1
131	0	3	0.00	3
132	0	0		0
133	1	1	50.00	2
134	0	0		0
135	0	0		0
136	0	1	0.00	1
137	0	1	0.00	1
138	0	3	0.00	3
139	0	0		0
140	0	2	0.00	2
141	0	0		0
142	0	1	0.00	1
143	0	1	0.00	1
144	0	2	0.00	2
145	0	0		0
146	0	2	0.00	2
147	0	0		0
148	0	0		0
149	0	2	0.00	2

CHG context (R1)
================
position	count methylated	count unmethylated	% methylation	coverage
1	0	16	0.00	16
2	0	27	0.00	27
3	0	13	0.00	13
4	1	118	0.84	119
5	0	209	0.00	209
6	2	233	0.85	235
7	2	254	0.78	256
8	0	236	0.00	236
9	1	234	0.43	235
10	1	208	0.48	209
11	1	230	0.43	231
12	0	195	0.00	195
13	0	186	0.00	186
14	1	227	0.44	228
15	3	250	1.19	253
16	1	235	0.42	236
17	1	242	0.41	243
18	1	260	0.38	261
19	1	187	0.53	188
20	1	155	0.64	156
21	0	221	0.00	221
22	1	251	0.40	252
23	0	205	0.00	205
24	1	196	0.51	197
25	0	258	0.00	258
26	2	208	0.95	210
27	0	197	0.00	197
28	1	231	0.43	232
29	1	219	0.45	220
30	1	179	0.56	180
31	1	224	0.44	225
32	3	193	1.53	196
33	0	222	0.00	222
34	1	223	0.45	224
35	0	216	0.00	216
36	0	262	0.00	262
37	1	225	0.44	226
38	0	167	0.00	167
39	0	218	0.00	218
40	0	224	0.00	224
41	0	260	0.00	260
42	2	202	0.98	204
43	4	225	1.75	229
44	2	263	0.75	265
45	1	222	0.45	223
46	0	214	0.00	214
47	0	210	0.00	210
48	0	209	0.00	209
49	0	213	0.00	213
50	2	213	0.93	215
51	0	239	0.00	239
52	4	216	1.82	220
53	0	193	0.00	193
54	0	219	0.00	219
55	0	167	0.00	167
56	2	208	0.95	210
57	0	206	0.00	206
58	0	205	0.00	205
59	0	176	0.00	176
60	2	166	1.19	168
61	0	163	0.00	163
62	1	159	0.62	160
63	0	182	0.00	182
64	1	181	0.55	182
65	1	193	0.52	194
66	0	173	0.00	173
67	0	171	0.00	171
68	1	196	0.51	197
69	0	186	0.00	186
70	2	187	1.06	189
71	0	181	0.00	181
72	0	158	0.00	158
73	1	154	0.65	155
74	0	164	0.00	164
75	2	156	1.27	158
76	2	202	0.98	204
77	0	172	0.00	172
78	0	159	0.00	159
79	1	130	0.76	131
80	3	135	2.17	138
81	0	166	0.00	166
82	2	119	1.65	121
83	1	114	0.87	115
84	0	157	0.00	157
85	1	140	0.71	141
86	1	155	0.64	156
87	0	100	0.00	100
88	0	138	0.00	138
89	1	122	0.81	123
90	2	104	1.89	106
91	0	125	0.00	125
92	0	85	0.00	85
93	1	85	1.16	86
94	0	95	0.00	95
95	1	90	1.10	91
96	0	125	0.00	125
97	0	105	0.00	105
98	0	89	0.00	89
99	0	37	0.00	37
100	0	4	0.00	4
101	0	8	0.00	8
102	0	10	0.00	10
103	0	3	0.00	3
104	0	7	0.00	7
105	0	7	0.00	7
106	0	4	0.00	4
107	0	2	0.00	2
108	0	4	0.00	4
109	0	6	0.00	6
110	0	4	0.00	4
111	0	3	0.00	3
112	0	5	0.00	5
113	0	2	0.00	2
114	0	1	0.00	1
115	0	6	0.00	6
116	0	1	0.00	1
117	0	4	0.00	4
118	0	2	0.00	2
119	0	2	0.00	2
120	0	2	0.00	2
121	0	2	0.00	2
122	0	4	0.00	4
123	0	1	0.00	1
124	0	2	0.00	2
125	0	1	0.00	1
126	0	4	0.00	4
127	0	2	0.00	2
128	0	3	0.00	3
129	0	0		0
130	0	2	0.00	2
131	0	2	0.00	2
132	0	3	0.00	3
133	0	1	0.00	1
134	0	0		0
135	0	0		0
136	0	2	0.00	2
137	0	1	0.00	1
138	0	0		0
139	0	2	0.00	2
140	0	0		0
141	0	0		0
142	0	1	0.00	1
143	0	0		0
144	0	0		0
145	0	1	0.00	1
146	0	0		0
147	0	2	0.00	2
148	0	3	0.00	3
149	0	0		0

CHH context (R1)
================
position	count methylated	count unmethylated	% methylation	coverage
1	2	37	5.13	39
2	0	33	0.00	33
3	1	24	4.00	25
4	3	325	0.91	328
5	0	379	0.00	379
6	2	416	0.48	418
7	0	397	0.00	397
8	0	334	0.00	334
9	2	340	0.58	342
10	1	316	0.32	317
11	1	341	0.29	342
12	1	338	0.29	339
13	3	393	0.76	396
14	0	388	0.00	388
15	3	374	0.80	377
16	3	360	0.83	363
17	0	311	0.00	311
18	1	276	0.36	277
19	0	328	0.00	328
20	1	355	0.28	356
21	3	352	0.85	355
22	1	344	0.29	345
23	0	363	0.00	363
24	3	370	0.80	373
25	2	369	0.54	371
26	0	356	0.00	356
27	1	392	0.25	393
28	1	401	0.25	402
29	2	321	0.62	323
30	0	360	0.00	360
31	1	343	0.29	344
32	2	374	0.53	376
33	3	305	0.97	308
34	3	323	0.92	326
35	1	317	0.31	318
36	0	370	0.00	370
37	0	304	0.00	304
38	0	335	0.00	335
39	2	340	0.58	342
40	0	317	0.00	317
41	0	322	0.00	322
42	0	335	0.00	335
43	0	323	0.00	323
44	1	340	0.29	341
45	2	301	0.66	303
46	4	304	1.30	308
47	0	322	0.00	322
48	1	324	0.31	325
49	0	391	0.00	391
50	1	365	0.27	366
51	0	378	0.00	378
52	0	344	0.00	344
53	1	332	0.30	333
54	0	302	0.00	302
55	1	351	0.28	352
56	2	294	0.68	296
57	0	295	0.00	295
58	1	276	0.36	277
59	1	332	0.30	333
60	0	314	0.00	314
61	0	302	0.00	302
62	1	347	0.29	348
63	0	330	0.00	330
64	0	354	0.00	354
65	1	288	0.35	289
66	1	277	0.36	278
67	1	304	0.33	305
68	3	318	0.93	321
69	1	313	0.32	314
70	2	281	0.71	283
71	3	272	1.09	275
72	2	249	0.80	251
73	0	323	0.00	323
74	0	279	0.00	279
75	1	313	0.32	314
76	2	291	0.68	293
77	1	259	0.38	260
78	1	253	0.39	254
79	1	279	0.36	280
80	0	301	0.00	301
81	0	250	0.00	250
82	0	274	0.00	274
83	0	238	0.00	238
84	0	258	0.00	258
85	2	257	0.77	259
86	2	258	0.77	260
87	0	214	0.00	214
88	0	262	0.00	262
89	1	207	0.48	208
90	1	175	0.57	176
91	0	176	0.00	176
92	2	181	1.09	183
93	3	167	1.76	170
94	0	166	0.00	166
95	1	203	0.49	204
96	1	154	0.65	155
97	1	155	0.64	156
98	1	167	0.60	168
99	0	68	0.00	68
100	0	6	0.00	6
101	0	10	0.00	10
102	0	7	0.00	7
103	0	4	0.00	4
104	0	11	0.00	11
105	0	10	0.00	10
106	0	8	0.00	8
107	0	6	0.00	6
108	0	4	0.00	4
109	0	5	0.00	5
110	0	8	0.00	8
111	0	6	0.00	6
112	0	5	0.00	5
113	0	7	0.00	7
114	0	3	0.00	3
115	0	5	0.00	5
116	0	5	0.00	5
117	0	4	0.00	4
118	0	8	0.00	8
119	0	4	0.00	4
120	0	6	0.00	6
121	0	2	0.00	2
122	0	2	0.00	2
123	0	0		0
124	0	2	0.00	2
125	0	5	0.00	5
126	0	4	0.00	4
127	0	4	0.00	4
128	0	2	0.00	2
129	0	3	0.00	3
130	0	1	0.00	1
131	0	1	0.00	1
132	0	2	0.00	2
133	0	1	0.00	1
134	0	2	0.00	2
135	0	2	0.00	2
136	0	0		0
137	0	0		0
138	0	2	0.00	2
139	0	1	0.00	1
140	0	3	0.00	3
141	0	1	0.00	1
142	0	0		0
143	0	2	0.00	2
144	0	0		0
145	0	1	0.00	1
146	0	1	0.00	1
147	0	0		0
148	0	1	0.00	1
149	0	0		0

CpG context (R2)
================
position	count methylated	count unmethylated	% methylation	coverage
1	0	18	0.00	18
2	0	16	0.00	16
3	4	72	5.26	76
4	4	72	5.26	76
5	5	82	5.75	87
6	4	77	4.94	81
7	3	113	2.59	116
8	5	70	6.67	75
9	2	89	2.20	91
10	7	85	7.61	92
11	3	79	3.66	82
12	4	67	5.63	71
13	2	84	2.33	86
14	3	42	6.67	45
15	1	65	1.52	66
16	0	62	0.00	62
17	0	37	0.00	37
18	2	49	3.92	51
19	1	38	2.56	39
20	0	42	0.00	42
21	8	31	20.51	39
22	3	32	8.57	35
23	1	42	2.33	43
24	1	48	2.04	49
25	0	45	0.00	45
26	0	27	0.00	27
27	5	37	11.90	42
28	0	25	0.00	25
29	1	30	3.23	31
30	1	18	5.26	19
31	0	39	0.00	39
32	1	19	5.00	20
33	2	15	11.76	17
34	1	16	5.88	17
35	0	17	0.00	17
36	0	20	0.00	20
37	2	23	8.00	25
38	1	24	4.00	25
39	1	10	9.09	11
40	0	3	0.00	3
41	1	11	8.33	12
42	0	13	0.00	13
43	3	9	25.00	12
44	0	12	0.00	12
45	0	3	0.00	3
46	4	18	18.18	22
47	0	9	0.00	9
48	0	7	0.00	7
49	0	8	0.00	8
50	1	12	7.69	13
51	0	6	0.00	6
52	0	4	0.00	4
53	0	3	0.00	3
54	2	5	28.57	7
55	0	3	0.00	3
56	0	4	0.00	4
57	0	4	0.00	4
58	0	3	0.00	3
59	0	1	0.00	1
60	0	3	0.00	3
61	0	1	0.00	1
62	0	0		0
63	2	2	50.00	4
64	1	3	25.00	4
65	1	1	50.00	2
66	0	1	0.00	1
67	0	1	0.00	1
68	0	0		0
69	0	1	0.00	1
70	0	0		0
71	0	0		0
72	0	0		0
73	0	0		0
74	0	0		0
75	0	2	0.00	2
76	0	0		0
77	0	0		0
78	0	2	0.00	2
79	0	0		0
80	0	0		0
81	0	0		0
82	0	0		0
83	0	0		0
84	0	0		0
85	0	0		0
86	0	0		0
87	0	0		0
88	0	0		0
89	0	0		0
90	0	0		0
91	0	0		0
92	0	0		0
93	0	0		0
94	0	1	0.00	1

CHG context (R2)
================
position	count methylated	count unmethylated	% methylation	coverage
1	14	2132	0.65	2146
2	0	23	0.00	23
3	0	6	0.00	6
4	0	50	0.00	50
5	0	59	0.00	59
6	0	65	0.00	65
7	0	78	0.00	78
8	1	82	1.20	83
9	0	57	0.00	57
10	1	61	1.61	62
11	1	59	1.67	60
12	0	39	0.00	39
13	0	47	0.00	47
14	0	56	0.00	56
15	0	43	0.00	43
16	0	44	0.00	44
17	0	65	0.00	65
18	1	37	2.63	38
19	0	51	0.00	51
20	0	50	0.00	50
21	0	41	0.00	41
22	0	35	0.00	35
23	0	32	0.00	32
24	0	33	0.00	33
25	0	42	0.00	42
26	0	18	0.00	18
27	0	15	0.00	15
28	0	27	0.00	27
29	0	26	0.00	26
30	0	24	0.00	24
31	1	22	4.35	23
32	0	20	0.00	20
33	0	23	0.00	23
34	0	16	0.00	16
35	0	16	0.00	16
36	0	22	0.00	22
37	0	15	0.00	15
38	0	12	0.00	12
39	1	16	5.88	17
40	0	13	0.00	13
41	1	16	5.88	17
42	0	8	0.00	8
43	0	11	0.00	11
44	0	3	0.00	3
45	1	7	12.50	8
46	0	2	0.00	2
47	1	14	6.67	15
48	0	6	0.00	6
49	0	7	0.00	7
50	0	12	0.00	12
51	0	3	0.00	3
52	0	5	0.00	5
53	0	6	0.00	6
54	0	1	0.00	1
55	0	6	0.00	6
56	0	5	0.00	5
57	0	0		0
58	0	2	0.00	2
59	0	0		0
60	1	4	20.00	5
61	0	2	0.00	2
62	0	0		0
63	0	1	0.00	1
64	0	3	0.00	3
65	0	0		0
66	0	0		0
67	0	1	0.00	1
68	0	0		0
69	0	0		0
70	0	5	0.00	5
71	0	1	0.00	1
72	0	1	0.00	1
73	0	1	0.00	1
74	0	0		0
75	0	1	0.00	1
76	0	1	0.00	1
77	0	0		0
78	0	1	0.00	1
79	0	0		0
80	0	1	0.00	1
81	0	0		0
82	0	0		0
83	0	1	0.00	1
84	0	0		0
85	0	0		0
86	0	0		0
87	0	1	0.00	1
88	0	0		0
89	0	0		0
90	0	0		0
91	0	0		0
92	0	0		0
93	0	0		0
94	0	0		0

CHH context (R2)
================
position	count methylated	count unmethylated	% methylation	coverage
1	0	17	0.00	17
2	2	923	0.22	925
3	0	235	0.00	235
4	0	181	0.00	181
5	0	140	0.00	140
6	1	91	1.09	92
7	0	104	0.00	104
8	1	143	0.69	144
9	0	136	0.00	136
10	0	116	0.00	116
11	0	77	0.00	77
12	0	67	0.00	67
13	1	55	1.79	56
14	0	83	0.00	83
15	0	73	0.00	73
16	1	57	1.72	58
17	0	52	0.00	52
18	0	71	0.00	71
19	0	69	0.00	69
20	0	57	0.00	57
21	0	54	0.00	54
22	0	39	0.00	39
23	0	47	0.00	47
24	1	40	2.44	41
25	0	53	0.00	53
26	0	22	0.00	22
27	1	28	3.45	29
28	0	27	0.00	27
29	0	36	0.00	36
30	0	27	0.00	27
31	0	38	0.00	38
32	0	29	0.00	29
33	0	30	0.00	30
34	0	29	0.00	29
35	0	30	0.00	30
36	0	18	0.00	18
37	0	18	0.00	18
38	0	20	0.00	20
39	0	8	0.00	8
40	0	18	0.00	18
41	0	11	0.00	11
42	0	23	0.00	23
43	0	23	0.00	23
44	0	23	0.00	23
45	0	19	0.00	19
46	1	16	5.88	17
47	0	13	0.00	13
48	0	12	0.00	12
49	0	9	0.00	9
50	0	6	0.00	6
51	0	19	0.00	19
52	0	15	0.00	15
53	0	10	0.00	10
54	0	7	0.00	7
55	0	9	0.00	9
56	0	4	0.00	4
57	0	5	0.00	5
58	0	2	0.00	2
59	0	4	0.00	4
60	0	2	0.00	2
61	0	2	0.00	2
62	0	1	0.00	1
63	0	0		0
64	0	0		0
65	0	1	0.00	1
66	0	1	0.00	1
67	0	3	0.00	3
68	0	0		0
69	0	0		0
70	0	0		0
71	0	2	0.00	2
72	0	0		0
73	0	0		0
74	0	1	0.00	1
75	0	0		0
76	0	0		0
77	0	1	0.00	1
78	0	0		0
79	0	1	0.00	1
80	0	0		0
81	0	0		0
82	0	0		0
83	0	0		0
84	0	1	0.00	1
85	0	0		0
86	0	0		0
87	0	0		0
88	0	0		0
89	0	0		0
90	0	0		0
91	0	0		0
92	0	0		0
93	0	0		0
94	0	0		0

