CpG context (R1)
================
position	count methylated	count unmethylated	% methylation	coverage
1	227	2150	9.55	2377
2	1	15	6.25	16
3	2	14	12.50	16
4	13	170	7.10	183
5	16	211	7.05	227
6	7	259	2.63	266
7	5	224	2.18	229
8	17	275	5.82	292
9	15	209	6.70	224
10	24	251	8.73	275
11	7	232	2.93	239
12	12	298	3.87	310
13	16	285	5.32	301
14	14	253	5.24	267
15	9	221	3.91	230
16	13	309	4.04	322
17	8	231	3.35	239
18	6	235	2.49	241
19	18	295	5.75	313
20	16	227	6.58	243
21	13	213	5.75	226
22	23	303	7.06	326
23	22	263	7.72	285
24	16	210	7.08	226
25	18	308	5.52	326
26	14	284	4.70	298
27	15	251	5.64	266
28	19	263	6.74	282
29	9	257	3.38	266
30	13	259	4.78	272
31	13	292	4.26	305
32	15	255	5.56	270
33	11	213	4.91	224
34	17	285	5.63	302
35	23	290	7.35	313
36	14	224	5.88	238
37	26	275	8.64	301
38	13	263	4.71	276
39	12	243	4.71	255
40	21	268	7.27	289
41	17	226	7.00	243
42	16	278	5.44	294
43	11	262	4.03	273
44	11	252	4.18	263
45	22	270	7.53	292
46	19	244	7.22	263
47	15	275	5.17	290
48	12	234	4.88	246
49	11	241	4.37	252
50	8	247	3.14	255
51	12	239	4.78	251
52	16	248	6.06	264
53	10	238	4.03	248
54	11	230	4.56	241
55	17	282	5.69	299
56	13	200	6.10	213
57	15	217	6.47	232
58	14	242	5.47	256
59	13	254	4.87	267
60	16	203	7.31	219
61	12	233	4.90	245
62	18	221	7.53	239
63	22	214	9.32	236
64	8	243	3.19	251
65	8	229	3.38	237
66	11	254	4.15	265
67	17	233	6.80	250
68	14	195	6.70	209
69	5	195	2.50	200
70	12	225	5.06	237
71	13	222	5.53	235
72	4	238	1.65	242
73	9	240	3.61	249
74	11	198	5.26	209
75	18	188	8.74	206
76	12	205	5.53	217
77	18	199	8.29	217
78	10	209	4.57	219
79	8	199	3.86	207
80	8	180	4.26	188
81	6	157	3.68	163
82	15	211	6.64	226
83	6	128	4.48	134
84	2	185	1.07	187
85	8	194	3.96	202
86	9	164	5.20	173
87	3	163	1.81	166
88	5	121	3.97	126
89	4	126	3.08	130
90	3	127	2.31	130
91	11	117	8.59	128
92	5	124	3.88	129
93	8	129	5.84	137
94	5	128	3.76	133
95	9	117	7.14	126
96	9	130	6.47	139
97	5	95	5.00	100
98	5	102	4.67	107
99	1	58	1.69	59
100	0	10	0.00	10
101	0	4	0.00	4
102	2	7	22.22	9
103	0	7	0.00	7
104	0	5	0.00	5
105	1	3	25.00	4
106	0	7	0.00	7
107	0	5	0.00	5
108	0	11	0.00	11
109	0	11	0.00	11
110	0	5	0.00	5
111	0	6	0.00	6
112	0	8	0.00	8
113	1	2	33.33	3
114	0	2	0.00	2
115	1	3	25.00	4
116	0	2	0.00	2
117	0	5	0.00	5
118	0	4	0.00	4
119	0	3	0.00	3
120	0	3	0.00	3
121	0	3	0.00	3
122	0	2	0.00	2
123	1	1	50.00	2
124	0	3	0.00	3
125	0	0		0
126	0	9	0.00	9
127	0	0		0
128	0	5	0.00	5
129	0	4	0.00	4
130	0	3	0.00	3
131	0	6	0.00	6
132	0	0		0
133	0	2	0.00	2
134	0	1	0.00	1
135	0	3	0.00	3
136	0	1	0.00	1
137	0	3	0.00	3
138	0	2	0.00	2
139	0	1	0.00	1
140	0	1	0.00	1
141	0	0		0
142	0	5	0.00	5
143	0	1	0.00	1
144	0	2	0.00	2
145	0	1	0.00	1
146	0	0		0
147	0	0		0
148	0	0		0
149	0	1	0.00	1

CHG context (R1)
================
position	count methylated	count unmethylated	% methylation	coverage
1	0	11	0.00	11
2	0	20	0.00	20
3	0	15	0.00	15
4	1	144	0.69	145
5	0	212	0.00	212
6	1	248	0.40	249
7	3	243	1.22	246
8	0	200	0.00	200
9	1	244	0.41	245
10	1	227	0.44	228
11	0	230	0.00	230
12	0	208	0.00	208
13	1	223	0.45	224
14	1	202	0.49	203
15	3	252	1.18	255
16	1	195	0.51	196
17	1	228	0.44	229
18	1	287	0.35	288
19	2	201	0.99	203
20	1	163	0.61	164
21	1	255	0.39	256
22	0	234	0.00	234
23	0	191	0.00	191
24	0	199	0.00	199
25	0	231	0.00	231
26	0	201	0.00	201
27	0	230	0.00	230
28	1	237	0.42	238
29	0	198	0.00	198
30	1	198	0.50	199
31	0	218	0.00	218
32	1	187	0.53	188
33	0	235	0.00	235
34	0	230	0.00	230
35	0	237	0.00	237
36	0	197	0.00	197
37	1	210	0.47	211
38	0	211	0.00	211
39	2	218	0.91	220
40	1	192	0.52	193
41	3	241	1.23	244
42	0	212	0.00	212
43	2	191	1.04	193
44	1	239	0.42	240
45	0	224	0.00	224
46	0	247	0.00	247
47	0	159	0.00	159
48	1	222	0.45	223
49	1	222	0.45	223
50	1	212	0.47	213
51	1	217	0.46	218
52	1	220	0.45	221
53	1	199	0.50	200
54	1	193	0.52	194
55	0	156	0.00	156
56	2	214	0.93	216
57	2	229	0.87	231
58	0	216	0.00	216
59	1	190	0.52	191
60	0	151	0.00	151
61	1	209	0.48	210
62	0	179	0.00	179
63	0	170	0.00	170
64	2	183	1.08	185
65	0	184	0.00	184
66	1	173	0.57	174
67	0	182	0.00	182
68	2	183	1.08	185
69	0	182	0.00	182
70	1	182	0.55	183
71	0	175	0.00	175
72	0	165	0.00	165
73	0	174	0.00	174
74	1	158	0.63	159
75	0	159	0.00	159
76	0	169	0.00	169
77	0	199	0.00	199
78	1	139	0.71	140
79	1	154	0.65	155
80	1	135	0.74	136
81	0	205	0.00	205
82	0	110	0.00	110
83	2	130	1.52	132
84	0	123	0.00	123
85	0	111	0.00	111
86	1	128	0.78	129
87	0	122	0.00	122
88	1	130	0.76	131
89	0	101	0.00	101
90	0	114	0.00	114
91	1	151	0.66	152
92	0	98	0.00	98
93	0	90	0.00	90
94	1	113	0.88	114
95	0	100	0.00	100
96	0	116	0.00	116
97	0	114	0.00	114
98	0	88	0.00	88
99	0	33	0.00	33
100	0	4	0.00	4
101	0	9	0.00	9
102	0	4	0.00	4
103	0	4	0.00	4
104	0	4	0.00	4
105	0	7	0.00	7
106	0	8	0.00	8
107	0	2	0.00	2
108	0	14	0.00	14
109	0	4	0.00	4
110	0	2	0.00	2
111	1	3	25.00	4
112	0	3	0.00	3
113	0	1	0.00	1
114	0	0		0
115	0	0		0
116	0	3	0.00	3
117	0	1	0.00	1
118	0	6	0.00	6
119	0	3	0.00	3
120	0	3	0.00	3
121	0	2	0.00	2
122	0	2	0.00	2
123	0	3	0.00	3
124	0	0		0
125	0	5	0.00	5
126	0	1	0.00	1
127	0	1	0.00	1
128	0	7	0.00	7
129	0	0		0
130	0	2	0.00	2
131	0	1	0.00	1
132	0	3	0.00	3
133	0	0		0
134	0	2	0.00	2
135	0	2	0.00	2
136	0	0		0
137	0	0		0
138	0	0		0
139	0	1	0.00	1
140	0	0		0
141	0	1	0.00	1
142	0	1	0.00	1
143	0	1	0.00	1
144	0	0		0
145	0	0		0
146	0	1	0.00	1
147	0	0		0
148	0	3	0.00	3
149	0	0		0

CHH context (R1)
================
position	count methylated	count unmethylated	% methylation	coverage
1	2	28	6.67	30
2	0	34	0.00	34
3	0	21	0.00	21
4	2	327	0.61	329
5	0	378	0.00	378
6	1	427	0.23	428
7	0	400	0.00	400
8	3	359	0.83	362
9	2	312	0.64	314
10	3	332	0.90	335
11	0	302	0.00	302
12	1	374	0.27	375
13	2	363	0.55	365
14	1	376	0.27	377
15	1	362	0.28	363
16	1	376	0.27	377
17	0	322	0.00	322
18	2	319	0.62	321
19	1	308	0.32	309
20	0	354	0.00	354
21	1	333	0.30	334
22	1	311	0.32	312
23	2	326	0.61	328
24	3	359	0.83	362
25	2	375	0.53	377
26	2	344	0.58	346
27	0	396	0.00	396
28	2	338	0.59	340
29	2	323	0.62	325
30	1	391	0.26	392
31	0	375	0.00	375
32	2	372	0.53	374
33	0	343	0.00	343
34	0	313	0.00	313
35	1	293	0.34	294
36	0	371	0.00	371
37	2	358	0.56	360
38	2	370	0.54	372
39	0	352	0.00	352
40	0	323	0.00	323
41	0	330	0.00	330
42	0	346	0.00	346
43	1	333	0.30	334
44	2	337	0.59	339
45	1	318	0.31	319
46	0	348	0.00	348
47	0	357	0.00	357
48	2	359	0.55	361
49	3	381	0.78	384
50	2	375	0.53	377
51	0	414	0.00	414
52	1	339	0.29	340
53	1	341	0.29	342
54	2	331	0.60	333
55	1	319	0.31	320
56	0	307	0.00	307
57	3	272	1.09	275
58	0	298	0.00	298
59	1	349	0.29	350
60	2	346	0.57	348
61	1	362	0.28	363
62	1	342	0.29	343
63	2	280	0.71	282
64	2	340	0.58	342
65	1	346	0.29	347
66	2	285	0.70	287
67	0	285	0.00	285
68	0	328	0.00	328
69	1	284	0.35	285
70	1	281	0.35	282
71	0	299	0.00	299
72	2	288	0.69	290
73	0	306	0.00	306
74	0	274	0.00	274
75	0	316	0.00	316
76	0	290	0.00	290
77	0	265	0.00	265
78	0	263	0.00	263
79	0	284	0.00	284
80	2	321	0.62	323
81	1	241	0.41	242
82	1	264	0.38	265
83	2	229	0.87	231
84	1	230	0.43	231
85	0	241	0.00	241
86	0	260	0.00	260
87	0	219	0.00	219
88	0	256	0.00	256
89	1	236	0.42	237
90	1	195	0.51	196
91	0	177	0.00	177
92	0	178	0.00	178
93	3	175	1.69	178
94	1	149	0.67	150
95	1	180	0.55	181
96	0	153	0.00	153
97	2	165	1.20	167
98	2	165	1.20	167
99	0	79	0.00	79
100	0	8	0.00	8
101	0	6	0.00	6
102	0	13	0.00	13
103	1	6	14.29	7
104	0	12	0.00	12
105	0	10	0.00	10
106	0	7	0.00	7
107	0	9	0.00	9
108	0	2	0.00	2
109	1	0	100.00	1
110	0	2	0.00	2
111	0	6	0.00	6
112	0	4	0.00	4
113	0	7	0.00	7
114	0	6	0.00	6
115	0	4	0.00	4
116	0	3	0.00	3
117	0	3	0.00	3
118	0	4	0.00	4
119	0	4	0.00	4
120	1	4	20.00	5
121	0	5	0.00	5
122	0	3	0.00	3
123	0	4	0.00	4
124	0	3	0.00	3
125	0	2	0.00	2
126	0	3	0.00	3
127	0	1	0.00	1
128	0	0		0
129	0	0		0
130	0	1	0.00	1
131	0	1	0.00	1
132	0	2	0.00	2
133	0	3	0.00	3
134	0	4	0.00	4
135	0	0		0
136	0	1	0.00	1
137	0	0		0
138	0	1	0.00	1
139	0	1	0.00	1
140	0	2	0.00	2
141	0	0		0
142	0	0		0
143	0	1	0.00	1
144	0	0		0
145	0	1	0.00	1
146	0	1	0.00	1
147	0	0		0
148	0	1	0.00	1
149	0	1	0.00	1

CpG context (R2)
================
position	count methylated	count unmethylated	% methylation	coverage
1	1	27	3.57	28
2	0	18	0.00	18
3	2	79	2.47	81
4	3	52	5.45	55
5	4	84	4.55	88
6	4	68	5.56	72
7	1	135	0.74	136
8	5	78	6.02	83
9	1	75	1.32	76
10	3	66	4.35	69
11	3	65	4.41	68
12	3	67	4.29	70
13	5	76	6.17	81
14	0	46	0.00	46
15	1	43	2.27	44
16	0	64	0.00	64
17	3	58	4.92	61
18	5	48	9.43	53
19	0	31	0.00	31
20	3	39	7.14	42
21	4	43	8.51	47
22	2	40	4.76	42
23	1	39	2.50	40
24	1	67	1.47	68
25	2	41	4.65	43
26	3	27	10.00	30
27	2	26	7.14	28
28	1	27	3.57	28
29	0	35	0.00	35
30	1	20	4.76	21
31	2	26	7.14	28
32	1	19	5.00	20
33	0	10	0.00	10
34	2	11	15.38	13
35	1	10	9.09	11
36	0	15	0.00	15
37	1	9	10.00	10
38	1	26	3.70	27
39	0	7	0.00	7
40	1	6	14.29	7
41	1	10	9.09	11
42	1	12	7.69	13
43	2	11	15.38	13
44	1	18	5.26	19
45	0	2	0.00	2
46	2	4	33.33	6
47	0	5	0.00	5
48	0	9	0.00	9
49	2	6	25.00	8
50	0	6	0.00	6
51	0	4	0.00	4
52	0	9	0.00	9
53	0	4	0.00	4
54	1	4	20.00	5
55	0	5	0.00	5
56	1	3	25.00	4
57	0	3	0.00	3
58	0	11	0.00	11
59	0	2	0.00	2
60	0	2	0.00	2
61	0	4	0.00	4
62	0	2	0.00	2
63	1	3	25.00	4
64	0	1	0.00	1
65	1	1	50.00	2
66	0	2	0.00	2
67	0	1	0.00	1
68	0	0		0
69	0	1	0.00	1
70	0	1	0.00	1
71	0	1	0.00	1
72	0	2	0.00	2
73	0	0		0
74	0	0		0
75	0	1	0.00	1
76	0	0		0
77	0	2	0.00	2
78	0	0		0
79	0	1	0.00	1
80	0	1	0.00	1
81	0	0		0
82	0	0		0
83	0	0		0
84	0	0		0
85	0	0		0
86	1	0	100.00	1
87	0	0		0
88	0	0		0
89	0	0		0
90	0	0		0
91	0	0		0
92	0	0		0
93	0	0		0
94	0	1	0.00	1
95	0	0		0
96	0	0		0
97	0	1	0.00	1

CHG context (R2)
================
position	count methylated	count unmethylated	% methylation	coverage
1	11	2134	0.51	2145
2	0	23	0.00	23
3	0	10	0.00	10
4	0	40	0.00	40
5	0	60	0.00	60
6	0	69	0.00	69
7	0	79	0.00	79
8	1	94	1.05	95
9	0	77	0.00	77
10	0	54	0.00	54
11	0	57	0.00	57
12	1	37	2.63	38
13	0	40	0.00	40
14	0	63	0.00	63
15	0	56	0.00	56
16	0	43	0.00	43
17	2	51	3.77	53
18	0	66	0.00	66
19	0	44	0.00	44
20	0	47	0.00	47
21	0	42	0.00	42
22	1	45	2.17	46
23	0	25	0.00	25
24	0	18	0.00	18
25	0	41	0.00	41
26	0	32	0.00	32
27	0	10	0.00	10
28	0	23	0.00	23
29	0	25	0.00	25
30	0	28	0.00	28
31	0	26	0.00	26
32	0	20	0.00	20
33	0	23	0.00	23
34	0	17	0.00	17
35	0	15	0.00	15
36	0	18	0.00	18
37	0	7	0.00	7
38	0	7	0.00	7
39	0	19	0.00	19
40	0	21	0.00	21
41	0	14	0.00	14
42	0	3	0.00	3
43	0	6	0.00	6
44	0	6	0.00	6
45	0	7	0.00	7
46	0	4	0.00	4
47	0	7	0.00	7
48	0	7	0.00	7
49	0	9	0.00	9
50	0	17	0.00	17
51	0	2	0.00	2
52	0	13	0.00	13
53	0	5	0.00	5
54	0	2	0.00	2
55	0	4	0.00	4
56	0	5	0.00	5
57	0	0		0
58	0	2	0.00	2
59	0	1	0.00	1
60	0	3	0.00	3
61	0	1	0.00	1
62	0	0		0
63	0	2	0.00	2
64	0	1	0.00	1
65	0	0		0
66	0	0		0
67	0	1	0.00	1
68	0	1	0.00	1
69	0	0		0
70	1	0	100.00	1
71	0	1	0.00	1
72	0	1	0.00	1
73	0	2	0.00	2
74	0	0		0
75	0	1	0.00	1
76	0	0		0
77	0	1	0.00	1
78	0	1	0.00	1
79	0	0		0
80	0	0		0
81	0	0		0
82	0	0		0
83	0	0		0
84	0	0		0
85	0	0		0
86	0	0		0
87	0	1	0.00	1
88	0	0		0
89	0	0		0
90	0	0		0
91	0	0		0
92	0	0		0
93	0	0		0
94	0	0		0
95	0	0		0
96	0	0		0
97	0	0		0

CHH context (R2)
================
position	count methylated	count unmethylated	% methylation	coverage
1	0	17	0.00	17
2	4	967	0.41	971
3	2	263	0.75	265
4	0	166	0.00	166
5	1	142	0.70	143
6	0	113	0.00	113
7	0	108	0.00	108
8	0	135	0.00	135
9	0	106	0.00	106
10	0	141	0.00	141
11	0	104	0.00	104
12	0	84	0.00	84
13	0	66	0.00	66
14	0	90	0.00	90
15	1	73	1.35	74
16	0	72	0.00	72
17	0	67	0.00	67
18	1	78	1.27	79
19	0	75	0.00	75
20	0	58	0.00	58
21	0	49	0.00	49
22	1	39	2.50	40
23	0	41	0.00	41
24	0	36	0.00	36
25	0	42	0.00	42
26	0	45	0.00	45
27	0	42	0.00	42
28	0	35	0.00	35
29	0	37	0.00	37
30	0	42	0.00	42
31	0	34	0.00	34
32	0	28	0.00	28
33	1	25	3.85	26
34	0	20	0.00	20
35	0	26	0.00	26
36	0	29	0.00	29
37	0	16	0.00	16
38	0	22	0.00	22
39	0	10	0.00	10
40	0	19	0.00	19
41	0	19	0.00	19
42	0	23	0.00	23
43	0	21	0.00	21
44	0	20	0.00	20
45	0	18	0.00	18
46	1	18	5.26	19
47	0	16	0.00	16
48	0	6	0.00	6
49	0	11	0.00	11
50	0	7	0.00	7
51	0	14	0.00	14
52	1	9	10.00	10
53	1	13	7.14	14
54	0	7	0.00	7
55	0	10	0.00	10
56	0	15	0.00	15
57	0	3	0.00	3
58	0	4	0.00	4
59	0	2	0.00	2
60	0	1	0.00	1
61	0	2	0.00	2
62	0	2	0.00	2
63	0	0		0
64	0	1	0.00	1
65	0	1	0.00	1
66	0	0		0
67	0	0		0
68	0	2	0.00	2
69	0	2	0.00	2
70	0	0		0
71	0	0		0
72	0	0		0
73	0	0		0
74	0	1	0.00	1
75	0	0		0
76	0	0		0
77	0	0		0
78	0	0		0
79	0	1	0.00	1
80	0	0		0
81	0	0		0
82	0	0		0
83	0	0		0
84	0	0		0
85	0	0		0
86	0	0		0
87	0	0		0
88	0	0		0
89	0	1	0.00	1
90	0	0		0
91	0	0		0
92	0	0		0
93	0	0		0
94	0	0		0
95	0	0		0
96	0	0		0
97	0	0		0

