CpG context (R1)
================
position	count methylated	count unmethylated	% methylation	coverage
1	198	2163	8.39	2361
2	0	16	0.00	16
3	1	16	5.88	17
4	8	202	3.81	210
5	13	207	5.91	220
6	9	277	3.15	286
7	9	206	4.19	215
8	15	296	4.82	311
9	6	265	2.21	271
10	18	250	6.72	268
11	9	233	3.72	242
12	18	300	5.66	318
13	11	261	4.04	272
14	11	276	3.83	287
15	8	253	3.07	261
16	13	287	4.33	300
17	12	213	5.33	225
18	8	243	3.19	251
19	7	322	2.13	329
20	10	242	3.97	252
21	7	193	3.50	200
22	13	271	4.58	284
23	6	273	2.15	279
24	15	266	5.34	281
25	15	280	5.08	295
26	15	276	5.15	291
27	9	258	3.37	267
28	18	269	6.27	287
29	7	239	2.85	246
30	17	266	6.01	283
31	19	277	6.42	296
32	12	286	4.03	298
33	7	216	3.14	223
34	8	300	2.60	308
35	13	235	5.24	248
36	10	204	4.67	214
37	16	284	5.33	300
38	15	229	6.15	244
39	13	249	4.96	262
40	8	239	3.24	247
41	7	232	2.93	239
42	13	265	4.68	278
43	11	263	4.01	274
44	8	237	3.27	245
45	11	283	3.74	294
46	17	240	6.61	257
47	8	264	2.94	272
48	14	260	5.11	274
49	13	237	5.20	250
50	13	242	5.10	255
51	8	265	2.93	273
52	16	264	5.71	280
53	21	245	7.89	266
54	14	250	5.30	264
55	21	259	7.50	280
56	15	220	6.38	235
57	11	237	4.44	248
58	9	246	3.53	255
59	15	271	5.24	286
60	11	233	4.51	244
61	12	224	5.08	236
62	14	233	5.67	247
63	13	196	6.22	209
64	14	252	5.26	266
65	5	237	2.07	242
66	14	236	5.60	250
67	19	258	6.86	277
68	14	196	6.67	210
69	3	216	1.37	219
70	11	226	4.64	237
71	15	236	5.98	251
72	10	254	3.79	264
73	11	217	4.82	228
74	8	179	4.28	187
75	11	179	5.79	190
76	8	200	3.85	208
77	7	218	3.11	225
78	11	191	5.45	202
79	8	216	3.57	224
80	5	190	2.56	195
81	6	178	3.26	184
82	5	185	2.63	190
83	6	152	3.80	158
84	5	171	2.84	176
85	7	181	3.72	188
86	10	162	5.81	172
87	5	184	2.65	189
88	5	118	4.07	123
89	7	193	3.50	200
90	5	124	3.88	129
91	4	149	2.61	153
92	4	129	3.01	133
93	7	117	5.65	124
94	2	132	1.49	134
95	8	106	7.02	114
96	6	114	5.00	120
97	3	142	2.07	145
98	4	83	4.60	87
99	3	48	5.88	51
100	1	11	8.33	12
101	0	6	0.00	6
102	0	8	0.00	8
103	1	8	11.11	9
104	1	6	14.29	7
105	0	7	0.00	7
106	0	8	0.00	8
107	0	5	0.00	5
108	2	6	25.00	8
109	0	4	0.00	4
110	0	3	0.00	3
111	0	14	0.00	14
112	0	4	0.00	4
113	0	7	0.00	7
114	0	4	0.00	4
115	1	3	25.00	4
116	1	4	20.00	5
117	3	5	37.50	8
118	0	5	0.00	5
119	0	3	0.00	3
120	1	2	33.33	3
121	0	2	0.00	2
122	0	0		0
123	0	4	0.00	4
124	0	3	0.00	3
125	0	1	0.00	1
126	0	6	0.00	6
127	0	1	0.00	1
128	0	7	0.00	7
129	0	4	0.00	4
130	0	3	0.00	3
131	0	2	0.00	2
132	0	3	0.00	3
133	0	3	0.00	3
134	0	1	0.00	1
135	0	2	0.00	2
136	0	4	0.00	4
137	0	5	0.00	5
138	0	3	0.00	3
139	0	1	0.00	1
140	0	3	0.00	3
141	0	2	0.00	2
142	1	2	33.33	3
143	0	0		0
144	0	1	0.00	1
145	0	1	0.00	1
146	0	0		0
147	0	1	0.00	1
148	0	2	0.00	2
149	0	0		0

CHG context (R1)
================
position	count methylated	count unmethylated	% methylation	coverage
1	0	16	0.00	16
2	0	27	0.00	27
3	0	12	0.00	12
4	0	132	0.00	132
5	1	223	0.45	224
6	0	233	0.00	233
7	1	264	0.38	265
8	1	225	0.44	226
9	1	232	0.43	233
10	1	199	0.50	200
11	0	259	0.00	259
12	3	209	1.42	212
13	1	207	0.48	208
14	1	195	0.51	196
15	1	258	0.39	259
16	0	213	0.00	213
17	1	232	0.43	233
18	2	267	0.74	269
19	0	225	0.00	225
20	4	144	2.70	148
21	0	219	0.00	219
22	0	238	0.00	238
23	0	202	0.00	202
24	0	163	0.00	163
25	0	245	0.00	245
26	0	181	0.00	181
27	0	239	0.00	239
28	1	240	0.41	241
29	1	185	0.54	186
30	2	189	1.05	191
31	2	251	0.79	253
32	2	205	0.97	207
33	0	225	0.00	225
34	1	247	0.40	248
35	1	209	0.48	210
36	2	225	0.88	227
37	1	212	0.47	213
38	0	190	0.00	190
39	0	213	0.00	213
40	2	209	0.95	211
41	1	274	0.36	275
42	0	217	0.00	217
43	1	222	0.45	223
44	1	234	0.43	235
45	0	221	0.00	221
46	0	187	0.00	187
47	2	199	1.00	201
48	1	227	0.44	228
49	0	205	0.00	205
50	0	211	0.00	211
51	0	231	0.00	231
52	0	224	0.00	224
53	2	185	1.07	187
54	1	215	0.46	216
55	1	161	0.62	162
56	2	224	0.88	226
57	3	211	1.40	214
58	0	200	0.00	200
59	1	189	0.53	190
60	0	164	0.00	164
61	0	190	0.00	190
62	2	163	1.21	165
63	1	193	0.52	194
64	1	188	0.53	189
65	0	189	0.00	189
66	0	212	0.00	212
67	0	173	0.00	173
68	1	177	0.56	178
69	0	187	0.00	187
70	0	194	0.00	194
71	0	168	0.00	168
72	0	159	0.00	159
73	2	162	1.22	164
74	0	143	0.00	143
75	0	170	0.00	170
76	1	163	0.61	164
77	0	183	0.00	183
78	1	162	0.61	163
79	0	153	0.00	153
80	0	128	0.00	128
81	0	178	0.00	178
82	0	119	0.00	119
83	0	125	0.00	125
84	0	110	0.00	110
85	0	129	0.00	129
86	1	162	0.61	163
87	0	111	0.00	111
88	1	124	0.80	125
89	0	110	0.00	110
90	2	96	2.04	98
91	1	126	0.79	127
92	0	95	0.00	95
93	0	96	0.00	96
94	0	115	0.00	115
95	1	99	1.00	100
96	0	134	0.00	134
97	0	124	0.00	124
98	0	104	0.00	104
99	0	34	0.00	34
100	0	6	0.00	6
101	0	6	0.00	6
102	0	10	0.00	10
103	1	7	12.50	8
104	0	4	0.00	4
105	0	8	0.00	8
106	0	6	0.00	6
107	0	0		0
108	0	7	0.00	7
109	0	6	0.00	6
110	0	6	0.00	6
111	0	2	0.00	2
112	0	3	0.00	3
113	0	3	0.00	3
114	0	2	0.00	2
115	0	2	0.00	2
116	0	2	0.00	2
117	0	2	0.00	2
118	0	4	0.00	4
119	0	2	0.00	2
120	0	5	0.00	5
121	0	5	0.00	5
122	0	3	0.00	3
123	0	2	0.00	2
124	0	6	0.00	6
125	0	1	0.00	1
126	0	0		0
127	0	2	0.00	2
128	0	0		0
129	0	0		0
130	0	2	0.00	2
131	0	0		0
132	0	1	0.00	1
133	0	1	0.00	1
134	0	2	0.00	2
135	0	3	0.00	3
136	0	5	0.00	5
137	0	0		0
138	0	0		0
139	0	6	0.00	6
140	0	2	0.00	2
141	0	2	0.00	2
142	0	2	0.00	2
143	0	1	0.00	1
144	0	0		0
145	0	0		0
146	0	0		0
147	0	1	0.00	1
148	0	0		0
149	0	0		0

CHH context (R1)
================
position	count methylated	count unmethylated	% methylation	coverage
1	1	48	2.04	49
2	0	41	0.00	41
3	0	21	0.00	21
4	0	323	0.00	323
5	1	398	0.25	399
6	0	423	0.00	423
7	1	378	0.26	379
8	0	333	0.00	333
9	1	333	0.30	334
10	2	344	0.58	346
11	1	303	0.33	304
12	0	319	0.00	319
13	1	334	0.30	335
14	0	397	0.00	397
15	1	379	0.26	380
16	0	356	0.00	356
17	1	328	0.30	329
18	0	291	0.00	291
19	1	282	0.35	283
20	1	327	0.30	328
21	2	343	0.58	345
22	2	343	0.58	345
23	2	368	0.54	370
24	0	393	0.00	393
25	3	392	0.76	395
26	1	375	0.27	376
27	1	410	0.24	411
28	1	376	0.27	377
29	1	365	0.27	366
30	2	367	0.54	369
31	0	351	0.00	351
32	1	377	0.26	378
33	0	327	0.00	327
34	2	309	0.64	311
35	2	316	0.63	318
36	3	358	0.83	361
37	2	400	0.50	402
38	1	364	0.27	365
39	2	353	0.56	355
40	2	341	0.58	343
41	4	338	1.17	342
42	0	346	0.00	346
43	0	332	0.00	332
44	0	328	0.00	328
45	1	291	0.34	292
46	0	377	0.00	377
47	1	304	0.33	305
48	2	329	0.60	331
49	0	371	0.00	371
50	3	369	0.81	372
51	1	401	0.25	402
52	0	365	0.00	365
53	1	335	0.30	336
54	1	324	0.31	325
55	0	347	0.00	347
56	0	301	0.00	301
57	1	286	0.35	287
58	0	260	0.00	260
59	0	332	0.00	332
60	0	297	0.00	297
61	1	353	0.28	354
62	2	337	0.59	339
63	0	322	0.00	322
64	2	355	0.56	357
65	0	320	0.00	320
66	1	284	0.35	285
67	2	333	0.60	335
68	0	336	0.00	336
69	1	293	0.34	294
70	0	280	0.00	280
71	1	266	0.37	267
72	0	267	0.00	267
73	0	295	0.00	295
74	1	251	0.40	252
75	1	338	0.29	339
76	0	296	0.00	296
77	1	280	0.36	281
78	1	262	0.38	263
79	0	263	0.00	263
80	1	312	0.32	313
81	1	258	0.39	259
82	0	261	0.00	261
83	0	244	0.00	244
84	1	267	0.37	268
85	2	258	0.77	260
86	0	269	0.00	269
87	0	219	0.00	219
88	0	261	0.00	261
89	2	219	0.90	221
90	1	209	0.48	210
91	0	208	0.00	208
92	2	222	0.89	224
93	2	173	1.14	175
94	0	172	0.00	172
95	0	194	0.00	194
96	2	158	1.25	160
97	0	150	0.00	150
98	1	157	0.63	158
99	0	78	0.00	78
100	0	9	0.00	9
101	0	12	0.00	12
102	0	8	0.00	8
103	0	8	0.00	8
104	0	8	0.00	8
105	0	6	0.00	6
106	0	8	0.00	8
107	0	9	0.00	9
108	0	6	0.00	6
109	0	6	0.00	6
110	0	5	0.00	5
111	0	2	0.00	2
112	0	7	0.00	7
113	0	6	0.00	6
114	0	6	0.00	6
115	0	4	0.00	4
116	0	7	0.00	7
117	0	8	0.00	8
118	0	4	0.00	4
119	0	4	0.00	4
120	0	5	0.00	5
121	0	11	0.00	11
122	0	7	0.00	7
123	0	8	0.00	8
124	0	6	0.00	6
125	0	5	0.00	5
126	0	6	0.00	6
127	0	4	0.00	4
128	0	0		0
129	0	0		0
130	0	3	0.00	3
131	0	6	0.00	6
132	0	9	0.00	9
133	0	6	0.00	6
134	0	3	0.00	3
135	0	4	0.00	4
136	0	1	0.00	1
137	0	1	0.00	1
138	0	0		0
139	0	1	0.00	1
140	0	0		0
141	0	0		0
142	0	2	0.00	2
143	0	0		0
144	0	2	0.00	2
145	0	4	0.00	4
146	0	2	0.00	2
147	0	4	0.00	4
148	0	0		0
149	0	1	0.00	1

CpG context (R2)
================
position	count methylated	count unmethylated	% methylation	coverage
1	0	17	0.00	17
2	1	15	6.25	16
3	3	68	4.23	71
4	1	76	1.30	77
5	5	94	5.05	99
6	3	84	3.45	87
7	5	126	3.82	131
8	3	91	3.19	94
9	6	75	7.41	81
10	3	72	4.00	75
11	6	83	6.74	89
12	1	59	1.67	60
13	4	72	5.26	76
14	2	42	4.55	44
15	3	64	4.48	67
16	1	63	1.56	64
17	0	47	0.00	47
18	3	49	5.77	52
19	2	30	6.25	32
20	2	52	3.70	54
21	5	32	13.51	37
22	2	33	5.71	35
23	5	35	12.50	40
24	4	55	6.78	59
25	1	30	3.23	31
26	0	27	0.00	27
27	2	31	6.06	33
28	2	29	6.45	31
29	0	28	0.00	28
30	3	23	11.54	26
31	1	19	5.00	20
32	2	23	8.00	25
33	2	10	16.67	12
34	1	18	5.26	19
35	1	17	5.56	18
36	0	10	0.00	10
37	2	23	8.00	25
38	2	28	6.67	30
39	0	14	0.00	14
40	0	7	0.00	7
41	0	11	0.00	11
42	0	10	0.00	10
43	1	17	5.56	18
44	0	12	0.00	12
45	0	8	0.00	8
46	4	17	19.05	21
47	0	10	0.00	10
48	0	9	0.00	9
49	0	6	0.00	6
50	1	6	14.29	7
51	0	12	0.00	12
52	1	6	14.29	7
53	0	5	0.00	5
54	0	7	0.00	7
55	3	3	50.00	6
56	2	6	25.00	8
57	0	6	0.00	6
58	0	6	0.00	6
59	0	2	0.00	2
60	0	4	0.00	4
61	0	4	0.00	4
62	0	3	0.00	3
63	0	2	0.00	2
64	0	1	0.00	1
65	0	1	0.00	1
66	0	2	0.00	2
67	0	1	0.00	1
68	0	1	0.00	1
69	0	1	0.00	1
70	0	0		0
71	0	1	0.00	1
72	0	1	0.00	1
73	0	0		0
74	0	0		0
75	0	0		0
76	0	0		0
77	0	1	0.00	1
78	0	0		0
79	0	1	0.00	1
80	0	1	0.00	1
81	0	1	0.00	1
82	0	1	0.00	1
83	0	0		0
84	0	0		0
85	0	1	0.00	1
86	1	1	50.00	2
87	0	0		0
88	0	0		0
89	0	0		0
90	0	0		0
91	0	2	0.00	2
92	0	0		0
93	0	0		0
94	0	1	0.00	1
95	0	0		0
96	0	0		0
97	0	2	0.00	2

CHG context (R2)
================
position	count methylated	count unmethylated	% methylation	coverage
1	11	2134	0.51	2145
2	0	17	0.00	17
3	0	5	0.00	5
4	0	39	0.00	39
5	1	55	1.79	56
6	0	71	0.00	71
7	0	68	0.00	68
8	1	84	1.18	85
9	0	87	0.00	87
10	0	57	0.00	57
11	1	54	1.82	55
12	0	31	0.00	31
13	0	41	0.00	41
14	0	42	0.00	42
15	0	48	0.00	48
16	0	54	0.00	54
17	0	51	0.00	51
18	0	46	0.00	46
19	0	48	0.00	48
20	1	48	2.04	49
21	0	44	0.00	44
22	1	52	1.89	53
23	1	21	4.55	22
24	0	26	0.00	26
25	0	39	0.00	39
26	0	17	0.00	17
27	1	21	4.55	22
28	0	24	0.00	24
29	0	14	0.00	14
30	0	25	0.00	25
31	1	30	3.23	31
32	0	17	0.00	17
33	0	27	0.00	27
34	0	13	0.00	13
35	0	19	0.00	19
36	0	12	0.00	12
37	0	15	0.00	15
38	0	11	0.00	11
39	0	14	0.00	14
40	0	15	0.00	15
41	0	17	0.00	17
42	0	2	0.00	2
43	0	9	0.00	9
44	0	7	0.00	7
45	0	10	0.00	10
46	0	3	0.00	3
47	0	7	0.00	7
48	0	5	0.00	5
49	0	9	0.00	9
50	0	18	0.00	18
51	0	4	0.00	4
52	0	7	0.00	7
53	0	5	0.00	5
54	0	1	0.00	1
55	0	5	0.00	5
56	1	7	12.50	8
57	0	0		0
58	0	2	0.00	2
59	0	0		0
60	0	6	0.00	6
61	0	1	0.00	1
62	0	0		0
63	0	2	0.00	2
64	0	1	0.00	1
65	0	1	0.00	1
66	0	2	0.00	2
67	0	1	0.00	1
68	0	0		0
69	0	0		0
70	1	0	100.00	1
71	0	1	0.00	1
72	0	2	0.00	2
73	0	1	0.00	1
74	0	1	0.00	1
75	0	1	0.00	1
76	0	0		0
77	0	0		0
78	0	2	0.00	2
79	0	0		0
80	0	1	0.00	1
81	0	1	0.00	1
82	0	0		0
83	0	0		0
84	0	0		0
85	0	0		0
86	0	1	0.00	1
87	0	1	0.00	1
88	0	1	0.00	1
89	0	1	0.00	1
90	0	0		0
91	0	0		0
92	0	0		0
93	0	0		0
94	0	0		0
95	0	1	0.00	1
96	0	0		0
97	0	1	0.00	1

CHH context (R2)
================
position	count methylated	count unmethylated	% methylation	coverage
1	0	13	0.00	13
2	2	938	0.21	940
3	1	232	0.43	233
4	0	183	0.00	183
5	1	133	0.75	134
6	0	105	0.00	105
7	0	90	0.00	90
8	1	114	0.87	115
9	0	101	0.00	101
10	0	122	0.00	122
11	0	74	0.00	74
12	0	88	0.00	88
13	0	66	0.00	66
14	0	73	0.00	73
15	0	67	0.00	67
16	0	68	0.00	68
17	0	69	0.00	69
18	0	70	0.00	70
19	0	69	0.00	69
20	0	49	0.00	49
21	0	37	0.00	37
22	0	45	0.00	45
23	0	43	0.00	43
24	0	52	0.00	52
25	0	43	0.00	43
26	0	28	0.00	28
27	0	33	0.00	33
28	0	27	0.00	27
29	0	32	0.00	32
30	0	25	0.00	25
31	0	34	0.00	34
32	0	27	0.00	27
33	0	23	0.00	23
34	0	34	0.00	34
35	0	29	0.00	29
36	0	23	0.00	23
37	0	11	0.00	11
38	0	19	0.00	19
39	0	10	0.00	10
40	0	19	0.00	19
41	0	13	0.00	13
42	0	19	0.00	19
43	0	14	0.00	14
44	1	25	3.85	26
45	0	17	0.00	17
46	0	16	0.00	16
47	0	17	0.00	17
48	0	10	0.00	10
49	0	8	0.00	8
50	0	6	0.00	6
51	0	20	0.00	20
52	0	21	0.00	21
53	0	15	0.00	15
54	0	9	0.00	9
55	0	14	0.00	14
56	0	7	0.00	7
57	0	6	0.00	6
58	0	2	0.00	2
59	0	1	0.00	1
60	0	1	0.00	1
61	0	2	0.00	2
62	0	1	0.00	1
63	0	0		0
64	0	3	0.00	3
65	0	1	0.00	1
66	0	1	0.00	1
67	0	0		0
68	0	1	0.00	1
69	0	1	0.00	1
70	0	0		0
71	0	0		0
72	0	0		0
73	0	0		0
74	0	0		0
75	0	1	0.00	1
76	0	0		0
77	0	0		0
78	0	0		0
79	0	2	0.00	2
80	0	0		0
81	0	0		0
82	0	0		0
83	0	0		0
84	0	0		0
85	0	0		0
86	0	0		0
87	0	1	0.00	1
88	0	0		0
89	0	1	0.00	1
90	0	0		0
91	0	0		0
92	0	0		0
93	0	0		0
94	0	1	0.00	1
95	0	0		0
96	0	0		0
97	0	0		0

