CpG context (R1)
================
position	count methylated	count unmethylated	% methylation	coverage
1	207	2166	8.72	2373
2	0	13	0.00	13
3	2	16	11.11	18
4	8	159	4.79	167
5	8	214	3.60	222
6	11	284	3.73	295
7	9	216	4.00	225
8	14	317	4.23	331
9	14	234	5.65	248
10	25	232	9.73	257
11	6	286	2.05	292
12	16	267	5.65	283
13	14	296	4.52	310
14	10	257	3.75	267
15	13	232	5.31	245
16	22	302	6.79	324
17	6	246	2.38	252
18	4	242	1.63	246
19	14	316	4.24	330
20	5	242	2.02	247
21	15	218	6.44	233
22	14	265	5.02	279
23	11	259	4.07	270
24	24	238	9.16	262
25	15	268	5.30	283
26	17	282	5.69	299
27	12	250	4.58	262
28	16	251	5.99	267
29	11	266	3.97	277
30	10	257	3.75	267
31	12	324	3.57	336
32	18	279	6.06	297
33	10	227	4.22	237
34	9	276	3.16	285
35	11	255	4.14	266
36	13	219	5.60	232
37	15	256	5.54	271
38	7	233	2.92	240
39	14	250	5.30	264
40	11	250	4.21	261
41	13	252	4.91	265
42	17	263	6.07	280
43	16	237	6.32	253
44	15	249	5.68	264
45	15	263	5.40	278
46	15	245	5.77	260
47	14	285	4.68	299
48	9	255	3.41	264
49	19	225	7.79	244
50	12	243	4.71	255
51	13	210	5.83	223
52	8	270	2.88	278
53	12	242	4.72	254
54	13	245	5.04	258
55	10	270	3.57	280
56	13	217	5.65	230
57	9	248	3.50	257
58	10	242	3.97	252
59	11	279	3.79	290
60	9	234	3.70	243
61	9	231	3.75	240
62	19	254	6.96	273
63	19	232	7.57	251
64	15	220	6.38	235
65	10	243	3.95	253
66	10	257	3.75	267
67	17	196	7.98	213
68	6	213	2.74	219
69	5	221	2.21	226
70	10	193	4.93	203
71	14	274	4.86	288
72	5	219	2.23	224
73	16	215	6.93	231
74	14	215	6.11	229
75	14	189	6.90	203
76	14	213	6.17	227
77	12	223	5.11	235
78	7	174	3.87	181
79	5	209	2.34	214
80	10	196	4.85	206
81	7	147	4.55	154
82	4	197	1.99	201
83	11	135	7.53	146
84	5	167	2.91	172
85	11	178	5.82	189
86	14	146	8.75	160
87	10	188	5.05	198
88	2	142	1.39	144
89	11	143	7.14	154
90	8	129	5.84	137
91	12	125	8.76	137
92	5	146	3.31	151
93	9	136	6.21	145
94	6	125	4.58	131
95	7	118	5.60	125
96	4	94	4.08	98
97	9	143	5.92	152
98	8	104	7.14	112
99	2	53	3.64	55
100	3	18	14.29	21
101	1	3	25.00	4
102	0	9	0.00	9
103	1	13	7.14	14
104	1	3	25.00	4
105	1	4	20.00	5
106	0	10	0.00	10
107	2	4	33.33	6
108	2	4	33.33	6
109	0	9	0.00	9
110	0	2	0.00	2
111	1	7	12.50	8
112	0	4	0.00	4
113	0	0		0
114	0	6	0.00	6
115	2	5	28.57	7
116	0	3	0.00	3
117	1	4	20.00	5
118	1	0	100.00	1
119	0	1	0.00	1
120	0	1	0.00	1
121	0	5	0.00	5
122	0	3	0.00	3
123	1	4	20.00	5
124	0	2	0.00	2
125	0	6	0.00	6
126	0	2	0.00	2
127	1	0	100.00	1
128	0	1	0.00	1
129	0	4	0.00	4
130	0	2	0.00	2
131	1	2	33.33	3
132	1	1	50.00	2
133	1	2	33.33	3
134	0	0		0
135	0	1	0.00	1
136	0	1	0.00	1
137	0	1	0.00	1
138	0	4	0.00	4
139	0	1	0.00	1
140	0	2	0.00	2
141	1	0	100.00	1
142	1	1	50.00	2
143	1	1	50.00	2
144	1	2	33.33	3
145	1	1	50.00	2
146	0	0		0
147	0	0		0
148	0	0		0
149	0	0		0

CHG context (R1)
================
position	count methylated	count unmethylated	% methylation	coverage
1	0	15	0.00	15
2	0	24	0.00	24
3	0	10	0.00	10
4	3	124	2.36	127
5	0	223	0.00	223
6	1	234	0.43	235
7	0	266	0.00	266
8	0	229	0.00	229
9	1	236	0.42	237
10	1	224	0.44	225
11	1	230	0.43	231
12	1	217	0.46	218
13	1	215	0.46	216
14	0	178	0.00	178
15	3	260	1.14	263
16	0	241	0.00	241
17	2	216	0.92	218
18	1	250	0.40	251
19	1	198	0.50	199
20	0	170	0.00	170
21	1	200	0.50	201
22	1	244	0.41	245
23	1	209	0.48	210
24	0	181	0.00	181
25	2	219	0.90	221
26	0	196	0.00	196
27	0	243	0.00	243
28	0	243	0.00	243
29	1	179	0.56	180
30	0	190	0.00	190
31	1	263	0.38	264
32	0	201	0.00	201
33	0	255	0.00	255
34	2	228	0.87	230
35	2	236	0.84	238
36	1	206	0.48	207
37	0	192	0.00	192
38	1	195	0.51	196
39	0	221	0.00	221
40	1	223	0.45	224
41	3	267	1.11	270
42	1	247	0.40	248
43	2	193	1.03	195
44	1	239	0.42	240
45	2	215	0.92	217
46	0	248	0.00	248
47	0	189	0.00	189
48	0	193	0.00	193
49	1	226	0.44	227
50	1	194	0.51	195
51	0	222	0.00	222
52	2	212	0.93	214
53	1	181	0.55	182
54	1	218	0.46	219
55	0	152	0.00	152
56	0	234	0.00	234
57	0	216	0.00	216
58	2	201	0.99	203
59	0	188	0.00	188
60	0	162	0.00	162
61	1	209	0.48	210
62	0	181	0.00	181
63	2	168	1.18	170
64	1	204	0.49	205
65	0	198	0.00	198
66	0	185	0.00	185
67	1	160	0.62	161
68	0	210	0.00	210
69	0	169	0.00	169
70	0	199	0.00	199
71	0	187	0.00	187
72	1	175	0.57	176
73	1	156	0.64	157
74	0	152	0.00	152
75	0	142	0.00	142
76	1	184	0.54	185
77	1	172	0.58	173
78	0	167	0.00	167
79	0	165	0.00	165
80	1	157	0.63	158
81	2	197	1.01	199
82	1	118	0.84	119
83	1	146	0.68	147
84	0	144	0.00	144
85	0	112	0.00	112
86	2	166	1.19	168
87	0	122	0.00	122
88	0	133	0.00	133
89	0	114	0.00	114
90	1	115	0.86	116
91	0	141	0.00	141
92	0	87	0.00	87
93	2	95	2.06	97
94	1	101	0.98	102
95	0	92	0.00	92
96	0	120	0.00	120
97	0	123	0.00	123
98	1	77	1.28	78
99	1	37	2.63	38
100	0	5	0.00	5
101	0	6	0.00	6
102	0	7	0.00	7
103	0	6	0.00	6
104	0	5	0.00	5
105	0	7	0.00	7
106	0	10	0.00	10
107	0	2	0.00	2
108	0	8	0.00	8
109	0	4	0.00	4
110	0	0		0
111	0	4	0.00	4
112	0	5	0.00	5
113	0	3	0.00	3
114	0	6	0.00	6
115	0	0		0
116	0	4	0.00	4
117	0	2	0.00	2
118	0	3	0.00	3
119	0	1	0.00	1
120	0	8	0.00	8
121	0	3	0.00	3
122	0	2	0.00	2
123	0	2	0.00	2
124	0	2	0.00	2
125	0	1	0.00	1
126	0	2	0.00	2
127	0	5	0.00	5
128	0	3	0.00	3
129	0	3	0.00	3
130	0	1	0.00	1
131	0	0		0
132	0	3	0.00	3
133	0	2	0.00	2
134	0	0		0
135	0	2	0.00	2
136	0	2	0.00	2
137	0	0		0
138	0	0		0
139	0	3	0.00	3
140	0	2	0.00	2
141	0	2	0.00	2
142	0	0		0
143	0	0		0
144	0	0		0
145	0	0		0
146	0	0		0
147	0	2	0.00	2
148	0	1	0.00	1
149	0	2	0.00	2

CHH context (R1)
================
position	count methylated	count unmethylated	% methylation	coverage
1	3	31	8.82	34
2	0	29	0.00	29
3	0	19	0.00	19
4	1	350	0.28	351
5	1	422	0.24	423
6	2	395	0.50	397
7	0	387	0.00	387
8	0	358	0.00	358
9	1	312	0.32	313
10	2	334	0.60	336
11	0	329	0.00	329
12	0	326	0.00	326
13	1	377	0.26	378
14	1	371	0.27	372
15	2	400	0.50	402
16	1	332	0.30	333
17	0	295	0.00	295
18	2	302	0.66	304
19	1	325	0.31	326
20	0	374	0.00	374
21	0	366	0.00	366
22	2	362	0.55	364
23	0	345	0.00	345
24	1	332	0.30	333
25	3	402	0.74	405
26	4	381	1.04	385
27	0	400	0.00	400
28	1	396	0.25	397
29	2	341	0.58	343
30	1	357	0.28	358
31	1	326	0.31	327
32	2	357	0.56	359
33	2	307	0.65	309
34	0	297	0.00	297
35	2	293	0.68	295
36	2	360	0.55	362
37	1	364	0.27	365
38	0	357	0.00	357
39	0	345	0.00	345
40	0	324	0.00	324
41	2	329	0.60	331
42	3	352	0.85	355
43	1	337	0.30	338
44	0	382	0.00	382
45	2	298	0.67	300
46	1	314	0.32	315
47	3	286	1.04	289
48	0	332	0.00	332
49	1	364	0.27	365
50	0	404	0.00	404
51	0	406	0.00	406
52	1	358	0.28	359
53	0	331	0.00	331
54	0	306	0.00	306
55	0	329	0.00	329
56	0	304	0.00	304
57	1	271	0.37	272
58	1	272	0.37	273
59	0	307	0.00	307
60	2	316	0.63	318
61	1	323	0.31	324
62	1	331	0.30	332
63	0	293	0.00	293
64	1	348	0.29	349
65	0	338	0.00	338
66	1	302	0.33	303
67	0	327	0.00	327
68	5	297	1.66	302
69	1	313	0.32	314
70	1	244	0.41	245
71	1	323	0.31	324
72	2	303	0.66	305
73	0	302	0.00	302
74	2	283	0.70	285
75	2	297	0.67	299
76	1	311	0.32	312
77	3	285	1.04	288
78	1	254	0.39	255
79	0	279	0.00	279
80	1	285	0.35	286
81	0	211	0.00	211
82	1	266	0.37	267
83	1	237	0.42	238
84	2	224	0.88	226
85	2	274	0.72	276
86	1	240	0.41	241
87	1	207	0.48	208
88	0	222	0.00	222
89	0	192	0.00	192
90	1	188	0.53	189
91	0	195	0.00	195
92	2	216	0.92	218
93	1	209	0.48	210
94	0	170	0.00	170
95	0	207	0.00	207
96	0	161	0.00	161
97	0	144	0.00	144
98	0	163	0.00	163
99	2	76	2.56	78
100	0	11	0.00	11
101	0	7	0.00	7
102	0	6	0.00	6
103	0	5	0.00	5
104	0	10	0.00	10
105	0	11	0.00	11
106	0	10	0.00	10
107	0	9	0.00	9
108	0	4	0.00	4
109	0	3	0.00	3
110	0	7	0.00	7
111	0	6	0.00	6
112	0	5	0.00	5
113	0	6	0.00	6
114	0	5	0.00	5
115	0	3	0.00	3
116	0	2	0.00	2
117	0	6	0.00	6
118	0	2	0.00	2
119	0	7	0.00	7
120	1	5	16.67	6
121	0	3	0.00	3
122	0	2	0.00	2
123	0	4	0.00	4
124	0	0		0
125	0	2	0.00	2
126	0	3	0.00	3
127	0	1	0.00	1
128	0	2	0.00	2
129	0	3	0.00	3
130	0	1	0.00	1
131	0	5	0.00	5
132	0	7	0.00	7
133	0	2	0.00	2
134	0	2	0.00	2
135	0	7	0.00	7
136	0	0		0
137	0	2	0.00	2
138	0	2	0.00	2
139	0	0		0
140	0	0		0
141	0	0		0
142	0	0		0
143	0	0		0
144	0	0		0
145	0	1	0.00	1
146	0	2	0.00	2
147	0	3	0.00	3
148	0	0		0
149	0	1	0.00	1

CpG context (R2)
================
position	count methylated	count unmethylated	% methylation	coverage
1	0	24	0.00	24
2	0	17	0.00	17
3	3	70	4.11	73
4	5	86	5.49	91
5	6	92	6.12	98
6	4	96	4.00	100
7	8	127	5.93	135
8	4	67	5.63	71
9	8	68	10.53	76
10	6	86	6.52	92
11	3	63	4.55	66
12	3	56	5.08	59
13	1	72	1.37	73
14	3	42	6.67	45
15	2	51	3.77	53
16	0	53	0.00	53
17	0	42	0.00	42
18	3	44	6.38	47
19	5	34	12.82	39
20	2	48	4.00	50
21	4	37	9.76	41
22	1	53	1.85	54
23	1	36	2.70	37
24	0	58	0.00	58
25	1	23	4.17	24
26	0	38	0.00	38
27	1	30	3.23	31
28	2	19	9.52	21
29	2	40	4.76	42
30	2	20	9.09	22
31	2	32	5.88	34
32	1	32	3.03	33
33	2	20	9.09	22
34	2	26	7.14	28
35	0	13	0.00	13
36	2	15	11.76	17
37	0	26	0.00	26
38	0	21	0.00	21
39	0	10	0.00	10
40	0	7	0.00	7
41	0	11	0.00	11
42	1	17	5.56	18
43	1	12	7.69	13
44	0	19	0.00	19
45	0	4	0.00	4
46	1	12	7.69	13
47	0	6	0.00	6
48	0	10	0.00	10
49	1	5	16.67	6
50	1	5	16.67	6
51	0	4	0.00	4
52	2	4	33.33	6
53	0	3	0.00	3
54	1	2	33.33	3
55	0	1	0.00	1
56	1	7	12.50	8
57	0	2	0.00	2
58	0	4	0.00	4
59	0	1	0.00	1
60	0	1	0.00	1
61	0	1	0.00	1
62	0	0		0
63	0	0		0
64	0	3	0.00	3
65	0	1	0.00	1
66	0	1	0.00	1
67	0	1	0.00	1
68	0	2	0.00	2
69	0	2	0.00	2
70	0	2	0.00	2
71	0	0		0
72	0	1	0.00	1
73	0	0		0
74	0	0		0
75	0	1	0.00	1
76	0	0		0
77	0	1	0.00	1
78	0	0		0
79	0	0		0
80	0	1	0.00	1
81	0	1	0.00	1
82	0	0		0
83	0	1	0.00	1
84	0	0		0
85	0	2	0.00	2
86	0	0		0
87	0	1	0.00	1
88	0	1	0.00	1
89	0	1	0.00	1
90	0	0		0
91	0	0		0
92	0	2	0.00	2
93	0	0		0
94	0	2	0.00	2
95	0	0		0
96	0	1	0.00	1
97	0	1	0.00	1

CHG context (R2)
================
position	count methylated	count unmethylated	% methylation	coverage
1	16	2146	0.74	2162
2	0	26	0.00	26
3	0	4	0.00	4
4	0	46	0.00	46
5	0	54	0.00	54
6	0	65	0.00	65
7	0	76	0.00	76
8	0	83	0.00	83
9	0	72	0.00	72
10	0	59	0.00	59
11	0	86	0.00	86
12	0	38	0.00	38
13	0	40	0.00	40
14	0	53	0.00	53
15	0	45	0.00	45
16	0	36	0.00	36
17	0	59	0.00	59
18	0	55	0.00	55
19	0	39	0.00	39
20	0	59	0.00	59
21	0	38	0.00	38
22	0	50	0.00	50
23	0	22	0.00	22
24	0	18	0.00	18
25	0	39	0.00	39
26	0	14	0.00	14
27	0	26	0.00	26
28	0	18	0.00	18
29	0	25	0.00	25
30	0	25	0.00	25
31	0	19	0.00	19
32	0	13	0.00	13
33	1	19	5.00	20
34	0	26	0.00	26
35	0	26	0.00	26
36	0	15	0.00	15
37	0	14	0.00	14
38	0	15	0.00	15
39	0	12	0.00	12
40	0	22	0.00	22
41	0	20	0.00	20
42	0	1	0.00	1
43	0	3	0.00	3
44	0	3	0.00	3
45	0	11	0.00	11
46	0	4	0.00	4
47	0	7	0.00	7
48	0	7	0.00	7
49	0	10	0.00	10
50	0	11	0.00	11
51	0	3	0.00	3
52	0	6	0.00	6
53	0	4	0.00	4
54	0	4	0.00	4
55	0	5	0.00	5
56	0	2	0.00	2
57	0	2	0.00	2
58	0	3	0.00	3
59	0	1	0.00	1
60	0	3	0.00	3
61	0	0		0
62	0	3	0.00	3
63	0	3	0.00	3
64	0	0		0
65	0	2	0.00	2
66	0	0		0
67	0	3	0.00	3
68	0	0		0
69	0	0		0
70	0	1	0.00	1
71	0	2	0.00	2
72	0	1	0.00	1
73	0	1	0.00	1
74	0	0		0
75	0	1	0.00	1
76	0	0		0
77	0	0		0
78	0	4	0.00	4
79	0	1	0.00	1
80	0	0		0
81	0	0		0
82	0	1	0.00	1
83	0	0		0
84	0	0		0
85	0	0		0
86	0	0		0
87	0	1	0.00	1
88	0	1	0.00	1
89	0	1	0.00	1
90	0	0		0
91	0	0		0
92	0	0		0
93	0	0		0
94	0	0		0
95	0	0		0
96	0	0		0
97	0	0		0

CHH context (R2)
================
position	count methylated	count unmethylated	% methylation	coverage
1	0	10	0.00	10
2	4	1037	0.38	1041
3	2	246	0.81	248
4	0	167	0.00	167
5	0	112	0.00	112
6	0	91	0.00	91
7	0	113	0.00	113
8	0	134	0.00	134
9	0	114	0.00	114
10	1	116	0.85	117
11	0	86	0.00	86
12	2	101	1.94	103
13	0	74	0.00	74
14	1	89	1.11	90
15	0	70	0.00	70
16	0	60	0.00	60
17	0	57	0.00	57
18	1	78	1.27	79
19	3	77	3.75	80
20	1	61	1.61	62
21	0	52	0.00	52
22	0	47	0.00	47
23	0	55	0.00	55
24	1	48	2.04	49
25	0	35	0.00	35
26	0	36	0.00	36
27	0	29	0.00	29
28	0	21	0.00	21
29	0	42	0.00	42
30	0	36	0.00	36
31	0	26	0.00	26
32	0	26	0.00	26
33	0	8	0.00	8
34	0	13	0.00	13
35	1	20	4.76	21
36	0	18	0.00	18
37	0	12	0.00	12
38	0	15	0.00	15
39	0	8	0.00	8
40	0	18	0.00	18
41	0	17	0.00	17
42	0	15	0.00	15
43	0	10	0.00	10
44	0	19	0.00	19
45	0	11	0.00	11
46	0	17	0.00	17
47	0	14	0.00	14
48	0	6	0.00	6
49	0	8	0.00	8
50	0	8	0.00	8
51	0	16	0.00	16
52	0	9	0.00	9
53	0	4	0.00	4
54	0	8	0.00	8
55	0	4	0.00	4
56	0	10	0.00	10
57	0	4	0.00	4
58	0	6	0.00	6
59	0	2	0.00	2
60	0	2	0.00	2
61	0	4	0.00	4
62	0	0		0
63	0	1	0.00	1
64	0	1	0.00	1
65	0	0		0
66	0	0		0
67	0	0		0
68	0	3	0.00	3
69	0	0		0
70	0	0		0
71	0	0		0
72	0	2	0.00	2
73	0	1	0.00	1
74	0	1	0.00	1
75	0	3	0.00	3
76	0	0		0
77	0	0		0
78	0	0		0
79	0	3	0.00	3
80	0	1	0.00	1
81	0	0		0
82	0	0		0
83	0	0		0
84	0	0		0
85	0	0		0
86	0	0		0
87	0	0		0
88	0	0		0
89	0	0		0
90	0	1	0.00	1
91	0	0		0
92	0	0		0
93	0	0		0
94	0	0		0
95	0	0		0
96	0	0		0
97	0	0		0

