CpG context (R1)
================
position	count methylated	count unmethylated	% methylation	coverage
1	179	2175	7.60	2354
2	1	17	5.56	18
3	0	19	0.00	19
4	7	187	3.61	194
5	11	207	5.05	218
6	9	275	3.17	284
7	10	209	4.57	219
8	18	311	5.47	329
9	13	261	4.74	274
10	11	218	4.80	229
11	10	230	4.17	240
12	13	283	4.39	296
13	23	249	8.46	272
14	12	257	4.46	269
15	9	229	3.78	238
16	11	288	3.68	299
17	4	249	1.58	253
18	5	254	1.93	259
19	18	317	5.37	335
20	12	233	4.90	245
21	18	209	7.93	227
22	18	256	6.57	274
23	5	271	1.81	276
24	21	236	8.17	257
25	11	282	3.75	293
26	13	293	4.25	306
27	13	247	5.00	260
28	17	270	5.92	287
29	4	270	1.46	274
30	12	252	4.55	264
31	23	275	7.72	298
32	8	287	2.71	295
33	9	231	3.75	240
34	10	295	3.28	305
35	11	251	4.20	262
36	11	255	4.14	266
37	18	266	6.34	284
38	17	255	6.25	272
39	18	222	7.50	240
40	11	292	3.63	303
41	15	225	6.25	240
42	14	303	4.42	317
43	10	270	3.57	280
44	14	239	5.53	253
45	18	259	6.50	277
46	14	236	5.60	250
47	21	263	7.39	284
48	9	249	3.49	258
49	17	233	6.80	250
50	15	245	5.77	260
51	8	218	3.54	226
52	11	214	4.89	225
53	12	232	4.92	244
54	6	212	2.75	218
55	14	267	4.98	281
56	13	232	5.31	245
57	11	211	4.95	222
58	9	238	3.64	247
59	16	281	5.39	297
60	11	234	4.49	245
61	13	264	4.69	277
62	18	219	7.59	237
63	8	228	3.39	236
64	18	213	7.79	231
65	18	246	6.82	264
66	18	220	7.56	238
67	11	214	4.89	225
68	11	227	4.62	238
69	9	184	4.66	193
70	6	208	2.80	214
71	20	243	7.60	263
72	9	230	3.77	239
73	8	224	3.45	232
74	9	173	4.95	182
75	9	190	4.52	199
76	9	188	4.57	197
77	6	216	2.70	222
78	9	195	4.41	204
79	6	231	2.53	237
80	7	171	3.93	178
81	6	162	3.57	168
82	10	217	4.41	227
83	9	132	6.38	141
84	12	170	6.59	182
85	7	194	3.48	201
86	12	172	6.52	184
87	8	174	4.40	182
88	5	129	3.73	134
89	14	156	8.24	170
90	7	109	6.03	116
91	8	150	5.06	158
92	8	153	4.97	161
93	7	129	5.15	136
94	3	125	2.34	128
95	6	105	5.41	111
96	8	90	8.16	98
97	5	152	3.18	157
98	11	106	9.40	117
99	2	67	2.90	69
100	0	7	0.00	7
101	0	2	0.00	2
102	0	9	0.00	9
103	0	6	0.00	6
104	0	6	0.00	6
105	1	3	25.00	4
106	0	3	0.00	3
107	0	7	0.00	7
108	1	7	12.50	8
109	1	5	16.67	6
110	0	2	0.00	2
111	1	0	100.00	1
112	0	6	0.00	6
113	1	7	12.50	8
114	0	4	0.00	4
115	1	4	20.00	5
116	0	2	0.00	2
117	0	2	0.00	2
118	0	4	0.00	4
119	0	4	0.00	4
120	1	4	20.00	5
121	0	6	0.00	6
122	0	3	0.00	3
123	2	3	40.00	5
124	0	3	0.00	3
125	0	2	0.00	2
126	0	2	0.00	2
127	1	5	16.67	6
128	1	3	25.00	4
129	0	3	0.00	3
130	0	4	0.00	4
131	0	1	0.00	1
132	0	5	0.00	5
133	0	0		0
134	0	1	0.00	1
135	0	1	0.00	1
136	0	0		0
137	0	5	0.00	5
138	0	1	0.00	1
139	0	4	0.00	4
140	0	1	0.00	1
141	0	1	0.00	1
142	0	0		0
143	0	1	0.00	1
144	0	1	0.00	1
145	0	2	0.00	2
146	0	0		0
147	0	0		0
148	0	1	0.00	1
149	0	0		0

CHG context (R1)
================
position	count methylated	count unmethylated	% methylation	coverage
1	1	14	6.67	15
2	0	26	0.00	26
3	0	13	0.00	13
4	0	140	0.00	140
5	2	211	0.94	213
6	1	224	0.44	225
7	2	251	0.79	253
8	0	240	0.00	240
9	0	208	0.00	208
10	1	216	0.46	217
11	3	242	1.22	245
12	1	201	0.50	202
13	0	193	0.00	193
14	0	187	0.00	187
15	0	219	0.00	219
16	2	212	0.93	214
17	0	233	0.00	233
18	0	259	0.00	259
19	2	176	1.12	178
20	0	174	0.00	174
21	0	235	0.00	235
22	0	224	0.00	224
23	1	200	0.50	201
24	1	200	0.50	201
25	0	236	0.00	236
26	1	210	0.47	211
27	1	223	0.45	224
28	0	249	0.00	249
29	0	180	0.00	180
30	1	190	0.52	191
31	1	244	0.41	245
32	3	216	1.37	219
33	0	267	0.00	267
34	1	212	0.47	213
35	2	218	0.91	220
36	0	211	0.00	211
37	0	200	0.00	200
38	0	203	0.00	203
39	0	194	0.00	194
40	0	211	0.00	211
41	2	251	0.79	253
42	2	213	0.93	215
43	0	182	0.00	182
44	0	239	0.00	239
45	1	195	0.51	196
46	0	202	0.00	202
47	1	171	0.58	172
48	0	216	0.00	216
49	0	219	0.00	219
50	0	227	0.00	227
51	0	238	0.00	238
52	2	215	0.92	217
53	2	205	0.97	207
54	2	193	1.03	195
55	2	181	1.09	183
56	1	223	0.45	224
57	2	238	0.83	240
58	2	204	0.97	206
59	0	167	0.00	167
60	0	147	0.00	147
61	1	198	0.50	199
62	2	153	1.29	155
63	0	185	0.00	185
64	3	202	1.46	205
65	0	215	0.00	215
66	0	188	0.00	188
67	0	194	0.00	194
68	0	196	0.00	196
69	0	180	0.00	180
70	1	200	0.50	201
71	2	142	1.39	144
72	0	153	0.00	153
73	1	170	0.58	171
74	1	163	0.61	164
75	3	149	1.97	152
76	1	191	0.52	192
77	0	183	0.00	183
78	0	151	0.00	151
79	0	162	0.00	162
80	0	151	0.00	151
81	0	181	0.00	181
82	0	141	0.00	141
83	0	128	0.00	128
84	2	127	1.55	129
85	1	128	0.78	129
86	0	166	0.00	166
87	2	130	1.52	132
88	3	138	2.13	141
89	0	117	0.00	117
90	1	131	0.76	132
91	0	152	0.00	152
92	1	94	1.05	95
93	0	76	0.00	76
94	0	113	0.00	113
95	0	91	0.00	91
96	0	141	0.00	141
97	0	113	0.00	113
98	0	87	0.00	87
99	0	46	0.00	46
100	0	5	0.00	5
101	0	9	0.00	9
102	0	8	0.00	8
103	0	8	0.00	8
104	0	4	0.00	4
105	0	6	0.00	6
106	0	8	0.00	8
107	0	2	0.00	2
108	0	6	0.00	6
109	0	5	0.00	5
110	0	8	0.00	8
111	0	6	0.00	6
112	0	4	0.00	4
113	0	2	0.00	2
114	0	1	0.00	1
115	0	2	0.00	2
116	0	2	0.00	2
117	0	1	0.00	1
118	0	3	0.00	3
119	0	4	0.00	4
120	0	1	0.00	1
121	0	2	0.00	2
122	0	2	0.00	2
123	0	3	0.00	3
124	0	1	0.00	1
125	0	0		0
126	0	5	0.00	5
127	0	4	0.00	4
128	0	0		0
129	0	1	0.00	1
130	0	3	0.00	3
131	0	0		0
132	0	0		0
133	0	4	0.00	4
134	0	2	0.00	2
135	0	1	0.00	1
136	0	3	0.00	3
137	0	0		0
138	0	0		0
139	0	1	0.00	1
140	0	0		0
141	0	3	0.00	3
142	0	0		0
143	0	0		0
144	0	0		0
145	0	0		0
146	0	1	0.00	1
147	0	2	0.00	2
148	0	0		0
149	0	2	0.00	2

CHH context (R1)
================
position	count methylated	count unmethylated	% methylation	coverage
1	2	51	3.77	53
2	0	36	0.00	36
3	0	24	0.00	24
4	1	308	0.32	309
5	2	374	0.53	376
6	1	401	0.25	402
7	4	374	1.06	378
8	0	337	0.00	337
9	2	308	0.65	310
10	1	332	0.30	333
11	3	323	0.92	326
12	2	308	0.65	310
13	3	376	0.79	379
14	1	405	0.25	406
15	2	382	0.52	384
16	2	378	0.53	380
17	0	334	0.00	334
18	0	290	0.00	290
19	2	347	0.57	349
20	1	340	0.29	341
21	1	315	0.32	316
22	3	315	0.94	318
23	2	320	0.62	322
24	1	353	0.28	354
25	2	428	0.47	430
26	0	340	0.00	340
27	0	378	0.00	378
28	2	368	0.54	370
29	2	332	0.60	334
30	1	367	0.27	368
31	1	340	0.29	341
32	1	386	0.26	387
33	2	285	0.70	287
34	1	304	0.33	305
35	1	303	0.33	304
36	0	349	0.00	349
37	2	335	0.59	337
38	2	336	0.59	338
39	1	349	0.29	350
40	2	336	0.59	338
41	2	325	0.61	327
42	1	341	0.29	342
43	3	344	0.86	347
44	0	362	0.00	362
45	2	306	0.65	308
46	2	349	0.57	351
47	0	321	0.00	321
48	2	325	0.61	327
49	0	385	0.00	385
50	0	377	0.00	377
51	1	400	0.25	401
52	0	353	0.00	353
53	1	353	0.28	354
54	1	306	0.33	307
55	0	337	0.00	337
56	2	304	0.65	306
57	0	290	0.00	290
58	0	279	0.00	279
59	4	321	1.23	325
60	5	333	1.48	338
61	2	311	0.64	313
62	0	334	0.00	334
63	0	291	0.00	291
64	4	334	1.18	338
65	0	321	0.00	321
66	0	321	0.00	321
67	1	322	0.31	323
68	0	326	0.00	326
69	2	312	0.64	314
70	3	289	1.03	292
71	1	296	0.34	297
72	1	278	0.36	279
73	1	322	0.31	323
74	0	262	0.00	262
75	0	310	0.00	310
76	2	296	0.67	298
77	1	274	0.36	275
78	1	303	0.33	304
79	0	290	0.00	290
80	0	320	0.00	320
81	0	226	0.00	226
82	0	281	0.00	281
83	1	255	0.39	256
84	0	274	0.00	274
85	1	272	0.37	273
86	1	280	0.36	281
87	0	207	0.00	207
88	0	269	0.00	269
89	1	228	0.44	229
90	1	200	0.50	201
91	0	174	0.00	174
92	0	197	0.00	197
93	1	190	0.52	191
94	1	196	0.51	197
95	0	214	0.00	214
96	0	136	0.00	136
97	0	171	0.00	171
98	1	160	0.62	161
99	0	60	0.00	60
100	0	13	0.00	13
101	0	9	0.00	9
102	0	13	0.00	13
103	0	8	0.00	8
104	0	8	0.00	8
105	0	6	0.00	6
106	0	4	0.00	4
107	0	5	0.00	5
108	0	4	0.00	4
109	0	6	0.00	6
110	0	11	0.00	11
111	0	6	0.00	6
112	0	7	0.00	7
113	0	4	0.00	4
114	0	6	0.00	6
115	0	8	0.00	8
116	0	3	0.00	3
117	0	4	0.00	4
118	0	3	0.00	3
119	0	1	0.00	1
120	0	1	0.00	1
121	0	3	0.00	3
122	0	3	0.00	3
123	0	3	0.00	3
124	0	4	0.00	4
125	0	2	0.00	2
126	0	2	0.00	2
127	0	0		0
128	0	1	0.00	1
129	0	2	0.00	2
130	0	1	0.00	1
131	0	3	0.00	3
132	0	4	0.00	4
133	0	2	0.00	2
134	0	3	0.00	3
135	0	3	0.00	3
136	0	0		0
137	0	0		0
138	0	0		0
139	0	1	0.00	1
140	0	0		0
141	0	0		0
142	0	1	0.00	1
143	0	0		0
144	0	0		0
145	0	1	0.00	1
146	0	0		0
147	0	0		0
148	0	1	0.00	1
149	0	0		0

CpG context (R2)
================
position	count methylated	count unmethylated	% methylation	coverage
1	0	16	0.00	16
2	0	19	0.00	19
3	5	69	6.76	74
4	8	76	9.52	84
5	4	111	3.48	115
6	7	92	7.07	99
7	7	105	6.25	112
8	8	77	9.41	85
9	4	85	4.49	89
10	9	96	8.57	105
11	2	69	2.82	71
12	2	79	2.47	81
13	7	76	8.43	83
14	2	46	4.17	48
15	1	55	1.79	56
16	1	55	1.79	56
17	0	35	0.00	35
18	2	58	3.33	60
19	3	37	7.50	40
20	2	40	4.76	42
21	2	34	5.56	36
22	2	37	5.13	39
23	2	42	4.55	44
24	4	59	6.35	63
25	1	27	3.57	28
26	0	35	0.00	35
27	0	30	0.00	30
28	2	24	7.69	26
29	1	42	2.33	43
30	0	29	0.00	29
31	3	26	10.34	29
32	2	20	9.09	22
33	1	10	9.09	11
34	0	17	0.00	17
35	1	17	5.56	18
36	0	17	0.00	17
37	0	20	0.00	20
38	2	23	8.00	25
39	0	8	0.00	8
40	0	8	0.00	8
41	0	4	0.00	4
42	2	12	14.29	14
43	0	11	0.00	11
44	2	17	10.53	19
45	0	0		0
46	1	11	8.33	12
47	0	4	0.00	4
48	0	6	0.00	6
49	0	5	0.00	5
50	0	7	0.00	7
51	0	3	0.00	3
52	2	8	20.00	10
53	0	2	0.00	2
54	0	6	0.00	6
55	0	6	0.00	6
56	1	2	33.33	3
57	0	4	0.00	4
58	1	7	12.50	8
59	0	3	0.00	3
60	0	2	0.00	2
61	0	4	0.00	4
62	0	1	0.00	1
63	0	2	0.00	2
64	0	4	0.00	4
65	0	2	0.00	2
66	0	1	0.00	1
67	0	1	0.00	1
68	0	1	0.00	1
69	0	0		0
70	0	1	0.00	1
71	0	3	0.00	3
72	0	0		0
73	0	0		0
74	0	1	0.00	1
75	0	0		0
76	0	2	0.00	2
77	0	0		0
78	0	0		0
79	0	0		0
80	0	0		0
81	0	3	0.00	3
82	0	0		0
83	0	0		0
84	0	0		0
85	0	2	0.00	2
86	0	0		0
87	0	0		0
88	0	0		0
89	0	1	0.00	1
90	0	0		0
91	0	0		0
92	0	1	0.00	1
93	0	0		0
94	0	2	0.00	2
95	0	1	0.00	1
96	0	0		0
97	0	2	0.00	2

CHG context (R2)
================
position	count methylated	count unmethylated	% methylation	coverage
1	12	2120	0.56	2132
2	0	18	0.00	18
3	0	4	0.00	4
4	0	32	0.00	32
5	0	62	0.00	62
6	0	76	0.00	76
7	0	69	0.00	69
8	1	90	1.10	91
9	0	83	0.00	83
10	2	57	3.39	59
11	2	78	2.50	80
12	0	42	0.00	42
13	0	40	0.00	40
14	1	40	2.44	41
15	0	49	0.00	49
16	0	67	0.00	67
17	1	53	1.85	54
18	0	49	0.00	49
19	0	55	0.00	55
20	0	55	0.00	55
21	0	33	0.00	33
22	1	53	1.85	54
23	0	27	0.00	27
24	0	21	0.00	21
25	0	51	0.00	51
26	0	17	0.00	17
27	2	14	12.50	16
28	0	23	0.00	23
29	0	25	0.00	25
30	0	33	0.00	33
31	0	32	0.00	32
32	0	19	0.00	19
33	0	22	0.00	22
34	0	21	0.00	21
35	0	22	0.00	22
36	0	19	0.00	19
37	0	11	0.00	11
38	0	6	0.00	6
39	0	22	0.00	22
40	0	15	0.00	15
41	1	14	6.67	15
42	0	9	0.00	9
43	0	9	0.00	9
44	0	5	0.00	5
45	0	8	0.00	8
46	0	3	0.00	3
47	0	7	0.00	7
48	1	2	33.33	3
49	0	7	0.00	7
50	0	13	0.00	13
51	0	3	0.00	3
52	0	10	0.00	10
53	0	4	0.00	4
54	0	1	0.00	1
55	0	5	0.00	5
56	1	3	25.00	4
57	0	0		0
58	0	4	0.00	4
59	0	1	0.00	1
60	0	6	0.00	6
61	0	2	0.00	2
62	0	2	0.00	2
63	0	2	0.00	2
64	0	1	0.00	1
65	0	1	0.00	1
66	0	2	0.00	2
67	0	1	0.00	1
68	0	0		0
69	0	2	0.00	2
70	0	0		0
71	0	1	0.00	1
72	0	2	0.00	2
73	0	0		0
74	0	3	0.00	3
75	0	2	0.00	2
76	0	0		0
77	0	1	0.00	1
78	0	3	0.00	3
79	0	1	0.00	1
80	0	0		0
81	0	0		0
82	0	1	0.00	1
83	0	0		0
84	0	0		0
85	0	1	0.00	1
86	0	0		0
87	0	2	0.00	2
88	0	1	0.00	1
89	0	0		0
90	0	0		0
91	0	0		0
92	0	1	0.00	1
93	0	0		0
94	0	0		0
95	0	0		0
96	0	0		0
97	0	1	0.00	1

CHH context (R2)
================
position	count methylated	count unmethylated	% methylation	coverage
1	0	10	0.00	10
2	2	976	0.20	978
3	0	281	0.00	281
4	0	202	0.00	202
5	2	140	1.41	142
6	0	98	0.00	98
7	0	100	0.00	100
8	0	130	0.00	130
9	1	116	0.85	117
10	0	133	0.00	133
11	1	77	1.28	78
12	0	92	0.00	92
13	1	71	1.39	72
14	0	91	0.00	91
15	0	75	0.00	75
16	0	73	0.00	73
17	0	69	0.00	69
18	0	73	0.00	73
19	0	69	0.00	69
20	0	69	0.00	69
21	0	53	0.00	53
22	0	46	0.00	46
23	1	51	1.92	52
24	0	48	0.00	48
25	0	47	0.00	47
26	0	43	0.00	43
27	0	33	0.00	33
28	0	22	0.00	22
29	0	36	0.00	36
30	0	29	0.00	29
31	0	29	0.00	29
32	0	40	0.00	40
33	2	24	7.69	26
34	0	21	0.00	21
35	0	29	0.00	29
36	0	23	0.00	23
37	0	23	0.00	23
38	0	28	0.00	28
39	0	9	0.00	9
40	0	19	0.00	19
41	0	15	0.00	15
42	0	14	0.00	14
43	0	17	0.00	17
44	0	17	0.00	17
45	0	16	0.00	16
46	0	14	0.00	14
47	0	14	0.00	14
48	0	4	0.00	4
49	0	6	0.00	6
50	0	6	0.00	6
51	0	11	0.00	11
52	0	11	0.00	11
53	0	13	0.00	13
54	1	12	7.69	13
55	0	15	0.00	15
56	0	11	0.00	11
57	0	4	0.00	4
58	1	3	25.00	4
59	0	2	0.00	2
60	0	2	0.00	2
61	0	3	0.00	3
62	0	1	0.00	1
63	0	1	0.00	1
64	0	1	0.00	1
65	0	0		0
66	0	0		0
67	0	0		0
68	0	3	0.00	3
69	0	2	0.00	2
70	0	2	0.00	2
71	0	0		0
72	0	1	0.00	1
73	0	1	0.00	1
74	0	1	0.00	1
75	0	2	0.00	2
76	0	1	0.00	1
77	0	1	0.00	1
78	0	1	0.00	1
79	0	3	0.00	3
80	0	1	0.00	1
81	0	0		0
82	0	1	0.00	1
83	0	1	0.00	1
84	0	1	0.00	1
85	0	0		0
86	0	0		0
87	0	0		0
88	0	0		0
89	0	0		0
90	0	0		0
91	0	0		0
92	0	0		0
93	0	1	0.00	1
94	0	1	0.00	1
95	0	0		0
96	0	0		0
97	0	0		0

