CpG context (R1)
================
position	count methylated	count unmethylated	% methylation	coverage
1	200	2198	8.34	2398
2	0	18	0.00	18
3	1	16	5.88	17
4	15	170	8.11	185
5	16	198	7.48	214
6	3	258	1.15	261
7	8	206	3.74	214
8	19	268	6.62	287
9	10	213	4.48	223
10	11	252	4.18	263
11	12	244	4.69	256
12	13	268	4.63	281
13	11	251	4.20	262
14	14	260	5.11	274
15	8	237	3.27	245
16	16	295	5.14	311
17	9	239	3.63	248
18	12	250	4.58	262
19	13	311	4.01	324
20	9	210	4.11	219
21	11	220	4.76	231
22	11	296	3.58	307
23	15	255	5.56	270
24	12	244	4.69	256
25	17	262	6.09	279
26	13	299	4.17	312
27	10	275	3.51	285
28	14	246	5.38	260
29	10	259	3.72	269
30	10	272	3.55	282
31	16	264	5.71	280
32	6	268	2.19	274
33	11	239	4.40	250
34	16	277	5.46	293
35	11	236	4.45	247
36	11	217	4.82	228
37	10	282	3.42	292
38	13	227	5.42	240
39	11	245	4.30	256
40	10	277	3.48	287
41	15	236	5.98	251
42	11	301	3.53	312
43	13	260	4.76	273
44	11	253	4.17	264
45	11	259	4.07	270
46	12	241	4.74	253
47	7	306	2.24	313
48	8	252	3.08	260
49	14	235	5.62	249
50	12	263	4.36	275
51	7	231	2.94	238
52	11	237	4.44	248
53	12	244	4.69	256
54	9	241	3.60	250
55	17	288	5.57	305
56	12	245	4.67	257
57	14	247	5.36	261
58	5	231	2.12	236
59	13	279	4.45	292
60	10	254	3.79	264
61	10	253	3.80	263
62	20	244	7.58	264
63	14	199	6.57	213
64	16	237	6.32	253
65	9	232	3.73	241
66	11	271	3.90	282
67	9	224	3.86	233
68	7	211	3.21	218
69	11	213	4.91	224
70	15	212	6.61	227
71	10	230	4.17	240
72	14	250	5.30	264
73	11	231	4.55	242
74	10	193	4.93	203
75	8	171	4.47	179
76	18	188	8.74	206
77	9	216	4.00	225
78	6	202	2.88	208
79	15	213	6.58	228
80	8	178	4.30	186
81	6	176	3.30	182
82	9	215	4.02	224
83	9	139	6.08	148
84	6	196	2.97	202
85	10	175	5.41	185
86	12	163	6.86	175
87	1	173	0.57	174
88	1	125	0.79	126
89	9	162	5.26	171
90	7	108	6.09	115
91	6	154	3.75	160
92	1	137	0.72	138
93	10	126	7.35	136
94	2	131	1.50	133
95	5	113	4.24	118
96	1	101	0.98	102
97	3	137	2.14	140
98	2	114	1.72	116
99	3	39	7.14	42
100	2	9	18.18	11
101	3	5	37.50	8
102	0	6	0.00	6
103	0	15	0.00	15
104	0	4	0.00	4
105	0	4	0.00	4
106	1	8	11.11	9
107	2	3	40.00	5
108	1	5	16.67	6
109	0	6	0.00	6
110	0	2	0.00	2
111	0	6	0.00	6
112	1	5	16.67	6
113	0	2	0.00	2
114	0	2	0.00	2
115	0	3	0.00	3
116	0	2	0.00	2
117	1	3	25.00	4
118	0	1	0.00	1
119	0	0		0
120	0	5	0.00	5
121	0	1	0.00	1
122	0	1	0.00	1
123	0	7	0.00	7
124	0	2	0.00	2
125	0	3	0.00	3
126	0	1	0.00	1
127	0	2	0.00	2
128	0	4	0.00	4
129	0	5	0.00	5
130	0	3	0.00	3
131	0	1	0.00	1
132	0	2	0.00	2
133	0	1	0.00	1
134	0	1	0.00	1
135	0	0		0
136	0	0		0
137	0	3	0.00	3
138	0	1	0.00	1
139	0	2	0.00	2
140	0	1	0.00	1
141	0	1	0.00	1
142	0	2	0.00	2
143	0	1	0.00	1
144	0	3	0.00	3
145	0	0		0
146	0	0		0
147	0	1	0.00	1
148	0	0		0
149	0	1	0.00	1

CHG context (R1)
================
position	count methylated	count unmethylated	% methylation	coverage
1	0	11	0.00	11
2	0	19	0.00	19
3	0	6	0.00	6
4	1	139	0.71	140
5	0	189	0.00	189
6	1	242	0.41	243
7	2	242	0.82	244
8	0	200	0.00	200
9	2	255	0.78	257
10	0	203	0.00	203
11	0	225	0.00	225
12	0	177	0.00	177
13	0	213	0.00	213
14	0	201	0.00	201
15	0	259	0.00	259
16	0	205	0.00	205
17	2	233	0.85	235
18	2	264	0.75	266
19	0	226	0.00	226
20	1	191	0.52	192
21	2	210	0.94	212
22	0	227	0.00	227
23	0	206	0.00	206
24	0	178	0.00	178
25	0	239	0.00	239
26	0	220	0.00	220
27	0	235	0.00	235
28	2	234	0.85	236
29	0	198	0.00	198
30	1	199	0.50	200
31	0	234	0.00	234
32	1	173	0.57	174
33	2	247	0.80	249
34	1	208	0.48	209
35	2	247	0.80	249
36	1	247	0.40	248
37	2	195	1.02	197
38	0	185	0.00	185
39	0	247	0.00	247
40	1	201	0.50	202
41	1	258	0.39	259
42	0	212	0.00	212
43	0	194	0.00	194
44	0	254	0.00	254
45	0	216	0.00	216
46	2	226	0.88	228
47	0	190	0.00	190
48	0	203	0.00	203
49	0	227	0.00	227
50	0	202	0.00	202
51	0	205	0.00	205
52	0	220	0.00	220
53	1	237	0.42	238
54	1	197	0.51	198
55	1	160	0.62	161
56	1	205	0.49	206
57	0	204	0.00	204
58	2	214	0.93	216
59	0	192	0.00	192
60	1	165	0.60	166
61	0	191	0.00	191
62	0	160	0.00	160
63	2	181	1.09	183
64	0	192	0.00	192
65	0	220	0.00	220
66	0	191	0.00	191
67	2	174	1.14	176
68	2	183	1.08	185
69	0	199	0.00	199
70	0	187	0.00	187
71	1	197	0.51	198
72	0	155	0.00	155
73	0	163	0.00	163
74	1	154	0.65	155
75	1	180	0.55	181
76	1	185	0.54	186
77	0	167	0.00	167
78	0	156	0.00	156
79	1	141	0.70	142
80	0	153	0.00	153
81	0	168	0.00	168
82	0	119	0.00	119
83	0	151	0.00	151
84	0	124	0.00	124
85	0	137	0.00	137
86	0	154	0.00	154
87	2	114	1.72	116
88	1	149	0.67	150
89	0	105	0.00	105
90	1	104	0.95	105
91	0	159	0.00	159
92	0	87	0.00	87
93	1	88	1.12	89
94	1	109	0.91	110
95	1	88	1.12	89
96	0	118	0.00	118
97	0	106	0.00	106
98	0	89	0.00	89
99	0	40	0.00	40
100	1	11	8.33	12
101	0	8	0.00	8
102	0	4	0.00	4
103	0	8	0.00	8
104	0	5	0.00	5
105	0	6	0.00	6
106	0	6	0.00	6
107	1	1	50.00	2
108	0	5	0.00	5
109	0	5	0.00	5
110	0	2	0.00	2
111	0	4	0.00	4
112	0	5	0.00	5
113	0	2	0.00	2
114	0	3	0.00	3
115	0	4	0.00	4
116	0	3	0.00	3
117	0	2	0.00	2
118	0	6	0.00	6
119	0	3	0.00	3
120	0	2	0.00	2
121	0	0		0
122	0	3	0.00	3
123	0	2	0.00	2
124	0	4	0.00	4
125	0	2	0.00	2
126	0	2	0.00	2
127	0	2	0.00	2
128	0	2	0.00	2
129	0	2	0.00	2
130	0	3	0.00	3
131	0	0		0
132	0	2	0.00	2
133	0	1	0.00	1
134	0	0		0
135	0	0		0
136	0	4	0.00	4
137	0	0		0
138	0	0		0
139	1	1	50.00	2
140	0	0		0
141	0	0		0
142	0	0		0
143	0	0		0
144	0	0		0
145	0	0		0
146	0	0		0
147	0	1	0.00	1
148	0	1	0.00	1
149	1	0	100.00	1

CHH context (R1)
================
position	count methylated	count unmethylated	% methylation	coverage
1	0	28	0.00	28
2	0	26	0.00	26
3	0	13	0.00	13
4	1	349	0.29	350
5	2	422	0.47	424
6	2	433	0.46	435
7	1	382	0.26	383
8	3	343	0.87	346
9	1	317	0.31	318
10	1	335	0.30	336
11	2	339	0.59	341
12	2	379	0.52	381
13	1	395	0.25	396
14	1	394	0.25	395
15	0	356	0.00	356
16	1	363	0.27	364
17	0	328	0.00	328
18	1	317	0.31	318
19	0	301	0.00	301
20	1	364	0.27	365
21	1	358	0.28	359
22	1	341	0.29	342
23	0	358	0.00	358
24	0	387	0.00	387
25	1	380	0.26	381
26	0	365	0.00	365
27	1	371	0.27	372
28	1	334	0.30	335
29	1	319	0.31	320
30	1	373	0.27	374
31	0	374	0.00	374
32	2	402	0.50	404
33	2	334	0.60	336
34	0	336	0.00	336
35	0	315	0.00	315
36	0	387	0.00	387
37	1	362	0.28	363
38	1	346	0.29	347
39	1	346	0.29	347
40	0	345	0.00	345
41	1	332	0.30	333
42	0	361	0.00	361
43	1	315	0.32	316
44	1	327	0.30	328
45	0	311	0.00	311
46	2	311	0.64	313
47	1	311	0.32	312
48	1	361	0.28	362
49	0	385	0.00	385
50	1	380	0.26	381
51	1	402	0.25	403
52	7	382	1.80	389
53	2	338	0.59	340
54	0	308	0.00	308
55	0	308	0.00	308
56	0	310	0.00	310
57	1	300	0.33	301
58	1	292	0.34	293
59	0	345	0.00	345
60	4	314	1.26	318
61	2	313	0.63	315
62	0	351	0.00	351
63	1	310	0.32	311
64	1	343	0.29	344
65	0	284	0.00	284
66	0	262	0.00	262
67	1	338	0.29	339
68	2	366	0.54	368
69	2	319	0.62	321
70	3	282	1.05	285
71	3	274	1.08	277
72	0	286	0.00	286
73	1	294	0.34	295
74	0	264	0.00	264
75	0	297	0.00	297
76	1	270	0.37	271
77	1	235	0.42	236
78	0	277	0.00	277
79	2	262	0.76	264
80	0	283	0.00	283
81	1	226	0.44	227
82	0	265	0.00	265
83	0	222	0.00	222
84	1	239	0.42	240
85	2	236	0.84	238
86	1	256	0.39	257
87	1	204	0.49	205
88	1	228	0.44	229
89	1	205	0.49	206
90	0	171	0.00	171
91	0	175	0.00	175
92	0	203	0.00	203
93	4	171	2.29	175
94	0	153	0.00	153
95	1	189	0.53	190
96	0	142	0.00	142
97	0	152	0.00	152
98	1	158	0.63	159
99	0	62	0.00	62
100	0	11	0.00	11
101	0	10	0.00	10
102	0	5	0.00	5
103	0	7	0.00	7
104	0	9	0.00	9
105	0	6	0.00	6
106	0	7	0.00	7
107	0	4	0.00	4
108	0	4	0.00	4
109	0	6	0.00	6
110	0	7	0.00	7
111	0	2	0.00	2
112	0	4	0.00	4
113	0	4	0.00	4
114	0	7	0.00	7
115	0	6	0.00	6
116	0	5	0.00	5
117	0	5	0.00	5
118	0	8	0.00	8
119	0	7	0.00	7
120	0	5	0.00	5
121	0	6	0.00	6
122	0	4	0.00	4
123	0	3	0.00	3
124	0	1	0.00	1
125	0	3	0.00	3
126	0	5	0.00	5
127	0	2	0.00	2
128	0	2	0.00	2
129	0	2	0.00	2
130	0	2	0.00	2
131	0	4	0.00	4
132	0	2	0.00	2
133	0	1	0.00	1
134	0	4	0.00	4
135	0	4	0.00	4
136	0	1	0.00	1
137	0	1	0.00	1
138	0	0		0
139	0	0		0
140	0	0		0
141	0	1	0.00	1
142	0	0		0
143	0	1	0.00	1
144	0	1	0.00	1
145	0	3	0.00	3
146	0	2	0.00	2
147	0	2	0.00	2
148	1	0	100.00	1
149	0	0		0

CpG context (R2)
================
position	count methylated	count unmethylated	% methylation	coverage
1	1	22	4.35	23
2	0	18	0.00	18
3	4	64	5.88	68
4	3	83	3.49	86
5	2	103	1.90	105
6	3	90	3.23	93
7	6	120	4.76	126
8	2	82	2.38	84
9	3	74	3.90	77
10	5	96	4.95	101
11	5	69	6.76	74
12	5	74	6.33	79
13	3	80	3.61	83
14	1	55	1.79	56
15	0	52	0.00	52
16	1	64	1.54	65
17	1	30	3.23	31
18	2	54	3.57	56
19	3	33	8.33	36
20	1	42	2.33	43
21	2	41	4.65	43
22	0	39	0.00	39
23	6	42	12.50	48
24	4	55	6.78	59
25	0	34	0.00	34
26	4	25	13.79	29
27	2	48	4.00	50
28	2	29	6.45	31
29	2	43	4.44	45
30	2	22	8.33	24
31	3	29	9.38	32
32	1	21	4.55	22
33	2	13	13.33	15
34	3	13	18.75	16
35	0	18	0.00	18
36	1	15	6.25	16
37	1	23	4.17	24
38	1	17	5.56	18
39	1	12	7.69	13
40	0	11	0.00	11
41	1	7	12.50	8
42	0	12	0.00	12
43	1	16	5.88	17
44	0	17	0.00	17
45	0	3	0.00	3
46	5	16	23.81	21
47	0	7	0.00	7
48	1	5	16.67	6
49	0	1	0.00	1
50	1	8	11.11	9
51	0	7	0.00	7
52	2	5	28.57	7
53	0	4	0.00	4
54	2	5	28.57	7
55	0	3	0.00	3
56	0	3	0.00	3
57	1	0	100.00	1
58	0	4	0.00	4
59	0	2	0.00	2
60	2	1	66.67	3
61	0	3	0.00	3
62	0	0		0
63	2	0	100.00	2
64	0	0		0
65	0	2	0.00	2
66	0	0		0
67	0	0		0
68	1	2	33.33	3
69	0	1	0.00	1
70	0	1	0.00	1
71	0	2	0.00	2
72	0	1	0.00	1
73	0	0		0
74	0	0		0
75	0	2	0.00	2
76	0	0		0
77	0	3	0.00	3
78	0	1	0.00	1
79	0	0		0
80	0	0		0
81	0	0		0
82	0	2	0.00	2
83	0	1	0.00	1
84	0	2	0.00	2
85	0	0		0
86	0	0		0
87	0	0		0
88	0	2	0.00	2
89	0	0		0
90	0	1	0.00	1
91	0	1	0.00	1
92	0	1	0.00	1
93	0	0		0
94	0	2	0.00	2
95	0	0		0
96	0	1	0.00	1
97	0	2	0.00	2

CHG context (R2)
================
position	count methylated	count unmethylated	% methylation	coverage
1	15	2131	0.70	2146
2	0	25	0.00	25
3	0	6	0.00	6
4	0	32	0.00	32
5	0	60	0.00	60
6	0	77	0.00	77
7	0	79	0.00	79
8	0	92	0.00	92
9	0	64	0.00	64
10	0	61	0.00	61
11	0	67	0.00	67
12	0	42	0.00	42
13	0	44	0.00	44
14	0	40	0.00	40
15	0	47	0.00	47
16	0	52	0.00	52
17	0	74	0.00	74
18	1	46	2.13	47
19	0	56	0.00	56
20	1	47	2.08	48
21	0	35	0.00	35
22	0	60	0.00	60
23	0	24	0.00	24
24	0	20	0.00	20
25	0	47	0.00	47
26	0	19	0.00	19
27	0	15	0.00	15
28	0	22	0.00	22
29	0	18	0.00	18
30	0	23	0.00	23
31	0	20	0.00	20
32	0	22	0.00	22
33	1	22	4.35	23
34	0	20	0.00	20
35	0	21	0.00	21
36	0	20	0.00	20
37	0	18	0.00	18
38	0	12	0.00	12
39	0	16	0.00	16
40	0	17	0.00	17
41	0	18	0.00	18
42	0	7	0.00	7
43	0	11	0.00	11
44	0	3	0.00	3
45	0	11	0.00	11
46	0	3	0.00	3
47	0	13	0.00	13
48	0	9	0.00	9
49	0	9	0.00	9
50	0	11	0.00	11
51	0	5	0.00	5
52	0	6	0.00	6
53	0	4	0.00	4
54	0	1	0.00	1
55	0	6	0.00	6
56	0	5	0.00	5
57	0	1	0.00	1
58	0	0		0
59	0	0		0
60	0	3	0.00	3
61	0	1	0.00	1
62	0	1	0.00	1
63	0	3	0.00	3
64	0	1	0.00	1
65	0	0		0
66	0	0		0
67	0	1	0.00	1
68	0	2	0.00	2
69	0	0		0
70	0	1	0.00	1
71	0	0		0
72	0	0		0
73	0	1	0.00	1
74	0	0		0
75	0	0		0
76	0	0		0
77	0	1	0.00	1
78	0	2	0.00	2
79	0	1	0.00	1
80	0	1	0.00	1
81	0	0		0
82	0	1	0.00	1
83	0	0		0
84	0	1	0.00	1
85	0	0		0
86	0	1	0.00	1
87	0	0		0
88	0	1	0.00	1
89	0	2	0.00	2
90	0	0		0
91	0	0		0
92	0	0		0
93	0	0		0
94	0	0		0
95	0	2	0.00	2
96	0	0		0
97	0	0		0

CHH context (R2)
================
position	count methylated	count unmethylated	% methylation	coverage
1	0	7	0.00	7
2	4	969	0.41	973
3	1	276	0.36	277
4	0	165	0.00	165
5	0	121	0.00	121
6	0	86	0.00	86
7	0	105	0.00	105
8	0	130	0.00	130
9	0	115	0.00	115
10	0	117	0.00	117
11	0	77	0.00	77
12	0	85	0.00	85
13	0	73	0.00	73
14	0	76	0.00	76
15	0	80	0.00	80
16	0	73	0.00	73
17	0	55	0.00	55
18	1	78	1.27	79
19	0	78	0.00	78
20	0	55	0.00	55
21	0	46	0.00	46
22	0	33	0.00	33
23	0	48	0.00	48
24	0	47	0.00	47
25	0	45	0.00	45
26	0	31	0.00	31
27	1	23	4.17	24
28	0	22	0.00	22
29	0	34	0.00	34
30	0	29	0.00	29
31	0	30	0.00	30
32	0	30	0.00	30
33	0	27	0.00	27
34	0	18	0.00	18
35	0	23	0.00	23
36	0	16	0.00	16
37	0	14	0.00	14
38	0	21	0.00	21
39	1	6	14.29	7
40	0	25	0.00	25
41	0	15	0.00	15
42	0	19	0.00	19
43	0	14	0.00	14
44	0	18	0.00	18
45	0	14	0.00	14
46	0	16	0.00	16
47	0	13	0.00	13
48	0	4	0.00	4
49	0	10	0.00	10
50	0	4	0.00	4
51	0	14	0.00	14
52	0	12	0.00	12
53	0	12	0.00	12
54	0	11	0.00	11
55	0	6	0.00	6
56	0	4	0.00	4
57	0	5	0.00	5
58	0	4	0.00	4
59	0	2	0.00	2
60	0	1	0.00	1
61	0	2	0.00	2
62	0	2	0.00	2
63	0	0		0
64	0	1	0.00	1
65	0	2	0.00	2
66	0	3	0.00	3
67	0	0		0
68	0	2	0.00	2
69	0	2	0.00	2
70	0	1	0.00	1
71	0	1	0.00	1
72	0	2	0.00	2
73	0	0		0
74	0	2	0.00	2
75	0	0		0
76	0	1	0.00	1
77	0	0		0
78	0	0		0
79	0	0		0
80	0	0		0
81	0	0		0
82	0	0		0
83	0	0		0
84	0	0		0
85	0	0		0
86	0	1	0.00	1
87	0	2	0.00	2
88	0	0		0
89	0	1	0.00	1
90	0	1	0.00	1
91	0	1	0.00	1
92	0	0		0
93	0	1	0.00	1
94	0	0		0
95	0	0		0
96	0	1	0.00	1
97	0	0		0

