CpG context (R1)
================
position	count methylated	count unmethylated	% methylation	coverage
1	209	2159	8.83	2368
2	0	19	0.00	19
3	2	18	10.00	20
4	10	174	5.43	184
5	13	207	5.91	220
6	12	279	4.12	291
7	13	219	5.60	232
8	15	281	5.07	296
9	10	235	4.08	245
10	12	261	4.40	273
11	10	228	4.20	238
12	16	257	5.86	273
13	10	280	3.45	290
14	13	241	5.12	254
15	7	223	3.04	230
16	26	289	8.25	315
17	10	221	4.33	231
18	10	264	3.65	274
19	22	291	7.03	313
20	9	202	4.27	211
21	13	221	5.56	234
22	15	262	5.42	277
23	10	276	3.50	286
24	16	273	5.54	289
25	8	314	2.48	322
26	10	278	3.47	288
27	13	250	4.94	263
28	17	270	5.92	287
29	12	251	4.56	263
30	20	273	6.83	293
31	21	271	7.19	292
32	7	280	2.44	287
33	12	218	5.22	230
34	16	237	6.32	253
35	22	271	7.51	293
36	8	225	3.43	233
37	11	236	4.45	247
38	14	223	5.91	237
39	15	231	6.10	246
40	15	280	5.08	295
41	14	261	5.09	275
42	13	289	4.30	302
43	17	227	6.97	244
44	16	232	6.45	248
45	16	258	5.84	274
46	15	243	5.81	258
47	17	260	6.14	277
48	17	242	6.56	259
49	17	236	6.72	253
50	12	245	4.67	257
51	13	214	5.73	227
52	10	229	4.18	239
53	15	242	5.84	257
54	13	226	5.44	239
55	13	289	4.30	302
56	8	202	3.81	210
57	9	223	3.88	232
58	17	232	6.83	249
59	5	253	1.94	258
60	19	247	7.14	266
61	13	239	5.16	252
62	13	224	5.49	237
63	10	200	4.76	210
64	15	256	5.54	271
65	11	249	4.23	260
66	11	232	4.53	243
67	12	224	5.08	236
68	4	188	2.08	192
69	10	201	4.74	211
70	20	205	8.89	225
71	16	253	5.95	269
72	13	233	5.28	246
73	11	214	4.89	225
74	8	186	4.12	194
75	8	172	4.44	180
76	7	205	3.30	212
77	12	214	5.31	226
78	10	195	4.88	205
79	5	201	2.43	206
80	10	164	5.75	174
81	9	153	5.56	162
82	12	178	6.32	190
83	10	129	7.19	139
84	6	164	3.53	170
85	6	185	3.14	191
86	13	165	7.30	178
87	8	170	4.49	178
88	6	127	4.51	133
89	3	139	2.11	142
90	10	140	6.67	150
91	7	153	4.38	160
92	8	127	5.93	135
93	11	135	7.53	146
94	6	133	4.32	139
95	8	114	6.56	122
96	3	113	2.59	116
97	10	135	6.90	145
98	6	100	5.66	106
99	3	44	6.38	47
100	1	7	12.50	8
101	0	7	0.00	7
102	0	0		0
103	1	5	16.67	6
104	0	2	0.00	2
105	1	1	50.00	2
106	0	1	0.00	1
107	0	8	0.00	8
108	0	4	0.00	4
109	1	4	20.00	5
110	0	2	0.00	2
111	0	4	0.00	4
112	1	6	14.29	7
113	0	4	0.00	4
114	0	2	0.00	2
115	0	4	0.00	4
116	0	3	0.00	3
117	0	4	0.00	4
118	1	3	25.00	4
119	0	1	0.00	1
120	0	3	0.00	3
121	1	1	50.00	2
122	0	0		0
123	1	1	50.00	2
124	0	2	0.00	2
125	0	3	0.00	3
126	1	1	50.00	2
127	0	1	0.00	1
128	0	3	0.00	3
129	0	3	0.00	3
130	0	2	0.00	2
131	0	1	0.00	1
132	1	1	50.00	2
133	0	0		0
134	0	1	0.00	1
135	0	0		0
136	0	3	0.00	3
137	0	2	0.00	2
138	0	2	0.00	2
139	0	1	0.00	1
140	0	0		0
141	0	0		0
142	0	1	0.00	1
143	0	1	0.00	1
144	0	3	0.00	3
145	0	1	0.00	1
146	0	0		0
147	0	0		0
148	0	0		0
149	1	1	50.00	2

CHG context (R1)
================
position	count methylated	count unmethylated	% methylation	coverage
1	0	12	0.00	12
2	0	23	0.00	23
3	0	13	0.00	13
4	0	126	0.00	126
5	0	210	0.00	210
6	0	235	0.00	235
7	3	257	1.15	260
8	0	225	0.00	225
9	1	226	0.44	227
10	4	166	2.35	170
11	0	234	0.00	234
12	1	192	0.52	193
13	1	199	0.50	200
14	0	189	0.00	189
15	2	223	0.89	225
16	1	201	0.50	202
17	0	245	0.00	245
18	1	260	0.38	261
19	1	185	0.54	186
20	1	175	0.57	176
21	1	217	0.46	218
22	0	267	0.00	267
23	1	170	0.58	171
24	0	177	0.00	177
25	0	223	0.00	223
26	0	206	0.00	206
27	0	249	0.00	249
28	0	247	0.00	247
29	0	194	0.00	194
30	0	191	0.00	191
31	2	221	0.90	223
32	2	208	0.95	210
33	0	252	0.00	252
34	1	211	0.47	212
35	0	262	0.00	262
36	1	220	0.45	221
37	1	209	0.48	210
38	3	191	1.55	194
39	0	226	0.00	226
40	2	231	0.86	233
41	0	245	0.00	245
42	0	199	0.00	199
43	0	227	0.00	227
44	0	253	0.00	253
45	0	224	0.00	224
46	1	222	0.45	223
47	1	194	0.51	195
48	1	220	0.45	221
49	0	201	0.00	201
50	0	187	0.00	187
51	1	219	0.45	220
52	1	218	0.46	219
53	1	210	0.47	211
54	0	218	0.00	218
55	2	161	1.23	163
56	1	214	0.47	215
57	0	213	0.00	213
58	1	198	0.50	199
59	0	176	0.00	176
60	0	139	0.00	139
61	1	175	0.57	176
62	1	170	0.58	171
63	0	202	0.00	202
64	2	191	1.04	193
65	0	203	0.00	203
66	0	200	0.00	200
67	0	201	0.00	201
68	0	200	0.00	200
69	0	196	0.00	196
70	0	191	0.00	191
71	0	170	0.00	170
72	0	142	0.00	142
73	0	144	0.00	144
74	0	150	0.00	150
75	0	155	0.00	155
76	0	181	0.00	181
77	0	164	0.00	164
78	1	139	0.71	140
79	0	151	0.00	151
80	2	124	1.59	126
81	1	169	0.59	170
82	0	130	0.00	130
83	0	143	0.00	143
84	0	132	0.00	132
85	0	110	0.00	110
86	0	144	0.00	144
87	0	134	0.00	134
88	0	110	0.00	110
89	0	116	0.00	116
90	0	102	0.00	102
91	0	130	0.00	130
92	0	105	0.00	105
93	2	80	2.44	82
94	0	103	0.00	103
95	1	105	0.94	106
96	0	122	0.00	122
97	0	100	0.00	100
98	0	89	0.00	89
99	0	45	0.00	45
100	0	8	0.00	8
101	0	5	0.00	5
102	0	8	0.00	8
103	0	5	0.00	5
104	0	2	0.00	2
105	0	4	0.00	4
106	0	6	0.00	6
107	0	3	0.00	3
108	0	3	0.00	3
109	0	4	0.00	4
110	0	2	0.00	2
111	0	3	0.00	3
112	0	4	0.00	4
113	0	2	0.00	2
114	0	2	0.00	2
115	0	4	0.00	4
116	0	3	0.00	3
117	0	0		0
118	0	5	0.00	5
119	0	2	0.00	2
120	0	5	0.00	5
121	0	4	0.00	4
122	0	1	0.00	1
123	0	1	0.00	1
124	0	2	0.00	2
125	0	3	0.00	3
126	0	1	0.00	1
127	0	0		0
128	0	1	0.00	1
129	0	1	0.00	1
130	0	2	0.00	2
131	0	1	0.00	1
132	0	0		0
133	0	2	0.00	2
134	0	0		0
135	0	1	0.00	1
136	0	3	0.00	3
137	0	0		0
138	0	0		0
139	0	4	0.00	4
140	0	0		0
141	0	1	0.00	1
142	0	1	0.00	1
143	0	1	0.00	1
144	0	0		0
145	0	0		0
146	0	0		0
147	0	1	0.00	1
148	0	5	0.00	5
149	0	0		0

CHH context (R1)
================
position	count methylated	count unmethylated	% methylation	coverage
1	0	30	0.00	30
2	0	28	0.00	28
3	0	22	0.00	22
4	0	350	0.00	350
5	0	410	0.00	410
6	2	407	0.49	409
7	0	393	0.00	393
8	1	353	0.28	354
9	0	326	0.00	326
10	1	360	0.28	361
11	4	296	1.33	300
12	2	338	0.59	340
13	0	387	0.00	387
14	1	382	0.26	383
15	3	378	0.79	381
16	1	365	0.27	366
17	1	311	0.32	312
18	1	280	0.36	281
19	0	329	0.00	329
20	1	338	0.29	339
21	1	373	0.27	374
22	1	326	0.31	327
23	1	353	0.28	354
24	0	338	0.00	338
25	0	376	0.00	376
26	1	366	0.27	367
27	2	399	0.50	401
28	1	374	0.27	375
29	1	339	0.29	340
30	1	364	0.27	365
31	2	352	0.56	354
32	0	340	0.00	340
33	3	337	0.88	340
34	0	331	0.00	331
35	1	322	0.31	323
36	0	369	0.00	369
37	0	347	0.00	347
38	1	366	0.27	367
39	1	337	0.30	338
40	1	304	0.33	305
41	0	316	0.00	316
42	0	312	0.00	312
43	0	322	0.00	322
44	2	376	0.53	378
45	4	290	1.36	294
46	1	334	0.30	335
47	0	308	0.00	308
48	4	299	1.32	303
49	0	335	0.00	335
50	1	382	0.26	383
51	1	398	0.25	399
52	1	346	0.29	347
53	1	319	0.31	320
54	1	289	0.34	290
55	1	343	0.29	344
56	0	310	0.00	310
57	0	297	0.00	297
58	1	293	0.34	294
59	1	320	0.31	321
60	0	328	0.00	328
61	2	333	0.60	335
62	1	362	0.28	363
63	1	326	0.31	327
64	1	366	0.27	367
65	0	314	0.00	314
66	1	265	0.38	266
67	1	325	0.31	326
68	1	335	0.30	336
69	1	308	0.32	309
70	1	265	0.38	266
71	0	308	0.00	308
72	1	267	0.37	268
73	3	294	1.01	297
74	2	289	0.69	291
75	0	328	0.00	328
76	0	298	0.00	298
77	1	265	0.38	266
78	0	267	0.00	267
79	2	253	0.78	255
80	0	275	0.00	275
81	2	243	0.82	245
82	2	277	0.72	279
83	1	250	0.40	251
84	3	227	1.30	230
85	1	256	0.39	257
86	1	281	0.35	282
87	0	194	0.00	194
88	0	267	0.00	267
89	1	218	0.46	219
90	2	176	1.12	178
91	0	191	0.00	191
92	2	185	1.07	187
93	1	161	0.62	162
94	0	167	0.00	167
95	0	187	0.00	187
96	1	146	0.68	147
97	1	132	0.75	133
98	0	150	0.00	150
99	0	74	0.00	74
100	0	8	0.00	8
101	0	7	0.00	7
102	0	7	0.00	7
103	1	7	12.50	8
104	0	7	0.00	7
105	0	9	0.00	9
106	0	8	0.00	8
107	0	8	0.00	8
108	0	5	0.00	5
109	0	7	0.00	7
110	0	11	0.00	11
111	0	5	0.00	5
112	0	5	0.00	5
113	0	6	0.00	6
114	0	3	0.00	3
115	0	6	0.00	6
116	0	2	0.00	2
117	0	5	0.00	5
118	0	5	0.00	5
119	0	3	0.00	3
120	0	4	0.00	4
121	0	2	0.00	2
122	0	1	0.00	1
123	0	2	0.00	2
124	0	2	0.00	2
125	0	3	0.00	3
126	0	4	0.00	4
127	0	3	0.00	3
128	0	3	0.00	3
129	0	4	0.00	4
130	0	5	0.00	5
131	0	4	0.00	4
132	0	3	0.00	3
133	0	1	0.00	1
134	0	3	0.00	3
135	0	3	0.00	3
136	0	1	0.00	1
137	0	0		0
138	0	3	0.00	3
139	0	0		0
140	0	0		0
141	0	0		0
142	0	0		0
143	0	1	0.00	1
144	0	0		0
145	0	0		0
146	0	3	0.00	3
147	0	2	0.00	2
148	0	0		0
149	0	1	0.00	1

CpG context (R2)
================
position	count methylated	count unmethylated	% methylation	coverage
1	0	18	0.00	18
2	0	20	0.00	20
3	4	73	5.19	77
4	6	60	9.09	66
5	5	87	5.43	92
6	2	89	2.20	91
7	8	116	6.45	124
8	2	85	2.30	87
9	3	75	3.85	78
10	6	91	6.19	97
11	2	80	2.44	82
12	2	61	3.17	63
13	5	86	5.49	91
14	3	38	7.32	41
15	3	67	4.29	70
16	0	48	0.00	48
17	3	48	5.88	51
18	1	41	2.38	42
19	2	40	4.76	42
20	1	44	2.22	45
21	0	31	0.00	31
22	3	35	7.89	38
23	3	27	10.00	30
24	1	58	1.69	59
25	1	31	3.12	32
26	3	29	9.38	32
27	2	30	6.25	32
28	1	19	5.00	20
29	4	37	9.76	41
30	0	22	0.00	22
31	2	32	5.88	34
32	1	31	3.12	32
33	1	14	6.67	15
34	2	22	8.33	24
35	0	19	0.00	19
36	1	10	9.09	11
37	1	21	4.55	22
38	1	22	4.35	23
39	1	8	11.11	9
40	0	6	0.00	6
41	1	16	5.88	17
42	1	9	10.00	10
43	1	15	6.25	16
44	0	10	0.00	10
45	1	2	33.33	3
46	3	12	20.00	15
47	0	7	0.00	7
48	1	9	10.00	10
49	0	7	0.00	7
50	1	2	33.33	3
51	0	7	0.00	7
52	1	2	33.33	3
53	0	2	0.00	2
54	1	4	20.00	5
55	3	5	37.50	8
56	0	4	0.00	4
57	0	6	0.00	6
58	2	1	66.67	3
59	0	4	0.00	4
60	0	2	0.00	2
61	0	2	0.00	2
62	0	0		0
63	0	4	0.00	4
64	0	1	0.00	1
65	0	0		0
66	0	2	0.00	2
67	0	5	0.00	5
68	0	0		0
69	1	3	25.00	4
70	0	0		0
71	0	0		0
72	0	4	0.00	4
73	0	2	0.00	2
74	0	1	0.00	1
75	0	0		0
76	0	2	0.00	2
77	0	0		0
78	0	0		0
79	0	0		0
80	0	0		0
81	0	0		0
82	0	0		0
83	0	0		0
84	0	0		0
85	0	0		0
86	0	0		0
87	0	0		0
88	0	0		0
89	0	0		0
90	0	0		0
91	0	0		0
92	0	0		0
93	0	0		0
94	0	1	0.00	1
95	0	0		0
96	0	0		0
97	0	1	0.00	1

CHG context (R2)
================
position	count methylated	count unmethylated	% methylation	coverage
1	12	2117	0.56	2129
2	0	24	0.00	24
3	0	6	0.00	6
4	0	46	0.00	46
5	0	53	0.00	53
6	1	93	1.06	94
7	1	79	1.25	80
8	0	82	0.00	82
9	0	89	0.00	89
10	0	50	0.00	50
11	3	64	4.48	67
12	0	31	0.00	31
13	0	46	0.00	46
14	0	54	0.00	54
15	0	50	0.00	50
16	0	45	0.00	45
17	2	38	5.00	40
18	0	51	0.00	51
19	1	45	2.17	46
20	0	57	0.00	57
21	0	33	0.00	33
22	0	45	0.00	45
23	0	29	0.00	29
24	0	15	0.00	15
25	0	47	0.00	47
26	0	18	0.00	18
27	0	14	0.00	14
28	0	18	0.00	18
29	0	27	0.00	27
30	0	15	0.00	15
31	0	20	0.00	20
32	0	25	0.00	25
33	0	22	0.00	22
34	0	14	0.00	14
35	0	19	0.00	19
36	0	19	0.00	19
37	0	13	0.00	13
38	0	10	0.00	10
39	0	8	0.00	8
40	0	15	0.00	15
41	1	18	5.26	19
42	0	4	0.00	4
43	0	7	0.00	7
44	0	4	0.00	4
45	0	4	0.00	4
46	0	2	0.00	2
47	0	5	0.00	5
48	0	8	0.00	8
49	0	9	0.00	9
50	0	7	0.00	7
51	0	2	0.00	2
52	0	13	0.00	13
53	0	5	0.00	5
54	0	2	0.00	2
55	0	3	0.00	3
56	0	5	0.00	5
57	0	0		0
58	0	2	0.00	2
59	0	0		0
60	0	11	0.00	11
61	0	1	0.00	1
62	0	2	0.00	2
63	0	3	0.00	3
64	0	4	0.00	4
65	0	0		0
66	0	0		0
67	0	2	0.00	2
68	0	2	0.00	2
69	0	0		0
70	0	2	0.00	2
71	0	1	0.00	1
72	0	1	0.00	1
73	0	6	0.00	6
74	0	1	0.00	1
75	0	1	0.00	1
76	0	0		0
77	0	0		0
78	0	1	0.00	1
79	0	0		0
80	0	0		0
81	0	0		0
82	0	0		0
83	0	0		0
84	0	0		0
85	0	0		0
86	0	0		0
87	0	1	0.00	1
88	0	0		0
89	0	0		0
90	0	0		0
91	0	0		0
92	0	0		0
93	0	0		0
94	0	0		0
95	0	0		0
96	0	0		0
97	0	0		0

CHH context (R2)
================
position	count methylated	count unmethylated	% methylation	coverage
1	0	9	0.00	9
2	4	958	0.42	962
3	0	252	0.00	252
4	0	195	0.00	195
5	0	135	0.00	135
6	2	92	2.13	94
7	0	98	0.00	98
8	0	128	0.00	128
9	1	113	0.88	114
10	0	123	0.00	123
11	0	92	0.00	92
12	0	86	0.00	86
13	0	53	0.00	53
14	0	58	0.00	58
15	0	75	0.00	75
16	0	63	0.00	63
17	0	60	0.00	60
18	0	60	0.00	60
19	1	62	1.59	63
20	1	45	2.17	46
21	0	50	0.00	50
22	0	41	0.00	41
23	0	40	0.00	40
24	1	37	2.63	38
25	0	35	0.00	35
26	0	37	0.00	37
27	0	24	0.00	24
28	0	25	0.00	25
29	0	27	0.00	27
30	0	25	0.00	25
31	0	27	0.00	27
32	0	20	0.00	20
33	0	10	0.00	10
34	0	19	0.00	19
35	0	20	0.00	20
36	0	12	0.00	12
37	0	19	0.00	19
38	0	17	0.00	17
39	0	6	0.00	6
40	0	14	0.00	14
41	0	12	0.00	12
42	0	15	0.00	15
43	0	22	0.00	22
44	1	19	5.00	20
45	0	13	0.00	13
46	0	15	0.00	15
47	0	10	0.00	10
48	0	3	0.00	3
49	0	9	0.00	9
50	0	6	0.00	6
51	0	14	0.00	14
52	0	10	0.00	10
53	0	9	0.00	9
54	0	13	0.00	13
55	0	8	0.00	8
56	0	6	0.00	6
57	0	6	0.00	6
58	0	4	0.00	4
59	0	1	0.00	1
60	0	2	0.00	2
61	0	3	0.00	3
62	0	6	0.00	6
63	0	5	0.00	5
64	0	1	0.00	1
65	0	3	0.00	3
66	0	0		0
67	0	0		0
68	0	3	0.00	3
69	0	2	0.00	2
70	0	1	0.00	1
71	0	1	0.00	1
72	0	0		0
73	0	0		0
74	0	2	0.00	2
75	0	4	0.00	4
76	0	0		0
77	0	4	0.00	4
78	0	2	0.00	2
79	0	1	0.00	1
80	0	0		0
81	0	0		0
82	0	1	0.00	1
83	0	0		0
84	0	0		0
85	0	0		0
86	0	0		0
87	0	0		0
88	0	0		0
89	0	0		0
90	0	0		0
91	0	0		0
92	0	0		0
93	0	0		0
94	0	0		0
95	0	0		0
96	0	0		0
97	0	0		0

