CpG context (R1)
================
position	count methylated	count unmethylated	% methylation	coverage
1	194	2179	8.18	2373
2	0	13	0.00	13
3	2	19	9.52	21
4	4	177	2.21	181
5	9	197	4.37	206
6	10	252	3.82	262
7	16	216	6.90	232
8	22	261	7.77	283
9	5	210	2.33	215
10	18	235	7.11	253
11	13	248	4.98	261
12	15	273	5.21	288
13	16	306	4.97	322
14	12	256	4.48	268
15	10	251	3.83	261
16	17	306	5.26	323
17	7	242	2.81	249
18	8	245	3.16	253
19	18	316	5.39	334
20	6	224	2.61	230
21	17	244	6.51	261
22	22	264	7.69	286
23	12	264	4.35	276
24	12	237	4.82	249
25	14	305	4.39	319
26	7	285	2.40	292
27	15	279	5.10	294
28	16	256	5.88	272
29	9	251	3.46	260
30	21	259	7.50	280
31	14	276	4.83	290
32	8	291	2.68	299
33	8	203	3.79	211
34	7	248	2.75	255
35	18	256	6.57	274
36	9	213	4.05	222
37	14	255	5.20	269
38	20	226	8.13	246
39	8	230	3.36	238
40	9	279	3.12	288
41	21	237	8.14	258
42	16	290	5.23	306
43	10	247	3.89	257
44	9	239	3.63	248
45	19	282	6.31	301
46	15	232	6.07	247
47	12	262	4.38	274
48	12	271	4.24	283
49	12	227	5.02	239
50	10	248	3.88	258
51	11	231	4.55	242
52	10	247	3.89	257
53	12	253	4.53	265
54	15	254	5.58	269
55	18	304	5.59	322
56	14	226	5.83	240
57	12	237	4.82	249
58	5	262	1.87	267
59	12	261	4.40	273
60	12	274	4.20	286
61	11	230	4.56	241
62	7	248	2.75	255
63	11	226	4.64	237
64	14	244	5.43	258
65	16	261	5.78	277
66	13	232	5.31	245
67	18	225	7.41	243
68	11	208	5.02	219
69	6	188	3.09	194
70	8	220	3.51	228
71	9	268	3.25	277
72	10	267	3.61	277
73	5	232	2.11	237
74	12	226	5.04	238
75	7	163	4.12	170
76	11	206	5.07	217
77	8	201	3.83	209
78	6	204	2.86	210
79	9	240	3.61	249
80	8	164	4.65	172
81	3	176	1.68	179
82	5	204	2.39	209
83	9	136	6.21	145
84	7	159	4.22	166
85	8	185	4.15	193
86	9	166	5.14	175
87	6	176	3.30	182
88	1	126	0.79	127
89	14	154	8.33	168
90	3	117	2.50	120
91	4	136	2.86	140
92	3	135	2.17	138
93	9	142	5.96	151
94	7	114	5.79	121
95	5	115	4.17	120
96	2	121	1.63	123
97	3	117	2.50	120
98	6	92	6.12	98
99	3	57	5.00	60
100	0	11	0.00	11
101	0	4	0.00	4
102	0	4	0.00	4
103	1	1	50.00	2
104	0	3	0.00	3
105	1	4	20.00	5
106	0	3	0.00	3
107	0	4	0.00	4
108	1	3	25.00	4
109	0	1	0.00	1
110	0	3	0.00	3
111	1	3	25.00	4
112	0	4	0.00	4
113	0	0		0
114	0	3	0.00	3
115	0	1	0.00	1
116	0	1	0.00	1
117	1	1	50.00	2
118	0	0		0
119	0	2	0.00	2
120	1	0	100.00	1
121	1	3	25.00	4
122	1	2	33.33	3
123	0	0		0
124	0	0		0
125	0	0		0
126	0	2	0.00	2
127	0	0		0
128	0	1	0.00	1
129	0	2	0.00	2
130	0	0		0
131	0	2	0.00	2
132	0	2	0.00	2
133	0	0		0
134	0	1	0.00	1
135	0	0		0
136	0	3	0.00	3
137	0	1	0.00	1
138	0	1	0.00	1
139	0	0		0
140	0	0		0
141	0	0		0
142	0	1	0.00	1
143	0	0		0
144	0	0		0
145	0	1	0.00	1
146	0	0		0
147	0	0		0
148	0	0		0
149	0	0		0

CHG context (R1)
================
position	count methylated	count unmethylated	% methylation	coverage
1	1	16	5.88	17
2	0	25	0.00	25
3	0	12	0.00	12
4	1	155	0.64	156
5	1	187	0.53	188
6	0	229	0.00	229
7	3	247	1.20	250
8	2	180	1.10	182
9	3	257	1.15	260
10	0	255	0.00	255
11	0	241	0.00	241
12	1	215	0.46	216
13	1	191	0.52	192
14	0	203	0.00	203
15	0	233	0.00	233
16	0	224	0.00	224
17	1	236	0.42	237
18	0	270	0.00	270
19	1	199	0.50	200
20	0	185	0.00	185
21	0	241	0.00	241
22	1	227	0.44	228
23	0	215	0.00	215
24	0	203	0.00	203
25	0	217	0.00	217
26	1	191	0.52	192
27	2	233	0.85	235
28	0	235	0.00	235
29	3	182	1.62	185
30	2	183	1.08	185
31	0	256	0.00	256
32	0	198	0.00	198
33	0	245	0.00	245
34	0	211	0.00	211
35	1	231	0.43	232
36	0	208	0.00	208
37	1	199	0.50	200
38	0	222	0.00	222
39	2	244	0.81	246
40	2	193	1.03	195
41	2	265	0.75	267
42	2	221	0.90	223
43	0	199	0.00	199
44	0	255	0.00	255
45	0	210	0.00	210
46	2	203	0.98	205
47	0	212	0.00	212
48	0	223	0.00	223
49	0	219	0.00	219
50	1	221	0.45	222
51	1	198	0.50	199
52	1	220	0.45	221
53	1	215	0.46	216
54	2	208	0.95	210
55	1	158	0.63	159
56	1	212	0.47	213
57	3	211	1.40	214
58	2	230	0.86	232
59	1	173	0.57	174
60	0	150	0.00	150
61	0	179	0.00	179
62	1	190	0.52	191
63	1	188	0.53	189
64	0	199	0.00	199
65	0	179	0.00	179
66	2	174	1.14	176
67	1	199	0.50	200
68	1	187	0.53	188
69	0	181	0.00	181
70	1	201	0.50	202
71	1	173	0.57	174
72	1	149	0.67	150
73	1	149	0.67	150
74	1	146	0.68	147
75	1	155	0.64	156
76	0	172	0.00	172
77	0	181	0.00	181
78	0	184	0.00	184
79	0	141	0.00	141
80	1	141	0.70	142
81	0	170	0.00	170
82	0	96	0.00	96
83	0	153	0.00	153
84	0	138	0.00	138
85	0	90	0.00	90
86	1	152	0.65	153
87	1	94	1.05	95
88	0	162	0.00	162
89	0	109	0.00	109
90	1	89	1.11	90
91	0	143	0.00	143
92	0	99	0.00	99
93	2	82	2.38	84
94	0	108	0.00	108
95	0	114	0.00	114
96	0	106	0.00	106
97	0	98	0.00	98
98	0	114	0.00	114
99	0	44	0.00	44
100	0	4	0.00	4
101	0	4	0.00	4
102	0	1	0.00	1
103	0	8	0.00	8
104	0	3	0.00	3
105	0	5	0.00	5
106	0	7	0.00	7
107	0	1	0.00	1
108	0	3	0.00	3
109	0	1	0.00	1
110	0	2	0.00	2
111	0	2	0.00	2
112	0	2	0.00	2
113	0	1	0.00	1
114	0	3	0.00	3
115	0	0		0
116	0	2	0.00	2
117	0	1	0.00	1
118	0	1	0.00	1
119	0	1	0.00	1
120	0	3	0.00	3
121	0	1	0.00	1
122	0	0		0
123	0	2	0.00	2
124	0	0		0
125	0	2	0.00	2
126	0	0		0
127	0	1	0.00	1
128	0	1	0.00	1
129	0	0		0
130	0	2	0.00	2
131	0	1	0.00	1
132	0	0		0
133	0	1	0.00	1
134	0	0		0
135	0	1	0.00	1
136	0	1	0.00	1
137	0	0		0
138	0	0		0
139	0	1	0.00	1
140	0	2	0.00	2
141	0	0		0
142	0	1	0.00	1
143	0	0		0
144	0	0		0
145	0	3	0.00	3
146	0	0		0
147	0	1	0.00	1
148	0	0		0
149	0	1	0.00	1

CHH context (R1)
================
position	count methylated	count unmethylated	% methylation	coverage
1	2	32	5.88	34
2	1	28	3.45	29
3	0	25	0.00	25
4	3	329	0.90	332
5	1	361	0.28	362
6	1	414	0.24	415
7	0	364	0.00	364
8	0	357	0.00	357
9	1	330	0.30	331
10	0	345	0.00	345
11	2	293	0.68	295
12	0	310	0.00	310
13	0	353	0.00	353
14	1	377	0.26	378
15	2	368	0.54	370
16	1	343	0.29	344
17	1	348	0.29	349
18	0	302	0.00	302
19	1	327	0.30	328
20	1	326	0.31	327
21	3	328	0.91	331
22	0	319	0.00	319
23	2	331	0.60	333
24	0	334	0.00	334
25	1	363	0.27	364
26	2	370	0.54	372
27	1	404	0.25	405
28	1	343	0.29	344
29	1	351	0.28	352
30	0	385	0.00	385
31	0	321	0.00	321
32	0	377	0.00	377
33	2	329	0.60	331
34	1	339	0.29	340
35	0	315	0.00	315
36	1	403	0.25	404
37	4	388	1.02	392
38	1	372	0.27	373
39	1	345	0.29	346
40	0	325	0.00	325
41	1	326	0.31	327
42	3	327	0.91	330
43	1	344	0.29	345
44	1	339	0.29	340
45	0	318	0.00	318
46	2	350	0.57	352
47	2	309	0.64	311
48	2	336	0.59	338
49	0	343	0.00	343
50	0	380	0.00	380
51	1	432	0.23	433
52	2	356	0.56	358
53	0	326	0.00	326
54	0	286	0.00	286
55	0	301	0.00	301
56	1	281	0.35	282
57	0	297	0.00	297
58	1	277	0.36	278
59	1	323	0.31	324
60	1	307	0.32	308
61	4	343	1.15	347
62	2	346	0.57	348
63	2	287	0.69	289
64	0	334	0.00	334
65	2	311	0.64	313
66	1	302	0.33	303
67	0	287	0.00	287
68	3	325	0.91	328
69	1	297	0.34	298
70	1	278	0.36	279
71	0	294	0.00	294
72	1	260	0.38	261
73	0	297	0.00	297
74	0	267	0.00	267
75	2	328	0.61	330
76	0	293	0.00	293
77	0	279	0.00	279
78	0	236	0.00	236
79	0	253	0.00	253
80	0	285	0.00	285
81	2	258	0.77	260
82	1	271	0.37	272
83	1	214	0.47	215
84	0	238	0.00	238
85	0	239	0.00	239
86	1	262	0.38	263
87	1	222	0.45	223
88	0	240	0.00	240
89	1	202	0.49	203
90	0	208	0.00	208
91	0	194	0.00	194
92	1	184	0.54	185
93	2	159	1.24	161
94	0	174	0.00	174
95	0	177	0.00	177
96	0	165	0.00	165
97	0	161	0.00	161
98	0	164	0.00	164
99	0	58	0.00	58
100	0	8	0.00	8
101	0	12	0.00	12
102	0	8	0.00	8
103	0	8	0.00	8
104	0	6	0.00	6
105	0	7	0.00	7
106	0	7	0.00	7
107	0	4	0.00	4
108	0	2	0.00	2
109	0	3	0.00	3
110	0	3	0.00	3
111	0	3	0.00	3
112	0	3	0.00	3
113	0	3	0.00	3
114	0	2	0.00	2
115	0	1	0.00	1
116	0	3	0.00	3
117	0	4	0.00	4
118	0	1	0.00	1
119	0	2	0.00	2
120	0	1	0.00	1
121	0	1	0.00	1
122	0	2	0.00	2
123	0	1	0.00	1
124	0	3	0.00	3
125	0	1	0.00	1
126	0	1	0.00	1
127	0	1	0.00	1
128	0	1	0.00	1
129	0	1	0.00	1
130	0	2	0.00	2
131	0	2	0.00	2
132	0	2	0.00	2
133	0	2	0.00	2
134	0	3	0.00	3
135	0	1	0.00	1
136	0	1	0.00	1
137	0	0		0
138	0	1	0.00	1
139	0	0		0
140	0	0		0
141	0	0		0
142	0	0		0
143	0	0		0
144	0	2	0.00	2
145	0	0		0
146	0	0		0
147	0	0		0
148	0	2	0.00	2
149	0	0		0

CpG context (R2)
================
position	count methylated	count unmethylated	% methylation	coverage
1	0	19	0.00	19
2	1	16	5.88	17
3	4	80	4.76	84
4	3	69	4.17	72
5	3	91	3.19	94
6	3	94	3.09	97
7	6	134	4.29	140
8	5	94	5.05	99
9	1	75	1.32	76
10	4	91	4.21	95
11	6	78	7.14	84
12	2	74	2.63	76
13	3	77	3.75	80
14	1	40	2.44	41
15	4	59	6.35	63
16	1	46	2.13	47
17	3	32	8.57	35
18	2	47	4.08	49
19	1	38	2.56	39
20	6	53	10.17	59
21	1	31	3.12	32
22	3	36	7.69	39
23	4	26	13.33	30
24	1	65	1.52	66
25	1	36	2.70	37
26	2	36	5.26	38
27	5	32	13.51	37
28	1	25	3.85	26
29	3	45	6.25	48
30	1	31	3.12	32
31	0	34	0.00	34
32	2	33	5.71	35
33	2	11	15.38	13
34	2	22	8.33	24
35	0	16	0.00	16
36	1	11	8.33	12
37	1	28	3.45	29
38	1	22	4.35	23
39	2	8	20.00	10
40	1	6	14.29	7
41	0	11	0.00	11
42	0	5	0.00	5
43	1	17	5.56	18
44	0	10	0.00	10
45	1	4	20.00	5
46	2	16	11.11	18
47	0	9	0.00	9
48	0	10	0.00	10
49	0	5	0.00	5
50	0	7	0.00	7
51	0	5	0.00	5
52	1	4	20.00	5
53	0	2	0.00	2
54	1	6	14.29	7
55	0	2	0.00	2
56	0	3	0.00	3
57	0	1	0.00	1
58	0	6	0.00	6
59	0	5	0.00	5
60	0	1	0.00	1
61	0	6	0.00	6
62	0	1	0.00	1
63	0	2	0.00	2
64	0	2	0.00	2
65	0	0		0
66	0	2	0.00	2
67	0	1	0.00	1
68	0	0		0
69	0	2	0.00	2
70	0	0		0
71	0	0		0
72	0	1	0.00	1
73	0	0		0
74	0	0		0
75	0	3	0.00	3
76	0	0		0
77	0	1	0.00	1
78	0	2	0.00	2
79	0	1	0.00	1
80	0	0		0
81	0	1	0.00	1
82	0	0		0
83	0	0		0
84	0	0		0
85	0	0		0
86	0	1	0.00	1
87	0	0		0
88	0	0		0
89	0	0		0
90	0	0		0
91	0	0		0
92	0	0		0
93	0	0		0
94	0	0		0
95	0	2	0.00	2
96	0	0		0

CHG context (R2)
================
position	count methylated	count unmethylated	% methylation	coverage
1	12	2138	0.56	2150
2	0	16	0.00	16
3	0	5	0.00	5
4	1	46	2.13	47
5	0	60	0.00	60
6	2	78	2.50	80
7	2	64	3.03	66
8	0	92	0.00	92
9	0	83	0.00	83
10	1	57	1.72	58
11	1	70	1.41	71
12	1	40	2.44	41
13	0	58	0.00	58
14	0	45	0.00	45
15	0	44	0.00	44
16	0	48	0.00	48
17	1	52	1.89	53
18	1	42	2.33	43
19	0	45	0.00	45
20	1	58	1.69	59
21	0	30	0.00	30
22	1	46	2.13	47
23	0	20	0.00	20
24	0	12	0.00	12
25	0	35	0.00	35
26	0	17	0.00	17
27	0	21	0.00	21
28	0	14	0.00	14
29	0	27	0.00	27
30	1	24	4.00	25
31	0	24	0.00	24
32	0	19	0.00	19
33	0	25	0.00	25
34	0	17	0.00	17
35	0	27	0.00	27
36	0	17	0.00	17
37	0	9	0.00	9
38	0	9	0.00	9
39	0	11	0.00	11
40	0	17	0.00	17
41	1	14	6.67	15
42	0	2	0.00	2
43	0	5	0.00	5
44	0	7	0.00	7
45	0	6	0.00	6
46	0	6	0.00	6
47	0	7	0.00	7
48	0	8	0.00	8
49	0	7	0.00	7
50	0	6	0.00	6
51	0	3	0.00	3
52	0	11	0.00	11
53	0	5	0.00	5
54	0	1	0.00	1
55	0	7	0.00	7
56	0	3	0.00	3
57	0	1	0.00	1
58	0	1	0.00	1
59	0	3	0.00	3
60	0	5	0.00	5
61	0	0		0
62	0	0		0
63	0	2	0.00	2
64	0	2	0.00	2
65	0	1	0.00	1
66	0	0		0
67	0	1	0.00	1
68	0	1	0.00	1
69	0	0		0
70	0	4	0.00	4
71	0	1	0.00	1
72	0	0		0
73	0	1	0.00	1
74	0	0		0
75	0	0		0
76	0	0		0
77	0	0		0
78	0	0		0
79	0	0		0
80	0	0		0
81	0	0		0
82	0	0		0
83	0	0		0
84	0	0		0
85	0	0		0
86	0	0		0
87	0	0		0
88	0	0		0
89	0	0		0
90	0	0		0
91	0	1	0.00	1
92	0	0		0
93	0	0		0
94	0	0		0
95	0	0		0
96	0	1	0.00	1

CHH context (R2)
================
position	count methylated	count unmethylated	% methylation	coverage
1	0	12	0.00	12
2	2	944	0.21	946
3	0	250	0.00	250
4	1	182	0.55	183
5	0	144	0.00	144
6	0	96	0.00	96
7	2	102	1.92	104
8	3	131	2.24	134
9	0	115	0.00	115
10	0	122	0.00	122
11	1	83	1.19	84
12	0	85	0.00	85
13	0	50	0.00	50
14	0	100	0.00	100
15	0	87	0.00	87
16	0	72	0.00	72
17	0	60	0.00	60
18	0	71	0.00	71
19	0	82	0.00	82
20	0	51	0.00	51
21	1	42	2.33	43
22	1	52	1.89	53
23	1	48	2.04	49
24	1	39	2.50	40
25	2	34	5.56	36
26	0	33	0.00	33
27	0	32	0.00	32
28	0	30	0.00	30
29	0	37	0.00	37
30	0	30	0.00	30
31	0	20	0.00	20
32	0	32	0.00	32
33	0	14	0.00	14
34	0	24	0.00	24
35	0	23	0.00	23
36	0	22	0.00	22
37	0	16	0.00	16
38	0	16	0.00	16
39	0	7	0.00	7
40	0	20	0.00	20
41	0	23	0.00	23
42	0	16	0.00	16
43	0	13	0.00	13
44	0	17	0.00	17
45	0	11	0.00	11
46	0	8	0.00	8
47	0	9	0.00	9
48	0	8	0.00	8
49	0	14	0.00	14
50	0	9	0.00	9
51	0	13	0.00	13
52	0	11	0.00	11
53	0	13	0.00	13
54	0	8	0.00	8
55	0	10	0.00	10
56	0	8	0.00	8
57	0	3	0.00	3
58	0	2	0.00	2
59	0	3	0.00	3
60	0	2	0.00	2
61	0	4	0.00	4
62	0	3	0.00	3
63	0	0		0
64	0	2	0.00	2
65	0	2	0.00	2
66	0	0		0
67	0	2	0.00	2
68	0	1	0.00	1
69	0	2	0.00	2
70	0	0		0
71	0	2	0.00	2
72	0	1	0.00	1
73	0	1	0.00	1
74	0	0		0
75	0	0		0
76	0	0		0
77	0	0		0
78	0	0		0
79	0	0		0
80	0	0		0
81	0	0		0
82	0	0		0
83	0	0		0
84	0	1	0.00	1
85	0	0		0
86	0	0		0
87	0	0		0
88	0	0		0
89	0	1	0.00	1
90	0	0		0
91	0	0		0
92	0	0		0
93	0	1	0.00	1
94	0	0		0
95	0	0		0
96	0	0		0

