CpG context (R1)
================
position	count methylated	count unmethylated	% methylation	coverage
1	193	2184	8.12	2377
2	0	20	0.00	20
3	1	13	7.14	14
4	16	183	8.04	199
5	12	202	5.61	214
6	7	249	2.73	256
7	13	224	5.49	237
8	12	298	3.87	310
9	6	279	2.11	285
10	16	236	6.35	252
11	9	269	3.24	278
12	22	297	6.90	319
13	6	285	2.06	291
14	10	272	3.55	282
15	12	252	4.55	264
16	13	280	4.44	293
17	6	232	2.52	238
18	9	220	3.93	229
19	15	293	4.87	308
20	5	210	2.33	215
21	10	241	3.98	251
22	17	263	6.07	280
23	5	262	1.87	267
24	14	231	5.71	245
25	12	302	3.82	314
26	12	264	4.35	276
27	13	252	4.91	265
28	15	255	5.56	270
29	8	280	2.78	288
30	17	281	5.70	298
31	14	260	5.11	274
32	12	271	4.24	283
33	11	245	4.30	256
34	14	264	5.04	278
35	11	275	3.85	286
36	6	216	2.70	222
37	16	270	5.59	286
38	12	245	4.67	257
39	13	231	5.33	244
40	6	266	2.21	272
41	13	258	4.80	271
42	11	268	3.94	279
43	11	273	3.87	284
44	12	285	4.04	297
45	12	277	4.15	289
46	11	236	4.45	247
47	13	296	4.21	309
48	7	253	2.69	260
49	13	264	4.69	277
50	8	240	3.23	248
51	14	240	5.51	254
52	13	232	5.31	245
53	10	232	4.13	242
54	10	234	4.10	244
55	12	289	3.99	301
56	9	251	3.46	260
57	15	252	5.62	267
58	12	252	4.55	264
59	5	272	1.81	277
60	10	241	3.98	251
61	10	235	4.08	245
62	16	230	6.50	246
63	9	234	3.70	243
64	16	230	6.50	246
65	12	266	4.32	278
66	10	252	3.82	262
67	15	214	6.55	229
68	11	240	4.38	251
69	7	199	3.40	206
70	6	219	2.67	225
71	6	254	2.31	260
72	11	265	3.99	276
73	9	216	4.00	225
74	9	198	4.35	207
75	7	170	3.95	177
76	10	190	5.00	200
77	10	202	4.72	212
78	9	189	4.55	198
79	11	223	4.70	234
80	5	176	2.76	181
81	11	177	5.85	188
82	4	160	2.44	164
83	5	125	3.85	130
84	10	161	5.85	171
85	1	194	0.51	195
86	5	190	2.56	195
87	6	179	3.24	185
88	3	108	2.70	111
89	5	155	3.12	160
90	3	131	2.24	134
91	9	136	6.21	145
92	3	147	2.00	150
93	6	137	4.20	143
94	5	130	3.70	135
95	3	112	2.61	115
96	2	114	1.72	116
97	8	116	6.45	124
98	10	109	8.40	119
99	2	41	4.65	43
100	1	9	10.00	10
101	0	7	0.00	7
102	1	3	25.00	4
103	0	5	0.00	5
104	0	4	0.00	4
105	0	2	0.00	2
106	0	7	0.00	7
107	0	4	0.00	4
108	0	2	0.00	2
109	0	3	0.00	3
110	0	5	0.00	5
111	1	6	14.29	7
112	1	7	12.50	8
113	0	2	0.00	2
114	0	1	0.00	1
115	0	2	0.00	2
116	0	4	0.00	4
117	0	5	0.00	5
118	0	2	0.00	2
119	0	3	0.00	3
120	0	3	0.00	3
121	0	4	0.00	4
122	0	1	0.00	1
123	1	4	20.00	5
124	0	2	0.00	2
125	0	2	0.00	2
126	0	2	0.00	2
127	0	0		0
128	0	1	0.00	1
129	0	1	0.00	1
130	0	1	0.00	1
131	0	1	0.00	1
132	0	0		0
133	0	1	0.00	1
134	0	2	0.00	2
135	0	2	0.00	2
136	0	0		0
137	0	3	0.00	3
138	2	2	50.00	4
139	0	1	0.00	1
140	0	1	0.00	1
141	0	2	0.00	2
142	0	0		0
143	0	1	0.00	1
144	0	1	0.00	1
145	0	0		0
146	0	0		0
147	0	0		0
148	0	1	0.00	1
149	0	1	0.00	1

CHG context (R1)
================
position	count methylated	count unmethylated	% methylation	coverage
1	0	18	0.00	18
2	0	15	0.00	15
3	0	9	0.00	9
4	1	136	0.73	137
5	0	205	0.00	205
6	0	227	0.00	227
7	1	268	0.37	269
8	1	242	0.41	243
9	0	211	0.00	211
10	0	194	0.00	194
11	1	257	0.39	258
12	0	202	0.00	202
13	2	188	1.05	190
14	1	205	0.49	206
15	1	221	0.45	222
16	1	224	0.44	225
17	1	229	0.43	230
18	0	262	0.00	262
19	2	190	1.04	192
20	2	208	0.95	210
21	1	248	0.40	249
22	0	258	0.00	258
23	1	195	0.51	196
24	0	172	0.00	172
25	1	233	0.43	234
26	1	214	0.47	215
27	1	206	0.48	207
28	0	220	0.00	220
29	2	184	1.08	186
30	0	183	0.00	183
31	1	231	0.43	232
32	0	200	0.00	200
33	0	252	0.00	252
34	1	217	0.46	218
35	1	241	0.41	242
36	1	213	0.47	214
37	0	189	0.00	189
38	0	224	0.00	224
39	1	223	0.45	224
40	1	221	0.45	222
41	1	254	0.39	255
42	1	208	0.48	209
43	1	227	0.44	228
44	1	265	0.38	266
45	1	192	0.52	193
46	0	228	0.00	228
47	1	187	0.53	188
48	1	227	0.44	228
49	0	236	0.00	236
50	0	195	0.00	195
51	1	223	0.45	224
52	1	251	0.40	252
53	0	185	0.00	185
54	1	205	0.49	206
55	0	179	0.00	179
56	0	228	0.00	228
57	0	199	0.00	199
58	1	201	0.50	202
59	0	172	0.00	172
60	1	164	0.61	165
61	0	164	0.00	164
62	0	192	0.00	192
63	0	192	0.00	192
64	2	197	1.01	199
65	1	210	0.47	211
66	0	154	0.00	154
67	0	190	0.00	190
68	0	197	0.00	197
69	1	183	0.54	184
70	0	187	0.00	187
71	1	191	0.52	192
72	0	164	0.00	164
73	0	151	0.00	151
74	0	161	0.00	161
75	0	144	0.00	144
76	0	170	0.00	170
77	1	206	0.48	207
78	0	157	0.00	157
79	0	150	0.00	150
80	0	136	0.00	136
81	0	198	0.00	198
82	0	131	0.00	131
83	0	154	0.00	154
84	1	124	0.80	125
85	1	108	0.92	109
86	2	136	1.45	138
87	0	114	0.00	114
88	2	117	1.68	119
89	0	113	0.00	113
90	0	101	0.00	101
91	1	153	0.65	154
92	0	104	0.00	104
93	0	71	0.00	71
94	3	105	2.78	108
95	0	96	0.00	96
96	1	102	0.97	103
97	0	105	0.00	105
98	0	101	0.00	101
99	0	43	0.00	43
100	0	5	0.00	5
101	0	6	0.00	6
102	0	3	0.00	3
103	0	8	0.00	8
104	0	5	0.00	5
105	0	6	0.00	6
106	0	8	0.00	8
107	0	5	0.00	5
108	0	5	0.00	5
109	0	5	0.00	5
110	0	1	0.00	1
111	0	3	0.00	3
112	0	2	0.00	2
113	0	2	0.00	2
114	0	2	0.00	2
115	0	2	0.00	2
116	0	2	0.00	2
117	0	1	0.00	1
118	0	6	0.00	6
119	0	3	0.00	3
120	0	2	0.00	2
121	0	1	0.00	1
122	0	0		0
123	0	2	0.00	2
124	0	3	0.00	3
125	0	1	0.00	1
126	0	0		0
127	0	2	0.00	2
128	0	0		0
129	0	2	0.00	2
130	0	1	0.00	1
131	0	1	0.00	1
132	0	2	0.00	2
133	0	1	0.00	1
134	0	0		0
135	0	1	0.00	1
136	0	2	0.00	2
137	0	0		0
138	0	0		0
139	0	0		0
140	0	1	0.00	1
141	0	1	0.00	1
142	0	1	0.00	1
143	0	0		0
144	0	0		0
145	0	0		0
146	0	0		0
147	0	0		0
148	0	3	0.00	3
149	0	1	0.00	1

CHH context (R1)
================
position	count methylated	count unmethylated	% methylation	coverage
1	1	33	2.94	34
2	0	28	0.00	28
3	0	29	0.00	29
4	1	314	0.32	315
5	0	393	0.00	393
6	0	434	0.00	434
7	0	401	0.00	401
8	1	310	0.32	311
9	2	319	0.62	321
10	1	337	0.30	338
11	1	345	0.29	346
12	2	322	0.62	324
13	0	382	0.00	382
14	1	376	0.27	377
15	1	353	0.28	354
16	0	343	0.00	343
17	2	327	0.61	329
18	0	295	0.00	295
19	0	341	0.00	341
20	2	361	0.55	363
21	2	332	0.60	334
22	1	285	0.35	286
23	1	291	0.34	292
24	1	394	0.25	395
25	1	369	0.27	370
26	0	403	0.00	403
27	1	394	0.25	395
28	1	393	0.25	394
29	3	322	0.92	325
30	0	369	0.00	369
31	0	364	0.00	364
32	0	374	0.00	374
33	2	330	0.60	332
34	2	316	0.63	318
35	1	306	0.33	307
36	0	363	0.00	363
37	2	370	0.54	372
38	0	378	0.00	378
39	0	330	0.00	330
40	1	346	0.29	347
41	0	325	0.00	325
42	0	342	0.00	342
43	1	334	0.30	335
44	0	308	0.00	308
45	1	310	0.32	311
46	0	332	0.00	332
47	1	330	0.30	331
48	1	323	0.31	324
49	0	336	0.00	336
50	0	373	0.00	373
51	0	398	0.00	398
52	0	330	0.00	330
53	1	331	0.30	332
54	0	330	0.00	330
55	1	356	0.28	357
56	0	294	0.00	294
57	2	268	0.74	270
58	0	287	0.00	287
59	1	314	0.32	315
60	1	282	0.35	283
61	0	333	0.00	333
62	0	343	0.00	343
63	0	293	0.00	293
64	1	335	0.30	336
65	2	291	0.68	293
66	0	280	0.00	280
67	1	323	0.31	324
68	1	299	0.33	300
69	0	334	0.00	334
70	1	286	0.35	287
71	1	264	0.38	265
72	0	256	0.00	256
73	1	298	0.33	299
74	0	291	0.00	291
75	1	327	0.30	328
76	0	305	0.00	305
77	0	260	0.00	260
78	0	243	0.00	243
79	0	279	0.00	279
80	1	278	0.36	279
81	1	238	0.42	239
82	2	285	0.70	287
83	1	240	0.41	241
84	0	237	0.00	237
85	0	260	0.00	260
86	1	262	0.38	263
87	1	189	0.53	190
88	1	260	0.38	261
89	0	207	0.00	207
90	1	196	0.51	197
91	0	183	0.00	183
92	1	184	0.54	185
93	1	173	0.57	174
94	0	174	0.00	174
95	2	189	1.05	191
96	2	135	1.46	137
97	0	147	0.00	147
98	1	151	0.66	152
99	0	70	0.00	70
100	0	10	0.00	10
101	0	10	0.00	10
102	0	6	0.00	6
103	0	7	0.00	7
104	0	9	0.00	9
105	0	8	0.00	8
106	0	3	0.00	3
107	0	3	0.00	3
108	0	5	0.00	5
109	0	4	0.00	4
110	0	5	0.00	5
111	0	6	0.00	6
112	0	6	0.00	6
113	0	7	0.00	7
114	0	7	0.00	7
115	0	7	0.00	7
116	0	7	0.00	7
117	0	9	0.00	9
118	0	5	0.00	5
119	0	2	0.00	2
120	0	2	0.00	2
121	0	3	0.00	3
122	0	4	0.00	4
123	0	5	0.00	5
124	0	2	0.00	2
125	0	7	0.00	7
126	0	7	0.00	7
127	0	3	0.00	3
128	0	3	0.00	3
129	0	2	0.00	2
130	0	2	0.00	2
131	0	5	0.00	5
132	0	3	0.00	3
133	0	1	0.00	1
134	0	2	0.00	2
135	0	1	0.00	1
136	0	0		0
137	0	0		0
138	0	0		0
139	0	1	0.00	1
140	0	0		0
141	0	2	0.00	2
142	0	0		0
143	0	3	0.00	3
144	0	1	0.00	1
145	0	1	0.00	1
146	0	3	0.00	3
147	0	3	0.00	3
148	0	1	0.00	1
149	0	1	0.00	1

CpG context (R2)
================
position	count methylated	count unmethylated	% methylation	coverage
1	0	18	0.00	18
2	0	15	0.00	15
3	3	83	3.49	86
4	6	72	7.69	78
5	3	97	3.00	100
6	4	72	5.26	76
7	8	123	6.11	131
8	2	94	2.08	96
9	5	79	5.95	84
10	3	99	2.94	102
11	3	74	3.90	77
12	2	55	3.51	57
13	3	76	3.80	79
14	3	47	6.00	50
15	2	59	3.28	61
16	1	59	1.67	60
17	0	42	0.00	42
18	2	40	4.76	42
19	2	37	5.13	39
20	0	47	0.00	47
21	1	39	2.50	40
22	0	35	0.00	35
23	4	42	8.70	46
24	3	47	6.00	50
25	1	37	2.63	38
26	0	31	0.00	31
27	2	25	7.41	27
28	2	30	6.25	32
29	3	32	8.57	35
30	3	22	12.00	25
31	2	38	5.00	40
32	5	26	16.13	31
33	1	18	5.26	19
34	3	30	9.09	33
35	1	11	8.33	12
36	5	12	29.41	17
37	2	26	7.14	28
38	0	16	0.00	16
39	0	12	0.00	12
40	0	7	0.00	7
41	0	10	0.00	10
42	0	16	0.00	16
43	0	21	0.00	21
44	0	9	0.00	9
45	0	3	0.00	3
46	1	17	5.56	18
47	0	8	0.00	8
48	1	11	8.33	12
49	0	6	0.00	6
50	1	12	7.69	13
51	0	9	0.00	9
52	0	6	0.00	6
53	0	4	0.00	4
54	1	5	16.67	6
55	0	3	0.00	3
56	1	4	20.00	5
57	1	2	33.33	3
58	0	7	0.00	7
59	0	1	0.00	1
60	2	0	100.00	2
61	0	7	0.00	7
62	0	1	0.00	1
63	0	3	0.00	3
64	0	2	0.00	2
65	1	3	25.00	4
66	0	2	0.00	2
67	0	0		0
68	0	2	0.00	2
69	0	0		0
70	0	2	0.00	2
71	0	1	0.00	1
72	0	1	0.00	1
73	0	2	0.00	2
74	0	2	0.00	2
75	0	1	0.00	1
76	0	1	0.00	1
77	0	1	0.00	1
78	0	1	0.00	1
79	0	0		0
80	0	1	0.00	1
81	0	0		0
82	0	0		0
83	0	1	0.00	1
84	0	0		0
85	0	0		0
86	0	0		0
87	0	0		0
88	0	2	0.00	2
89	0	0		0
90	0	0		0
91	0	0		0
92	0	2	0.00	2
93	0	0		0
94	0	2	0.00	2
95	0	0		0
96	0	2	0.00	2

CHG context (R2)
================
position	count methylated	count unmethylated	% methylation	coverage
1	9	2117	0.42	2126
2	0	25	0.00	25
3	0	2	0.00	2
4	1	46	2.13	47
5	0	58	0.00	58
6	0	79	0.00	79
7	0	73	0.00	73
8	2	74	2.63	76
9	0	75	0.00	75
10	0	52	0.00	52
11	1	77	1.28	78
12	0	43	0.00	43
13	0	37	0.00	37
14	0	44	0.00	44
15	0	51	0.00	51
16	2	50	3.85	52
17	1	49	2.00	50
18	0	42	0.00	42
19	0	36	0.00	36
20	0	55	0.00	55
21	0	28	0.00	28
22	0	54	0.00	54
23	0	28	0.00	28
24	0	22	0.00	22
25	0	30	0.00	30
26	0	23	0.00	23
27	1	16	5.88	17
28	0	14	0.00	14
29	0	27	0.00	27
30	0	23	0.00	23
31	1	23	4.17	24
32	1	16	5.88	17
33	0	25	0.00	25
34	1	24	4.00	25
35	0	22	0.00	22
36	1	15	6.25	16
37	0	11	0.00	11
38	0	14	0.00	14
39	1	13	7.14	14
40	0	18	0.00	18
41	0	11	0.00	11
42	0	5	0.00	5
43	0	9	0.00	9
44	0	6	0.00	6
45	0	3	0.00	3
46	0	6	0.00	6
47	0	8	0.00	8
48	0	5	0.00	5
49	0	7	0.00	7
50	0	5	0.00	5
51	0	3	0.00	3
52	0	5	0.00	5
53	0	5	0.00	5
54	0	1	0.00	1
55	0	3	0.00	3
56	0	4	0.00	4
57	0	0		0
58	0	4	0.00	4
59	0	2	0.00	2
60	0	0		0
61	0	0		0
62	0	3	0.00	3
63	0	2	0.00	2
64	0	0		0
65	0	1	0.00	1
66	0	0		0
67	0	1	0.00	1
68	0	3	0.00	3
69	0	0		0
70	0	1	0.00	1
71	0	0		0
72	0	0		0
73	0	0		0
74	0	1	0.00	1
75	0	0		0
76	0	0		0
77	0	0		0
78	0	2	0.00	2
79	0	0		0
80	0	0		0
81	0	0		0
82	0	0		0
83	0	0		0
84	0	1	0.00	1
85	0	0		0
86	0	1	0.00	1
87	0	0		0
88	0	0		0
89	0	3	0.00	3
90	0	0		0
91	0	0		0
92	0	0		0
93	0	0		0
94	0	0		0
95	0	0		0
96	0	0		0

CHH context (R2)
================
position	count methylated	count unmethylated	% methylation	coverage
1	0	11	0.00	11
2	3	939	0.32	942
3	0	209	0.00	209
4	0	161	0.00	161
5	1	123	0.81	124
6	1	86	1.15	87
7	0	97	0.00	97
8	0	119	0.00	119
9	0	91	0.00	91
10	0	109	0.00	109
11	0	74	0.00	74
12	0	91	0.00	91
13	0	63	0.00	63
14	0	79	0.00	79
15	0	79	0.00	79
16	0	71	0.00	71
17	0	59	0.00	59
18	1	75	1.32	76
19	1	82	1.20	83
20	1	43	2.27	44
21	0	50	0.00	50
22	0	37	0.00	37
23	0	55	0.00	55
24	0	41	0.00	41
25	0	48	0.00	48
26	0	38	0.00	38
27	0	35	0.00	35
28	0	31	0.00	31
29	0	32	0.00	32
30	0	29	0.00	29
31	0	28	0.00	28
32	0	25	0.00	25
33	1	23	4.17	24
34	0	27	0.00	27
35	0	33	0.00	33
36	0	23	0.00	23
37	0	20	0.00	20
38	0	21	0.00	21
39	0	18	0.00	18
40	0	21	0.00	21
41	0	18	0.00	18
42	0	15	0.00	15
43	0	11	0.00	11
44	0	16	0.00	16
45	0	18	0.00	18
46	0	13	0.00	13
47	0	12	0.00	12
48	0	9	0.00	9
49	0	13	0.00	13
50	0	6	0.00	6
51	0	11	0.00	11
52	0	13	0.00	13
53	0	11	0.00	11
54	0	8	0.00	8
55	0	4	0.00	4
56	0	5	0.00	5
57	0	2	0.00	2
58	0	2	0.00	2
59	0	1	0.00	1
60	0	1	0.00	1
61	0	2	0.00	2
62	0	1	0.00	1
63	0	1	0.00	1
64	0	0		0
65	0	0		0
66	0	0		0
67	0	1	0.00	1
68	0	2	0.00	2
69	0	2	0.00	2
70	0	1	0.00	1
71	0	2	0.00	2
72	0	2	0.00	2
73	0	0		0
74	0	0		0
75	0	0		0
76	0	0		0
77	0	0		0
78	0	1	0.00	1
79	0	0		0
80	0	1	0.00	1
81	0	1	0.00	1
82	0	0		0
83	0	0		0
84	0	0		0
85	0	0		0
86	0	0		0
87	0	0		0
88	0	0		0
89	0	0		0
90	0	0		0
91	0	0		0
92	0	0		0
93	0	0		0
94	0	0		0
95	0	0		0
96	0	0		0

