CpG context (R1)
================
position	count methylated	count unmethylated	% methylation	coverage
1	221	2171	9.24	2392
2	2	13	13.33	15
3	0	15	0.00	15
4	12	176	6.38	188
5	8	201	3.83	209
6	10	268	3.60	278
7	9	220	3.93	229
8	12	309	3.74	321
9	9	243	3.57	252
10	18	235	7.11	253
11	14	245	5.41	259
12	18	290	5.84	308
13	11	288	3.68	299
14	11	255	4.14	266
15	14	231	5.71	245
16	11	315	3.37	326
17	14	224	5.88	238
18	10	269	3.58	279
19	17	305	5.28	322
20	10	222	4.31	232
21	9	216	4.00	225
22	11	242	4.35	253
23	13	281	4.42	294
24	24	231	9.41	255
25	14	284	4.70	298
26	19	311	5.76	330
27	16	265	5.69	281
28	16	268	5.63	284
29	9	272	3.20	281
30	17	236	6.72	253
31	17	290	5.54	307
32	14	277	4.81	291
33	8	237	3.27	245
34	15	267	5.32	282
35	17	275	5.82	292
36	10	202	4.72	212
37	14	260	5.11	274
38	12	257	4.46	269
39	5	224	2.18	229
40	13	281	4.42	294
41	8	243	3.19	251
42	12	279	4.12	291
43	16	274	5.52	290
44	9	245	3.54	254
45	11	294	3.61	305
46	23	235	8.91	258
47	12	276	4.17	288
48	12	268	4.29	280
49	20	236	7.81	256
50	11	234	4.49	245
51	16	265	5.69	281
52	13	243	5.08	256
53	13	241	5.12	254
54	12	258	4.44	270
55	9	289	3.02	298
56	12	224	5.08	236
57	14	228	5.79	242
58	7	244	2.79	251
59	13	261	4.74	274
60	9	229	3.78	238
61	10	247	3.89	257
62	11	228	4.60	239
63	16	225	6.64	241
64	17	253	6.30	270
65	18	274	6.16	292
66	14	244	5.43	258
67	12	232	4.92	244
68	7	219	3.10	226
69	8	214	3.60	222
70	12	235	4.86	247
71	18	257	6.55	275
72	16	226	6.61	242
73	15	256	5.54	271
74	9	176	4.86	185
75	9	197	4.37	206
76	12	170	6.59	182
77	12	222	5.13	234
78	11	188	5.53	199
79	15	212	6.61	227
80	13	173	6.99	186
81	8	196	3.92	204
82	9	214	4.04	223
83	5	161	3.01	166
84	11	160	6.43	171
85	8	181	4.23	189
86	11	177	5.85	188
87	1	168	0.59	169
88	3	127	2.31	130
89	11	153	6.71	164
90	4	134	2.90	138
91	7	154	4.35	161
92	5	126	3.82	131
93	8	113	6.61	121
94	7	132	5.04	139
95	7	129	5.15	136
96	7	109	6.03	116
97	10	113	8.13	123
98	5	99	4.81	104
99	3	54	5.26	57
100	1	7	12.50	8
101	0	7	0.00	7
102	1	5	16.67	6
103	0	6	0.00	6
104	1	6	14.29	7
105	1	5	16.67	6
106	0	5	0.00	5
107	1	6	14.29	7
108	1	4	20.00	5
109	0	9	0.00	9
110	0	4	0.00	4
111	1	4	20.00	5
112	0	5	0.00	5
113	0	5	0.00	5
114	0	3	0.00	3
115	0	7	0.00	7
116	0	2	0.00	2
117	2	4	33.33	6
118	1	1	50.00	2
119	0	2	0.00	2
120	0	2	0.00	2
121	0	2	0.00	2
122	0	3	0.00	3
123	0	1	0.00	1
124	1	3	25.00	4
125	0	4	0.00	4
126	0	1	0.00	1
127	0	3	0.00	3
128	0	0		0
129	0	2	0.00	2
130	0	3	0.00	3
131	0	1	0.00	1
132	1	1	50.00	2
133	0	1	0.00	1
134	0	3	0.00	3
135	0	1	0.00	1
136	0	0		0
137	0	3	0.00	3
138	0	3	0.00	3
139	1	0	100.00	1
140	0	1	0.00	1
141	0	2	0.00	2
142	0	0		0
143	0	0		0
144	0	2	0.00	2
145	1	0	100.00	1
146	0	0		0
147	0	0		0
148	0	1	0.00	1
149	0	2	0.00	2

CHG context (R1)
================
position	count methylated	count unmethylated	% methylation	coverage
1	1	10	9.09	11
2	0	20	0.00	20
3	0	8	0.00	8
4	0	132	0.00	132
5	0	193	0.00	193
6	1	237	0.42	238
7	0	261	0.00	261
8	1	209	0.48	210
9	1	232	0.43	233
10	1	214	0.47	215
11	0	230	0.00	230
12	1	185	0.54	186
13	2	207	0.96	209
14	0	192	0.00	192
15	1	247	0.40	248
16	1	201	0.50	202
17	0	248	0.00	248
18	0	258	0.00	258
19	1	199	0.50	200
20	0	176	0.00	176
21	0	220	0.00	220
22	0	233	0.00	233
23	0	224	0.00	224
24	0	195	0.00	195
25	1	245	0.41	246
26	1	195	0.51	196
27	1	219	0.45	220
28	0	246	0.00	246
29	2	173	1.14	175
30	0	175	0.00	175
31	0	256	0.00	256
32	0	177	0.00	177
33	1	238	0.42	239
34	0	239	0.00	239
35	0	224	0.00	224
36	1	218	0.46	219
37	0	221	0.00	221
38	0	204	0.00	204
39	1	237	0.42	238
40	1	218	0.46	219
41	0	279	0.00	279
42	1	207	0.48	208
43	0	201	0.00	201
44	1	244	0.41	245
45	0	235	0.00	235
46	1	236	0.42	237
47	1	182	0.55	183
48	0	224	0.00	224
49	1	210	0.47	211
50	1	203	0.49	204
51	0	184	0.00	184
52	0	224	0.00	224
53	1	215	0.46	216
54	0	197	0.00	197
55	0	191	0.00	191
56	1	214	0.47	215
57	1	210	0.47	211
58	0	217	0.00	217
59	1	167	0.60	168
60	0	154	0.00	154
61	0	191	0.00	191
62	0	172	0.00	172
63	0	207	0.00	207
64	1	196	0.51	197
65	1	199	0.50	200
66	3	177	1.67	180
67	3	181	1.63	184
68	1	181	0.55	182
69	1	177	0.56	178
70	1	208	0.48	209
71	0	155	0.00	155
72	0	189	0.00	189
73	0	164	0.00	164
74	0	144	0.00	144
75	0	151	0.00	151
76	0	200	0.00	200
77	0	173	0.00	173
78	0	157	0.00	157
79	0	148	0.00	148
80	2	142	1.39	144
81	0	189	0.00	189
82	0	127	0.00	127
83	1	127	0.78	128
84	0	112	0.00	112
85	0	146	0.00	146
86	0	146	0.00	146
87	0	127	0.00	127
88	1	133	0.75	134
89	0	111	0.00	111
90	0	102	0.00	102
91	0	141	0.00	141
92	1	89	1.11	90
93	1	78	1.27	79
94	1	114	0.87	115
95	1	101	0.98	102
96	0	112	0.00	112
97	0	115	0.00	115
98	0	87	0.00	87
99	0	32	0.00	32
100	0	5	0.00	5
101	0	9	0.00	9
102	0	12	0.00	12
103	0	7	0.00	7
104	0	3	0.00	3
105	0	6	0.00	6
106	0	8	0.00	8
107	0	4	0.00	4
108	0	5	0.00	5
109	0	6	0.00	6
110	0	2	0.00	2
111	0	0		0
112	0	5	0.00	5
113	0	2	0.00	2
114	0	1	0.00	1
115	0	2	0.00	2
116	0	1	0.00	1
117	0	2	0.00	2
118	0	3	0.00	3
119	0	3	0.00	3
120	0	3	0.00	3
121	0	1	0.00	1
122	0	2	0.00	2
123	0	3	0.00	3
124	0	2	0.00	2
125	0	1	0.00	1
126	0	3	0.00	3
127	0	1	0.00	1
128	0	3	0.00	3
129	0	3	0.00	3
130	0	0		0
131	0	1	0.00	1
132	0	2	0.00	2
133	0	3	0.00	3
134	0	0		0
135	0	1	0.00	1
136	0	1	0.00	1
137	0	1	0.00	1
138	0	0		0
139	0	1	0.00	1
140	0	1	0.00	1
141	0	0		0
142	0	0		0
143	0	1	0.00	1
144	0	0		0
145	0	0		0
146	0	1	0.00	1
147	0	2	0.00	2
148	0	2	0.00	2
149	0	0		0

CHH context (R1)
================
position	count methylated	count unmethylated	% methylation	coverage
1	2	28	6.67	30
2	0	23	0.00	23
3	0	19	0.00	19
4	0	337	0.00	337
5	1	412	0.24	413
6	4	432	0.92	436
7	1	411	0.24	412
8	1	333	0.30	334
9	1	344	0.29	345
10	1	373	0.27	374
11	0	308	0.00	308
12	1	333	0.30	334
13	2	370	0.54	372
14	0	381	0.00	381
15	1	384	0.26	385
16	2	377	0.53	379
17	2	318	0.62	320
18	1	296	0.34	297
19	0	314	0.00	314
20	1	327	0.30	328
21	2	360	0.55	362
22	3	361	0.82	364
23	0	339	0.00	339
24	0	343	0.00	343
25	0	362	0.00	362
26	3	367	0.81	370
27	0	378	0.00	378
28	0	358	0.00	358
29	0	370	0.00	370
30	0	361	0.00	361
31	0	345	0.00	345
32	0	373	0.00	373
33	1	340	0.29	341
34	0	326	0.00	326
35	0	282	0.00	282
36	1	369	0.27	370
37	3	340	0.87	343
38	0	366	0.00	366
39	1	321	0.31	322
40	1	305	0.33	306
41	2	291	0.68	293
42	2	337	0.59	339
43	0	342	0.00	342
44	0	318	0.00	318
45	0	291	0.00	291
46	1	339	0.29	340
47	0	312	0.00	312
48	1	318	0.31	319
49	1	350	0.28	351
50	0	378	0.00	378
51	0	405	0.00	405
52	1	362	0.28	363
53	0	352	0.00	352
54	0	330	0.00	330
55	3	336	0.88	339
56	0	310	0.00	310
57	0	318	0.00	318
58	1	292	0.34	293
59	1	326	0.31	327
60	3	302	0.98	305
61	0	352	0.00	352
62	1	367	0.27	368
63	0	318	0.00	318
64	2	340	0.58	342
65	0	280	0.00	280
66	2	261	0.76	263
67	0	321	0.00	321
68	0	339	0.00	339
69	0	307	0.00	307
70	1	279	0.36	280
71	0	299	0.00	299
72	0	287	0.00	287
73	0	305	0.00	305
74	0	237	0.00	237
75	0	332	0.00	332
76	0	280	0.00	280
77	1	258	0.39	259
78	2	270	0.74	272
79	1	284	0.35	285
80	1	294	0.34	295
81	3	241	1.23	244
82	2	287	0.69	289
83	1	253	0.39	254
84	0	261	0.00	261
85	0	265	0.00	265
86	1	273	0.36	274
87	0	206	0.00	206
88	0	256	0.00	256
89	1	233	0.43	234
90	2	191	1.04	193
91	1	185	0.54	186
92	1	197	0.51	198
93	0	187	0.00	187
94	0	177	0.00	177
95	0	185	0.00	185
96	0	138	0.00	138
97	0	162	0.00	162
98	0	172	0.00	172
99	1	79	1.25	80
100	0	13	0.00	13
101	0	11	0.00	11
102	0	8	0.00	8
103	1	4	20.00	5
104	0	8	0.00	8
105	0	9	0.00	9
106	0	4	0.00	4
107	0	8	0.00	8
108	0	4	0.00	4
109	0	3	0.00	3
110	0	5	0.00	5
111	0	5	0.00	5
112	0	2	0.00	2
113	0	6	0.00	6
114	0	2	0.00	2
115	0	3	0.00	3
116	0	0		0
117	0	5	0.00	5
118	0	2	0.00	2
119	0	2	0.00	2
120	0	1	0.00	1
121	0	4	0.00	4
122	0	3	0.00	3
123	0	5	0.00	5
124	0	0		0
125	0	2	0.00	2
126	0	2	0.00	2
127	0	2	0.00	2
128	0	2	0.00	2
129	0	2	0.00	2
130	0	0		0
131	0	0		0
132	0	3	0.00	3
133	0	0		0
134	0	2	0.00	2
135	0	1	0.00	1
136	0	0		0
137	0	1	0.00	1
138	0	1	0.00	1
139	0	1	0.00	1
140	0	1	0.00	1
141	0	1	0.00	1
142	0	0		0
143	0	2	0.00	2
144	0	0		0
145	0	1	0.00	1
146	0	0		0
147	0	0		0
148	0	0		0
149	0	1	0.00	1

CpG context (R2)
================
position	count methylated	count unmethylated	% methylation	coverage
1	1	18	5.26	19
2	0	18	0.00	18
3	3	68	4.23	71
4	3	79	3.66	82
5	0	111	0.00	111
6	3	77	3.75	80
7	4	139	2.80	143
8	2	86	2.27	88
9	3	69	4.17	72
10	5	88	5.38	93
11	4	70	5.41	74
12	3	61	4.69	64
13	4	84	4.55	88
14	2	47	4.08	49
15	3	63	4.55	66
16	1	53	1.85	54
17	0	49	0.00	49
18	6	48	11.11	54
19	2	46	4.17	48
20	4	54	6.90	58
21	1	39	2.50	40
22	1	48	2.04	49
23	2	40	4.76	42
24	5	39	11.36	44
25	2	32	5.88	34
26	0	27	0.00	27
27	4	31	11.43	35
28	0	21	0.00	21
29	2	35	5.41	37
30	3	22	12.00	25
31	2	31	6.06	33
32	2	27	6.90	29
33	3	16	15.79	19
34	2	22	8.33	24
35	0	11	0.00	11
36	2	16	11.11	18
37	1	27	3.57	28
38	3	16	15.79	19
39	0	8	0.00	8
40	0	7	0.00	7
41	1	7	12.50	8
42	0	12	0.00	12
43	0	13	0.00	13
44	1	11	8.33	12
45	0	2	0.00	2
46	2	12	14.29	14
47	0	8	0.00	8
48	1	5	16.67	6
49	0	9	0.00	9
50	1	4	20.00	5
51	0	4	0.00	4
52	1	6	14.29	7
53	0	4	0.00	4
54	2	7	22.22	9
55	1	3	25.00	4
56	1	3	25.00	4
57	0	1	0.00	1
58	0	8	0.00	8
59	0	2	0.00	2
60	1	3	25.00	4
61	0	1	0.00	1
62	0	1	0.00	1
63	0	3	0.00	3
64	0	1	0.00	1
65	0	1	0.00	1
66	0	1	0.00	1
67	0	0		0
68	0	2	0.00	2
69	0	0		0
70	1	0	100.00	1
71	0	3	0.00	3
72	0	0		0
73	0	2	0.00	2
74	0	0		0
75	1	1	50.00	2
76	0	0		0
77	0	2	0.00	2
78	0	0		0
79	0	0		0
80	0	0		0
81	0	1	0.00	1
82	0	0		0
83	0	1	0.00	1
84	0	0		0
85	0	0		0
86	0	0		0
87	0	0		0
88	0	0		0
89	0	0		0
90	0	0		0
91	0	0		0
92	0	0		0
93	0	0		0
94	0	0		0
95	0	0		0
96	0	0		0
97	0	0		0
98	0	0		0

CHG context (R2)
================
position	count methylated	count unmethylated	% methylation	coverage
1	11	2125	0.51	2136
2	0	25	0.00	25
3	0	8	0.00	8
4	1	32	3.03	33
5	0	58	0.00	58
6	0	71	0.00	71
7	0	64	0.00	64
8	0	87	0.00	87
9	0	65	0.00	65
10	0	57	0.00	57
11	2	77	2.53	79
12	0	36	0.00	36
13	0	36	0.00	36
14	1	60	1.64	61
15	0	48	0.00	48
16	0	40	0.00	40
17	0	51	0.00	51
18	0	45	0.00	45
19	0	38	0.00	38
20	0	71	0.00	71
21	0	24	0.00	24
22	0	43	0.00	43
23	0	30	0.00	30
24	0	18	0.00	18
25	0	33	0.00	33
26	0	26	0.00	26
27	0	20	0.00	20
28	0	16	0.00	16
29	0	29	0.00	29
30	0	23	0.00	23
31	0	28	0.00	28
32	1	15	6.25	16
33	0	21	0.00	21
34	0	19	0.00	19
35	0	25	0.00	25
36	0	14	0.00	14
37	0	14	0.00	14
38	0	14	0.00	14
39	0	14	0.00	14
40	0	19	0.00	19
41	0	18	0.00	18
42	0	6	0.00	6
43	0	8	0.00	8
44	0	4	0.00	4
45	0	10	0.00	10
46	0	2	0.00	2
47	0	8	0.00	8
48	0	5	0.00	5
49	0	8	0.00	8
50	0	8	0.00	8
51	0	3	0.00	3
52	0	11	0.00	11
53	0	2	0.00	2
54	0	2	0.00	2
55	0	7	0.00	7
56	0	2	0.00	2
57	0	1	0.00	1
58	0	4	0.00	4
59	0	2	0.00	2
60	0	2	0.00	2
61	0	3	0.00	3
62	0	2	0.00	2
63	0	1	0.00	1
64	0	3	0.00	3
65	0	1	0.00	1
66	0	0		0
67	0	2	0.00	2
68	0	2	0.00	2
69	0	1	0.00	1
70	0	0		0
71	0	1	0.00	1
72	0	0		0
73	0	0		0
74	0	1	0.00	1
75	0	1	0.00	1
76	0	0		0
77	0	0		0
78	0	0		0
79	0	0		0
80	0	0		0
81	0	0		0
82	0	0		0
83	0	0		0
84	0	1	0.00	1
85	0	0		0
86	0	0		0
87	0	0		0
88	0	0		0
89	0	0		0
90	0	0		0
91	0	0		0
92	0	0		0
93	0	0		0
94	0	1	0.00	1
95	0	0		0
96	0	1	0.00	1
97	0	0		0
98	0	0		0

CHH context (R2)
================
position	count methylated	count unmethylated	% methylation	coverage
1	0	11	0.00	11
2	5	995	0.50	1000
3	0	249	0.00	249
4	0	166	0.00	166
5	0	131	0.00	131
6	0	97	0.00	97
7	1	107	0.93	108
8	1	115	0.86	116
9	0	108	0.00	108
10	1	116	0.85	117
11	0	81	0.00	81
12	0	89	0.00	89
13	0	61	0.00	61
14	0	74	0.00	74
15	0	85	0.00	85
16	1	63	1.56	64
17	0	75	0.00	75
18	0	78	0.00	78
19	2	69	2.82	71
20	2	57	3.39	59
21	0	48	0.00	48
22	0	49	0.00	49
23	1	55	1.79	56
24	0	37	0.00	37
25	0	55	0.00	55
26	0	45	0.00	45
27	1	37	2.63	38
28	0	30	0.00	30
29	0	36	0.00	36
30	0	25	0.00	25
31	0	25	0.00	25
32	0	32	0.00	32
33	0	23	0.00	23
34	0	34	0.00	34
35	0	33	0.00	33
36	0	13	0.00	13
37	0	13	0.00	13
38	0	14	0.00	14
39	0	6	0.00	6
40	0	14	0.00	14
41	0	15	0.00	15
42	0	17	0.00	17
43	0	18	0.00	18
44	0	21	0.00	21
45	0	20	0.00	20
46	1	16	5.88	17
47	0	13	0.00	13
48	0	3	0.00	3
49	0	13	0.00	13
50	0	4	0.00	4
51	0	11	0.00	11
52	0	12	0.00	12
53	1	11	8.33	12
54	0	11	0.00	11
55	0	6	0.00	6
56	0	6	0.00	6
57	0	2	0.00	2
58	0	3	0.00	3
59	0	2	0.00	2
60	0	3	0.00	3
61	0	1	0.00	1
62	0	2	0.00	2
63	0	0		0
64	0	1	0.00	1
65	0	0		0
66	0	1	0.00	1
67	0	0		0
68	0	1	0.00	1
69	0	3	0.00	3
70	0	0		0
71	0	0		0
72	0	0		0
73	0	0		0
74	0	1	0.00	1
75	0	1	0.00	1
76	0	1	0.00	1
77	0	1	0.00	1
78	0	1	0.00	1
79	0	0		0
80	0	1	0.00	1
81	0	0		0
82	0	1	0.00	1
83	0	1	0.00	1
84	0	0		0
85	0	1	0.00	1
86	0	0		0
87	0	0		0
88	0	0		0
89	0	0		0
90	0	1	0.00	1
91	0	0		0
92	0	0		0
93	0	0		0
94	0	0		0
95	0	1	0.00	1
96	0	1	0.00	1
97	0	0		0
98	0	1	0.00	1

